28.72777104  
26.82035371  
21.83522375  
16.13451007  
12.31662422  
11.95206984  
14.79308384  
18.84713311  
21.29568189  
19.83732574  
13.83215362  
4.71605748  
-4.506825044  
-10.46377582  
-10.77112514  
-4.965639186  
5.358444372  
17.20753953  
27.30313411  
33.15616418  
33.6859164  
29.22482205  
21.0435496  
10.71344166  
-0.3755509552  
-11.18130556  
-20.9101359  
-28.84365415  
-34.28741643  
-36.71423726  
-36.01332761  
-32.65780882  
-27.63180935  
-22.09722568  
-16.94688591  
-12.48204117  
-8.405607967  
-4.156644131  
0.5862399101  
5.519452538  
9.692978704  
11.91265843  
11.38704939  
8.280010338  
3.842152933  
-0.0112952692  
-1.524530211  
0.05360528532  
4.032169961  
8.506203063  
11.19127584  
10.49768933  
6.334688913  
0.2398930136  
-5.261312997  
-7.791227738  
-6.226143883  
-1.247905193  
4.93179758  
9.556823009  
10.5650472  
7.499588112  
1.666438279  
-4.529516493  
-8.747665653  
-9.816711804  
-8.257770877  
-5.984081288  
-5.331124025  
-7.886787502  
-13.67945923  
-21.104256  
-27.61318763  
-30.83823786  
-29.62290406  
-24.49633484  
-17.39691594  
-10.80265844  
-6.687599574  
-5.776978826  
-7.407431604  
-10.0008971  
-11.8813164  
-12.03060699  
-10.44629248  
-7.981783158  
-5.804692564  
-4.775232429  
-5.052669976  
-6.094712516  
-7.005167019  
-7.018225672  
-5.861838507  
-3.829674456  
-1.556138835  
0.3586785535  
1.66422318  
2.555529002  
3.520520188  
5.043419088  
7.337361006  
10.24971791  
13.3776896  
16.31167912  
18.85507272  
21.08809857  
23.23744459  
25.42858233  
27.47129041  
28.81792201  
28.74477012  
26.68421653  
22.54552202  
16.85447478  
10.62243815  
4.987467857  
0.7863479993  
-1.741748931  
-2.976306061  
-3.647887848  
-4.410019468  
-5.462029895  
-6.41628179  
-6.489204515  
-4.937669934  
-1.535297023  
3.150772862  
7.841875046  
10.98711715  
11.38887983  
8.743476531  
3.846052396  
-1.655662999  
-5.879347492  
-7.450244385  
-6.055152471  
-2.567519397  
1.317387251  
3.786673494  
3.653694089  
0.8229863592  
-3.720166611  
-8.38025108  
-11.66170739  
-12.79148966  
-11.97107637  
-10.15112838  
-8.45077824  
-7.517320249  
-7.155887017  
-6.431950051  
-4.216118732  
0.08858138567  
6.010790841  
11.97420908  
15.84439476  
15.8586301  
11.528544  
4.076673966  
-3.853014335  
-9.152704641  
-9.505650075  
-4.402803386  
4.541073666  
14.14807158  
20.91074787  
22.38997152  
18.18307448  
10.04360075  
1.100073523  
-5.48555519  
-7.835300329  
-6.078180891  
-2.177682093  
1.039523945  
1.20678681  
-2.498739154  
-8.98133109  
-15.7052737  
-19.79275176  
-19.24767562  
-13.781355  
-4.91518251  
4.636596747  
12.00058376  
15.14722896  
13.47935489  
7.842025692  
0.04836477257  
-7.808029807  
-13.95897802  
-17.30251345  
-17.46415045  
-14.69099984  
-9.71657629  
-3.662191488  
2.063512212  
5.961994997  
6.796674663  
4.039133225  
-1.773125273  
-8.993770168  
-15.2770037  
-18.38038491  
-17.08586849  
-11.8443645  
-4.806296562  
0.868772756  
2.216017021  
-2.278252544  
-11.89719437  
-23.75678764  
-33.74156211  
-37.97739162  
-34.27193238  
-22.95660821  
-6.803251827  
9.939645312  
23.00312495  
29.48621176  
28.67862163  
22.07329094  
12.64926116  
3.763178739  
-1.920285541  
-3.113052192  
-0.0561306613  
5.796558818  
12.36429151  
17.57218591  
19.86846352  
18.5541659  
13.91616527  
7.172131212  
0.2270162008  
-4.755692654  
-5.920792223  
-2.304990412  
5.748029293  
16.52600594  
27.33407208  
35.26078168  
38.08904723  
35.02756081  
26.97746615  
16.21734563  
5.617651005  
-2.315519364  
-6.203526562  
-6.093304642  
-3.221891389  
0.5994379627  
3.690565626  
5.008382233  
4.295073532  
1.896592959  
-1.576014096  
-5.532019033  
-9.502097308  
-13.06334929  
-15.71481144  
-16.85797946  
-15.96088475  
-12.85258184  
-7.982973748  
-2.464459438  
2.197291494  
4.617744179  
4.084725877  
0.8912200485  
-3.725479378  
-8.039534256  
-10.50472928  
-10.35121475  
-7.858114979  
-4.198715026  
-0.9486495084  
0.5111772675  
-0.5589986359  
-4.118742267  
-9.508220166  
-15.76240994  
-21.88768588  
-26.97928031  
-30.19121567  
-30.68611574  
-27.71695856  
-20.9053161  
-10.6290738  
1.69668832  
13.68125377  
22.4791159  
25.67083947  
22.19656096  
12.94295672  
0.6731429726  
-10.76335611  
-17.70039665  
-17.93941142  
-11.54624611  
-0.8341572619  
10.47408972  
18.58536617  
20.96290154  
17.14494059  
8.778542851  
-1.09074685  
-9.151835086  
-12.93295526  
-11.48962962  
-5.494396003  
3.202636416  
12.29099672  
19.69410563  
24.02221374  
24.71780013  
21.96584112  
16.50429055  
9.443773609  
2.126057636  
-4.021786521  
-7.698973982  
-8.021870709  
-4.826483654  
1.147445341  
8.318190169  
14.61941655  
18.08104871  
17.45162644  
12.63859475  
4.792967409  
-4.009731012  
-11.39192643  
-15.3892078  
-15.01890756  
-10.523607  
-3.231650733  
4.892443416  
11.84295255  
16.12216839  
17.09120397  
15.04808099  
11.04534276  
6.526074462  
2.89171755  
1.116807702  
1.502883321  
3.625547159  
6.481944693  
8.79776403  
9.411118217  
7.626681767  
3.436754393  
-2.458723574  
-8.84194908  
-14.31989017  
-17.71402467  
-18.37834349  
-16.35392114  
-12.32504888  
-7.405803005  
-2.832791027  
0.3439858511  
1.494946353  
0.5255690669  
-2.136684724  
-5.666363295  
-9.044386475  
-11.30485381  
-11.77884039  
-10.281426  
-7.186896056  
-3.35312211  
0.1053826303  
2.142870721  
2.10654963  
-0.05612224958  
-3.791472472  
-8.146989071  
-12.11687076  
-14.98883113  
-16.54984963  
-17.06788263  
-17.06631035  
-17.00268319  
-17.00734272  
-16.80704274  
-15.86769891  
-13.6823238  
-10.05960877  
-5.271036028  
0.01120752484  
4.94585504  
8.800733053  
11.13943465  
11.83991029  
10.97091116  
8.637519903  
4.922869229  
-0.01345250118  
-5.733993152  
-11.36836224  
-15.6663172  
-17.33048215  
-15.54114668  
-10.44223284  
-3.315053005  
3.731505543  
8.508904345  
9.65595239  
7.295378813  
3.088060085  
-0.424069658  
-0.9637639221  
2.336103048  
8.337558475  
14.20605346  
16.58639377  
13.19605631  
4.140837544  
-7.687582508  
-17.41790061  
-19.98089121  
-12.186271  
5.765208305  
30.00850625  
54.16577013  
71.52162675  
77.38746279  
70.72893153  
54.42583677  
34.08745421  
15.92402574  
4.5308628  
1.434975769  
4.901760465  
10.96675356  
15.17908478  
14.31357731  
7.404264451  
-4.199550088  
-17.62519482  
-29.67137311  
-37.87687826  
-41.08751228  
-39.43084271  
-33.87642099  
-25.69091  
-16.05481227  
-5.945442525  
3.785736235  
12.30775986  
18.81621605  
22.67917133  
23.63223678  
21.88458227  
18.04659068  
12.90229549  
7.151970466  
1.274479172  
-4.413650067  
-9.555432463  
-13.56662704  
-15.63844484  
-15.00377998  
-11.37656006  
-5.336269839  
1.594328817  
7.310490453  
9.843013786  
8.146023296  
2.589612333  
-5.107907311  
-12.52756596  
-17.51978141  
-19.06922189  
-17.65624001  
-14.94200785  
-12.92236176  
-12.95226481  
-15.10799418  
-18.19272553  
-20.37532862  
-20.14158504  
-17.08131411  
-12.11817404  
-7.069651641  
-3.762001236  
-3.150788169  
-4.893940176  
-7.593325301  
-9.577470526  
-9.816908594  
-8.4917192  
-6.90420242  
-6.766272702  
-9.218333324  
-14.08682337  
-19.78132051  
-23.9182161  
-24.39268893  
-20.38803717  
-12.8291293  
-4.050384372  
3.174170115  
6.785510633  
6.243460933  
2.624091611  
-1.996957439  
-5.541220997  
-6.806091665  
-5.816302555  
-3.529573364  
-1.114252952  
0.7749612775  
2.321616086  
4.310250345  
7.486409696  
11.9038243  
16.66229234  
20.2280768  
21.20273726  
19.14115041  
14.96178921  
10.68044748  
8.543007658  
9.956275885  
14.74809725  
21.15138315  
26.56108106  
