27.69391024  
28.09468719  
27.55264359  
24.86176034  
19.67389633  
12.79383805  
5.861714866  
0.5885515988  
-2.06040753  
-2.314899517  
-1.447319125  
-1.086551976  
-2.332057708  
-5.106515588  
-8.078331673  
-9.221216339  
-6.781267486  
-0.2281207705  
9.238922611  
18.87848463  
25.25168182  
25.41892229  
18.04151027  
3.974159412  
-13.87601624  
-31.38224749  
-44.43751039  
-50.18026938  
-47.79928413  
-38.66073086  
-25.73362084  
-12.52578158  
-1.906134836  
4.776125849  
7.970336598  
9.512463707  
11.68807777  
16.13743431  
23.04050747  
30.92128803  
37.17219992  
39.10619804  
35.11539813  
25.45068054  
12.27525915  
-1.060633311  
-11.24757893  
-16.24830844  
-16.02102873  
-12.43275683  
-8.406121967  
-6.67149772  
-8.661028728  
-14.0070685  
-20.82885715  
-26.63812331  
-29.42883228  
-28.46014569  
-24.41308265  
-18.91174431  
-13.6964805  
-9.875480123  
-7.605191285  
-6.304314768  
-5.224292727  
-4.024681985  
-3.021213784  
-2.970623137  
-4.521360703  
-7.651347687  
-11.43037105  
-14.2780913  
-14.62484769  
-11.66222773  
-5.806749103  
1.370557521  
7.739331515  
11.46679667  
11.74791004  
9.084401403  
5.004608024  
1.374539  
-0.3756616537  
0.2255821535  
2.610509268  
5.508136598  
7.496066376  
7.510438486  
5.130752734  
0.6008766762  
-5.325212874  
-11.58204347  
-16.95504399  
-20.21573712  
-20.29839316  
-16.56354513  
-9.100951254  
1.074977943  
12.1110926  
21.76749574  
28.14253572  
30.40101909  
29.16589834  
26.33405613  
24.32002357  
25.01025869  
28.88261176  
34.70955941  
40.01907483  
42.13942953  
39.37062257  
31.75026127  
21.05993384  
10.07040601  
1.380069241  
-3.614188193  
-5.151404983  
-4.783361398  
-4.499314816  
-5.756842038  
-8.889280016  
-13.13453977  
-17.19252699  
-19.95127133  
-20.96562568  
-20.45117908  
-18.8629667  
-16.38638324  
-12.72393927  
-7.378248633  
-0.3061027994  
7.460812578  
13.69513314  
15.60114675  
11.03592502  
-0.2111013564  
-15.75811367  
-31.06435213  
-40.94870639  
-41.64367327  
-32.5053742  
-16.56639775  
0.4213780384  
12.14532127  
14.22683182  
5.999861584  
-9.196756721  
-25.34967199  
-36.16168304  
-37.49259137  
-28.8426095  
-13.31375329  
3.844733417  
17.40999981  
24.13068733  
23.67496082  
18.31067922  
11.61393908  
6.876917525  
5.918696836  
8.717799862  
13.85337712  
19.38511593  
23.67989108  
25.82986402  
25.5949486  
23.06986292  
18.38273415  
11.64284428  
3.143809418  
-6.364950051  
-15.58685765  
-22.91151063  
-26.91513949  
-26.89585171  
-23.16688442  
-16.9475464  
-9.901309479  
-3.554782071  
1.116497381  
3.758485184  
4.395287414  
3.086788716  
-0.2467330954  
-5.680541888  
-12.88827935  
-20.75368528  
-27.30536149  
-30.15292004  
-27.33776931  
-18.25555211  
-4.202684106  
11.78295651  
25.81600103  
34.48078045  
36.0427914  
31.04538536  
22.03625178  
12.53943941  
5.705934259  
3.194246893  
4.707222043  
8.311497993  
11.33783395  
11.45330514  
7.48580898  
-0.2537077454  
-10.16912834  
-19.92441712  
-27.09654518  
-29.74830505  
-26.83933256  
-18.47212882  
-5.976215388  
8.21059705  
20.93684272  
29.03644379  
30.2287073  
23.95590384  
11.80714742  
-2.750668432  
-15.37501503  
-22.29994704  
-21.70313043  
-14.4106769  
-3.586927056  
6.528170893  
12.34581025  
12.39508312  
7.888651742  
2.126223688  
-1.012205944  
1.180900671  
9.018728774  
20.26590844  
31.10118167  
37.74243718  
37.99317625  
32.03157879  
22.13760028  
11.55230118  
3.050059803  
-2.104853017  
-4.375396768  
-5.32921696  
-6.568596713  
-8.792567284  
-11.46026893  
-13.18584366  
-12.61271229  
-9.280456241  
-4.024242637  
1.294699333  
4.580809223  
4.414755245  
0.6407621496  
-5.627851741  
-12.54251623  
-18.29544568  
-21.75673186  
-22.70799604  
-21.64610787  
-19.35122204  
-16.50184231  
-13.53545731  
-10.76449831  
-8.581549696  
-7.53342851  
-8.142895298  
-10.5458329  
-14.1730884  
-17.73070585  
-19.59370788  
-18.49230235  
-14.17112703  
-7.661674863  
-0.9671819048  
3.751196108  
5.127440927  
3.220075865  
-0.5112737299  
-3.897198133  
-5.092397351  
-3.440560385  
0.2698186356  
4.294061628  
6.913482937  
7.393580656  
6.397737454  
5.61164453  
6.750231321  
10.46476593  
15.7529565  
20.24349229  
21.28331908  
17.32224941  
8.894642327  
-1.347235514  
-9.646165271  
-12.77563823  
-9.536624039  
-1.381681573  
8.174043193  
15.11767008  
16.76000249  
12.95013701  
6.092427358  
-0.05767355583  
-2.252787214  
0.6236902848  
6.961055229  
13.15541136  
15.34202669  
11.30904446  
1.681126502  
-10.20008332  
-19.65977326  
-22.70799566  
-17.77032825  
-6.353182985  
7.631957435  
19.54344648  
25.90238538  
25.66056883  
20.33078491  
13.01570765  
6.869971635  
3.745198083  
3.615039278  
4.953857135  
5.771460222  
4.720320994  
1.717378831  
-2.174884544  
-5.458921784  
-7.061029598  
-6.858482429  
-5.616958798  
-4.428468346  
-4.018674192  
-4.350542076  
-4.762168778  
-4.549618201  
-3.627047282  
-2.826353246  
-3.58491865  
-7.118545017  
-13.49962956  
-21.1751002  
-27.28502939  
-28.75279489  
-23.70219813  
-12.53298652  
1.91638215  
15.29686175  
23.43566283  
24.06587466  
17.82027778  
8.012064452  
-0.7387478788  
-4.450904431  
-1.451318599  
6.961729045  
17.14078534  
24.70269496  
26.40575943  
21.46651212  
11.76864639  
0.9284405923  
-7.312669548  
-10.62866762  
-8.921357591  
-4.114277085  
0.8864790029  
3.525800185  
2.61135447  
-1.399638955  
-6.863660844  
-11.84103401  
-14.93582437  
-15.70535137  
-14.53331556  
-12.15389666  
-9.172871629  
-5.879710272  
-2.427277861  
0.7953607374  
2.910245824  
2.674401199  
-0.9867510114  
-8.270702822  
-18.00772522  
-27.73322593  
-34.41754058  
-35.61510569  
-30.54702323  
-20.60297012  
-8.970599409  
0.5187875947  
4.876793846  
3.152242418  
-3.184679835  
-10.84396483  
-16.05194738  
-16.0547479  
-10.15808076  
0.1135712573  
11.76298594  
21.6080122  
27.53436619  
29.18770721  
27.85905801  
25.68713409  
24.59323442  
25.4466578  
27.81203902  
30.33404304  
31.5148965  
30.4767084  
27.33832456  
23.04734953  
18.78255169  
15.24789056  
12.2247662  
8.61773593  
2.989708477  
-5.651621501  
-17.17744622  
-30.09219438  
-41.85752398  
-49.68403615  
-51.49303665  
-46.67911759  
-36.38174928  
-23.16331202  
-10.21211055  
-0.357603653  
4.760622755  
5.099163641  
2.083010179  
-1.977273868  
-4.699189926  
-4.390526544  
-0.5219882006  
6.209981923  
14.20444388  
21.5154608  
26.44837235  
28.00934272  
26.10186277  
21.46083078  
15.39563176  
9.448783437  
5.066426785  
3.335942393  
4.804390925  
9.37333302  
16.27301228  
24.140852  
31.23616881  
35.79693466  
36.48507639  
32.79895108  
25.29735117  
15.50938096  
5.506334718  
-2.750644971  
-8.058617385  
-10.35881201  
-10.68681983  
-10.68749402  
-11.88667011  
-15.03167997  
-19.79515445  
-24.97942918  
-29.12657414  
-31.24031967  
-31.26158876  
-30.04903266  
-28.85743279  
-28.56613426  
-29.05719133  
-29.09630998  
-26.83781667  
-20.76360319  
-10.62431453  
2.091669822  
14.44794685  
23.05138638  
25.35023364  
20.67668328  
10.56292149  
-1.822751475  
-12.87732696  
-19.871113  
-21.793594  
-19.39899813  
-14.50299681  
-8.937825159  
-3.719863932  
1.153047021  
6.208319206  
11.62879525  
16.54740584  
18.9817181  
16.55713217  
7.736726101  
-7.037955699  
-24.91964429  
-41.27684799  
-51.21790295  
-51.42559043  
-41.51748538  
-24.31392666  
-4.852625986  
11.46581034  
20.83685242  
22.30981963  
17.8551237  
11.27718131  
6.501378669  
6.001163122  
10.01576029  
16.8114452  
23.75423694  
28.61943322  
30.51230051  
30.01821136  
28.60521998  
27.66126229  
