31.9689399  
32.46716299  
25.74715703  
13.32085032  
-0.957623667  
-12.1970883  
-16.37656299  
-12.07443729  
-1.231723139  
11.47716538  
20.49952481  
21.75118978  
14.44592707  
1.565630973  
-11.31070345  
-18.38128711  
-16.20293702  
-5.34753309  
9.632769489  
21.97729629  
25.50969324  
17.27170215  
-1.134172794  
-24.08165297  
-44.11941555  
-54.90215155  
-53.6192133  
-41.91803563  
-24.98185209  
-9.214919756  
0.4336354886  
2.362865956  
-1.330618477  
-6.110129697  
-7.232278227  
-1.937736924  
9.347422079  
23.26745875  
35.06315928  
40.64535933  
38.29958954  
29.31887626  
17.35993392  
6.869204607  
1.287570804  
1.778969137  
6.951203323  
13.59297443  
18.04318217  
17.60102329  
11.44061652  
0.7540388632  
-11.82353551  
-23.19682066  
-30.80022654  
-33.27030774  
-30.65568506  
-24.20594543  
-15.89889093  
-7.889502317  
-2.018678388  
0.5472678716  
-0.4799982643  
-4.476321386  
-10.05449666  
-15.39938647  
-18.74714176  
-18.90267082  
-15.63823569  
-9.817920901  
-3.163797453  
2.293951288  
4.910721356  
4.015704141  
0.1654375485  
-5.049848326  
-9.588182685  
-11.71006429  
-10.61469719  
-6.708704361  
-1.402042356  
3.485980973  
6.470403834  
6.992526208  
5.619309431  
3.76703921  
3.059497956  
4.581157684  
8.334564423  
13.13594873  
17.01330937  
17.97093443  
14.8317289  
7.824697852  
-1.330612808  
-9.906237298  
-15.06181736  
-14.83650023  
-8.869702309  
1.425795984  
13.31601113  
23.66697555  
29.9997013  
31.29077106  
28.22535995  
22.81852992  
17.56206539  
14.43369662  
14.15290223  
15.96444854  
18.01980443  
18.19244343  
14.99780441  
8.256199026  
-0.755712672  
-9.717823165  
-16.08338781  
-17.99530751  
-14.97148845  
-8.123228925  
0.1595291826  
6.941782102  
9.652732356  
6.886370748  
-1.143824358  
-12.62178166  
-24.60707901  
-33.84016542  
-37.65551031  
-34.75354934  
-25.61257408  
-12.40868049  
1.558111359  
12.78967349  
18.6058936  
17.9390406  
11.64091682  
2.181331191  
-7.181526723  
-13.48753248  
-15.04187232  
-11.91872809  
-5.822097765  
0.6345113114  
4.945107324  
5.628828855  
2.699381206  
-2.4732096  
-7.817316927  
-11.43323147  
-12.31448998  
-10.63241331  
-7.504387368  
-4.392555523  
-2.428817045  
-1.968727797  
-2.547830707  
-3.216044742  
-3.054562331  
-1.613922077  
0.9251358584  
3.913537197  
6.601709244  
8.504601957  
9.575426093  
10.11414398  
10.48302096  
10.802769  
10.80851537  
9.955338625  
7.726489124  
3.985411384  
-0.8175529216  
-5.707280639  
-9.508384515  
-11.29747015  
-10.78318182  
-8.442115239  
-5.345835634  
-2.748788374  
-1.607890588  
-2.228697705  
-4.173762978  
-6.457567808  
-7.937967962  
-7.744549932  
-5.582324408  
-1.808051635  
2.731838435  
7.026935165  
10.26510126  
12.10055346  
12.73643  
12.798175  
13.04719211  
14.04115316  
15.87079934  
18.08129005  
19.82294343  
20.18718024  
18.60058462  
15.10908489  
10.41098749  
5.593846338  
1.662681408  
-0.9395362789  
-2.583381203  
-4.315724213  
-7.33988108  
-12.3117435  
-18.77632542  
-25.05592959  
-28.73201215  
-27.59818957  
-20.71572837  
-9.097643975  
4.347512027  
15.69061799  
21.39290598  
19.70076359  
11.42787043  
-0.2509836237  
-10.96495427  
-16.82488988  
-15.92679136  
-9.04794475  
0.7627668374  
9.524133895  
14.01127234  
13.06341973  
7.953821736  
1.68543505  
-2.447086101  
-2.371030297  
1.84965726  
8.085941888  
13.13608349  
14.16443547  
9.93323894  
1.296810777  
-9.215796773  
-18.48832071  
-24.0540981  
-24.93683961  
-21.77815081  
-16.28798447  
-10.35950702  
-5.303629026  
-1.542101501  
1.172770946  
3.22314776  
4.631469321  
4.909602064  
3.340616207  
-0.4709698023  
-6.102991914  
-12.17943597  
-16.71977401  
-17.8521566  
-14.57998486  
-7.255708245  
2.454256382  
12.10225347  
19.26528644  
22.30121587  
20.78190103  
15.4912361  
8.060148902  
0.430415239  
-5.64839114  
-8.962465538  
-8.997425782  
-5.97062448  
-0.7832661411  
5.104191577  
9.913098813  
11.93522725  
10.02754622  
4.072420931  
-4.796495218  
-14.36599553  
-21.93714554  
-25.17703138  
-22.92031392  
-15.59289879  
-5.064637819  
6.025350731  
15.19616171  
20.9171465  
22.94337456  
22.0910468  
19.6155723  
16.53688041  
13.26023602  
9.666406977  
5.577678176  
1.289813249  
-2.190594428  
-3.413212485  
-1.185147936  
4.629345346  
12.65323093  
20.20642806  
24.19730987  
22.36757242  
14.34866552  
2.021864209  
-11.04346309  
-20.89159415  
-24.69539532  
-21.84053258  
-14.10863721  
-4.877728603  
2.31077234  
5.195804851  
3.63417016  
-0.5049806517  
-4.302307882  
-5.150282903  
-1.905118873  
4.656396104  
12.22627238  
17.97226604  
19.68149939  
16.54299631  
9.278807541  
-0.3466404322  
-10.33538309  
-19.17547212  
-26.16307204  
-31.25547929  
-34.62805349  
-36.2394142  
-35.67009773  
-32.32375872  
-25.86748103  
-16.65111864  
-5.853818879  
4.752154476  
13.33245783  
18.5788486  
20.09089489  
18.39297931  
14.60753229  
9.964037244  
5.382608824  
1.307195764  
-2.183712806  
-5.108750655  
-7.348953412  
-8.597772934  
-8.523077356  
-7.031844274  
-4.457086009  
-1.521321709  
0.9453911366  
2.408704247  
2.943328615  
3.268438937  
4.446180015  
7.356553931  
12.19025831  
18.21635171  
23.96755208  
27.79437284  
28.55738056  
26.14642157  
21.5772398  
16.59779771  
12.95648752  
11.64203904  
12.42758753  
13.92585623  
14.14459223  
11.31688997  
4.664271586  
-5.220262559  
-16.52098639  
-26.81223026  
-33.88345344  
-36.45196559  
-34.50163404  
-29.14925357  
-22.13261137  
-15.15146482  
-9.326569741  
-4.966513671  
-1.688751229  
1.204071819  
4.28145409  
7.667632631  
10.9674369  
13.44006755  
14.32419916  
13.1662903  
10.01682156  
5.424857176  
0.2462682181  
-4.646968473  
-8.637877535  
-11.51330993  
-13.44108387  
-14.79553816  
-15.90893722  
-16.85501787  
-17.35806245  
-16.87342066  
-14.81847821  
-10.87035993  
-5.212198497  
1.381867928  
7.680458231  
12.32461932  
14.25147638  
13.06272967  
9.196264043  
3.823212382  
-1.507865014  
-5.360348591  
-6.857515316  
-5.925368818  
-3.243424268  
0.07039613451  
2.911080575  
4.593774547  
5.060331641  
4.81682074  
4.647462094  
5.241467536  
6.897274102  
9.424119787  
12.26546359  
14.76748238  
16.4556393  
17.18901284  
17.13082537  
16.56889077  
15.69506923  
14.47102104  
12.66014386  
10.0161174  
6.530820261  
2.603387639  
-0.9810081397  
-3.288391128  
-3.61018612  
-1.819595285  
1.454295176  
4.934785653  
7.076345626  
6.588475322  
2.913368893  
-3.524615664  
-11.39805736  
-18.86345519  
-24.12307021  
-25.96733154  
-24.11520599  
-19.24668949  
-12.73228717  
-6.167231488  
-0.8775295421  
2.437356998  
3.818285138  
3.900583215  
3.582227024  
3.638451979  
4.425193022  
5.773101904  
7.09980125  
7.685827352  
7.000162145  
4.944650086  
1.920167766  
-1.311233302  
-3.912240382  
-5.287882944  
-5.305559158  
-4.328213217  
-3.05016411  
-2.207770421  
-2.289241433  
-3.364182577  
-5.096556119  
-6.920021137  
-8.282540514  
-8.843079186  
-8.537282575  
-7.504925193  
-5.947640386  
-4.020556851  
-1.834463545  
0.4320854259  
2.394284931  
3.421817274  
2.789965477  
0.01196759224  
-4.777017185  
-10.58792153  
-15.67818391  
-18.03822155  
-16.13562922  
-9.63556684  
0.2270236233  
10.84309238  
18.99298977  
21.93155107  
18.38966717  
9.092904234  
-3.423417564  
-15.64337571  
-24.22617448  
-27.04651999  
-23.74318528  
-15.62002652  
-5.015836393  
5.542547515  
14.05102704  
19.37439781  
21.21186592  
19.84859267  
15.92089574  
10.33786571  
4.333051939  
-0.5237187174  
-2.546257262  
-0.4463248192  
6.009163673  
15.52609614  
25.34132774  
