87.86851501  
66.76261739  
42.35752507  
21.50690111  
7.750455579  
0.8099137594  
-2.138039246  
-4.276901039  
-7.248818699  
-10.45922152  
-11.81137465  
-9.341041083  
-2.785767414  
5.795808062  
12.71114189  
14.29179543  
8.685068752  
-3.126811173  
-17.60024044  
-30.08115931  
-36.75223708  
-36.17299184  
-29.72673549  
-20.8243379  
-13.29661495  
-9.755162153  
-10.65915899  
-14.43858819  
-18.49763346  
-20.52449369  
-19.44900543  
-15.63751756  
-10.3467032  
-4.840087743  
0.2922224241  
5.236602866  
10.47363619  
16.05890475  
21.16453831  
24.23615512  
23.75986108  
19.25279987  
11.90162715  
4.395195899  
-0.1135531129  
0.4869730008  
6.003287402  
13.5955856  
18.66264104  
16.69369775  
5.340389881  
-14.20957876  
-37.23273256  
-56.95353697  
-66.9785494  
-63.71726129  
-47.80354126  
-23.93262548  
0.8210906378  
19.52367112  
27.73887991  
24.82979669  
13.78008896  
-0.2736320323  
-12.11453537  
-18.26670404  
-17.90281672  
-12.62156527  
-5.360333369  
0.9825149459  
4.615243123  
5.242740532  
3.762555323  
1.549901976  
-0.2653423936  
-1.209282732  
-1.455539102  
-1.510217044  
-1.822274847  
-2.531384273  
-3.442537498  
-4.176352949  
-4.363554844  
-3.766157749  
-2.287604295  
0.07957943768  
3.287027422  
7.196877495  
11.5085314  
15.72796746  
19.25563509  
21.59514872  
22.59064795  
22.54684589  
22.12168307  
21.99737897  
22.47739548  
23.23544333  
23.40111702  
22.00654398  
18.61258546  
13.79169888  
9.158631218  
6.825811989  
8.444863426  
14.24158164  
22.52522131  
29.99651689  
32.84044681  
28.21999927  
15.56001499  
-2.952501084  
-22.92391223  
-39.19534103  
-47.61544925  
-46.43921574  
-36.80358932  
-22.1249473  
-6.71763331  
5.759305565  
13.39036641  
16.24284148  
15.77667702  
13.80757006  
11.55965606  
9.235150991  
6.226535492  
1.766200461  
-4.388275331  
-11.6090117  
-18.55336488  
-23.7006237  
-25.96003147  
-25.03227827  
-21.37384171  
-15.85071055  
-9.337185174  
-2.519744196  
3.992794807  
9.377160853  
12.39937201  
11.5724667  
5.728889888  
-5.204886399  
-19.63952263  
-34.35829566  
-45.31825394  
-49.01284608  
-43.87481943  
-31.09975454  
-14.46168818  
0.8977862108  
10.27613519  
11.10376453  
3.845037753  
-8.248525792  
-20.40848364  
-28.10553179  
-28.58557838  
-21.62215513  
-9.288599865  
5.032877947  
17.91806982  
26.9316636  
31.10941849  
30.87163661  
27.57956349  
23.01300184  
18.95369285  
16.89589994  
17.79681544  
21.79756798  
27.97068122  
34.28068157  
37.96269708  
36.37347709  
28.10178354  
13.88496557  
-3.174463454  
-18.38157018  
-27.07401486  
-26.51380791  
-17.22393607  
-3.080876701  
10.0370294  
16.59671345  
13.7957475  
2.921366701  
-11.00002009  
-21.21819071  
-22.13934316  
-11.84209583  
6.890029189  
27.51697588  
42.30712728  
45.4417846  
35.34441635  
15.26611354  
-8.073360664  
-27.15269217  
-36.46360637  
-34.32206142  
-23.03973425  
-7.572447295  
6.605194668  
15.42101659  
17.18581437  
12.44636256  
3.076969374  
-8.742563689  
-21.11906324  
-32.45329509  
-41.13010111  
-45.36291229  
-43.53132437  
-34.96845542  
-20.75935891  
-3.96123288  
11.12764941  
20.52546906  
22.31010732  
17.6720836  
10.61877774  
6.279665571  
8.476772921  
17.67872894  
30.38556868  
40.38525451  
41.44314878  
30.25582736  
8.292826022  
-18.40212118  
-41.4625119  
-53.5555449  
-51.35688085  
-36.80967856  
-16.11802614  
3.028203603  
14.69246838  
16.91205099  
11.94916523  
4.599144906  
-0.4824685864  
-1.039785741  
2.05080502  
5.849938807  
7.537176381  
6.426613441  
4.63141921  
5.92676014  
13.35913124  
26.8907971  
42.44929229  
53.10277535  
52.00748552  
35.80942103  
6.83041497  
-27.16138948  
-55.69951018  
-69.78141284  
-65.61083144  
-46.20682119  
-20.10297013  
2.315106733  
13.19989943  
10.39371122  
-2.040203019  
-16.06765026  
-23.59459331  
-20.18561567  
-6.885729233  
10.61253596  
24.94057137  
30.65810724  
26.74555305  
16.84142347  
7.211075177  
3.52749565  
8.077240888  
18.73556451  
30.14224785  
36.4210232  
34.05879807  
23.53792985  
8.981691444  
-3.925711274  
-10.65349086  
-9.827270902  
-3.596068486  
3.703305739  
7.806176485  
6.519018022  
0.4883372958  
-7.53051324  
-14.37705017  
-18.15980053  
-18.98745852  
-18.42824575  
-18.11838998  
-18.437342  
-18.13159446  
-15.21126912  
-8.664098694  
0.03726979351  
6.677089236  
5.746056692  
-6.860097774  
-31.13097499  
-61.6692812  
-88.77916854  
-101.7787185  
-93.29534925  
-62.6962596  
-17.0329141  
31.11503077  
68.1574654  
84.54953348  
78.26158818  
55.18650099  
26.32828715  
3.020491221  
-7.725975023  
-5.73502981  
2.986309425  
9.655744392  
7.24838979  
-5.941717349  
-25.31664369  
-41.9679892  
-46.69560872  
-34.20961912  
-5.638632718  
31.7256596  
67.2623655  
91.12744821  
97.83760132  
