70.66345918  
65.85766142  
53.17323468  
35.39530735  
16.42966476  
0.2190077441  
-10.32446443  
-14.04732235  
-11.73201762  
-5.689293894  
1.080385671  
5.867706182  
7.052365393  
4.466860686  
-0.7642313998  
-6.810789538  
-11.90152025  
-14.96544984  
-15.91285913  
-15.47520124  
-14.7083828  
-14.40443596  
-14.68931773  
-14.99651681  
-14.4282529  
-12.32864162  
-8.778473527  
-4.738695734  
-1.719583304  
-1.077145496  
-3.237234096  
-7.227001687  
-10.79993955  
-11.20181467  
-6.331939858  
4.162683438  
18.3575489  
32.39817029  
41.69373027  
42.55863391  
33.67116343  
16.73699681  
-3.973145753  
-23.09709887  
-36.12334091  
-41.03223015  
-38.95371337  
-33.53963559  
-29.27763056  
-29.4310875  
-34.47536211  
-41.72416604  
-46.3583474  
-43.47916474  
-30.35591797  
-7.921567092  
19.15005039  
43.88370704  
59.43350043  
61.56309105  
50.19911876  
29.44872794  
6.085773396  
-12.88268925  
-22.61246002  
-21.87315293  
-13.06274684  
-0.8890668333  
9.656754195  
15.17763738  
14.87677995  
10.39587474  
4.699597952  
0.5956671604  
-0.4354774318  
1.35736674  
4.424726635  
6.857425386  
7.328582065  
5.591930383  
2.36428021  
-1.251859878  
-4.430522613  
-6.988564812  
-9.270168777  
-11.6509461  
-13.98584464  
-15.36667088  
-14.39166746  
-9.865924576  
-1.5946763  
9.160720464  
19.86610052  
27.54341025  
29.92948517  
26.45825782  
18.60243048  
9.375627381  
2.167977739  
-0.6044557001  
1.542674307  
7.015352144  
12.87280523  
16.11975188  
14.99789883  
9.719835863  
2.339115899  
-4.169170444  
-7.202574574  
-5.636054449  
-0.2740427281  
6.51458206  
11.78747894  
13.20031673  
9.867611042  
2.59131591  
-6.569453583  
-15.13509819  
-21.05765075  
-23.24811442  
-21.63864304  
-16.87630329  
-9.901095312  
-1.664208836  
6.894970412  
14.6889165  
20.35348284  
22.36752842  
19.49561683  
11.41575657  
-0.7748048374  
-14.50458755  
-26.29704702  
-32.85921801  
-32.31226702  
-25.05274013  
-13.82288132  
-2.861202101  
3.611448581  
3.008375355  
-4.555523388  
-16.21153056  
-27.37163726  
-33.47585607  
-31.7707313  
-22.4042041  
-8.385435665  
5.585064077  
14.94870666  
17.04710902  
12.09927183  
3.016002399  
-5.850995719  
-10.49471626  
-8.836156567  
-1.472143339  
8.682675055  
17.66582868  
22.08891751  
20.4329709  
13.51055663  
3.963339679  
-4.925378958  
-10.55654772  
-11.91556423  
-9.710341316  
-5.767914574  
-2.033595944  
0.3377320843  
1.392576841  
2.148480336  
3.888140535  
7.354346996  
12.24331584  
17.22775029  
20.47727275  
20.41365427  
16.34855538  
8.735417449  
-1.029401284  
-11.10667865  
-19.74930727  
-25.63761959  
-27.93329609  
-26.14959078  
-20.03979193  
-9.672004068  
4.293551084  
20.29272679  
35.78113822  
47.60915501  
52.85965306  
49.89784396  
39.19910706  
23.52745073  
7.260173709  
-4.987696771  
-9.951910291  
-6.886251445  
2.197460894  
13.355743  
22.29146872  
26.03070728  
23.98471359  
17.93977494  
10.98867714  
5.894871795  
3.648345763  
2.899645418  
0.5710385859  
-6.593392347  
-20.22000309  
-39.07181567  
-58.99840573  
-74.17989832  
-79.21233166  
-71.20499996  
-51.03289906  
-23.22467462  
5.480773379  
28.34280544  
40.74023573  
41.4242671  
32.50665386  
18.30801867  
3.622555864  
-7.876179852  
-14.51001267  
-16.54148553  
-15.39475001  
-12.63162888  
-9.193207525  
-5.213982822  
-0.3969531178  
5.339832246  
11.34481889  
16.1498085  
17.8931126  
15.06317856  
7.221508181  
-4.626282209  
-18.18259299  
-30.47896398  
-38.725946  
-41.0817365  
-37.09167251  
-27.70066035  
-14.90067386  
-1.178868368  
11.05201767  
19.91194228  
24.34794745  
24.26512756  
20.50687435  
14.681693  
8.824961375  
4.911013067  
4.29522249  
7.238053329  
12.69517477  
18.51353706  
22.04880194  
21.05527584  
14.56312426  
3.41657345  
-9.767964243  
-21.27240571  
-27.3960374  
-25.66396405  
-15.7125955  
0.4652538942  
19.01971953  
35.34080308  
45.40518439  
46.94563931  
40.08026754  
27.21827972  
12.28923144  
-0.4530919322  
-7.683922562  
-7.94719928  
-2.016342939  
7.413826919  
16.59977506  
21.92215346  
21.00951101  
13.47665076  
1.050989621  
-12.95944782  
-24.70064975  
-30.98966616  
-30.32340187  
-23.34280533  
-12.5884401  
-1.622591148  
6.181717583  
8.757243414  
5.962344531  
-0.520635432  
-7.963189988  
-13.73868755  
-16.38551617  
-16.15787755  
-14.83583554  
-14.86343258  
-18.16081632  
-25.10115279  
-34.09191053  
-41.9695383  
-45.09445122  
-40.74749183  
-28.29498205  
-9.661663736  
11.09614533  
28.98957137  
39.65207237  
40.70280208  
32.44452926  
17.66844715  
0.6621364781  
-14.20610946  
-23.82086388  
-27.12085097  
-25.13053506  
-20.27018959  
-15.24381577  
-11.93431293  
-10.70548955  
-10.3424811  
-8.622594797  
-3.286194624  
6.955300921  
21.73791424  
38.93315189  
55.15028151  
66.69317102  
