32.35137566  
19.15666064  
3.300281325  
-9.537728626  
-14.66019471  
-10.28828465  
1.604778947  
15.9869177  
26.76811472  
29.31219387  
22.41472806  
8.89942335  
-5.449726362  
-14.210396  
-12.96319659  
-1.181004203  
17.39898998  
36.07153635  
47.61406127  
46.93427035  
32.90440038  
8.716997302  
-19.31363872  
-43.99072177  
-59.63753121  
-63.77946186  
-57.55000961  
-44.78459828  
-30.26369329  
-17.85333653  
-9.27071485  
-3.897730934  
0.3854654395  
5.791631231  
13.30189936  
22.0198088  
29.48622855  
32.80899648  
30.09805486  
21.55057867  
9.667725084  
-1.547659292  
-8.118475473  
-7.719116013  
-0.7033561106  
9.930564261  
19.65990406  
24.19910827  
21.17634032  
11.02600137  
-3.266476773  
-17.43519265  
-27.64962987  
-31.92553753  
-30.6408085  
-25.99162983  
-20.71697207  
-16.74563414  
-14.42751367  
-12.69547035  
-10.02332656  
-5.63484795  
-0.2851183131  
3.850172835  
4.181872585  
-0.8645194716  
-10.73058989  
-22.54152275  
-32.05219584  
-35.36616911  
-30.66468304  
-19.12900646  
-4.577752161  
8.078747398  
14.91025585  
14.64565322  
9.196176619  
2.771580678  
-0.03012669811  
3.683947316  
13.75215507  
26.9468909  
38.30353263  
43.20785522  
39.34413463  
27.68678399  
12.14565381  
-1.951721361  
-9.890758469  
-9.29153252  
-0.8736742952  
11.96613344  
24.52340301  
32.52966336  
33.6168676  
28.01438937  
18.30726557  
8.415200806  
2.185845146  
2.0751932  
8.321442845  
18.84920932  
29.92356605  
37.36046387  
37.93028676  
30.5098621  
16.57882718  
-0.1656106348  
-15.01414744  
-23.89699428  
-24.89057972  
-18.9773594  
-9.698444399  
-1.763972083  
0.8619851947  
-3.384645137  
-13.00670963  
-24.11581308  
-32.1897225  
-34.15978566  
-29.87260925  
-22.21049283  
-15.75017179  
-14.52962534  
-19.95473711  
-29.87013452  
-39.3193411  
-42.73664712  
-36.61095383  
-21.37935665  
-1.605892595  
15.73895589  
24.19923887  
20.66805766  
6.842361409  
-11.39752803  
-26.44245533  
-32.16246615  
-26.43712181  
-11.88867208  
5.472872664  
19.02546855  
24.42672246  
21.30027253  
12.99759532  
4.645848438  
0.4977723643  
1.897757356  
6.833241147  
11.23017308  
11.280377  
5.584231556  
-3.997561186  
-13.22587873  
-17.65472898  
-14.98268756  
-6.363506547  
4.040946295  
11.10577448  
11.40943203  
5.192175149  
-3.425821721  
-8.182770912  
-3.63832446  
11.99840361  
35.53164711  
59.64335492  
75.67505853  
77.15695015  
62.54910243  
35.98570329  
5.684093487  
-19.29956557  
-32.57754192  
-32.72248899  
-23.42841535  
-11.56898025  
-4.079951923  
-5.050263792  
-14.23962795  
-27.55382258  
-39.12868303  
-44.00202989  
-40.17136765  
-29.19621828  
-15.21019347  
-2.920816316  
4.424288714  
6.197649551  
4.246402899  
1.642468503  
1.019953628  
3.321592419  
7.513162974  
11.31759489  
12.52564923  
10.18994797  
5.109118591  
-0.6096203959  
-4.654783477  
-5.706405696  
-4.119759563  
-1.761852158  
-1.088804398  
-3.921362799  
-10.51462079  
-19.36487188  
-27.83536411  
-33.29043319  
-34.1957691  
-30.67666766  
-24.30257407  
-17.24523885  
-11.25031834  
-6.931381679  
-3.70954581  
-0.3822791833  
4.017561629  
9.553455726  
15.27928172  
19.76321261  
21.96378164  
21.97372699  
21.18993577  
21.74674605  
25.43298063  
32.60815288  
41.68559278  
49.51848017  
52.60782165  
48.64283764  
37.684809  
22.4200114  
7.300355391  
-3.115786164  
-5.938026565  
-1.076958626  
8.754048168  
19.16914177  
25.88260196  
26.36359684  
20.68416996  
11.2449186  
1.565029326  
-5.279477833  
-7.868733853  
-6.807316203  
-4.17000514  
-2.370569369  
-3.031993948  
-6.378805269  
-11.37062844  
-16.4142396  
-20.2213118  
-22.35103684  
-23.18896637  
-23.4438754  
-23.51189978  
-23.11915172  
-21.48136109  
-17.90641519  
-12.48784008  
-6.448339657  
-1.854061554  
-0.7521234998  
-4.118387375  
-11.15633759  
-19.36524838  
-25.4429511  
-26.67024543  
-22.15240857  
-13.31429738  
-3.365861747  
4.065185791  
6.529868897  
3.843229906  
-1.866937388  
-7.198835232  
-9.137820649  
-6.564258965  
-0.8798029772  
4.580824801  
6.122237703  
1.542147914  
-8.593957645  
-20.88080021  
-30.29984708  
-32.25619959  
-24.564583  
-8.52647219  
11.37895249  
29.08097933  
39.1392854  
38.70723772  
28.47514638  
12.27166499  
-4.446957302  
-16.57005493  
-20.99342784  
-17.39283795  
-7.944828637  
3.745304772  
13.98702579  
20.09055408  
20.87659856  
16.59322566  
8.464274669  
-1.82575504  
-12.49269664  
-21.82012351  
-28.24462865  
-30.51101427  
-27.96153809  
-20.87131899  
-10.62765318  
0.4459726327  
9.680094971  
14.91230601  
15.27736071  
11.57564529  
6.004156698  
1.302591218  
-0.3591618571  
1.719471826  
6.492006602  
11.65979221  
14.74759087  
14.29349931  
10.61266225  
5.764138724  
2.696212749  
3.918077465  
10.27431353  
20.37752352  
30.98233718  
38.17889118  
38.92191812  
32.25523486  
19.71364584  
4.733736302  
-8.670586842  
-17.40007352  
-20.30090161  
-18.32087459  
-13.7733971  
-9.088558166  
-5.65041861  
-3.263467149  
-0.4854116176  
4.352773703  
11.95272764  
21.29176869  
29.72481901  
33.97194576  
31.59368225  
22.29618734  
8.437897137  
-5.574065635  
-14.83531022  
-15.85374033  
-8.03607947  
5.894387087  
20.77903915  
30.90747646  
32.18634451  
23.74066196  
8.303285566  
-8.77998218  
-21.55702127  
-25.71657196  
-20.21222881  
-7.646803803  
6.71320722  
16.89660005  
18.4010937  
9.76569031  
-7.015978875  
-27.33661631  
-45.68755157  
-57.55454902  
-60.78596143  
-55.97696204  
-45.82837133  
-33.83879242  
-22.91737401  
-14.47670007  
-8.312719825  
-3.218021818  
2.034951691  
7.834710195  
13.39606686  
17.08475348  
17.22346852  
12.98372848  
4.936646732  
-4.999776224  
-14.19932402  
-20.27109961  
-21.89705994  
-19.21292253  
-13.59941688  
-7.018773265  
-1.225501627  
2.788828572  
4.89860615  
5.515092518  
5.062075617  
3.57874396  
0.6871882888  
-4.050259132  
-10.58696215  
-17.98933489  
-24.45538516  
-27.83099543  
-26.43992441  
-19.85851586  
-9.254786482  
2.910271882  
13.73295155  
20.9221997  
23.60806251  
22.55682593  
19.71537233  
17.30993262  
16.91807691  
18.9219119  
22.54730721  
26.40172545  
29.19166129  
30.24323234  
29.59117608  
27.65875035  
24.78464303  
20.92978536  
15.77729467  
9.184677826  
1.701608593  
-5.222386608  
-9.585951746  
-9.68566658  
-5.098828699  
2.722749375  
10.65898943  
14.98674686  
12.93155618  
4.034110678  
-9.338035668  
-22.67219744  
-30.99715687  
-30.90463271  
-22.03288657  
-7.330690913  
8.065427103  
18.89509854  
21.90343109  
17.11529423  
7.703168587  
-1.484534642  
-6.078429989  
-4.07844842  
3.33625764  
12.40152762  
18.46927173  
18.04734191  
10.29444624  
-2.639844267  
-16.51741043  
-26.71676632  
-29.99979038  
-25.63482365  
-15.49725296  
-3.21534016  
7.207828545  
12.72877142  
12.0959972  
5.989356418  
-3.443138598  
-13.38420898  
-21.18565516  
-25.0310969  
-24.31997388  
-19.74775784  
-13.08620407  
-6.681627042  
-2.734222668  
-2.512381059  
-5.753776149  
-10.53350534  
-13.77572323  
-12.34966927  
-4.407143044  
9.573666087  
26.55191306  
41.73428958  
50.23606613  
48.98567738  
38.08071079  
20.96267771  
3.241168485  
-9.421724507  
-13.51997687  
-9.077708277  
0.4114161552  
9.472162847  
12.94164788  
8.099278986  
-4.257888132  
-20.21521917  
-34.39351563  
-42.10711296  
-41.10538347  
-32.21596344  
-18.73191942  
-4.936288443  
5.517384423  
10.68395077  
10.52375165  
6.33509609  
-0.1237520266  
-7.310612954  
-14.08262605  
-19.45197656  
-22.25944044  
-21.15512812  
-15.06159275  
-3.946076174  
10.54893607  
25.10034047  
35.55097414  
38.40162988  
