23.08484653  
34.87393126  
42.92460984  
42.25932758  
30.58249938  
9.718088427  
-14.89217237  
-36.38962018  
-49.29480906  
-51.52695014  
-44.72562068  
-32.86887741  
-20.05871628  
-8.714323075  
0.906414546  
9.752623779  
18.33151313  
25.4978527  
28.53806935  
24.6119972  
12.75679224  
-4.770271795  
-22.76100916  
-35.0403242  
-37.28884711  
-29.26763022  
-15.20061093  
-1.957207809  
4.184001883  
0.619074745  
-10.22705636  
-22.03369791  
-27.71495979  
-23.02043954  
-8.791072253  
9.307411501  
23.49735943  
27.73187777  
20.75593891  
6.839766567  
-6.214992598  
-10.83953783  
-3.394094301  
14.00617369  
34.41007853  
49.21837778  
52.07448243  
41.59622283  
21.71375802  
-0.4129894846  
-17.75649272  
-26.37695667  
-26.60342572  
-22.05367555  
-17.21303809  
-14.9553057  
-15.29239494  
-15.88008596  
-13.82382463  
-7.657740682  
1.646378633  
11.16855028  
17.67924642  
19.4325418  
17.06043008  
13.05899287  
10.18492534  
9.718547286  
10.63429216  
10.20212329  
5.714571922  
-3.638293269  
-15.8527497  
-26.76164246  
-31.99446238  
-29.23743922  
-19.56470135  
-7.064836088  
3.115696676  
7.329415129  
5.246221745  
-0.04813660173  
-3.761324352  
-2.037549608  
5.853878731  
16.95646285  
26.02052489  
28.15347938  
21.35729265  
7.632900665  
-7.922386982  
-19.54745447  
-23.50681767  
-19.64541679  
-11.04167833  
-2.021937445  
4.320551879  
7.706252252  
10.47261178  
15.73237263  
24.97139906  
36.53204677  
45.98029133  
48.31789619  
40.9233437  
25.58707404  
8.361983946  
-2.959442166  
-2.651299665  
9.739263271  
28.52374156  
44.01574847  
46.8728498  
32.65530888  
4.37995248  
-28.29897289  
-53.08059307  
-60.44287026  
-48.01451639  
-21.82615441  
6.211918789  
23.5127198  
22.35161892  
3.235116223  
-25.40735161  
-51.0286866  
-62.50743467  
-54.9284395  
-31.51459309  
-1.969429525  
21.8851112  
31.1404837  
23.2897228  
2.77987155  
-21.37983545  
-39.67995433  
-45.95944229  
-39.43787605  
-24.2906289  
-7.266809707  
5.366825894  
10.16155636  
7.236771235  
-0.5791511243  
-9.519596266  
-16.58573901  
-20.43973234  
-21.28371556  
-20.06700492  
-17.6316488  
-14.30272759  
-10.06602545  
-5.0863003  
-0.1250198843  
3.492170043  
4.408204788  
1.993097818  
-3.106619172  
-8.974479643  
-13.05233567  
-13.13493328  
-8.287237075  
0.7272968899  
11.68950189  
21.71879683  
28.27229431  
29.94701814  
26.80724179  
20.18081433  
12.07815635  
4.497820848  
-1.130659014  
-4.216782676  
-4.967915746  
-4.109398061  
-2.487541445  
-0.6873871593  
1.213687486  
3.66343144  
7.384255187  
12.90599829  
20.04282608  
27.55724374  
33.24948988  
34.5794045  
29.69618789  
18.50821623  
3.2968127  
-11.53601148  
-20.68881582  
-19.82755619  
-7.419066414  
14.25219754  
39.42798055  
60.60860462  
71.11346437  
67.50818316  
50.92273636  
26.68874027  
2.392828575  
-14.90559257  
-21.19613336  
-16.79063058  
-5.883288312  
5.360210524  
11.3555252  
9.244329015  
-0.193675392  
-13.13609141  
-24.47053472  
-29.92343581  
-27.70850142  
-19.11076684  
-7.894167099  
1.131805359  
3.797394037  
-2.071337203  
-15.99744213  
-34.99017606  
-54.33645147  
-68.79326099  
-73.90796684  
-67.21178417  
-49.04396871  
-22.77260769  
5.765259043  
29.62388128  
42.67185183  
41.56068309  
27.05958812  
4.158938397  
-19.29329838  
-35.11066991  
-37.6194609  
-25.77402192  
-3.651448058  
20.97772905  
39.53929334  
45.90894439  
38.72885171  
21.82486462  
2.530789486  
-11.39626075  
-14.978809  
-7.988999295  
5.139292781  
17.39218721  
22.32234277  
16.876415  
2.675008774  
-14.78400103  
-28.60303384  
-33.50966362  
-28.07663184  
-15.17642843  
-0.5248370315  
9.966303691  
12.79071295  
8.224660619  
-0.1017698342  
-7.169177248  
-9.093957443  
-5.002031305  
2.623561704  
9.255301422  
10.63449474  
4.956407051  
-6.130147038  
-18.1925245  
-26.03573871  
-26.11440576  
-18.18761142  
-5.433738776  
7.025264917  
14.48361812  
14.77261784  
9.14223205  
1.501385633  
-3.592062855  
-3.200737715  
2.577784214  
10.74616581  
17.02672586  
18.16483521  
13.76180955  
6.691341988  
1.828763321  
3.650640379  
13.84124917  
30.08896653  
46.73192206  
57.05322963  
56.23413822  
43.6224055  
23.24252529  
2.248839  
-12.04577243  
-15.27344154  
-7.874322581  
5.114201456  
16.25689815  
18.94360634  
10.22478643  
-7.963118277  
-29.6792858  
-47.53055946  
-55.74125532  
-52.4024957  
-39.97405385  
-23.91818034  
-10.168311  
-2.609864848  
-1.676575171  
-4.602314467  
-7.09528543  
-5.574469456  
1.092382351  
11.1188323  
20.74136637  
26.05891827  
24.87059038  
17.65859481  
7.300252374  
-2.302670536  
-7.999168383  
-8.737159146  
-5.886900196  
-2.438915227  
-1.495108354  
-4.775732835  
-11.82588639  
-20.25538476  
-26.85965631  
-29.07398931  
-26.0836515  
-19.09843787  
-10.7041083  
-3.632866198  
0.4467464044  
1.549123683  
1.124715889  
1.094311459  
2.663689997  
5.530895209  
7.918942621  
7.468678867  
2.593728601  
-6.365544588  
-16.81363266  
-24.67703047  
-26.05754112  
-19.08361899  
-5.108519461  
11.38832316  
24.31460107  
28.37994537  
21.43981662  
5.73370015  
-12.62327186  
-25.82625921  
-27.44015726  
-15.09776844  
8.318705186  
35.57987846  
57.79926237  
67.84527593  
63.07345102  
46.24018272  
24.22055969  
5.088521818  
-5.183529027  
-4.998427092  
2.55875667  
11.4422356  
15.56640532  
11.59080496  
0.3373753421  
-13.73742616  
-24.6968685  
-27.86364717  
-21.88260078  
-9.207932703  
5.123181094  
15.77970058  
19.39142045  
15.75825881  
7.555813764  
-1.191090426  
-7.045043017  
-8.563495318  
-6.58097992  
-3.373538619  
-1.260212833  
-1.418816927  
-3.499973369  
-6.145194531  
-8.018322679  
-8.709421366  
-8.986063001  
-10.26732518  
-13.65140083  
-19.08340755  
-25.16933741  
-29.7744621  
-31.09597213  
-28.62201619  
-23.43554599  
-17.67161314  
-13.39944521  
-11.52402613  
-11.30687641  
-10.78380668  
-7.877878637  
-1.625604225  
7.142214617  
16.04904739  
22.25225224  
23.81659093  
20.68230532  
14.72860481  
8.893567614  
5.791496947  
6.519743078  
10.2424329  
14.73459309  
17.58209841  
17.41181783  
14.5329858  
10.69299055  
8.110642554  
8.307966852  
11.33668225  
15.76319703  
19.37398213  
20.20610046  
17.38141074  
11.3722936  
3.653284634  
-3.995549542  
-10.13679984  
-13.98332203  
-15.32877852  
-14.30200684  
-11.22077621  
-6.688180702  
-1.831919666  
1.600932945  
1.571070541  
-3.458944598  
-13.5508399  
-26.65998672  
-38.83513442  
-45.40224696  
-42.78974315  
-30.24722751  
-10.62723991  
10.27427474  
25.70595501  
30.53904421  
23.36567845  
7.191970245  
-11.62589421  
-25.80392494  
-29.92493649  
-22.46710892  
-6.269005273  
12.69189635  
27.63827789  
33.4715793  
28.44290637  
14.48435508  
-3.75386854  
-20.64106672  
-31.37132812  
-33.25003611  
-26.18410192  
-12.41558411  
4.269012173  
19.58305868  
29.81737541  
32.77527685  
28.38572481  
18.7935705  
7.778361404  
-0.4675032752  
-2.888571913  
1.11955116  
9.245226305  
17.00927039  
19.58863755  
14.0361212  
0.912520832  
-15.51343953  
-28.76132836  
-32.80903915  
-24.79406971  
-6.485844844  
16.24112411  
35.79591915  
46.08343243  
45.05880082  
35.40486112  
22.99047598  
13.84393892  
11.12548967  
13.61149411  
16.47372906  
13.99360599  
2.857761604  
-15.65287229  
-35.75775342  
-49.6123929  
-50.96395691  
-38.26180325  
-15.68129487  
8.488543204  
25.36782733  
29.26925839  
19.97701559  
2.503393544  
-15.46221675  
-27.10100514  
-29.27740793  
-23.33512734  
-13.6636176  
-4.950347699  
0.3541508659  
3.033590718  
6.124898145  
12.60301908  
