50.54125488  
32.94867751  
8.625089331  
-15.51086042  
-34.48769393  
-46.68701237  
-53.29087814  
-56.40318773  
-57.08161004  
-54.42498175  
-46.17967902  
-30.45361799  
-7.522994307  
19.32167777  
44.42924109  
61.70557228  
66.92841188  
59.4115232  
42.29999951  
21.4228192  
3.253825647  
-7.155121593  
-7.513565744  
1.430317705  
16.52722244  
33.32869513  
47.19064734  
54.12714906  
51.41836289  
38.09840732  
15.37130269  
-13.1914161  
-41.95937531  
-64.28493417  
-74.21481238  
-68.42147719  
-47.63454163  
-16.89196969  
15.68165676  
41.26811206  
53.09035723  
48.45939385  
29.35229272  
1.340866961  
-28.62323609  
-54.61026544  
-73.33119309  
-84.42645065  
-89.51940244  
-90.67719035  
-89.1181168  
-84.7731548  
-76.79663602  
-64.60131642  
-48.7404059  
-31.08773537  
-14.19831848  
-0.2130846504  
10.05859942  
17.33887989  
23.22823118  
29.05752295  
34.91003518  
39.41743006  
40.52427616  
36.8655195  
29.00846982  
19.80296528  
13.49172823  
13.87109515  
22.33803596  
36.81646458  
52.21603787  
62.37285624  
62.68511705  
52.25361801  
34.48637003  
15.78956414  
2.848139668  
-0.3129905025  
5.858046812  
16.62528985  
25.11950089  
25.51617593  
15.78678257  
-1.266656895  
-19.21680276  
-30.94687009  
-31.98606781  
-22.68960535  
-8.203724856  
3.842618534  
6.918064385  
-1.187352634  
-17.01807741  
-32.70258229  
-39.34524415  
-31.11125782  
-8.179353628  
22.82618908  
51.24040704  
66.66614641  
63.3804947  
42.92885898  
13.72676304  
-12.25198735  
-24.37096234  
-17.78097359  
4.449154795  
32.43947421  
53.41693549  
56.84977911  
38.7109961  
3.161570064  
-38.97536612  
-74.26881719  
-91.59118527  
-85.9509283  
-59.84838864  
-21.83123328  
16.9433226  
46.62512064  
61.53381538  
61.05481657  
48.58502844  
29.34599103  
8.21067753  
-11.54701409  
-28.29855332  
-41.28568629  
-49.77334026  
-52.78434767  
-49.60548613  
-40.69882649  
-28.32932212  
-16.31560244  
-8.785605007  
-8.415217173  
-15.0169767  
-25.28982907  
-34.03516704  
-36.41897009  
-30.28261691  
-17.38041839  
-2.854208628  
6.942639394  
7.357640582  
-2.23204024  
-17.79036909  
-32.0670332  
-37.54859831  
-29.64513762  
-8.713709112  
19.96881065  
48.25584409  
68.28307389  
75.3437601  
69.28772302  
53.95944935  
35.0907133  
17.72301897  
4.357379065  
-5.41274067  
-13.79575858  
-22.9356413  
-33.30423656  
-43.15786017  
-49.27298982  
-48.5189677  
-39.43796297  
-23.05548388  
-2.579796473  
17.78029806  
34.24639591  
44.47386506  
47.76021511  
44.55945983  
35.7625094  
22.26235487  
5.065735617  
-14.19562013  
-32.81279728  
-47.08976715  
-53.17268798  
-48.37118372  
-32.37680662  
-7.738125529  
20.74384873  
47.52697149  
68.12127042  
80.38545479  
84.78033942  
83.53870312  
79.2316657  
73.47989618  
66.43815058  
57.24374363  
45.0979293  
30.32149326  
14.76000796  
1.284927469  
-7.364317413  
-9.797046827  
-6.624036441  
-0.2383113476  
6.115651401  
9.465644885  
7.863001635  
0.475017067  
-12.83115757  
-31.93895609  
-56.48617077  
-85.27414925  
-115.4186133  
-141.9157249  
-158.2469037  
-158.1738054  
-138.1927048  
-99.59171859  
-49.00604387  
3.097557881  
45.66428995  
70.81572559  
76.56059761  
67.23286234  
51.40249898  
38.14083947  
33.28906751  
37.38530275  
46.12761643  
53.04719054  
53.01744837  
44.84896125  
31.70562967  
19.18980142  
12.12814548  
11.75393612  
14.78443377  
14.93068813  
6.129858016  
-14.1087584  
-42.94788121  
-72.99428093  
-95.29128843  
-103.1241999  
-94.83017308  
-74.30114389  
-49.00872969  
-26.58526961  
-11.65768773  
-4.427427743  
-1.542413319  
1.382202732  
7.048547828  
15.03983186  
22.37196064  
25.61422589  
23.28181645  
17.05387349  
11.03342085  
9.391132577  
13.7040985  
21.57102867  
27.47486682  
25.6618649  
13.6408576  
-5.585783136  
-23.95558918  
-31.55882165  
-21.29718539  
7.216496877  
46.53467491  
83.82778832  
106.0257633  
105.4160258  
83.13848323  
48.9029448  
16.95713832  
0.05714920914  
4.114394175  
25.88078975  
54.63199762  
76.99119735  
82.65666395  
68.48803649  
39.27318303  
5.086690577  
-23.31889275  
-38.88614417  
-40.50460964  
-32.41956988  
-21.46344347  
-13.69781137  
-12.10490104  
-16.20901757  
-23.40598138  
-30.94177559  
-37.32278542  
-42.48257865  
-46.90051122  
-50.53568999  
-52.50680219  
-51.88657084  
-49.13303314  
-47.08440925  
-50.50176969  
-63.89822134  
-88.46518633  
-119.6969315  
-147.3112267  
-158.1518891  
-141.3083192  
-93.40229501  
-21.56520645  
57.62214729  
123.284582  
157.693007  
153.0026447  
114.4086332  
58.25508249  
5.758808988  
-25.10007218  
-26.17417133  
-1.554345596  
35.06108774  
66.71272201  
80.39134115  
72.0329364  
47.34155962  
18.40666999  
-2.094729711  
-6.407584977  
5.436558733  
26.38789227  
46.07463767  
55.49556253  
