86.9261955  
93.39836087  
86.71399714  
71.61569522  
55.45094437  
44.53125399  
41.07934784  
42.26197568  
41.78712242  
33.28822116  
13.84271354  
-14.09601265  
-43.30776579  
-64.69295543  
-71.10291695  
-60.36185588  
-36.15042021  
-6.445489354  
19.67239298  
35.3611827  
38.08723668  
29.7146278  
14.87620055  
-1.374530362  
-15.46023726  
-25.97634621  
-33.16753569  
-37.79355212  
-40.1995213  
-40.12500527  
-37.23120481  
-31.84045322  
-25.26017662  
-19.35772653  
-15.57732374  
-14.01176993  
-13.18831813  
-10.84917037  
-5.402575174  
2.753107981  
10.87763035  
14.90189798  
11.45947375  
-0.04181772859  
-16.44571291  
-31.66170901  
-39.09453199  
-34.65978633  
-18.95941788  
2.511607769  
21.37330549  
29.77947288  
23.73974983  
4.844569151  
-20.38656217  
-43.21498825  
-56.1959874  
-55.91539342  
-43.80257802  
-24.83442713  
-4.941489169  
11.52757547  
23.08997332  
30.71719429  
36.20670483  
40.4253481  
42.49564755  
40.39090201  
32.54981651  
19.50003022  
4.430642836  
-7.785719466  
-12.75137812  
-8.808315549  
1.817423022  
13.70849773  
20.58617382  
18.21820052  
6.499195954  
-10.34344595  
-25.56960034  
-32.93469583  
-29.46650741  
-16.70505711  
0.1437495437  
14.6775124  
22.16171966  
21.41942577  
14.91309362  
7.110812528  
2.068736992  
1.494354553  
4.232430863  
7.329018081  
7.996241147  
5.358290229  
1.022362751  
-1.817090794  
-0.2270152015  
6.692014604  
17.0983033  
27.18552275  
33.06740228  
32.79879349  
27.46835672  
20.76290543  
17.17934055  
19.75033785  
28.40380697  
39.76790775  
48.52805525  
49.69426964  
40.71966192  
22.51650905  
-1.028025965  
-24.71778447  
-44.0587523  
-56.69665251  
-62.7267382  
-63.91728898  
-62.40253709  
-59.58185666  
-55.74862686  
-50.50745331  
-43.59085745  
-35.49257818  
-27.48450215  
-20.97988987  
-16.6161971  
-13.62952761  
-9.968499996  
-3.21159248  
8.086978316  
23.26802831  
39.253237  
51.30395207  
54.63265995  
46.25634117  
26.35297902  
-1.433785228  
-30.88934239  
-55.01913702  
-68.11757664  
-67.42515014  
-53.85712508  
-31.6154727  
-6.85366846  
14.16424264  
26.84558082  
29.47018671  
23.46959606  
12.71524032  
2.045352221  
-4.49166854  
-5.078821635  
-0.7285303516  
5.223626915  
8.590508046  
6.236181317  
-2.348415487  
-14.48863438  
-25.11098796  
-28.64500546  
-21.31979394  
-2.906380826  
22.86582901  
49.46164123  
69.84135022  
78.98260658  
75.58257762  
62.24635081  
44.12610834  
26.6518056  
13.37626653  
4.872990228  
-0.8866969479  
-6.945902198  
-15.38465219  
-25.92715593  
-35.80167538  
-40.90785376  
-37.7274164  
-25.07456541  
-4.877993101  
18.35322132  
39.12574301  
52.91112136  
57.62787381  
54.09289376  
45.35807109  
35.31183687  
27.17338667  
22.45746851  
20.70849346  
19.95741126  
17.6047823  
11.36609033  
0.004931353982  
-16.26645343  
-35.7248162  
-55.38191437  
-71.52464234  
-80.52920623  
-79.85245982  
-68.96921828  
-49.91477709  
-27.10923226  
-6.33435086  
6.9385485  
9.348512445  
0.8993265359  
-14.87979858  
-32.02951171  
-44.17704053  
-46.74844254  
-38.54595729  
-22.09868526  
-2.677478343  
13.61740499  
21.95644221  
20.3120206  
9.943038909  
-5.216894425  
-19.93242476  
-29.27353763  
-29.964088  
-21.16819608  
-4.631339701  
15.75643301  
34.84970828  
47.45120948  
49.65619778  
40.0754806  
20.58413737  
-3.760947875  
-25.82149792  
-38.34540425  
-36.26398767  
-18.5267176  
11.27159339  
45.83168314  
76.42069663  
95.67417243  
99.87685351  
89.85829158  
70.21377794  
47.26458683  
26.68123071  
11.77259041  
3.056350569  
-0.9232373106  
-2.155033873  
-1.954934309  
-0.6215924811  
1.973794298  
5.366116939  
7.817493818  
6.572109147  
-0.9163835957  
-15.36187192  
-34.54313807  
-53.48306663  
-66.07177887  
-67.5457644  
-56.71663177  
-36.85428862  
-14.69137106  
2.121477534  
8.034875477  
1.767393545  
-13.33646423  
-30.88528068  
-44.20417026  
-49.01801916  
-44.88701865  
-34.86919703  
-23.74027468  
-15.7421712  
-12.95460173  
-14.95831221  
-19.73200773  
-25.0954981  
-29.79936821  
-33.66573555  
-36.80788924  
-38.54565472  
-36.8487458  
-28.85440887  
-12.37090164  
12.36022971  
41.64669723  
68.81788364  
86.23987304  
88.14153662  
73.0459377  
44.68993584  
10.94636995  
-18.86261274  
-37.16516124  
-40.55660861  
-30.51953678  
-12.30337844  
7.401844383  
22.93399649  
31.29174376  
32.46423633  
28.62832988  
22.83137363  
17.84105717  
15.55578815  
16.94566766  
22.19683299  
30.72556106  
40.97983643  
50.26621376  
54.99170159  
51.5640324  
37.80596957  
14.32772817  
-14.8684277  
-43.06412517  
-62.75218416  
-68.17145288  
-57.43634018  
-33.33570854  
-2.415135568  
27.30078788  
48.99509312  
59.05063518  
57.6068849  
47.63257984  
33.14193595  
17.50607507  
2.639103249  
-10.72046551  
-22.0438486  
-30.13647777  
-33.03104579  
-28.83060406  
-17.06699758  
0.2484956824  
18.63502985  
32.45379282  
37.06627621  
30.87248052  
16.21887776  
-1.361412899  
-15.3411518  
-20.89547259  
-16.90560424  
-6.36900409  
4.96186498  
11.08837317  
8.299290781  
-3.363383792  
-20.27179747  
-36.82682959  
-47.72021916  
-49.84430313  
-43.1202303  
-30.08099813  
-14.60645498  
-0.4945256683  
9.531513629  
14.1363027  
13.15908634  
7.240983286  
-2.399093488  
-13.98499119  
-25.20101537  
-33.48257691  
-36.69084346  
-33.97540166  
-26.38522071  
-16.78369882  
-8.910145463  
-5.876644297  
-8.754552714  
-15.96603561  
-23.8763607  
-28.41447952  
-27.01011704  
-19.91517554  
-10.21554096  
-2.446902635  
-0.4165112959  
-5.256851425  
-14.67155699  
-23.79124492  
-27.2932565  
-21.82507508  
-7.611185158  
11.50093792  
29.57265008  
40.97450822  
42.57352912  
34.7744926  
21.05937671  
6.374933755  
-4.80047384  
-9.840885191  
-8.326737517  
-1.467324453  
8.862239516  
20.83519331  
32.79829834  
42.94095077  
48.99934771  
48.4994525  
39.68737018  
22.77654251  
0.7708655755  
-20.83611979  
-35.70099473  
-39.1068625  
-30.20468618  
-12.86319637  
5.515751292  
16.94031254  
16.36027216  
4.199633106  
-13.38056344  
-26.80510827  
-27.13074826  
-10.10045869  
21.61011692  
59.03805161  
90.29662963  
105.2676093  
99.61847029  
76.42020408  
44.6899025  
15.52994262  
-2.436098596  
-6.371197788  
0.06991079982  
8.80193586  
11.10249223  
1.420349072  
-20.40423182  
-49.30491733  
-77.24766228  
-96.42693543  
-101.9795463  
-93.186073  
-72.93174671  
-45.99053537  
-17.11161366  
10.22501671  
34.02873819  
53.24039231  
67.00913058  
74.38309872  
74.62380671  
67.89106104  
55.76717396  
41.15284458  
27.4293422  
17.22823862  
11.4190625  
8.857618459  
7.061521586  
3.496781981  
-3.165261687  
-12.44926935  
-22.41711263  
-30.73474231  
-35.87355723  
-37.79927793  
-37.79788811  
-37.5709999  
-38.13920526  
-39.1937264  
-39.278823  
-36.70936472  
-30.696907  
-22.01991684  
-12.8135103  
-5.549607875  
-1.754795974  
-1.19761015  
-2.04974513  
-1.989745155  
0.3335550986  
4.321797045  
7.568376815  
7.165207102  
1.544398814  
-8.16270562  
-18.12137861  
-23.36607278  
-20.32391832  
-9.054766713  
6.039476886  
17.64110054  
18.6529801  
5.699478305  
-18.68365253  
-46.37329193  
-66.59569144  
-70.34131099  
-54.35198773  
-22.86141559  
13.78471907  
43.1209915  
55.47475911  
47.6839103  
24.04537899  
-5.82547405  
-31.16536725  
-44.34806047  
-43.42060871  
-31.94030653  
-16.46714306  
-3.128459119  
5.013700381  
8.612871022  
10.62739766  
13.84325208  
18.82153044  
23.44786485  
24.32176257  
19.1712185  
8.874547983  
-2.158553397  
-7.634015319  
-2.335011891  
15.07686094  
40.90396114  
67.61153343  
