59.91681262  
51.32481209  
38.56266493  
25.65535805  
15.87787889  
10.57905925  
8.924240431  
8.598512235  
7.077585155  
2.849377236  
-3.95162367  
-11.71620145  
-18.16953568  
-21.3805902  
-20.5033339  
-15.97073947  
-9.156126355  
-1.755077993  
4.784436538  
9.557297792  
12.19153639  
12.67056205  
11.17548725  
8.05632821  
3.901919874  
-0.4238554983  
-3.906409429  
-5.681358079  
-5.385959939  
-3.356440142  
-0.5160463322  
2.041385192  
3.582852353  
4.095646386  
4.249333511  
4.937165702  
6.617560667  
8.824132308  
10.16961922  
8.93633688  
4.029468877  
-4.167409663  
-13.51727931  
-20.6910153  
-22.43495059  
-17.0504253  
-5.428439016  
8.883472683  
20.71902064  
25.10026175  
19.12971719  
3.218407336  
-18.85109276  
-41.07007401  
-57.13435186  
-62.45237  
-55.52743118  
-38.28372323  
-15.31327209  
7.607112628  
25.18321655  
33.93322014  
32.85387209  
23.35805303  
8.635552899  
-7.298855186  
-20.60186876  
-28.43478849  
-29.50115726  
-24.22054857  
-14.52137995  
-3.294695748  
6.377758229  
12.0342821  
12.46061587  
7.944313094  
0.07489051605  
-8.837933277  
-16.52000869  
-21.39493384  
-22.9319316  
-21.59156359  
-18.44109305  
-14.62919105  
-10.93699393  
-7.560695427  
-4.167072415  
-0.1561079146  
4.993796027  
11.42174781  
18.70643817  
25.85474961  
31.46680917  
34.06652295  
32.55639689  
26.70163759  
17.48606234  
7.151327676  
-1.21978137  
-4.568706713  
-0.9610436839  
9.470262246  
24.17223742  
38.68965128  
48.00946083  
48.31632754  
38.49548794  
20.73458397  
-0.1107796981  
-18.22289564  
-28.95683722  
-30.53478117  
-24.57816005  
-15.23691669  
-7.288871053  
-4.046056506  
-6.001614196  
-10.81908071  
-14.65150087  
-14.16167099  
-8.285688921  
1.09956371  
9.932287272  
13.8043672  
10.03341068  
-0.9911437963  
-15.81035324  
-29.24765623  
-36.50154352  
-35.05412876  
-25.58623114  
-11.56434009  
2.237746252  
11.58337694  
14.19774552  
10.26101431  
1.928916864  
-7.736442304  
-15.8637566  
-20.45700634  
-20.54215377  
-15.96562466  
-7.170738592  
4.821817022  
18.25595847  
30.56221396  
38.66475179  
39.79328523  
32.59233216  
18.04191666  
-0.3464926852  
-17.34857675  
-27.699229  
-28.0174007  
-18.18248236  
-1.526431302  
16.3158316  
29.47418727  
33.99259269  
29.17789012  
17.61512072  
3.900300541  
-7.308509329  
-13.05934661  
-12.96438029  
-8.873740149  
-3.640261521  
0.3648111649  
2.272904287  
2.847951216  
3.759186445  
6.440763285  
11.14819052  
16.68129515  
20.88891305  
21.6841698  
18.06886155  
10.68637726  
1.663894975  
-6.165015326  
-10.30687356  
-9.492587706  
-4.078694412  
4.129402466  
12.50253082  
18.3996246  
19.89874301  
16.26482615  
8.085785078  
-2.904071256  
-14.24982739  
-23.3673618  
-28.1951302  
-27.76549163  
-22.53140539  
-14.30658551  
-5.773525117  
0.3346997466  
2.124843563  
-0.8171067707  
-7.296291561  
-14.96304799  
-21.18676129  
-24.00736449  
-22.78646699  
-18.31177063  
-12.34789677  
-6.860983674  
-3.266675472  
-2.005918345  
-2.575614968  
-3.924168589  
-4.976356612  
-5.040189094  
-3.958740965  
-2.026572242  
0.2012220089  
2.07326232  
2.930104194  
2.170812471  
-0.6065553826  
-5.354507216  
-11.30802771  
-16.89588653  
-20.02194997  
-18.75438339  
-12.22138806  
-1.31687419  
11.203165  
21.4454579  
25.76723645  
22.30738285  
11.97797378  
-1.609731512  
-13.37782589  
-18.73424322  
-15.43385395  
-4.520943826  
10.1003348  
23.3097735  
30.90915751  
31.29374572  
25.90526629  
18.28702685  
12.22416107  
9.885627544  
10.8714945  
12.61165048  
11.88386588  
6.657143759  
-2.696590134  
-13.45674483  
-21.85988209  
-24.99394966  
-22.30050521  
-15.88678863  
-9.447723262  
-6.314534815  
-7.618105691  
-11.53434023  
-14.06239576  
-11.02325952  
-0.3315551538  
16.58810833  
34.99780823  
48.65736346  
52.4713969  
44.77158805  
28.17266302  
8.584340966  
-7.198269249  
-14.26056822  
-11.47943508  
-1.778697782  
9.311314015  
16.0812923  
14.95733097  
5.72953551  
-8.72005945  
-23.90431561  
-35.63919847  
-41.488831  
-41.19344962  
-36.08356783  
-27.97134506  
-18.19496523  
-7.307113165  
4.5288124  
16.7953983  
28.08601769  
36.20036904  
38.91764074  
35.08405866  
25.43185829  
12.63924963  
0.4996794631  
-7.48654852  
-9.484126272  
-6.03679169  
0.2044586933  
5.618605715  
7.111527064  
3.324150907  
-4.937225596  
-15.16684344  
-24.24240705  
-29.60880784  
-30.06642205  
-25.9102258  
-18.49394661  
-9.537610524  
-0.5501728653  
7.404274881  
13.60629583  
17.45371624  
18.36274674  
15.93653142  
10.33548735  
2.610763623  
-5.272321094  
-10.86528292  
-12.03631626  
-7.838245275  
0.9374152942  
11.80721167  
21.29021445  
26.02539965  
23.90470261  
14.80143589  
0.6346801771  
-15.23392192  
-29.03064044  
-37.65630045  
-39.47765309  
-34.61627411  
-24.72265252  
-12.3842224  
-0.3940694035  
8.908937453  
14.09158875  
14.81945862  
11.80599376  
6.562749853  
1.008129951  
-2.998585303  
-4.112879377  
-1.849262889  
3.282453446  
9.905582378  
16.1528926  
20.19269718  
20.74950472  
17.46138655  
10.97049635  
2.734250804  
-5.366411862  
-11.49362324  
-14.26688691  
-13.04146968  
-8.02260753  
-0.2275721234  
8.682927097  
16.69120773  
21.81744167  
22.58993166  
18.50550857  
10.34075938  
0.1574762472  
-9.098924185  
-14.38289285  
-13.52732127  
-6.10367878  
6.173278219  
19.72192394  
30.0502611  
33.13325642  
26.76120226  
11.37743498  
-9.923757488  
-32.27844429  
-50.53170552  
-60.80817353  
-61.63034232  
-54.2079967  
-41.82934172  
-28.6113276  
-18.08676477  
-12.13631126  
-10.61274538  
-11.72308682  
-12.9506422  
-12.12071237  
-8.203757838  
-1.59296504  
6.179560649  
13.11148373  
17.49138495  
18.46946644  
16.26939003  
12.02775444  
7.376333549  
3.940885526  
2.912288561  
4.782577232  
9.26789388  
15.39604312  
21.72360797  
26.649617  
28.78896365  
27.34452723  
22.38499194  
14.92052508  
6.699307037  
-0.268985568  
-4.345012951  
-4.836190261  
-2.286520726  
1.674927642  
4.922280085  
5.670653907  
3.250050438  
-1.506677072  
-6.454219895  
-8.876020064  
-6.520527233  
1.458617293  
14.03165089  
28.49408988  
41.28474091  
49.12498804  
50.05918396  
44.01881343  
32.72349046  
18.98863339  
5.730095859  
-4.950361206  
-12.2753521  
-16.75771414  
-19.7035646  
-22.50266938  
-26.00866535  
-30.2363423  
-34.44594941  
-37.5181651  
-38.41874044  
-36.54671212  
-31.84464351  
-24.67736413  
-15.59358408  
-5.127178692  
6.245525764  
17.97367861  
29.21346639  
38.67674184  
44.68938511  
45.51860836  
39.90379498  
27.61482929  
9.814281878  
-10.95834758  
-31.23855015  
-47.42458915  
-56.66611103  
-57.56665404  
-50.46896503  
-37.23887154  
-20.6459006  
-3.581149056  
11.60347063  
23.42761123  
31.24104518  
34.93615236  
34.64257524  
30.60889352  
23.33838377  
13.86124209  
3.897026795  
-4.332515612  
-8.718723707  
-8.138626819  
-3.200393678  
3.574014014  
8.392045414  
7.570310121  
-0.8212646758  
-15.75126077  
-33.08673456  
-46.77362287  
-51.03133393  
-42.75756616  
-23.13966763  
2.302779893  
25.42384246  
38.35224937  
36.48337112  
20.34615281  
-4.465561575  
-29.33338458  
-45.84369329  
-48.91457976  
-38.56189836  
-19.6156739  
0.4411448035  
14.55769395  
18.81567124  
13.65190346  
3.191254774  
-6.889906818  
-11.94187674  
-10.21226009  
-3.257521612  
5.14688772  
10.96024516  
11.71899386  
7.432878912  
0.2228095815  
-6.981066876  
-11.93450033  
-13.9933207  
-14.0346533  
-13.52243306  
-13.30388776  
-12.84552799  
-10.36170997  
-3.795317781  
7.858987567  
23.60161335  
40.39084373  
54.11647091  
61.17337876  
