44.87332161  
42.24134884  
32.99723046  
18.30918063  
1.217485061  
-14.09556958  
-23.71947521  
-25.55211763  
-20.24213804  
-11.01705147  
-2.363774598  
1.916153865  
0.4049050572  
-5.298857921  
-11.37378353  
-13.68863134  
-9.965137644  
-1.14876137  
8.732178634  
14.24957478  
11.0918456  
-1.732539792  
-21.06195857  
-40.58475193  
-53.3117363  
-54.46247879  
-43.49155801  
-24.34284961  
-3.803976547  
11.32064171  
16.97715462  
13.37028406  
4.591561155  
-3.406515249  
-5.539868203  
0.2005543803  
12.01064184  
25.25599956  
34.65462381  
36.63547898  
30.82819402  
20.08457513  
9.11260166  
2.400731298  
2.364343374  
8.472487398  
17.62926479  
25.53272196  
28.36635757  
24.13012061  
13.16647568  
-2.173131563  
-18.4399443  
-32.15053712  
-40.63968714  
-42.53631168  
-37.88531677  
-28.02988388  
-15.34459786  
-2.83226932  
6.443858531  
10.07324652  
7.015694859  
-1.927418996  
-14.14745543  
-25.88658467  
-33.38819824  
-34.16478596  
-27.89771661  
-16.58492739  
-3.837481539  
6.422243846  
11.35270636  
10.12864898  
4.071387456  
-4.028255317  
-11.0640955  
-14.74390649  
-14.25168884  
-10.2465197  
-4.306838239  
1.852542156  
7.023204207  
10.77071229  
13.31049425  
15.15780437  
16.77941769  
18.40492964  
20.01801357  
21.43634477  
22.36846679  
22.40845831  
21.03211989  
17.7072524  
12.17845012  
4.850541541  
-2.939327265  
-9.005762656  
-10.88071806  
-6.747347944  
3.614031195  
18.33144808  
33.74361739  
45.52241105  
50.24635617  
46.78518655  
36.85842865  
24.4408692  
14.18603699  
9.501719985  
11.11447718  
16.78578862  
22.34802594  
23.62992312  
18.41343439  
7.518878531  
-5.511207033  
-16.02403165  
-20.45063589  
-18.07264134  
-11.51549445  
-5.683586896  
-5.562555186  
-13.84891644  
-29.4792441  
-47.75901693  
-62.09794736  
-66.64989969  
-58.74939481  
-40.11284506  
-16.29661173  
5.358265665  
18.43749718  
19.71703993  
10.10237178  
-6.045585998  
-22.80891949  
-34.97539004  
-39.73061002  
-37.17490969  
-29.62043105  
-20.15089269  
-11.18833316  
-3.710173605  
2.625365438  
8.657669832  
14.74246755  
20.18148548  
23.37904237  
22.63806185  
17.16426634  
7.731615643  
-3.371008749  
-13.13095247  
-18.9867402  
-19.83322843  
-16.37752769  
-10.67702969  
-5.087934324  
-1.139288743  
1.11653587  
2.96062339  
6.149551246  
11.77868404  
19.45325573  
27.21325552  
32.29411998  
32.38898248  
26.8133957  
16.99391456  
6.004972479  
-2.674011452  
-6.629779222  
-5.537530567  
-1.249528112  
3.106233314  
4.609528287  
1.926323218  
-4.06405558  
-10.69275573  
-14.78278711  
-14.18876832  
-8.868008637  
-0.9712493194  
6.101858973  
9.252732209  
7.124758765  
0.7709834228  
-6.75699047  
-11.70735257  
-11.22070857  
-4.505374951  
6.904696173  
19.87440267  
30.99339476  
37.87511238  
39.86011717  
37.87831423  
33.6417178  
28.64350597  
23.48608205  
17.84286517  
10.99954984  
2.612894439  
-6.77382939  
-15.76543182  
-22.68763884  
-26.38024783  
-26.76347727  
-24.84985406  
-22.1780027  
-19.96892543  
-18.47276152  
-16.88670158  
-13.92175625  
-8.733058935  
-1.700958857  
5.410982669  
10.09421629  
10.28340143  
5.525467037  
-2.491764432  
-10.40581175  
-14.52680711  
-12.50193667  
-4.529691562  
6.487673879  
16.00637561  
19.71374392  
15.41407255  
4.089004993  
-10.36449646  
-22.64152963  
-28.15709451  
-24.89476853  
-14.19952103  
-0.1983712219  
11.87815549  
17.74610282  
15.63736349  
6.781201661  
-5.317256874  
-16.40841469  
-23.14261041  
-24.15049248  
-20.19132606  
-13.43936932  
-6.340461899  
-0.6017608726  
3.258988831  
5.695214266  
7.46808433  
8.954018911  
9.812207287  
9.182256632  
6.291142139  
1.127927698  
-5.199776768  
-10.66547475  
-13.04984191  
-10.90076975  
-4.301099771  
4.928115604  
13.73617653  
18.91239374  
18.3182131  
11.79130622  
1.338430364  
-9.499974002  
-16.90508247  
-18.19317454  
-12.84494515  
-2.739471556  
8.51882325  
16.93957991  
19.64184856  
15.92270008  
7.475944322  
-2.325199031  
-9.787678371  
-12.34014143  
-9.460601274  
-2.712622704  
5.101830939  
11.2763989  
14.40754458  
14.9183692  
14.65914663  
15.78117938  
19.43873971  
24.97874233  
30.06664426  
31.7563296  
28.03780055  
19.12092518  
7.777454577  
-1.536889214  
-4.49578491  
1.103586596  
14.06975591  
29.91132578  
42.36498721  
45.78875683  
37.43988608  
18.6672646  
-5.512539995  
-28.30320965  
-43.70268907  
-48.69503783  
-44.167108  
-34.21594506  
-24.20602995  
-18.45279918  
-18.52943423  
-22.87537434  
-27.78650738  
-29.26551262  
-24.87157756  
-14.76941372  
-1.585443873  
10.76977323  
18.71603201  
20.32333102  
15.80652106  
7.086797597  
-3.261859916  
-13.1255813  
-21.51153348  
-28.52404648  
-34.77949392  
-40.64367118  
-45.7210651  
-48.85725764  
-48.63427343  
-44.08964841  
-35.29356918  
-23.50449503  
-10.83697565  
0.3999623845  
8.405585438  
12.3573891  
12.50839955  
9.944441124  
6.159483022  
2.634339963  
0.5408165979  
0.5937449565  
2.999312851  
7.439413718  
13.07862071  
18.64111693  
22.62607513  
23.68662243  
21.1037853  
15.19421965  
7.456699771  
0.3207425898  
-3.499494311  
-1.877133069  
5.919261005  
18.78695307  
33.9219908  
47.53606343  
55.96095352  
56.79666412  
49.72455235  
36.70167008  
21.44397642  
8.334011932  
1.078669554  
1.534901225  
9.084355264  
20.77800683  
32.23403046  
39.0260569  
38.1258061  
28.9245715  
13.47865676  
-4.125704725  
-19.0913698  
-27.47023458  
-27.42587395  
-19.76022405  
-7.531915252  
5.070910154  
14.16740118  
17.39290693  
14.45566161  
6.894850094  
-2.78036746  
-12.15867793  
-19.74477439  
-25.22725047  
-29.17130427  
-32.37425689  
-35.25207507  
-37.56636293  
-38.59696746  
-37.62259208  
-34.41673551  
-29.47515148  
-23.85017211  
-18.69049553  
-14.74543227  
-12.10817006  
-10.33185924  
-8.834995052  
-7.342090959  
-6.077411244  
-5.570614564  
-6.16611907  
-7.528982997  
-8.485447793  
-7.387597222  
-2.910999277  
5.076162873  
15.04132027  
24.05193553  
28.78460895  
26.91102072  
18.25477386  
5.150112652  
-8.248771271  
-17.49324666  
-19.58409979  
-14.17948471  
-3.715982899  
7.639038863  
15.76179932  
18.29387373  
15.54415479  
10.16919591  
5.785003052  
5.155193659  
8.798906705  
14.6734963  
19.0937544  
18.47875052  
11.13058978  
-1.775209067  
-16.45815741  
-27.96815512  
-32.17484252  
-27.45477088  
-15.3580955  
0.01233674992  
13.6204204  
21.41354847  
21.74193703  
15.73897015  
6.590083646  
-1.913269841  
-6.876460973  
-7.245367523  
-3.879993005  
1.145964801  
5.604922774  
8.023949935  
8.078519342  
6.400797407  
4.017199983  
1.769755346  
0.01945680454  
-1.272359804  
-2.216997254  
-2.686837022  
-2.248823165  
-0.4047654533  
3.001011935  
7.467336575  
11.84378563  
14.71897775  
15.0301978  
12.58871651  
8.227864272  
3.454213588  
-0.2634220629  
-2.229826022  
-2.90368715  
-3.694015905  
-6.22522216  
-11.39883415  
-18.71035042  
-26.19119051  
-31.06874466  
-30.89803649  
-24.67794503  
-13.4430068  
-0.03726084802  
11.86498452  
19.0906987  
20.09367519  
15.41171781  
7.295495815  
-1.28350952  
-7.779709726  
-10.87540965  
-10.63880175  
-8.066608739  
-4.330957686  
-0.1614901022  
4.321799695  
9.285697936  
14.61734562  
19.505281  
22.48277153  
21.98961116  
17.20404002  
8.708260566  
-1.412098192  
-10.17971928  
-14.84333214  
-14.02351115  
-8.358929183  
-0.3299095447  
6.69473853  
9.786024609  
7.586442025  
0.7701549586  
-8.327105421  
-16.6902954  
-21.74574194  
-22.13267676  
-17.85895679  
-9.905165093  
0.3951309739  
11.81141025  
23.28507783  
33.67466654  
41.47776579  
