74.46365043  
66.87777448  
47.51842979  
19.90672112  
-8.968393229  
-31.11428621  
-40.64591172  
-36.17776114  
-21.40012381  
-3.528788885  
9.737724408  
13.44169299  
7.36152596  
-4.099543013  
-14.08505757  
-16.5622125  
-9.259186932  
5.040628305  
19.44149008  
25.74566096  
17.95944025  
-4.976265837  
-38.37858617  
-73.29110821  
-99.64883968  
-109.8863852  
-101.5820298  
-78.14395993  
-47.338294  
-18.29831956  
1.789659456  
10.06358358  
8.587679051  
3.060196032  
0.2320502511  
5.091498585  
18.89623293  
38.75103093  
58.80928887  
72.56580362  
75.33110639  
65.96033892  
47.23281303  
24.80304772  
5.167788573  
-6.576694552  
-8.380020175  
-1.74083662  
9.038414302  
18.50234822  
21.96249442  
17.00748302  
4.12776482  
-13.66246473  
-31.9619373  
-46.40019634  
-53.83143245  
-52.96466137  
-44.35560462  
-29.93282752  
-12.35359897  
5.547766771  
21.1031288  
32.00095701  
36.46991727  
33.5713979  
23.57900655  
8.26920615  
-9.125975082  
-24.47941801  
-33.80883929  
-34.51184809  
-26.33985853  
-11.67522552  
5.1012113  
19.00679096  
26.13736713  
24.9926375  
16.9131643  
5.440859332  
-5.144931753  
-11.51380146  
-12.49465392  
-9.317349593  
-4.815116051  
-1.973351115  
-2.49290741  
-6.019400828  
-10.37745193  
-12.68371401  
-10.8065655  
-4.479608473  
4.462524167  
12.85109978  
17.60917458  
17.18229983  
12.30992198  
5.77027755  
1.201063828  
1.522605357  
7.675804773  
18.2470976  
30.14876715  
40.04212593  
45.8484947  
47.64870982  
47.54556345  
48.5328782  
52.87176376  
60.71161622  
69.60684272  
75.20426915  
72.87275549  
59.63431407  
35.60663851  
4.347378456  
-28.08058861  
-55.00047285  
-71.27607488  
-74.9405947  
-67.71973261  
-54.29197337  
-40.59205892  
-31.7932766  
-30.68141591  
-36.9497253  
-47.58343527  
-58.11137198  
-64.22529696  
-63.19017709  
-54.60269047  
-40.32422356  
-23.71340299  
-8.496430948  
2.317936252  
7.154284129  
6.073024374  
0.5081291129  
-7.275369217  
-14.786062  
-19.81011576  
-20.75334134  
-16.84594543  
-8.262429899  
3.825634676  
17.31286834  
29.4278099  
37.26620571  
38.54341474  
32.37761603  
19.81090664  
3.783420304  
-11.57083994  
-22.17862003  
-25.43629954  
-21.2317565  
-12.10502209  
-2.366253192  
3.589850955  
3.156022069  
-3.205421357  
-11.88305272  
-17.40099857  
-14.65655677  
-1.246801752  
21.09945914  
46.67146932  
67.57732036  
76.57286239  
69.82509878  
48.48749302  
18.41105139  
-11.93398243  
-34.51131833  
-44.52351026  
-41.85204517  
-30.59890453  
-17.00243263  
-6.679393249  
-2.396825514  
-3.296904404  
-5.816866417  
-5.778105129  
-0.6133163301  
9.319148835  
20.9182732  
29.88211304  
32.8300522  
28.96981422  
20.51090554  
11.63706747  
6.539521988  
7.453006751  
13.62305725  
21.68205896  
27.24183018  
26.94438033  
20.01212766  
8.590309928  
-3.252199331  
-11.3794457  
-13.44320076  
-9.908805516  
-3.830330109  
0.4738858813  
-0.7754333421  
-9.316218334  
-24.22734145  
-42.34775294  
-59.44060215  
-71.55615016  
-76.07216852  
-72.13862435  
-60.56342936  
-43.38398056  
-23.38454549  
-3.681499354  
12.67349819  
23.19243266  
26.58327016  
23.35405267  
16.06408936  
8.905558073  
6.525894424  
12.36931367  
27.14280173  
48.10486279  
69.63804718  
85.06055288  
89.07169593  
79.87229353  
60.04765866  
35.76059886  
14.4959279  
2.225083025  
1.133663215  
8.843876753  
19.44869104  
25.92307676  
22.91748098  
8.808995635  
-13.76641179  
-39.02361672  
-60.2346625  
-72.09536078  
-72.3453711  
-62.1354673  
-45.19801279  
-26.33496738  
-9.907809283  
1.139272231  
5.54557594  
3.462499918  
-4.001098328  
-15.11912361  
-27.68987311  
-39.11827433  
-46.66642968  
-47.99926035  
-41.92783847  
-29.04201014  
-11.86794036  
5.664100939  
19.35546614  
26.09336047  
24.89384785  
17.19945747  
6.300404686  
-3.883339454  
-10.15631436  
-11.00068092  
-6.794025089  
0.7022197517  
9.263785597  
17.07574429  
23.18147882  
27.39002397  
29.80844116  
30.34187894  
28.48760247  
23.56243015  
15.24835089  
4.151533103  
-7.961485348  
-18.44713768  
-24.5444088  
-24.34222786  
-17.57556859  
-5.921350521  
7.354369765  
18.31263104  
23.53998295  
21.25531245  
11.97646276  
-1.473450907  
-14.65973586  
-22.77617753  
-22.1167195  
-11.36664295  
7.700010867  
30.41250431  
50.34850394  
61.19268686  
58.78483048  
42.68222714  
16.63285614  
-12.33073334  
-35.99260423  
-47.59853787  
-44.12861349  
-27.35004711  
-3.216333869  
20.20996875  
35.55940225  
38.640819  
29.6898653  
12.95550438  
-5.136411183  
-18.45333976  
-23.26453972  
-19.21128527  
-8.894723765  
3.565880323  
14.2563008  
20.700836  
22.1642462  
19.08677891  
12.14109464  
1.539130728  
-12.98329293  
-31.50027362  
-52.96114405  
-74.59573885  
-92.13177082  
-100.9027033  
-97.46408792  
-81.04371566  
-54.1730881  
-22.17523453  
8.336380179  
31.38789964  
43.29324024  
43.46688596  
34.21921939  
19.75189419  
4.818594095  
-6.473905629  
-11.43624854  
-9.101073851  
-0.193628526  
13.08321409  
27.4055447  
38.89503901  
43.96864797  
40.40321073  
28.32462661  
10.67714942  
-7.222045684  
-19.13893625  
-20.03731539  
-8.107912071  
14.15058235  
40.39287143  
62.43875092  
73.17339537  
69.22698622  
52.32701933  
28.70756049  
6.749539052  
-6.224607962  
-6.704659446  
3.820468331  
19.69348279  
33.52957792  
39.19099429  
34.03514894  
19.55009252  
0.2429508678  
-18.57830379  
-33.04193941  
-41.95761973  
-46.59925742  
-49.28812021  
-51.60741825  
-53.2167618  
-51.8908347  
-44.76031634  
-30.11228088  
-8.812687692  
15.41175767  
37.04429914  
50.75862661  
53.42482343  
45.24267215  
29.51295009  
11.1909954  
-5.085004948  
-16.5940079  
-23.08796909  
-26.16478169  
-27.89199666  
-29.44872677  
-30.49343618  
-29.55276225  
-25.17932016  
-17.21805999  
-7.456225101  
0.7593579985  
3.829126638  
-0.4575198196  
-11.73063928  
-26.89753595  
-41.1689122  
-49.82998692  
-49.98787683  
-41.54219533  
-26.99037903  
-10.21499217  
5.14828663  
17.00812672  
25.22978954  
31.06613201  
35.98942734  
40.57638165  
44.0378581  
44.63029449  
40.72230089  
31.94672504  
19.81622989  
7.439611518  
-1.580948558  
-4.586224105  
-0.9716168784  
7.53882053  
17.58177751  
25.49197757  
28.6858727  
26.49674097  
20.14623614  
11.95247133  
4.215998047  
-1.668240987  
-5.490426483  
-7.861692887  
-9.50627252  
-10.66943483  
-10.99991839  
-9.967921515  
-7.548062335  
-4.7132846  
-3.357857973  
-5.565822493  
-12.51629408  
-23.56884804  
-36.0572725  
-46.02385334  
-49.68072465  
-45.00379469  
-32.74261553  
-16.34343478  
-0.7457975898  
9.481701229  
11.8919308  
7.055736281  
-1.767094361  
-10.02002911  
-13.68843783  
-10.8000037  
-1.990031548  
10.0200638  
21.69708672  
30.09130062  
33.73771323  
32.75413953  
28.24862187  
21.47273705  
13.22462479  
3.798575371  
-6.575083008  
-17.15786255  
-26.43706659  
-32.421885  
-33.41340843  
-28.84947741  
-19.73049425  
-8.319465366  
2.806624504  
11.90209155  
18.78606179  
24.72636448  
31.46730859  
39.87321349  
48.93035419  
55.74036999  
56.6751528  
49.24992943  
33.82008822  
14.1691267  
-3.507128982  
-12.97326671  
-10.73459495  
2.037369905  
19.4336757  
32.82482365  
34.26427878  
19.89318694  
-8.135021381  
-42.12206606  
-71.59416647  
-87.28319111  
-84.68310596  
-65.70747683  
-37.77798491  
-10.77109531  
6.854076244  
11.11857001  
3.562691601  
-10.02376597  
-22.45323602  
-28.2093636  
-25.3800331  
-15.7264387  
-3.081902257  
8.954534874  
18.80156202  
27.2785274  
36.48210534  
47.84910362  
60.52769836  
71.02748078  
