-6.034350292  
-4.648747015  
-9.566533516  
-17.32684853  
-23.06510468  
-22.65949139  
-14.5385535  
-0.4145009426  
15.35440975  
27.51339466  
32.05868195  
27.8992379  
17.33496464  
5.128326173  
-3.475913038  
-4.982252195  
0.8018630285  
10.56472659  
18.77337837  
19.95683378  
11.07290058  
-7.02022896  
-29.62140891  
-49.78734884  
-60.85590882  
-58.88567735  
-44.04009021  
-20.3861821  
5.760039239  
28.21333952  
43.02322858  
49.46694272  
49.61948534  
46.83006106  
43.90002528  
41.84074935  
39.76078537  
35.85228126  
28.89818487  
19.4657572  
10.11204484  
4.425477398  
5.321455742  
13.41346992  
26.28799384  
39.11707153  
46.42366354  
44.26702598  
31.89846598  
12.15630367  
-9.57481743  
-27.38522277  
-36.97162131  
-36.99740905  
-29.18757427  
-17.25261804  
-5.243492509  
3.871804573  
8.819368417  
9.700453579  
7.113337078  
1.346843077  
-7.824382274  
-20.60698849  
-36.25551443  
-52.36864089  
-64.98847471  
-69.68837849  
-63.29994276  
-45.52889971  
-19.65548757  
8.137914514  
30.67044341  
42.18744744  
40.32687252  
26.82212304  
6.671926934  
-13.83288181  
-29.36441557  
-37.16012911  
-37.38708849  
-32.27884574  
-24.60523884  
-16.28717597  
-7.809956759  
1.375652416  
11.80508636  
22.97139475  
32.94780412  
38.92730861  
38.44202214  
30.64905753  
17.00992947  
0.978489733  
-13.20226398  
-22.05687453  
-24.08056814  
-20.0626482  
-12.43788669  
-4.041061241  
3.095747235  
8.327099949  
12.13616441  
15.2633905  
17.76989635  
18.60565217  
15.97037722  
8.318087651  
-4.509692888  
-20.63977546  
-36.41682882  
-47.52511608  
-50.53617154  
-44.22017467  
-30.05651998  
-11.73690227  
6.106356802  
19.40202243  
25.78275162  
25.00023267  
18.60113979  
9.15785258  
-0.5406572938  
-8.042366965  
-11.4754286  
-9.637014492  
-2.139851539  
10.3001105  
25.57176041  
40.17115898  
49.76945663  
50.38118248  
39.82596339  
18.912492  
-8.245808507  
-35.09868311  
-54.54824923  
-61.23398076  
-53.35804502  
-33.32764201  
-6.943330813  
18.55962008  
36.85871931  
44.4009485  
41.13616429  
29.98939154  
15.44021554  
1.871542804  
-7.67489312  
-11.99441427  
-11.51035127  
-7.683637082  
-2.414208372  
2.35603087  
4.868615857  
3.784994207  
-1.422778298  
-9.985081311  
-19.53437385  
-26.35018438  
-26.33922936  
-16.57371409  
3.173321376  
29.63178038  
56.53479278  
76.46621383  
83.47911604  
75.46275443  
55.21460662  
29.63879594  
7.269064541  
-4.938264037  
-4.227289355  
7.026954668  
22.4809596  
34.57316521  
37.66562886  
30.22156946  
15.11298805  
-1.993691682  
-15.36565404  
-21.76358574  
-21.67888211  
-18.74871365  
-17.71323742  
-21.94316409  
-31.72303356  
-44.0711023  
-54.12103881  
-57.3566839  
-51.6266553  
-38.02690856  
-20.32485971  
-3.302203642  
9.128844678  
15.15256497  
15.14081301  
10.74075519  
3.587881856  
-5.592603112  
-17.01244229  
-31.01985184  
-47.00446894  
-62.72516335  
-74.56477567  
-78.71623053  
-72.78534164  
-57.03090952  
-34.59656341  
-10.55745089  
9.827902201  
22.89080047  
27.58087452  
25.35451058  
19.08473311  
11.60840868  
4.652156048  
-1.37928493  
-6.766117543  
-11.47191345  
-14.45496509  
-13.78470066  
-7.587710865  
4.650656216  
21.16608449  
37.98564273  
50.13119949  
53.51936436  
46.7239622  
31.76266153  
13.47711733  
-2.289322712  
-10.9516592  
-10.90217553  
-3.945898681  
5.709743408  
13.42405494  
16.14879739  
13.61471898  
8.198670444  
3.608428145  
3.048403146  
7.726074341  
16.3487127  
25.76895741  
32.40666905  
33.7566147  
29.31723216  
20.60367923  
10.3572421  
1.406689581  
-4.277841615  
-5.981829951  
-4.068717233  
0.5115092484  
6.667163759  
13.32611149  
19.32744152  
23.27551619  
23.63860243  
19.21956962  
9.855813406  
-3.021095913  
-16.37189752  
-26.28507876  
-29.30595218  
-23.8647049  
-11.17239817  
4.888940959  
18.95461642  
26.04499803  
23.39135244  
11.4814544  
-6.108111  
-24.02684113  
-37.07733097  
-41.98472155  
-38.33693069  
-28.39946725  
-15.98475744  
-4.919215478  
2.247331647  
4.828607809  
3.780941622  
0.9246507535  
-1.951167881  
-3.699023515  
-3.955096118  
-2.8970653  
-0.8754042542  
1.820160496  
4.943346131  
8.105933335  
10.63340494  
11.65506863  
10.46951282  
7.029832396  
2.267394765  
-1.999956494  
-3.647368662  
-1.133610302  
5.667200774  
15.0919532  
24.01072314  
28.79529031  
26.59818216  
16.45362747  
-0.2372172145  
-20.03833121  
-38.51336598  
-51.58304467  
-56.72161135  
-53.59523694  
-43.97398512  
-31.01662178  
-18.22567598  
-8.438682087  
-3.153821078  
-2.338600266  
-4.706115876  
-8.318864744  
-11.31968999  
-12.58176543  
-12.09933937  
-10.99621774  
-11.11127991  
-14.23523584  
-21.20281435  
-31.15285424  
-41.29108735  
-47.38412577  
-44.97579609  
-31.01601609  
-5.348229243  
28.56288312  
64.09315308  
93.13672856  
108.5426298  
106.490679  
87.91696865  
58.38483369  
26.35621271  
0.4324271889  
-13.44228214  
-13.78419048  
-3.72293673  
10.51036935  
22.12376939  
26.31388102  
21.84124614  
11.08817957  
-1.30210815  
-10.53592486  
-13.60478652  
-10.27205259  
-2.804868488  
5.291519012  
10.87997314  
12.40470727  
10.23894591  
6.139683656  
2.193824662  
-0.1735318532  
-0.6668570757  
0.07744317284  
1.134739782  
1.953080913  
2.635876552  
3.698333612  
5.467310502  
7.508396782  
8.463476902  
6.464510357  
-0.02397634032  
-11.32974566  
-26.10859966  
-41.5574303  
-54.25545423  
-61.28796075  
-61.17874465  
-54.25334335  
-42.32720928  
-27.91782884  
-13.37045513  
-0.2771515099  
10.62405369  
19.14511456  
25.20920479  
28.57574778  
28.8896624  
25.99702952  
20.29765571  
12.87833468  
5.296874101  
-0.9047674851  
-4.715968567  
-5.933282544  
-5.059337916  
-2.902597801  
-0.1283590402  
2.959671104  
6.270786581  
9.511838411  
11.80090763  
11.63854474  
7.394012736  
-1.831427522  
-15.3697602  
-30.66431061  
-43.76764001  
-50.5938893  
-48.46689705  
-37.29567358  
-19.80619802  
-0.6465688696  
15.31210855  
24.77041615  
27.11273851  
24.35317527  
19.96223845  
17.13923319  
17.34866649  
19.80115055  
22.09251168  
21.6434512  
17.18879418  
9.546063069  
1.261602898  
-4.691674831  
-6.495538991  
-4.514862477  
-1.201469696  
0.1352792286  
-2.88589832  
-10.27172862  
-19.3176581  
-25.63635005  
-25.13970259  
-16.07031357  
-0.1072962543  
18.03258534  
32.39051588  
38.19664549  
33.86470992  
21.66046216  
6.74718568  
-4.962589663  
-9.197013371  
-4.923919782  
5.486160913  
17.51305879  
26.51215761  
29.56800258  
26.38496495  
18.92772427  
10.12703491  
2.375320449  
-3.435259382  
-7.917976208  
-12.34889976  
-17.51902899  
-22.95719136  
-26.97675378  
-27.5416178  
-23.49855963  
-15.50623369  
-6.12127789  
1.091360707  
3.070709412  
-1.283963932  
-10.3982527  
-20.42129127  
-26.61975425  
-25.21237597  
-14.89744072  
2.540814883  
22.77618913  
40.40170063  
50.73299394  
51.2895738  
42.4598677  
27.19491248  
9.925049545  
-4.872652663  
-13.97836351  
-16.23784902  
-12.70547402  
-6.154453567  
-0.1353128889  
2.152279957  
-1.116107603  
-9.742330043  
-21.44233932  
-32.4486779  
-38.67794581  
-37.15599835  
-27.24119281  
-11.16620686  
6.411361315  
19.8281175  
24.39319871  
18.22845299  
3.232462403  
-15.30921324  
-30.45082707  
-36.09230656  
-29.34054288  
-11.78682915  
10.8699968  
30.7983772  
40.90981685  
37.5508795  
21.95890271  
-0.1132197018  
-20.49320631  
-31.62241579  
-29.37067413  
-14.56046199  
7.370792403  
28.4208339  
40.98362654  
40.58950595  
27.40565505  
5.97873452  
-16.61580637  
-33.45722921  
-40.25222018  
-36.67825888  
-26.14949089  
-14.17807781  
