85.60071192  
96.73031268  
91.63177601  
69.21605763  
33.92150044  
-5.115397502  
-37.08116744  
-53.55982828  
-51.88828075  
-36.21771399  
-15.68754333  
-0.4452006595  
2.724345822  
-6.82728422  
-23.69866708  
-39.31440384  
-46.20394596  
-41.63759418  
-28.89554595  
-15.58914047  
-9.870909757  
-16.37188394  
-33.81432731  
-55.42718293  
-71.94270433  
-75.74167604  
-64.20916798  
-40.78862743  
-13.34083677  
9.330824034  
21.13803848  
20.92221487  
12.37533328  
1.927667502  
-4.248578547  
-2.704003666  
6.345847812  
19.75161487  
33.19155023  
42.96002023  
46.9816309  
44.83157545  
37.13654235  
24.99620712  
9.881594882  
-6.017074332  
-19.4713206  
-26.5167189  
-23.63994914  
-9.516811325  
13.54718528  
39.4136375  
59.63191393  
66.3498894  
55.50186631  
28.84629873  
-6.206263285  
-39.10822069  
-60.09976306  
-63.9180509  
-51.7021738  
-30.27756264  
-9.160874238  
3.371507559  
3.436482529  
-7.376374301  
-23.29770492  
-37.25791884  
-43.91613808  
-41.46854233  
-31.5813783  
-17.76740225  
-3.254151988  
10.46763293  
23.72055819  
37.47171432  
51.75527574  
64.73368241  
73.05510793  
73.40205623  
64.40752794  
47.84324137  
28.31610919  
11.47818776  
1.563272734  
-0.5277015741  
2.413959664  
5.354610422  
3.619051569  
-4.624721298  
-17.24862934  
-29.02120254  
-34.07891044  
-28.84587704  
-13.98859252  
5.568789973  
22.62712756  
30.80512924  
27.33279349  
14.28289531  
-2.286472926  
-14.84655172  
-17.41301055  
-7.745273168  
12.13373256  
37.14534821  
61.36648211  
80.15473453  
91.28003273  
94.750252  
91.69790587  
83.11436064  
69.18599454  
49.56024408  
24.29815079  
-5.132084632  
-35.49191274  
-62.36531515  
-81.51014219  
-90.35477614  
-88.93451215  
-79.83081317  
-67.15841227  
-55.08485436  
-46.54373853  
-42.64399758  
-42.88660905  
-45.89750928  
-50.18381387  
-54.5107157  
-57.806543  
-58.83968107  
-56.0720541  
-47.98424314  
-33.84422943  
-14.54721725  
7.005789781  
26.38180429  
38.93817487  
41.5342281  
33.89741702  
18.97509713  
2.009075915  
-11.36562891  
-17.23362139  
-14.8316228  
-6.683861985  
2.613908266  
8.424200276  
8.024015776  
1.651104574  
-7.773060687  
-16.06100355  
-19.64245385  
-17.06517202  
-9.480853275  
0.03102419154  
7.9229648  
11.7207018  
10.95589229  
7.121982546  
2.753470036  
0.1197371115  
0.1652272775  
2.17242656  
4.258792032  
4.425418779  
1.632398496  
-3.611737524  
-9.415419444  
-13.33506844  
-13.48016658  
-9.384816276  
-2.251517258  
5.539763067  
11.43846643  
13.80145936  
12.57054845  
9.254164512  
6.222116695  
5.622812042  
8.399454106  
13.84676126  
19.91853548  
24.16980064  
24.92663378  
22.15520348  
17.60809659  
14.1280941  
14.36769292  
19.47148468  
28.33290534  
37.82893748  
44.02296178  
43.8823446  
36.77581374  
25.04479509  
13.29459407  
6.595852625  
8.293083143  
18.35229813  
33.01685237  
46.02330305  
50.96531324  
43.87274084  
24.93392534  
-1.388135902  
-27.93560855  
-47.50685768  
-55.4990855  
-51.47167867  
-39.03008476  
-24.15337389  
-12.73858759  
-8.426496696  
-11.58308173  
-19.74453009  
-29.16327247  
-36.63267188  
-40.72089573  
-41.91110214  
-41.72481938  
-41.40823677  
-40.93965509  
-38.90149286  
-33.27331558  
-22.70445702  
-7.568296105  
9.787991907  
25.77044232  
36.91668468  
41.27191664  
39.11493769  
32.71225482  
25.25326099  
19.49812877  
16.76877677  
16.69934738  
17.75926678  
18.19192478  
16.85662172  
13.58851584  
9.003852461  
3.992904254  
-0.7201109017  
-4.678213021  
-7.453018981  
-8.330894646  
-6.270306848  
-0.3200428938  
9.631017826  
22.18871117  
34.35812439  
42.28216103  
42.65011077  
34.20453859  
18.61096633  
0.1641188766  
-15.68856947  
-24.45162553  
-24.40874163  
-17.33497223  
-7.730884089  
-0.8901623646  
-0.6546276605  
-7.861579316  
-20.16063266  
-33.22912406  
-42.76265058  
-46.27428988  
-43.87441088  
-37.73757746  
-30.62912432  
-24.32000905  
-18.74059249  
-12.31044761  
-3.245501071  
8.881086917  
22.19980266  
32.80111806  
36.16314194  
29.13212883  
11.54176037  
-13.29810292  
-39.50476328  
-60.55976367  
-71.48395634  
-70.38924594  
-58.85762876  
-41.11216169  
-22.41383134  
-7.34466906  
1.437504368  
3.66885358  
1.194255882  
-2.838522594  
-5.012471448  
-2.662428279  
5.292695786  
17.86515375  
32.03408297  
43.43646616  
47.68773787  
42.02875053  
26.72330461  
5.540648086  
-15.11632265  
-28.34997097  
-29.46225916  
-18.07927163  
1.35476894  
21.16858153  
33.66210411  
34.59614542  
25.35354086  
12.60652314  
5.407040762  
10.85724204  
30.31911029  
58.04404543  
83.10027268  
93.96283398  
83.80221103  
54.02724488  
14.29653465  
-21.23512397  
-39.91447805  
-36.18684237  
-14.21493559  
13.77828349  
32.81245907  
31.78227311  
8.452863571  
-29.4348305  
-67.44916122  
-90.6588066  
-89.95272422  
-65.70834225  
-27.29024449  
11.21807138  
36.9837173  
43.38604373  
31.89489504  
10.34120419  
-11.2600003  
-25.16399054  
-28.5643657  
-23.50123781  
-14.50331685  
-5.535994912  
2.001972065  
9.25593372  
18.12807038  
29.00271455  
39.5118516  
45.22934005  
42.02521766  
28.78410691  
8.873135137  
-10.66835092  
-22.04840952  
-20.40888483  
-6.421789966  
13.6157455  
30.39346324  
35.75340307  
26.43691936  
5.600190154  
-18.64747315  
-36.97977305  
-43.05695593  
-36.18727148  
-21.22628049  
-5.875607142  
3.18924666  
3.408757328  
-2.837619239  
-9.958800987  
-12.41105422  
-7.728797782  
2.243428972  
12.49576565  
17.68675885  
15.10422224  
6.159072476  
-4.37615051  
-10.95867206  
-10.29961773  
-3.195731902  
5.821447402  
10.85438831  
7.794085477  
-3.396102662  
-18.47943974  
-30.96899714  
-35.36666778  
-29.98082845  
-17.89298749  
-5.575727532  
0.1602986035  
-4.606227251  
-19.06219777  
-38.04085123  
-54.36780133  
-61.97976875  
-58.32200334  
-44.97897682  
-26.42592835  
-7.709290388  
7.696409882  
18.83806952  
26.758871  
33.03571633  
38.37122009  
42.10335513  
42.87934616  
40.00747034  
34.567681  
29.47544821  
28.28811899  
33.28882388  
43.8603247  
56.09903872  
64.03260808  
61.99726218  
47.12247581  
20.77940901  
-11.67621758  
-42.74211911  
-65.35367454  
-75.10100617  
-71.23357006  
-56.24753219  
-34.51367833  
-10.74637799  
11.0066026  
27.63751168  
36.80621912  
36.85213411  
27.15966893  
8.898002087  
-14.38434892  
-36.95963291  
-52.25612666  
-55.0553897  
-43.69073001  
-21.17769627  
5.448985961  
27.54143587  
38.09319111  
34.46793493  
19.38308398  
-0.3224011188  
-16.6061629  
-23.52896706  
-19.49158117  
-7.471085731  
6.720003876  
17.21777839  
20.5761596  
16.81467667  
8.715778766  
-0.06838200713  
-6.992889982  
-11.63194311  
-15.28280035  
-19.52773631  
-24.69325595  
-29.17943742  
-30.11762965  
-25.04014912  
-13.63412293  
1.455995703  
15.35139143  
22.96596707  
21.40284214  
11.53433807  
-2.072433038  
-12.93858721  
-15.39633069  
-7.02594207  
10.28481202  
31.10121  
48.63261132  
57.34761306  
54.89488341  
42.61544557  
24.62216713  
6.040432572  
-8.736688348  
-17.10234798  
-18.38718319  
-13.36398466  
-3.590770963  
9.021006782  
22.33320003  
34.01532413  
41.78028377  
43.93539786  
40.05356328  
31.34738243  
20.37506386  
10.0315474  
2.214297517  
-3.159741566  
-8.176946911  
-15.81572395  
-28.13137747  
-44.61931513  
-61.66843021  
-73.56079727  
-74.72870657  
-62.31175595  
-37.81983151  
-7.051143372  
21.80453764  
41.10184534  
46.45039211  
38.04807009  
20.14829242  
-0.9510581942  
-19.35800936  
-31.3357596  
-35.68734231  
-32.89823036  
-23.82016412  
-8.855946667  
11.79143649  
36.98353213  
63.45871687  
