36.95185162  
45.58846806  
49.02358204  
44.6066751  
32.12494321  
14.24524805  
-4.35886524  
-18.85548215  
-26.23732111  
-26.5025594  
-22.4618021  
-18.25433335  
-17.28129267  
-20.54818382  
-26.21308042  
-30.55284595  
-29.87434221  
-22.44451203  
-9.510219821  
5.077595857  
16.45324277  
20.79074592  
16.87926951  
6.53162101  
-6.295476355  
-17.19789701  
-23.03207021  
-22.89696064  
-18.06062126  
-11.02471993  
-4.292821776  
0.5414957134  
3.034270529  
3.516190321  
2.48341413  
0.2016356438  
-3.234767852  
-7.487764768  
-11.56961439  
-13.83850468  
-12.55564254  
-6.800634613  
2.73825821  
13.60451355  
22.27668998  
25.52606047  
21.84126743  
12.22787849  
-0.06330349256  
-10.8323307  
-16.70263393  
-16.56599225  
-12.02256878  
-6.597380939  
-4.086270195  
-6.79263053  
-14.46131168  
-24.38021523  
-32.56905561  
-35.47903102  
-31.4223037  
-21.12206224  
-7.221886894  
6.916802631  
18.50776119  
26.13778581  
29.80199093  
30.32598727  
28.61543703  
25.19447902  
20.25694834  
14.10513362  
7.599291968  
2.227402742  
-0.3600374918  
0.8400982902  
5.475390054  
11.68894781  
16.72913205  
18.11870442  
14.8540792  
8.029365395  
0.5147759752  
-4.239800933  
-3.770847546  
2.174973721  
11.34253195  
19.76792694  
23.3516226  
19.53104758  
8.3405232  
-7.570926612  
-23.93144543  
-36.39353464  
-41.98857336  
-39.94345417  
-31.63801889  
-19.85589748  
-7.7300789  
2.183590126  
8.432131681  
10.75400275  
9.872432025  
7.179997723  
4.423629862  
3.386973804  
5.514915927  
11.47645946  
20.7807244  
31.65253196  
41.34979878  
46.94169382  
46.3297334  
39.11222083  
26.88310663  
12.75644205  
0.2443803371  
-8.069978389  
-11.49374606  
-11.3849001  
-10.42994218  
-11.36138968  
-15.70002977  
-23.09212614  
-31.52560517  
-38.2878762  
-41.1820553  
-39.41621351  
-33.76968888  
-26.02066623  
-17.9905572  
-10.73549  
-4.303849383  
1.852034888  
8.094093925  
13.94335032  
17.98341874  
18.44638868  
14.21207585  
5.689131197  
-4.941530281  
-14.34598488  
-19.31085404  
-18.11027577  
-11.31743493  
-1.644787374  
7.157501038  
11.86993449  
11.13823591  
5.97685291  
-0.7713644081  
-5.752715409  
-6.585363263  
-2.842535709  
3.87153774  
10.72937977  
14.95099374  
14.94081758  
10.80595307  
4.098301274  
-3.006077261  
-8.645237507  
-11.88586929  
-12.79265398  
-12.03069583  
-10.30544182  
-7.983274912  
-5.085490673  
-1.603910597  
2.112971444  
5.198376579  
6.494589264  
5.102065202  
0.9768125445  
-4.76168412  
-10.03651103  
-12.51785173  
-10.56236345  
-3.989241853  
5.658865091  
15.51582552  
22.32491931  
23.55887681  
18.30837816  
7.618390509  
-5.831624671  
-18.56656805  
-27.36553794  
-30.17033918  
-26.58145419  
-17.8305509  
-6.291906719  
5.276964615  
14.52073338  
20.07552082  
21.81701607  
20.72852052  
18.4560845  
16.70138219  
16.64366309  
18.56912165  
21.81804496  
25.05564977  
26.76293549  
25.76990349  
21.64461013  
14.81239999  
6.387039521  
-2.197569161  
-9.60382447  
-14.91005804  
-17.75308123  
-18.29816089  
-17.10279608  
-14.95056898  
-12.69704114  
-11.12265774  
-10.76780768  
-11.75160289  
-13.63257312  
-15.4131501  
-15.77457082  
-13.5397499  
-8.230207062  
-0.4788857838  
7.944133679  
14.60985092  
17.30853999  
15.00494923  
8.445905556  
0.08508549153  
-6.743367871  
-9.131059946  
-5.85512909  
1.972325097  
11.20707417  
17.86973343  
18.77329524  
12.89632663  
1.894797874  
-10.49859387  
-19.95522245  
-23.2874149  
-19.6969465  
-11.00456342  
-0.7811061617  
7.213668178  
10.58184681  
9.150946533  
4.804819124  
0.4162549602  
-1.582709206  
-0.3145901381  
3.245650599  
6.885294146  
8.344359886  
6.484575222  
1.870988809  
-3.503459145  
-7.203976213  
-7.568718112  
-4.56900374  
0.09691817079  
3.727940807  
3.839640223  
-0.6663901874  
-8.903163675  
-18.23687343  
-25.27084242  
-27.17156184  
-22.80121809  
-13.2093977  
-1.300387911  
9.187267954  
14.99805602  
14.4882092  
8.166805352  
-1.526552064  
-11.10823211  
-17.27468708  
-18.02823213  
-13.31205651  
-4.938123839  
4.156167023  
11.04434492  
13.91395125  
12.71399565  
9.090613016  
5.628793722  
4.701787794  
7.405288033  
13.03854159  
19.37880205  
23.65606577  
23.8155543  
19.50074029  
12.28734985  
5.020497455  
0.5207410373  
0.2396528982  
3.50472934  
7.750461399  
9.683063032  
6.874453406  
-0.9561366934  
-11.60789676  
-21.22843907  
-25.97947891  
-23.79351209  
-15.39790883  
-4.093485355  
5.656899162  
10.21141318  
8.399117262  
2.064615747  
-4.762878842  
-7.709179453  
-4.064392696  
5.958262099  
19.28263699  
31.30079327  
37.83987145  
36.85065474  
29.06421765  
17.3755776  
5.325266762  
-4.538360929  
-11.61795617  
-17.12495158  
-22.98619078  
-30.42546782  
-38.99079022  
-46.54606195  
-50.23282468  
-47.90186208  
-39.2722035  
-26.21901285  
-12.04078366  
-0.07790189773  
7.622596833  
10.93951929  
11.32785105  
10.72386076  
10.32667213  
9.931334049  
8.180520393  
3.59566027  
-4.191408921  
-13.7225314  
-21.98425312  
-25.62738005  
-22.58096257  
-13.25284925  
-0.659393186  
10.67999728  
16.64703551  
15.37671094  
8.190072  
-0.8623089291  
-6.686364746  
-5.333750537  
4.266673545  
19.79330832  
36.44426377  
48.8604652  
53.21556801  
48.59182754  
37.11410645  
22.8765213  
10.20576066  
2.036805671  
-0.9490585047  
-0.1688208533  
1.828753182  
2.620749229  
0.8945729608  
-3.195618099  
-8.324726374  
-12.68784134  
-14.72000349  
-13.55994601  
-9.167359746  
-2.187217416  
6.267040436  
14.78858534  
21.80519968  
25.74763266  
25.34486145  
20.03346204  
10.3356501  
-2.013074473  
-14.35579625  
-23.82531304  
-28.26420293  
-27.00188547  
-21.14993603  
-13.25326675  
-6.40246407  
-3.146682407  
-4.63560843  
-10.31925646  
-18.29134661  
-26.09093133  
-31.60031077  
-33.67288517  
-32.28045014  
-28.20332954  
-22.48252759  
-15.92400915  
-8.872691614  
-1.308742283  
6.845533669  
15.40555036  
23.7619666  
30.94229373  
35.84422237  
37.52089278  
35.40750866  
29.4413253  
20.09294602  
8.350068165  
-4.333992863  
-16.16447493  
-25.26086634  
-30.06014642  
-29.78724075  
-24.81515229  
-16.70975784  
-7.839084813  
-0.6085088773  
3.417982028  
4.139119794  
2.963517228  
2.188598336  
3.920176397  
8.985947414  
16.35140534  
23.36471099  
26.79999076  
24.29269211  
15.54249842  
2.715449728  
-10.20063028  
-18.87812629  
-20.3743884  
-14.36985118  
-3.374187119  
8.21416294  
15.82153508  
16.4828357  
9.966069133  
-1.204895866  
-12.80428434  
-20.56846824  
-21.77768084  
-16.13993211  
-5.688940165  
6.170424792  
16.00924363  
21.55084532  
22.25458504  
19.18067495  
14.31252634  
9.692676561  
6.727602082  
5.870501171  
6.692968932  
8.207796428  
9.260240233  
8.855351335  
6.376419656  
1.71130743  
-4.692021285  
-11.85575828  
-18.4325773  
-23.02096382  
-24.58645939  
-22.851359  
-18.47392695  
-12.88952391  
-7.823851013  
-4.652228856  
-3.879889041  
-4.991132757  
-6.755815314  
-7.86079597  
-7.56332973  
-6.037836032  
-4.232757439  
-3.304852457  
-3.926738613  
-5.845426029  
-7.950819879  
-8.844752484  
-7.620449427  
-4.421969055  
-0.4416380716  
2.699109493  
3.895605941  
3.32443479  
2.559090448  
3.871556244  
8.982186486  
17.8565742  
28.2062302  
36.07117789  
37.35719353  
29.70670636  
13.84862145  
-6.26338622  
-24.70312751  
-35.76249556  
-36.17192606  
-26.38963741  
-10.38683552  
5.983432851  
17.31888035  
20.68807498  
16.49170971  
7.871547985  
-0.9561823103  
-6.59927635  
-7.730204721  
-5.163007425  
-0.8707500477  
3.425549789  
7.286916282  
11.64479262  
17.92791623  
26.75141438  
