66.77262594  
63.0954018  
48.10653554  
24.93308297  
-1.102109029  
-24.29070503  
-40.37656321  
-47.72023331  
-47.39584276  
-42.28382982  
-35.63242243  
-29.74500122  
-25.33767439  
-21.76282024  
-17.87761869  
-13.04629424  
-7.732539634  
-3.371979932  
-1.595255655  
-3.213185228  
-7.50933479  
-12.24732581  
-14.45588524  
-11.67107166  
-3.077685371  
9.982547151  
24.39077655  
36.37278994  
42.88348843  
42.66272286  
36.53080115  
26.84272198  
16.39569075  
7.308704583  
0.3697625658  
-4.904795902  
-9.601799221  
-14.51537648  
-19.48680461  
-23.3006342  
-24.17252172  
-20.58010223  
-12.03978871  
0.5215182379  
14.94566363  
28.46739158  
38.49972168  
43.27019538  
42.11325286  
35.40769446  
24.2975613  
10.38026912  
-4.519121152  
-18.4872962  
-29.6666915  
-36.49942435  
-38.08129821  
-34.51516157  
-27.07539202  
-18.0197357  
-10.01410751  
-5.313807296  
-4.983147934  
-8.460478813  
-13.66618808  
-17.65034899  
-17.57019833  
-11.66474644  
0.1002661387  
15.91768414  
32.57084347  
46.26018909  
53.57833981  
52.37980838  
42.34919848  
25.1553843  
4.160009569  
-16.27967119  
-31.80160987  
-39.13232089  
-37.02151212  
-26.73221105  
-11.86482351  
2.540648301  
11.44337531  
11.37823284  
1.655475632  
-15.26005804  
-34.38242842  
-49.69187055  
-56.00143058  
-50.57932239  
-33.9863407  
-9.872692925  
16.1508599  
38.14597896  
51.43629591  
53.69146392  
45.27964551  
28.92999753  
8.932020567  
-9.853901941  
-22.96587902  
-27.18332513  
-21.19152885  
-5.995852419  
15.04818155  
36.74344065  
53.16145904  
59.20720747  
52.23824124  
33.1764133  
6.598277395  
-20.41345887  
-40.41666196  
-48.07483619  
-42.04501065  
-25.52764732  
-5.184896087  
11.24028132  
17.73971944  
12.22272945  
-2.778367533  
-21.15316212  
-35.59476945  
-40.38376325  
-33.49771565  
-17.25911336  
2.67479267  
19.53056658  
27.95602356  
25.9143125  
15.27206294  
0.94630892  
-10.99035104  
-15.50623278  
-10.32678946  
3.375007717  
21.46426062  
38.25865902  
48.35724862  
48.29367514  
37.53216636  
18.556105  
-3.927544193  
-24.40028093  
-38.13281132  
-42.50348839  
-37.64844761  
-26.25566125  
-12.57984134  
-1.009636278  
5.325249758  
5.42948068  
0.5108896532  
-6.739428376  
-13.33082682  
-17.11890824  
-17.44823884  
-15.06728426  
-11.43051153  
-7.783678778  
-4.515281436  
-1.103201648  
3.335028554  
9.209146948  
15.82763699  
21.37243607  
23.56746882  
20.75637809  
12.85716898  
1.680114265  
-9.615786674  
-17.72811855  
-20.53284219  
-17.89438635  
-11.5692524  
-4.252664081  
1.750693855  
5.553642135  
7.885293823  
10.36697041  
14.26752142  
19.44050612  
24.08195  
25.53225618  
21.78073033  
12.90560061  
1.63170112  
-7.434613709  
-9.691911368  
-2.753677591  
12.06176154  
29.75434621  
43.31663206  
46.43687144  
36.10030152  
13.95561062  
-14.17023429  
-40.41922204  
-57.80029134  
-62.61837135  
-55.45892747  
-40.4230215  
-23.08505319  
-8.166103261  
2.04696548  
7.943299187  
11.57240455  
15.03075104  
19.12130308  
22.92584016  
24.40620526  
21.6165484  
13.83499997  
2.02934186  
-11.52648296  
-24.20328506  
-33.97783567  
-39.90009696  
-41.89366102  
-40.12897571  
-34.46114271  
-24.37258801  
-9.532674343  
9.329383291  
29.80343635  
47.93782389  
59.28251894  
60.48832403  
50.76018067  
32.4480035  
10.41348118  
-9.627181613  
-23.09571071  
-28.02299514  
-25.3886131  
-18.25711904  
-10.20216209  
-3.812755524  
0.02909291058  
1.860508699  
2.653272474  
2.806048933  
1.760713857  
-1.505305914  
-7.407334949  
-14.7939926  
-20.80149909  
-21.81820335  
-15.23369704  
-1.136010155  
16.98800026  
33.10460152  
40.86560053  
36.33271996  
19.96431451  
-3.13031003  
-24.93091869  
-37.59870677  
-36.62896732  
-22.69489727  
-1.362509133  
19.21011618  
31.58738014  
31.94805332  
21.336365  
4.81570852  
-10.98613964  
-20.76341411  
-22.55036193  
-18.04977811  
-11.28052939  
-6.329834851  
-5.354931905  
-7.770783538  
-10.9139088  
-11.72365403  
-8.50203079  
-1.825985798  
5.833873746  
11.54481107  
13.60447829  
12.57481388  
11.08125466  
12.43972823  
18.7837353  
29.64002646  
41.70697488  
50.02018243  
50.02243165  
39.61260397  
20.24000796  
-3.462239223  
-25.35400474  
-40.04773168  
-44.78766346  
-40.18978229  
-29.61573436  
-17.55799097  
-7.811397757  
-2.229289675  
-0.5241751128  
-1.051074843  
-2.062805687  
-2.752777717  
-3.568693373  
-5.689013107  
-9.995140629  
-16.13093166  
-22.19840785  
-25.32095196  
-22.86992391  
-13.80525194  
0.5112850723  
16.46453694  
29.31781057  
34.91312908  
31.2597488  
19.35256237  
2.865889062  
-13.17536423  
-24.22619302  
-27.82668225  
-24.34686511  
-16.58844158  
-8.427617598  
-3.074789714  
-1.681309412  
-2.878263817  
-3.445540943  
0.162509176  
10.07063095  
25.75538084  
43.87545486  
59.27213694  
