19.26522448  
-16.06949015  
-47.77846309  
-67.6005565  
-70.56824462  
-56.47535483  
-29.78574636  
1.933098161  
30.47406261  
49.51322551  
56.38982958  
52.62336364  
43.0610194  
33.96549783  
30.66249529  
35.50567637  
46.84366534  
59.39707942  
66.0178694  
60.32118572  
39.30519823  
4.969316058  
-35.79485938  
-73.17666989  
-97.68646804  
-103.4896747  
-90.51074604  
-64.38546578  
-34.18208142  
-8.759941514  
6.726623682  
12.66502968  
14.32032675  
18.92329325  
31.7966665  
53.29621365  
78.03628954  
96.86905607  
100.8317638  
85.33972401  
52.72907048  
11.94147968  
-24.60739267  
-45.69139164  
-45.51339995  
-25.76895107  
5.246685299  
35.98854802  
55.9685543  
59.23503562  
45.75966998  
20.49070051  
-9.15125117  
-36.02482807  
-55.10533584  
-63.93063386  
-61.98413227  
-49.83710315  
-28.81116666  
-1.386659495  
28.08051891  
53.15559583  
66.30489927  
61.10079945  
34.91405863  
-9.130836488  
-62.05331985  
-111.1746354  
-143.9425912  
-152.0246451  
-134.0562344  
-95.9436341  
-48.62745924  
-4.258273856  
27.66045046  
42.7057691  
41.80625177  
29.59134787  
11.82717222  
-6.82442424  
-23.8499503  
-38.57374457  
-51.01273238  
-60.73264033  
-66.37863255  
-66.06539279  
-58.29440569  
-42.80804072  
-20.90119767  
4.916923432  
31.63184917  
56.36367396  
76.64252997  
90.36143828  
95.73835887  
91.64740429  
78.39855497  
58.61136552  
37.52606981  
22.16524104  
19.24779438  
32.45717414  
60.20924747  
95.10932585  
125.716506  
140.2461956  
130.8858656  
96.95659753  
45.49785852  
-11.11310914  
-59.61460947  
-90.55840467  
-101.2921719  
-96.02197312  
-83.06620285  
-70.66909225  
-63.35424367  
-60.47148735  
-57.48690752  
-49.22203417  
-33.31239879  
-12.08345626  
8.142702827  
19.99635205  
18.80768308  
5.270739259  
-14.35899523  
-30.73601067  
-35.48426662  
-24.99232687  
-2.202574661  
24.42498392  
44.30308229  
48.95480935  
35.27375009  
6.504235302  
-29.28830788  
-62.39710548  
-84.83516267  
-92.52804007  
-85.69722549  
-67.69550192  
-43.18646411  
-16.64117856  
8.306285875  
28.75236195  
42.23844204  
46.88410545  
42.12475397  
29.66518885  
13.89565386  
1.121379514  
-2.469991682  
6.572288184  
26.94678204  
52.32495957  
73.28114928  
80.87929901  
70.49683217  
44.19083706  
10.41933394  
-18.96308429  
-33.2987299  
-27.41235214  
-3.756673263  
28.5255021  
57.24305112  
71.96067326  
67.94449182  
47.64283463  
19.20197574  
-7.195199277  
-23.49299312  
-26.64613372  
-19.12364741  
-7.05885731  
2.898055636  
6.491689597  
3.262966953  
-4.01373306  
-11.35248234  
-15.89193842  
-17.36025066  
-18.01229091  
-21.18787562  
-29.30917389  
-42.35654672  
-57.55964016  
-70.39993769  
-76.38288248  
-72.71394943  
-59.14084193  
-37.7017449  
-11.67815069  
15.60198037  
41.49384881  
64.03909603  
81.45771727  
91.65797133  
92.27710072  
81.42669968  
58.84468418  
26.82320459  
-9.718354599  
-44.2798717  
-70.65906038  
-84.91190714  
-86.52555947  
-78.24423779  
-64.59727288  
-49.80034291  
-36.02354358  
-22.87020692  
-8.335641427  
9.222334728  
29.11705476  
47.4656916  
58.0590982  
54.80114516  
34.75407809  
0.4172475946  
-39.9422468  
-74.34524356  
-90.98013676  
-82.51741743  
-49.17661469  
0.7464274543  
53.24750604  
93.12203921  
109.0175242  
97.20340536  
62.70358045  
17.41688584  
-24.03879637  
-49.22332258  
-51.77123386  
-32.99505584  
-0.7990104032  
33.51016898  
59.2300435  
69.62930787  
63.59039239  
45.17204603  
21.51801045  
0.06765584249  
-13.86163589  
-18.34751668  
-14.75955701  
-6.589720233  
2.142020352  
8.242219468  
10.03991234  
7.36886592  
1.090646843  
-7.46547611  
-16.85600013  
-25.59905577  
-32.12039142  
-34.81123987  
-32.36542918  
-24.35974055  
-11.8282596  
2.520423102  
14.71149751  
20.55707666  
17.06786333  
3.712859837  
-17.00251532  
-39.96126806  
-58.81546172  
-67.89797534  
-64.01445771  
-47.48281273  
-22.05809262  
6.21886167  
30.82858765  
46.60932443  
51.0334408  
44.58362385  
30.23401578  
12.33783132  
-4.637352093  
-17.13172945  
-23.05821616  
-21.90589494  
-14.52308219  
-2.755150925  
10.94840285  
23.93075148  
33.75145399  
38.63718867  
37.88565365  
32.08498648  
23.01011624  
13.1530811  
4.991851137  
0.2380408345  
-0.6542148483  
1.479412866  
4.953584997  
7.956363541  
9.24375471  
8.511548651  
6.306151573  
3.554443753  
0.9712789053  
-1.348338264  
-3.946602073  
-7.625883228  
-12.8760643  
-19.40391451  
-26.01634308  
-30.93384183  
-32.40517892  
-29.34930529  
-21.74331197  
-10.60274911  
2.407564313  
15.52809176  
27.36566259  
37.07482085  
44.23026601  
48.52155377  
49.48010126  
46.41914703  
38.64416142  
25.84902862  
8.516950371  
-11.86174862  
-32.86559676  
-51.5122279  
-64.82517604  
-70.45955864  
-67.25143212  
-55.58966027  
-37.53507204  
-16.62471701  
2.676219372  
15.85838713  
19.46314466  
12.13826721  
-4.683532032  
-26.80084336  
-48.10345752  
-62.15028361  
-64.0436623  
-52.00181477  
-28.06202351  
2.390298627  
32.16787521  
54.41297087  
64.6046916  
61.78297319  
48.62082981  
30.39556549  
13.2749691  
2.516212564  
1.119439333  
9.24336467  
24.40505623  
42.26713971  
57.73722416  
66.13585181  
64.26448933  
51.24194188  
28.9564676  
1.948827604  
-23.4233847  
-40.52071786  
-44.36552357  
-33.43022969  
-10.59262405  
17.25878118  
41.05983517  
52.37122827  
46.21984501  
22.92765657  
-11.81973043  
-48.77164539  
-78.1581764  
-92.85784985  
-90.51182399  
-73.83619112  
-49.11906931  
-23.60561414  
-2.871958104  
10.79212308  
18.47361771  
23.35700055  
28.77943309  
36.51330026  
45.95791366  
54.44789345  
58.39717316  
54.70966374  
41.89672246  
20.58301436  
-6.612191765  
-35.62421941  
-61.69701454  
-80.21214384  
-87.56238916  
-82.03899266  
-64.57583653  
-39.0474943  
-11.78684129  
9.823309561  
19.44836186  
13.94805291  
-5.275954513  
-32.41111522  
-58.99381946  
-76.7567405  
-80.48809751  
-69.73486365  
-48.61906423  
-23.84128702  
-1.754137428  
14.18463603  
24.44751109  
32.54569846  
42.71568791  
57.36883625  
75.58896486  
93.42802177  
105.838136  
109.2438022  
103.4222791  
91.69858098  
79.31066709  
70.73744708  
67.33067716  
66.47080483  
62.72702216  
50.51052081  
26.96324798  
-6.307251084  
-43.48223988  
-76.65618842  
-98.82961474  
-106.395055  
-100.047593  
-83.85891771  
-63.14459793  
-42.26892942  
-23.43383961  
-6.868948298  
7.958347265  
21.02170608  
31.19171347  
36.81458288  
37.01891177  
32.8439123  
27.31645824  
24.17821763  
25.78248656  
31.27887182  
36.21886248  
34.0893448  
19.29658133  
-9.7108325  
-48.72525332  
-88.47617721  
-117.6623915  
-127.1296091  
-113.4093943  
-80.07355794  
-36.32436002  
6.518126709  
39.06018584  
56.68336594  
60.13133083  
53.8894807  
43.42379264  
32.75722685  
23.49043731  
15.46837087  
8.352100949  
2.899616513  
1.020752879  
4.493160473  
13.13579038  
23.6998856  
30.46381949  
27.6110013  
12.40340634  
-12.47935205  
-38.88032892  
-55.83914066  
-54.10816363  
-30.5796905  
9.475931317  
53.62519683  
86.68845749  
96.62752029  
79.41806851  
40.77795843  
-6.042687933  
-45.50001098  
-65.80588869  
-63.25602777  
-43.10699126  
-16.80219881  
3.091858316  
7.994871476  
-3.64121024  
-26.41735786  
-50.85606984  
-67.57006288  
-70.8693583  
-60.41641136  
-40.55451517  
-17.97402279  
1.031325518  
12.53085112  
15.55113316  
11.4519863  
2.755467507  
-7.836552261  
-17.84448853  
-24.93508147  
-26.80804201  
-21.47704552  
-8.049442984  
12.32517713  
35.93544895  
56.93991941  
68.86806528  
66.77196386  
49.21787643  
