80.70607608  
50.64038165  
18.76171093  
-6.927750904  
-22.72734029  
-29.90977456  
-32.96052141  
-36.44736271  
-42.18062294  
-48.09843047  
-49.39817729  
-41.29665988  
-21.99054233  
5.709431394  
34.94969182  
57.42030252  
66.79247166  
61.4277674  
45.11152028  
25.47339328  
10.80989522  
6.72406787  
14.03308444  
28.76959043  
44.13559351  
53.41814541  
52.53433296  
41.16509795  
22.18908421  
-0.05468494859  
-21.66113239  
-40.26126804  
-54.9290929  
-65.20807745  
-70.07201145  
-67.65294522  
-56.09273594  
-35.16282849  
-7.735090686  
19.9035981  
39.43013275  
43.26961464  
27.7150225  
-5.018548263  
-46.88577179  
-86.45657915  
-112.8823375  
-119.8152949  
-107.6511506  
-83.12374362  
-56.39335789  
-36.84214396  
-29.34562835  
-32.57366743  
-39.98419887  
-43.00770269  
-34.99333654  
-14.20589284  
15.37183537  
45.68704799  
67.91773386  
75.96847607  
68.70868816  
50.12617228  
27.50202792  
8.521641663  
-1.420614392  
-0.6946682424  
8.700760476  
22.54811824  
36.29052618  
46.53727942  
51.69692016  
51.74844552  
47.55739739  
40.25098984  
30.97042226  
20.97965542  
11.8394362  
5.313728249  
2.873920622  
4.976391242  
10.51486179  
16.84443528  
20.5238943  
18.55415085  
9.603808759  
-5.332668482  
-23.16283312  
-39.72926281  
-51.20208656  
-55.24185332  
-51.48647143  
-41.26501002  
-26.80496771  
-10.39349797  
6.118013381  
21.34793633  
34.14585991  
43.42268809  
48.30364329  
48.58139179  
45.16038976  
40.07531142  
35.84078273  
34.27317969  
35.31559231  
36.55263817  
33.88575559  
23.30762434  
3.109262769  
-24.50933331  
-53.34377113  
-74.93243893  
-81.6371263  
-69.8537168  
-41.94912064  
-5.95585553  
27.02884194  
46.79492405  
47.74828682  
30.88830586  
3.221671779  
-25.12129546  
-44.84365287  
-50.87277301  
-43.8504706  
-29.25321282  
-14.69639896  
-6.692056372  
-8.240611043  
-18.13532136  
-32.0252198  
-44.52403135  
-51.31394465  
-50.37999704  
-42.07264732  
-28.30379092  
-11.52561503  
5.925728495  
21.92357308  
34.32855691  
40.92481116  
39.86567679  
30.5801336  
14.66828182  
-3.860254419  
-19.43456637  
-26.75580284  
-22.93937695  
-8.989516068  
10.1960549  
27.48679428  
36.26983162  
33.15783917  
19.46302067  
0.7472396125  
-15.40507558  
-22.45499226  
-17.51250283  
-2.389944026  
17.27741917  
34.37977286  
43.08658674  
40.8545489  
28.9665597  
11.58649941  
-6.054460884  
-19.45716178  
-25.93913383  
-24.78781444  
-16.7616061  
-3.46474358  
12.98526164  
29.9325003  
44.09202814  
51.81137427  
49.90600406  
36.8826853  
13.99408068  
-14.52189621  
-42.37570931  
-63.13985883  
-72.42020433  
-69.34293028  
-56.65981273  
-39.388739  
-22.60064756  
-9.382871359  
0.07096075783  
7.852950637  
16.58738619  
27.49045774  
39.3032262  
48.71188309  
52.09329914  
47.70906664  
37.18820567  
25.44266297  
18.91192876  
22.86145754  
38.95243241  
64.20612896  
91.8521267  
113.683468  
122.8734588  
116.0536079  
93.87259605  
60.01551417  
19.37401371  
-23.63627292  
-65.83999432  
-104.9857787  
-138.8284367  
-164.4141232  
-178.2093583  
-177.1700703  
-160.2310933  
-129.3679201  
-89.53437716  
-47.3457691  
-9.049214688  
21.26880827  
42.38524611  
55.26743227  
61.48147029  
61.65206783  
54.92925872  
39.85805768  
16.22065898  
-13.22439752  
-42.27716723  
-62.71662716  
-67.25737967  
-52.80725852  
-22.45943015  
14.91187029  
47.53744803  
65.0414582  
62.33263958  
41.40437795  
10.25435663  
-20.57095231  
-42.23554972  
-50.77789797  
-47.85107415  
-38.89653805  
-29.82912832  
-23.96826515  
-20.73241404  
-16.64484803  
-7.979545295  
6.471967664  
24.07780184  
39.27605574  
46.31017569  
42.38119531  
29.52825714  
14.14533139  
4.226455401  
5.607718195  
19.0412899  
39.59154431  
58.73984936  
68.2596733  
64.03450857  
47.9854167  
27.16725919  
10.45248067  
4.385961032  
10.19338457  
23.36374181  
35.97962912  
40.64517127  
34.10432383  
18.8126802  
1.731680978  
-9.042652011  
-8.177243417  
4.336822812  
23.14916815  
40.00793965  
47.5028752  
42.32160339  
26.53862782  
6.434488018  
-10.48932492  
-18.83874312  
-17.47383317  
-9.601846575  
-0.9582704247  
2.92034026  
-0.9848143878  
-12.23836697  
-27.60389122  
-42.72282463  
-53.86763467  
-58.96839313  
-57.65835289  
-50.68150945  
-39.30590111  
-25.23342963  
-11.00858859  
-0.4242025055  
1.755877277  
-8.864035562  
-34.18682528  
-71.63963922  
-113.505194  
-148.3605662  
-164.5143633  
-154.3117306  
-117.5484064  
-62.37544341  
-3.004858239  
45.12180043  
70.8703401  
71.39757179  
52.88425256  
27.66346852  
8.937079722  
5.328518031  
17.59592767  
38.8759512  
58.26449998  
66.06924309  
58.35244313  
38.74072385  
16.74034496  
3.380024532  
6.187925413  
25.76527711  
55.45081261  
84.1487136  
100.9807806  
99.66140925  
