89.27756374  
75.72273273  
57.37073525  
40.54176936  
29.9852309  
27.18829943  
29.99108455  
33.63880231  
32.84712663  
24.07519464  
7.135897312  
-14.46486831  
-34.587842  
-46.53940416  
-45.43524102  
-30.03044692  
-3.395843012  
27.7864314  
55.08392877  
70.748393  
69.9732929  
52.28968975  
21.68516934  
-14.58518858  
-48.12955772  
-71.84103796  
-81.86390869  
-78.49381324  
-65.73574412  
-49.67924233  
-36.25301531  
-29.1432199  
-28.6162405  
-31.67147211  
-33.46426559  
-29.45838895  
-17.47326235  
1.188148187  
22.0067758  
38.84884233  
46.30913775  
41.89380678  
27.1758965  
7.436984022  
-10.11637637  
-18.92281387  
-15.47569347  
-0.6784478606  
20.35986807  
40.01986464  
50.75205934  
47.63331786  
30.02219943  
1.779392073  
-29.9715623  
-57.07593232  
-72.80411413  
-73.74211469  
-60.56452065  
-37.53988364  
-11.03006469  
12.46337888  
28.06755568  
33.61143477  
29.76976189  
19.36790588  
6.192609556  
-6.233980005  
-15.51963955  
-20.70050768  
-22.00743395  
-20.32990182  
-16.67856954  
-11.88313064  
-6.59372311  
-1.476408838  
2.610994629  
4.652406867  
3.767438051  
-0.3594391825  
-7.157956583  
-15.18466994  
-22.54085553  
-27.54669279  
-29.35664359  
-28.19100993  
-25.03024093  
-20.90301939  
-16.14700559  
-10.09045815  
-1.425142682  
10.8215258  
26.17992264  
42.14216191  
54.57334969  
59.17987012  
53.5245084  
38.68366024  
19.64435723  
3.995071024  
-0.7855158825  
9.570710593  
33.96286707  
65.76654561  
94.95156496  
111.7511246  
110.4188454  
91.48083724  
61.47159464  
30.20714747  
6.733451362  
-4.306789198  
-4.309460774  
0.3536879255  
1.588156841  
-6.472303275  
-24.62111002  
-48.13168129  
-68.89743282  
-79.16448909  
-75.1406875  
-58.83475017  
-37.29972768  
-19.63798451  
-13.12467437  
-20.1691564  
-37.41354973  
-57.2828572  
-71.21951906  
-73.14951714  
-61.7233079  
-40.50860954  
-16.25385301  
3.861427871  
14.76048684  
14.82397409  
5.752460461  
-8.68879275  
-24.27123678  
-37.51773624  
-46.17909644  
-49.09443402  
-45.85080582  
-36.6372772  
-22.40873492  
-5.141013957  
12.2042325  
26.26729952  
34.35259341  
35.53166631  
31.20486823  
24.71646776  
20.0537661  
20.13754957  
25.47411501  
33.8292129  
41.13675628  
43.27810323  
37.94713262  
25.76190608  
10.12767962  
-4.07118189  
-12.34664477  
-12.22307868  
-3.934950483  
9.989057527  
25.93414242  
40.56417932  
51.72892466  
58.61786088  
61.28860794  
59.99843314  
54.79960838  
45.62651983  
32.76186192  
17.31613243  
1.334094989  
-12.64175366  
-22.39841603  
-26.87485919  
-26.5606301  
-23.25979297  
-19.33239964  
-16.78581793  
-16.64136199  
-18.82829883  
-22.55783229  
-26.87979031  
-31.06255484  
-34.59338604  
-36.87316042  
-36.90561832  
-33.31685542  
-24.84975659  
-11.16720782  
6.456411984  
25.01122784  
40.42300725  
48.85791081  
48.14532973  
38.68163372  
23.36486649  
6.534395667  
-7.656774602  
-16.7441924  
-20.69381217  
-21.59897037  
-22.51823644  
-26.00461847  
-32.96941361  
-42.32174073  
-51.44816929  
-57.24081123  
-57.20822295  
-50.26534293  
-37.01697578  
-19.58194728  
-1.126187298  
14.74753682  
24.69868517  
26.43268356  
19.49886375  
5.875005375  
-10.01298875  
-22.13887459  
-24.60762175  
-13.84524193  
9.560207368  
40.25878622  
69.32823216  
87.10338015  
86.73005497  
67.05424787  
33.56254517  
-3.210350526  
-31.34981483  
-41.92281235  
-32.27881152  
-6.919435431  
24.42808372  
50.71213575  
63.77523693  
61.13189177  
46.23081645  
26.26856389  
8.695993854  
-1.933731604  
-5.400545037  
-5.058841451  
-5.476890158  
-9.786557997  
-18.09607636  
-27.68885888  
-34.77590312  
-36.7773665  
-33.87436162  
-28.99485258  
-26.24059079  
-28.58682215  
-36.06888012  
-45.42583106  
-51.43499  
-49.32046427  
-37.08637829  
-16.66125075  
6.682465497  
26.35450624  
36.98938013  
36.39202486  
26.11632371  
10.56962288  
-4.818908579  
-15.50729122  
-19.084536  
-15.53960689  
-6.735657204  
4.444308119  
14.84429969  
21.50530982  
21.98239778  
14.74953596  
-0.2059091614  
-20.78827819  
-42.62443237  
-59.72764397  
-66.08057614  
-57.7334826  
-34.61610556  
-1.206351381  
34.43195539  
63.06327436  
77.31135469  
74.14387757  
55.82495414  
28.9714427  
2.12764602  
-17.1413851  
-24.51507975  
-19.78343638  
-6.215218922  
11.05311541  
26.79541682  
36.95913948  
39.16070001  
32.61532717  
17.92982939  
-2.92453815  
-26.48213101  
-47.84564197  
-61.36340558  
-62.07055086  
-47.55582115  
-19.48555092  
16.06723692  
49.9673102  
72.80416013  
78.17155503  
65.13186477  
38.77265362  
8.504215783  
-15.30788979  
-25.05940037  
-18.49848888  
0.7956298412  
25.12922084  
45.77571885  
56.09033882  
53.43446168  
39.32257588  
18.03564885  
-5.431619131  
-27.07639439  
-44.58905805  
-57.01612602  
-63.90249254  
-64.62725076  
-58.41921701  
-45.04507749  
-25.69595375  
-3.425312703  
17.29688269  
31.87046107  
37.1711642  
32.7396243  
20.98109117  
6.261988279  
-6.699112343  
-14.44385657  
-15.73661328  
-11.5790415  
-4.438975607  
2.823453691  
7.820619596  
9.022525265  
5.735885128  
-2.022817139  
-13.48288907  
-26.87304325  
-39.23853355  
-46.7170394  
-45.50771602  
-33.36586768  
-11.03060334  
17.19315636  
44.25415796  
62.54742156  
66.75825425  
56.18519868  
35.43048773  
12.95219272  
-2.11010991  
-3.611978212  
8.956508297  
30.04535126  
50.09735745  
59.28294757  
51.38354034  
26.2216131  
-10.33622042  
-48.731713  
-79.36414992  
-95.98477875  
-97.48627328  
-87.51176525  
-72.27787969  
-57.72614256  
-47.28199729  
-41.08287408  
-36.77879687  
-31.2921318  
-22.57735557  
-10.56625439  
3.001482995  
15.57950942  
25.00127781  
30.22537675  
31.3580356  
29.11813469  
24.20720697  
17.03589374  
7.970245078  
-2.120648894  
-11.47783935  
-17.63802441  
-18.28192927  
-12.41415961  
-1.265042521  
11.65720088  
21.57393824  
24.19327143  
17.49241009  
2.711312621  
-15.95123857  
-32.87979885  
-43.19365278  
-44.58253541  
-38.02636858  
-27.09282126  
-16.14462658  
-8.275272024  
-3.905026983  
-0.6605790809  
5.422481806  
17.92526894  
38.18281836  
64.35157144  
91.80584206  
114.6864633  
127.9491092  
129.0813273  
118.8343347  
100.745224  
79.71449821  
60.24174523  
44.99550192  
34.19735912  
25.94769319  
17.26845202  
5.416384664  
-11.00790809  
-31.49363277  
-53.7100645  
-74.1504933  
-89.08498422  
-95.53014983  
-91.9843513  
-78.76644459  
-57.90872883  
-32.66230631  
-6.761720874  
16.35153137  
34.14496729  
45.302614  
49.67928309  
47.97450772  
41.29089182  
30.76588965  
17.41018877  
2.173035498  
-13.86461576  
-29.33359538  
-42.60189546  
-52.02762386  
-56.35871133  
-55.1083195  
-48.73103639  
-38.5123028  
-26.21583552  
-13.64482329  
-2.298600554  
6.762251907  
12.85768459  
15.5631901  
14.67165124  
10.3188219  
3.206505357  
-5.262779853  
-13.14366723  
-18.4804524  
-20.0837485  
-18.22071632  
-14.82496322  
-12.96868154  
-15.65072534  
-24.30754979  
-37.681082  
-51.64260012  
-60.24619324  
-57.78180011  
-41.12339172  
-11.44120127  
25.50110203  
60.74754942  
84.87080708  
91.08486273  
77.61390674  
48.41980068  
11.99013211  
-21.39073766  
-42.90829869  
-47.87272834  
-36.88276797  
-15.20382605  
9.276488593  
28.69124769  
37.49811559  
33.75371766  
19.12929567  
-2.096958869  
-24.54901716  
-43.21356668  
-54.4816966  
-56.6603971  
-50.04031943  
-36.66860794  
-19.9193245  
-3.866500136  
7.558343018  
11.55761057  
7.388934877  
-3.121495269  
-15.79199109  
-25.14146991  
-26.07898758  
-15.70183722  
5.465819743  
33.33672623  
61.39240974  
82.758776  
92.5003354  
