6.480972727  
8.03238962  
9.345154629  
9.319418884  
7.205649653  
3.118397879  
-1.848294945  
-6.000469481  
-7.760276402  
-6.376250325  
-2.270957863  
3.161150228  
8.221169005  
11.71434393  
13.49391061  
14.45545205  
15.96746975  
19.01109109  
23.46196856  
27.89666187  
30.06300117  
27.83356534  
20.21896047  
7.970173786  
-6.524333652  
-20.02555845  
-29.58519959  
-33.55534266  
-32.0478469  
-26.67901865  
-19.75557099  
-13.29329022  
-8.305892246  
-4.646587946  
-1.409453542  
2.360705288  
7.02498283  
12.08554423  
16.40464241  
18.76900184  
18.49901201  
15.79619716  
11.66458177  
7.456777511  
4.275080834  
2.517601302  
1.777463171  
1.12519006  
-0.3775766877  
-3.186922795  
-7.037983774  
-11.05906017  
-14.16975332  
-15.56624508  
-15.06742475  
-13.1702007  
-10.80166092  
-8.891857138  
-7.964188383  
-7.923273157  
-8.126820468  
-7.703761022  
-5.979812674  
-2.831664767  
1.175822986  
4.928832414  
7.134618832  
6.792407008  
3.597494795  
-1.86954324  
-8.247988234  
-13.78012226  
-16.86023012  
-16.5736575  
-13.03886023  
-7.418232444  
-1.568738038  
2.569900234  
3.646561579  
1.388211113  
-3.284594318  
-8.578532176  
-12.48192609  
-13.51379902  
-11.27954926  
-6.611514342  
-1.232853126  
2.924976342  
4.478035725  
3.114940908  
-0.31624056  
-4.181878748  
-6.728016863  
-6.751221973  
-4.000274226  
0.8363240734  
6.514454517  
11.78880482  
15.87849129  
18.64901139  
20.46657369  
21.84172428  
23.07084991  
24.0664724  
24.4519782  
23.84823837  
22.17518608  
19.78473543  
17.3360744  
15.46819832  
14.44288142  
13.95869116  
13.25653395  
11.48786908  
8.173817891  
3.522364273  
-1.573662872  
-5.885193541  
-8.397289736  
-8.806777009  
-7.722492325  
-6.452622027  
-6.453000197  
-8.671990928  
-13.08299191  
-18.61888871  
-23.54689758  
-26.12887607  
-25.28943732  
-21.01579035  
-14.33628556  
-6.908767214  
-0.4110239672  
4.006580271  
5.996796137  
5.946640497  
4.646564279  
2.881932635  
1.137872108  
-0.4731298832  
-2.074386828  
-3.793445962  
-5.582164846  
-7.188628703  
-8.286021749  
-8.67274332  
-8.417878456  
-7.856051905  
-7.418103608  
-7.376008005  
-7.63410053  
-7.6867885  
-6.789691479  
-4.28971506  
0.02129121246  
5.689082953  
11.62967915  
16.42819357  
18.81073473  
18.11929384  
14.60703547  
9.428369167  
4.304600244  
0.9634931967  
0.5372160423  
3.12788647  
7.702243378  
12.37215385  
14.98806492  
13.86205673  
8.382692566  
-0.6919595857  
-11.37883274  
-21.0249047  
-27.10520927  
-28.00754641  
-23.54388987  
-15.01514015  
-4.804947434  
4.362594433  
10.25359782  
11.77055604  
9.211657216  
4.078399321  
-1.478896037  
-5.375126973  
-6.225477839  
-3.710671643  
1.412700551  
7.622390576  
13.13487504  
16.43914969  
16.71125495  
14.01271515  
9.242423047  
3.869675482  
-0.4796145728  
-2.48356459  
-1.5182765  
2.122754378  
7.260939074  
12.13345423  
14.89871483  
14.20514476  
9.639851784  
1.89503304  
-7.423121555  
-16.28997751  
-22.89063618  
-26.15248095  
-25.98907914  
-23.18097449  
-18.96989244  
-14.55910644  
-10.73958855  
-7.785246704  
-5.618822141  
-4.112482348  
-3.324725151  
-3.520360471  
-4.951579857  
-7.526038569  
-10.57388892  
-12.89494717  
-13.13223965  
-10.33998795  
-4.486736648  
3.369332176  
11.36537028  
17.50002554  
20.41264577  
19.93465443  
17.15819309  
13.97831768  
12.30112001  
13.26126477  
16.78407586  
21.66475785  
26.10004182  
28.41053516  
27.62870088  
23.72199728  
17.41763497  
9.790125194  
1.864190098  
-5.567421286  
-11.87224601  
-16.38663908  
-18.32159709  
-16.9255123  
-11.89293699  
-3.820983902  
5.578433294  
13.73493907  
17.95854144  
16.42079663  
8.970476198  
-2.606766615  
-15.06533857  
-24.77843712  
-29.00900887  
-26.86243868  
-19.53541204  
-9.774564939  
-0.7921957174  
4.896061363  
6.243259215  
3.787470441  
-0.8475551855  
-5.767016349  
-9.538156024  
-11.54330546  
-11.88294861  
-10.99114076  
-9.244510407  
-6.79956225  
-3.720786923  
-0.2679060573  
2.894990981  
4.763984879  
4.366273805  
1.277592491  
-3.986785401  
-9.947985878  
-14.58156802  
-16.03721525  
-13.36462745  
-6.933323648  
1.635422722  
9.996562802  
15.85224102  
17.66875893  
15.096039  
8.991979496  
1.112528153  
-6.377710184  
-11.41533307  
-12.47103718  
-8.873755021  
-1.016945834  
9.590491636  
20.50534871  
28.83100118  
31.9758089  
28.51728567  
18.86944639  
5.428968116  
-7.983939398  
-17.30256185  
-19.62967705  
-14.34544659  
-3.422010713  
9.24814445  
19.29070337  
23.48999196  
20.95451663  
13.31997483  
3.918515059  
-3.701879604  
-7.242284233  
-6.462795078  
-3.020764213  
0.5175248609  
1.96900812  
0.4947065808  
-3.203734896  
-7.478208123  
-10.74385692  
-12.33711336  
-12.76536841  
-13.24009468  
-14.78349942  
-17.43473671  
-20.02807975  
-20.70315779  
-17.90092107  
-11.31839695  
-2.293746726  
6.623082589  
12.73550918  
14.38309909  
11.6495896  
6.239540281  
0.59180409  
-3.308546824  
-4.805880608  
-4.693822178  
-4.542060447  
-5.620186851  
-8.028135532  
-10.53313657  
-11.22807836  
-8.667555621  
-2.853678962  
4.506869929  
10.6841752  
13.25204546  
11.39679343  
6.507199637  
1.677218359  
0.2957242345  
4.37626826  
13.44588447  
24.56881268  
33.54122994  
36.72137284  
32.6420082  
22.65008545  
10.28468805  
-0.2924020331  
-6.058278738  
-6.264127616  
-2.462415078  
2.496870113  
5.93018773  
6.491002085  
4.501328271  
1.37458499  
-1.45517395  
-3.445168963  
-5.172903417  
-7.773836069  
-11.94838205  
-17.16230107  
-21.57302205  
-22.81417197  
-19.27625074  
-11.20333526  
-0.9672288256  
7.727253141  
11.40238611  
8.410065623  
-0.2128390136  
-11.09033654  
-19.93314871  
-23.39433745  
-20.48879781  
-12.92007845  
-4.187027963  
2.072506651  
3.694352674  
0.8055432914  
-4.484722397  
-9.286362779  
-11.36741781  
-10.10570626  
-6.528643408  
-2.516413844  
0.3263865  
1.488258468  
1.630977834  
1.945334858  
3.210928499  
5.15115196  
6.496518493  
5.751407915  
2.235524331  
-3.21935123  
-8.379535288  
-10.5600626  
-7.976084678  
-0.7970204406  
8.687642397  
16.95127262  
20.78411248  
18.77618496  
11.99242012  
3.487515798  
-3.11873097  
-5.314138581  
-2.797232177  
2.51968441  
7.583200681  
9.782204592  
8.229459067  
4.098804601  
-0.1260498166  
-2.067071744  
-0.7667123341  
2.801217759  
6.295489793  
7.341246456  
4.912919749  
0.008241808294  
-4.777479776  
-6.58767937  
-3.869316635  
2.660108903  
10.18360319  
15.05910785  
14.59061191  
8.416305755  
-1.19585541  
-10.3212217  
-15.166309  
-13.80892153  
-7.047211103  
2.046475243  
9.633042189  
12.92376745  
11.4163753  
6.964003128  
2.682245806  
1.276395249  
3.645799659  
8.461002359  
12.90181207  
14.15209865  
10.8711538  
3.888773762  
-4.219386039  
-10.44082416  
-12.83454121  
-11.45891694  
-8.245774553  
-5.893840841  
-6.361812211  
-9.750895453  
-14.17192104  
-16.692921  
-14.90932281  
-8.349684632  
1.010323493  
9.431626439  
13.02096865  
9.539773109  
-0.4264401318  
-13.49614981  
-24.73711616  
-29.60517212  
-25.75266724  
-13.95421958  
2.207566841  
17.72318663  
28.00548713  
30.46195597  
25.21655236  
14.79500739  
3.004871288  
-6.48514724  
-11.32402477  
-11.04764766  
-6.949795674  
-1.421317658  
2.938915576  
4.137742052  
1.318389299  
-5.073997547  
-13.47410233  
-21.64724089  
-27.29961716  
-28.71406347  
-25.25703065  
-17.60544231  
-7.592594595  
2.319652294  
9.79873358  
13.37638453  
12.88769387  
9.437181634  
4.899440777  
1.159080857  
-0.5910463301  
-0.1993539277  
1.576752302  
3.589566497  
4.931617766  
5.35964027  
5.309989256  
5.520249977  
