17.28734913  
17.93926307  
17.08900748  
15.82431235  
13.96570656  
10.33919425  
3.84018191  
-5.34794115  
-15.13346913  
-21.95697674  
-22.20648412  
-13.98956245  
1.597001231  
20.38375883  
36.39670975  
44.02501447  
40.20750396  
25.71982217  
5.012251316  
-15.34597118  
-28.99089285  
-31.94386255  
-23.83835494  
-7.809932859  
10.78996749  
26.27235852  
34.35529248  
33.21029057  
23.5992853  
8.255235297  
-9.118663789  
-24.83873656  
-35.96983204  
-40.73393631  
-38.66746359  
-30.61367789  
-18.5719692  
-5.357812236  
5.968492747  
12.85278757  
13.98857334  
9.772082855  
2.231070372  
-5.63551385  
-10.92000807  
-11.87863576  
-8.573064299  
-2.791112151  
2.745804059  
5.566085867  
4.51681045  
0.2508362324  
-5.081987712  
-8.800748152  
-8.883351113  
-4.851573964  
2.034823925  
9.342747067  
14.51551693  
15.92511972  
13.4638861  
8.442343193  
2.888642555  
-1.387976681  
-3.521615983  
-3.786068671  
-3.221052095  
-2.926657905  
-3.412064449  
-4.335135043  
-4.752792092  
-3.734113807  
-1.000930367  
2.751013157  
6.032838843  
7.173577715  
5.072442365  
-0.267823604  
-7.68071753  
-15.27403241  
-21.15738569  
-24.12353202  
-23.98869137  
-21.4761892  
-17.75205571  
-13.87481444  
-10.4323846  
-7.508909768  
-4.930982415  
-2.592079455  
-0.6277021086  
0.6772543375  
1.187334252  
1.213592186  
1.576381795  
3.321555282  
7.181711029  
13.0518854  
19.79297758  
25.54736384  
28.49840195  
27.75432585  
23.92092497  
19.02448707  
15.72845213  
16.13166534  
20.67507083  
27.6897578  
33.86990586  
35.54885778  
30.27759493  
18.03028537  
1.484675552  
-14.79892185  
-26.00779344  
-28.87148119  
-22.89686936  
-10.54955384  
3.676083606  
14.90660218  
19.59713767  
16.65164345  
7.587911801  
-4.218170843  
-14.82983917  
-21.05799429  
-21.33282052  
-15.93287847  
-6.638394209  
3.946018535  
13.12374738  
18.70645415  
19.41741451  
15.10818089  
6.796595517  
-3.510233325  
-13.25996853  
-20.05234917  
-22.43626881  
-20.51838051  
-16.06402865  
-11.91414891  
-10.82870187  
-14.18007332  
-21.08814528  
-28.49167945  
-32.28235825  
-29.13058768  
-18.2362366  
-2.159762606  
13.7873181  
23.49725814  
22.62611307  
10.65716331  
-8.511750533  
-27.84529626  
-39.88203674  
-39.77471173  
-27.34683136  
-7.236137665  
12.98281518  
25.90946272  
27.31703588  
17.74546536  
2.027524102  
-12.97652137  
-21.36484214  
-20.54279188  
-11.92836821  
0.1810742068  
10.90381933  
17.04288226  
18.23283469  
16.49963182  
14.61029472  
14.20670952  
14.79625552  
14.17351926  
10.03588298  
1.861136501  
-8.085346914  
-15.32842615  
-15.22246865  
-5.498321635  
12.01351417  
31.51303701  
45.37590549  
47.45653799  
36.03275023  
14.9344844  
-7.814224133  
-23.34889256  
-25.84139302  
-15.11494295  
3.253974273  
20.44917821  
28.41917184  
23.53062954  
8.175376707  
-10.41423388  
-23.57723361  
-25.25445891  
-14.74815135  
3.061420065  
20.09874916  
28.90134955  
26.02539553  
13.44860038  
-2.639171399  
-15.00240174  
-18.9029428  
-14.29467304  
-5.637429772  
0.5229927816  
-1.022633252  
-11.41856195  
-27.03845827  
-41.12573753  
-46.96160676  
-41.02123167  
-24.61802438  
-3.295550564  
15.68065966  
26.49244974  
27.10113888  
19.71351592  
9.29446233  
0.9738884947  
-2.330048376  
-0.9466767896  
2.240739169  
3.720588458  
1.429230865  
-4.110554036  
-10.13127524  
-13.1902627  
-11.08606611  
-4.095191047  
5.106565713  
12.76681644  
15.90752443  
13.73604914  
7.907641508  
1.549597296  
-2.396837963  
-2.626379998  
0.03665996817  
3.316745008  
4.92250712  
3.929124372  
1.344063577  
-0.4525517476  
0.9144403696  
6.373899881  
14.69747524  
22.9282155  
27.75052375  
27.09951954  
21.17122245  
12.30295415  
3.779172784  
-1.820426533  
-3.875249474  
-3.932099861  
-4.766464918  
-8.794690056  
-16.67458784  
-26.83282664  
-36.17249705  
-41.59489526  
-41.54098623  
-36.74297285  
-29.78676253  
-23.70763905  
-20.35253054  
-19.37550781  
-18.41541176  
-14.39685172  
-5.30779184  
8.456358709  
23.89679102  
36.51548303  
42.22720802  
39.18094528  
28.62939099  
14.44052056  
1.491994619  
-6.296275998  
-7.397887095  
-2.985313989  
3.931141821  
10.02365981  
13.06269612  
12.60051716  
9.726664639  
6.183894804  
3.413526675  
2.044455649  
2.005949443  
3.039496759  
5.148263818  
8.592367317  
13.37076534  
18.52643724  
21.82393783  
20.22608521  
11.17451246  
-5.830009668  
-28.15912826  
-50.21634271  
-65.03672259  
-66.84471608  
-53.5403032  
-27.97832788  
2.661542099  
29.31298542  
44.34901452  
44.4309872  
31.66916696  
12.58923568  
-4.655386962  
-13.6252099  
-12.06522779  
-2.48736143  
9.297715113  
16.96040864  
16.46300432  
7.674231876  
-5.83772709  
-18.60827434  
-25.75095513  
-24.94919135  
-17.12432381  
-5.621018917  
5.548921573  
13.47424262  
