80.29777723  
51.24318733  
18.83134074  
-8.847196234  
-25.95756563  
-30.39948152  
-23.99946709  
-11.5476591  
0.8839922675  
7.808660584  
5.903559708  
-5.047713961  
-22.07092063  
-39.85415254  
-52.42229429  
-55.24857686  
-47.15542035  
-31.24102665  
-14.24901304  
-4.311355314  
-7.692608883  
-25.75356075  
-53.50285552  
-80.648447  
-95.08760081  
-87.67081584  
-56.34540948  
-7.827150771  
44.15847876  
83.61284535  
98.19644526  
83.9541329  
46.84014765  
0.3608603988  
-39.699385  
-61.26167121  
-60.16084379  
-40.92287266  
-13.99055624  
9.183370126  
20.92057899  
19.94742461  
10.96319488  
1.693327597  
-0.9524286517  
6.218827388  
21.88046673  
41.48187493  
59.63164641  
72.19359306  
77.13610395  
74.06100754  
63.15678307  
44.58825745  
18.91411108  
-11.71423232  
-42.54371571  
-66.49703405  
-76.21600869  
-67.2831781  
-41.11624387  
-5.833976175  
25.85905776  
41.31633092  
33.29100048  
3.533926837  
-37.23379336  
-73.30109328  
-90.37798472  
-81.67339424  
-50.88798628  
-10.69327592  
22.68849313  
36.39307293  
26.21611911  
-2.01707318  
-35.48605162  
-60.24373043  
-67.10401204  
-54.87241144  
-29.65854881  
-0.9708144494  
23.19158361  
39.70444278  
50.57646396  
60.2738061  
71.85859216  
84.27272083  
92.40047538  
89.95326134  
73.5938092  
45.93791333  
15.57348488  
-6.225186625  
-10.62495512  
4.33919199  
32.36868665  
61.42749736  
79.123673  
78.39742903  
60.72952904  
35.24310997  
14.07193206  
6.222872841  
12.94234624  
26.90434923  
35.6989853  
28.00763864  
-0.4752818261  
-44.2325248  
-89.63699004  
-120.4868319  
-124.891833  
-100.4371436  
-55.36562474  
-5.332583904  
32.76630475  
47.20384661  
35.42889686  
4.225744409  
-33.70777339  
-65.05636517  
-80.77716445  
-78.74762579  
-63.4716603  
-43.39602319  
-27.21242529  
-20.6540011  
-24.8268583  
-36.37001537  
-49.07572105  
-56.24280486  
-52.99778679  
-37.97325459  
-13.94518723  
12.76070316  
34.04348442  
42.61841182  
34.70877597  
11.88434784  
-18.82819561  
-46.93516149  
-62.11058811  
-58.19939959  
-35.91826627  
-2.915031216  
29.12094678  
49.27507048  
52.11554801  
40.11664192  
22.51834849  
10.94873279  
13.7184502  
31.46925723  
56.37504577  
75.49858774  
76.9157554  
55.78842156  
17.43464321  
-24.2561045  
-52.55315879  
-55.2464326  
-30.25860957  
13.14350348  
58.17878082  
87.71403428  
91.49082525  
70.13674521  
34.22344874  
-1.019452421  
-22.71144371  
-25.7181032  
-14.01760826  
2.330892469  
12.83436537  
11.86151071  
0.9598391673  
-12.77988079  
-21.20630693  
-19.89273324  
-10.612992  
-0.2041145776  
3.514559839  
-3.503980177  
-18.75128844  
-33.96338035  
-39.20517388  
-28.16673635  
-1.891504264  
31.09838028  
58.48760357  
69.90612211  
61.86895128  
39.42494265  
13.65713121  
-3.736642088  
-6.081783984  
5.223714326  
21.74352466  
32.54984066  
29.94665695  
13.45860443  
-9.921607618  
-29.32605849  
-35.60004675  
-26.05064639  
-5.969354502  
13.81409349  
22.0972294  
12.61178525  
-13.11819765  
-46.67398504  
-76.80713329  
-94.54547958  
-96.80585767  
-86.86609401  
-71.73213946  
-58.02228231  
-48.65578627  
-42.0630288  
-34.16535208  
-21.81309004  
-5.566028501  
9.919453221  
18.26901383  
15.30228481  
2.270398859  
-13.57671418  
-21.76186063  
-13.58322737  
13.0624537  
51.56462963  
88.53843621  
109.2293859  
104.0465905  
73.21183819  
27.2664943  
-16.96065815  
-43.23405541  
-42.62279295  
-17.0881828  
21.58921774  
56.98192932  
74.9318088  
69.17295837  
43.33207889  
8.686447369  
-21.05619728  
-35.4979398  
-31.34145084  
-12.84679283  
10.83686767  
29.92652163  
37.8248436  
32.97103712  
18.3084773  
-0.905540164  
-19.60667136  
-34.54108432  
-44.4977415  
-49.4940681  
-49.75759685  
-45.28124166  
-36.20479462  
-23.63580655  
-10.16605472  
0.5214697804  
5.011699276  
1.894324744  
-7.063829916  
-17.09538553  
-22.12316078  
-17.35661454  
-1.660205317  
21.43689265  
44.66135298  
59.5675934  
59.73623331  
43.28762584  
13.69680069  
-21.37328592  
-52.68442513  
-72.40697035  
-76.35753557  
-64.79298006  
-41.71549771  
-13.20949431  
14.42219004  
36.07944341  
48.56553949  
50.66997501  
42.93929196  
27.40755652  
7.357875564  
-13.00470752  
-29.14552317  
-37.10495892  
-34.53461289  
-21.50306154  
-0.6967987099  
23.16418105  
44.56845644  
58.70840245  
62.71498825  
56.23549757  
41.23009766  
21.16478174  
-0.03427531251  
-18.89133396  
-32.93070087  
-40.84090771  
-42.37823976  
-38.16601641  
-29.4839175  
-18.04754372  
-5.735318286  
5.742729468  
15.16032331  
21.94304743  
26.0896898  
27.86536573  
27.42844891  
24.62560628  
19.12612981  
10.87663236  
0.6374788965  
-9.754808276  
-17.67994234  
-20.59639315  
-17.16015507  
-8.066838535  
3.879286285  
14.64996755  
20.55204091  
19.7951606  
13.31222402  
4.362313637  
-2.996986657  
-5.907512707  
-4.222826668  
-0.7368272639  
0.09659064668  
-5.55793554  
-18.69471248  
-36.41999094  
-52.71864106  
-60.84109801  
-56.32027731  
-39.25115629  
-14.71861626  
8.948458744  
23.43639997  
23.84137138  
10.71588171  
-10.14688824  
-30.10781452  
-41.20786009  
-39.28591078  
-25.36216591  
-4.77050166  
15.45084017  
29.63878933  
35.64105726  
35.11101816  
31.99126973  
30.08264681  
30.99313363  
33.50434598  
34.62096546  
31.67741873  
24.31138855  
15.16610918  
8.828683104  
9.436695884  
18.1262542  
31.67549194  
43.20174802  
44.81764491  
31.18339224  
2.372262457  
-35.33472492  
-71.26250728  
-94.16633429  
-96.55413161  
-77.71653764  
-44.16419479  
-7.233201322  
21.20810694  
33.22910954  
27.69320855  
10.38080073  
-8.620863578  
-19.16118536  
-15.17654646  
2.897813537  
28.36195114  
50.97103576  
61.01338316  
53.13367511  
28.44425  
-5.824402784  
-38.92726522  
-60.42607356  
-63.79273779  
-48.51139826  
-20.00516001  
12.46863213  
39.09946402  
52.76552766  
51.11665467  
36.86587079  
16.33196999  
-3.110428508  
-15.68147876  
-18.99627568  
-14.44492032  
-6.142544623  
1.034093857  
3.50539961  
0.3481263018  
-6.52151516  
-13.33488944  
-16.17139042  
-12.66352592  
-3.031060117  
9.939590558  
21.93177734  
28.7254531  
27.78674635  
19.23263931  
5.839007578  
-7.886109156  
-17.22258486  
-18.83229129  
-11.91854538  
1.395397399  
16.56412723  
27.84407601  
29.90871431  
19.43132813  
-3.779711206  
-36.41175486  
-72.19438825  
-103.2895191  
-122.2198668  
-123.8436882  
-106.8106857  
-74.03128395  
-31.95783883  
11.15421337  
47.48625764  
71.68838771  
82.05188991  
80.47305898  
71.30019895  
59.55558137  
49.22312049  
42.20759075  
38.24705541  
35.64867436  
32.40242867  
27.14412526  
19.6028383  
10.47536062  
0.9549116109  
-7.743630809  
-14.61455372  
-18.83128429  
-19.65064565  
-16.50235113  
-9.369873443  
0.6915148582  
11.26672499  
18.89373899  
20.09957146  
12.87625619  
-2.034396568  
-20.7548307  
-37.19925598  
-45.16132809  
-40.81324945  
-24.55463383  
-1.304249589  
21.06294965  
34.62229188  
34.49803418  
20.84574937  
-1.158216238  
-23.35274191  
-37.80450159  
-39.83559762  
-29.60376314  
-11.63634812  
7.362216217  
21.36613684  
27.25750414  
25.51797394  
19.25145803  
12.19665671  
6.806800681  
3.335101507  
0.2700389709  
-4.266021711  
-11.02151948  
-18.88961084  
-25.35090406  
-27.81755704  
-25.10855832  
-18.21206553  
-9.88451715  
-3.279574637  
-0.3423103946  
-0.8513538029  
-2.654613097  
-3.000688757  
-0.2571743599  
4.939105475  
9.792829982  
10.76799479  
5.653852029  
-4.774960296  
-16.42860498  
-23.22039895  
-19.55715755  
-2.931682914  
24.5563212  
56.48192216  
84.13366302  
99.50988454  
98.08614205  
