38.11983109  
45.45581409  
45.38542141  
36.82831664  
21.91064918  
5.248277961  
-7.965908739  
-14.22077657  
-13.23453471  
-8.033461794  
-3.481102692  
-3.914326792  
-10.98585854  
-22.7448296  
-34.42790272  
-40.6412973  
-37.95588072  
-26.72185681  
-11.23987315  
1.848085993  
6.290761604  
-1.07771266  
-18.83296144  
-41.29081141  
-60.54355113  
-69.37281213  
-63.87843194  
-44.8219902  
-17.23877358  
11.43338771  
33.91765783  
45.38021587  
44.66473123  
34.18735347  
18.71664691  
3.616677585  
-6.785422349  
-10.21861681  
-6.691542509  
1.962186675  
12.92009773  
23.26290659  
30.68153842  
33.8878863  
32.72283148  
28.01492005  
21.26044484  
14.20066374  
8.380979314  
4.787584277  
3.653398999  
4.487368404  
6.314914996  
8.041998471  
8.809780693  
8.213539767  
6.321014957  
3.513181461  
0.2422832595  
-3.173380846  
-6.633038289  
-10.19857508  
-13.95306847  
-17.85671247  
-21.67129911  
-24.97985551  
-27.28049512  
-28.11020582  
-27.15946529  
-24.36137812  
-19.95446246  
-14.51432298  
-8.929209468  
-4.281705462  
-1.615169486  
-1.615321179  
-4.304549764  
-8.886258351  
-13.85570703  
-17.40060199  
-17.98432403  
-14.89779783  
-8.544407202  
-0.3134296163  
7.930873086  
14.53937391  
18.64932883  
20.38338027  
20.59421156  
20.29197697  
20.04997505  
19.69830251  
18.46978878  
15.52838718  
10.602296  
4.375445891  
-1.597764728  
-5.449320465  
-5.771492566  
-2.22809045  
4.307934926  
12.16607674  
19.63104578  
25.64660483  
30.1005561  
33.54287764  
36.50076558  
38.79284582  
39.27459393  
36.23792971  
28.33628615  
15.59001779  
-0.08017230312  
-15.16945306  
-25.74015633  
-28.97061505  
-24.42019687  
-14.40034002  
-3.212334456  
4.481388452  
5.480232745  
-0.7165475705  
-11.7876172  
-23.62183178  
-32.03473438  
-34.41226002  
-30.58749052  
-22.6326992  
-13.75103222  
-6.840717438  
-3.401210588  
-3.226721871  
-4.914346288  
-6.821088091  
-7.925838475  
-8.167123693  
-8.155069787  
-8.511754312  
-9.287745426  
-9.832671605  
-9.212770049  
-6.927787665  
-3.476853796  
-0.3768492857  
0.4760780091  
-2.164355637  
-7.998520486  
-14.93684459  
-19.74168722  
-19.35682326  
-12.35848377  
0.1519261835  
14.68260668  
26.53778916  
31.60204052  
27.98486545  
16.82892039  
1.936510351  
-11.6313423  
-19.40590911  
-19.06954314  
-11.13698733  
1.437991505  
14.48547129  
24.12775915  
27.98225629  
25.66561122  
18.5349534  
8.903895995  
-0.8742988228  
-9.09692181  
-14.98631635  
-18.56589954  
-20.3045037  
-20.73667326  
-20.21394269  
-18.84506377  
-16.59602908  
-13.47435368  
-9.713692855  
-5.885485869  
-2.879725907  
-1.718414105  
-3.207841157  
-7.505027108  
-13.75174028  
-19.97317102  
-23.3998839  
-21.23398455  
-11.67823817  
5.133564202  
26.72485392  
48.6769011  
65.84201369  
74.01847021  
71.48070882  
59.73526642  
43.12302067  
27.33186662  
17.34000088  
15.57780785  
21.04490814  
29.75386305  
36.33891163  
36.19301821  
27.28290963  
10.93131225  
-8.714877149  
-26.27915669  
-37.15222798  
-39.10869036  
-32.95961824  
-22.07066337  
-11.01860827  
-3.94972807  
-3.245117023  
-8.909168731  
-18.78721502  
-29.42702173  
-37.23046888  
-39.52514512  
-35.28390276  
-25.35988773  
-12.23123447  
0.6622441552  
9.843775039  
12.78094545  
8.675002116  
-1.194329355  
-13.73962879  
-24.94975477  
-31.15925  
-30.28586831  
-22.57177124  
-10.5044292  
2.100081629  
11.52150419  
15.50249532  
13.99267724  
8.959151472  
3.358855149  
-0.2537445815  
-0.844900928  
0.7650520944  
2.490443192  
2.187289457  
-1.123018697  
-6.624109221  
-11.9890972  
-14.45256206  
-12.15399484  
-5.099950575  
4.726396207  
14.16936739  
20.23951911  
21.35767661  
17.93063834  
12.01758258  
6.284919947  
2.776529975  
2.086944469  
3.296829953  
4.638654867  
4.503245175  
2.257455599  
-1.525831934  
-5.496642461  
-8.341651273  
-9.523279988  
-9.546887758  
-9.628085204  
-10.95596179  
-13.95885453  
-17.96687379  
-21.44813018  
-22.69312711  
-20.59568874  
-15.14521512  
-7.409282426  
0.94651986  
8.332137469  
13.76566671  
17.04679165  
18.56958264  
18.96328834  
18.80525169  
18.54985117  
18.63508926  
19.58419696  
21.91356511  
25.80062688  
30.67192273  
35.00921671  
36.63057937  
33.48144603  
24.66584721  
11.23395397  
-3.743939365  
-16.01292685  
-21.65011683  
-18.66563128  
-7.974200911  
6.754793819  
20.38215352  
28.21414136  
27.73731871  
19.42645812  
6.296003697  
-7.557603039  
-18.71629129  
-25.67936653  
-29.03957623  
-30.59715207  
-31.94429572  
-33.30741891  
-33.28349474  
-29.62822919  
-20.69013039  
-6.725132338  
9.641681014  
24.12859615  
32.41661295  
31.93968193  
22.99851733  
8.658314424  
-6.533464614  
-18.41285188  
-24.7833207  
-26.00596815  
-24.37901597  
-22.67779146  
-22.61652436  
-23.99731202  
-24.93816785  
-23.01634619  
-16.70831962  
-6.377211042  
5.691006276  
16.20804961  
22.28631943  
22.62489245  
17.91547521  
10.31918388  
2.338305033  
-4.308017156  
-9.236609967  
-13.14957855  
-16.99265269  
-21.04904191  
-24.51550275  
-25.8255741  
-23.55693337  
-17.41625736  
-8.722937809  
-0.05765012888  
5.822172105  
7.295276982  
4.758548793  
0.5982197026  
-1.796482101  
0.4467682772  
8.328596867  
20.42504017  
33.40266937  
43.36960603  
47.4451903  
44.84541153  
37.02761877  
26.89135462  
17.46559906  
10.7195979  
7.024611059  
5.436718954  
4.554839483  
3.443003615  
2.118210758  
1.373118603  
2.080860622  
4.41364479  
7.45292072  
9.454478424  
8.670910668  
4.31780735  
-2.837350797  
-10.61898684  
-16.31841979  
-17.92368193  
-15.12459505  
-9.588232877  
-4.32339025  
-2.377493846  
-5.43383221  
-12.94710226  
-22.23341905  
-29.51356352  
-31.48411077  
-26.74899016  
-16.49362119  
-4.101989956  
6.135143064  
10.69039897  
8.163497793  
-0.2103717657  
-11.09336712  
-20.37290797  
-24.7202839  
-22.74161217  
-15.27782143  
-4.784730783  
5.883490176  
14.72160678  
21.29301542  
26.61484218  
32.2877218  
39.30077743  
47.10470713  
53.4431833  
55.10037978  
49.30090426  
35.169863  
14.57771992  
-8.089966735  
-27.26163345  
-38.14936942  
-38.58535592  
-29.94896238  
-16.74144036  
-4.909512402  
0.4510061407  
-2.906661282  
-13.5060817  
-26.77629559  
-36.94218148  
-39.40249023  
-32.61180599  
-18.68833844  
-2.509496764  
10.30336036  
15.64715756  
12.49830353  
3.150287548  
-7.910613071  
-15.94934899  
-17.88436582  
-13.3578572  
-4.597427804  
4.756497722  
11.25169256  
12.92373685  
9.784151709  
3.417238023  
-3.973009796  
-10.51861193  
-15.18914899  
-17.6967398  
-18.01795689  
-15.94506695  
-11.0218013  
-2.943914149  
7.822284165  
19.63796853  
29.87186213  
35.72429318  
35.38206527  
28.9469267  
18.6214036  
7.960027545  
0.4522063829  
-1.937603844  
0.4181497645  
5.056727943  
8.639832202  
8.568659673  
4.221436559  
-2.792171093  
-9.484622243  
-13.02320242  
-12.16499745  
-7.856515274  
-2.678176294  
0.594901331  
0.5759738048  
-1.848417516  
-3.843693327  
-2.070508777  
5.430926207  
17.85815053  
31.51108  
41.07250255  
41.79012885  
31.58994356  
12.14944181  
-11.58046566  
-33.20888569  
-47.28493091  
-51.1854369  
-45.73013482  
-34.35770302  
-21.36060749  
-10.07231404  
-1.844663813  
3.80623817  
8.126167272  
11.82143784  
14.30388356  
13.91717019  
9.015576292  
-0.7218663533  
-13.51439342  
-25.75135238  
-33.28229293  
-33.15176682  
-24.94454834  
-11.06848126  
4.192918184  
16.4292567  
22.83874614  
23.15383929  
19.37253071  
14.50454958  
11.01593978  
9.771096435  
9.97444682  
10.06551198  
9.007402801  
7.201641602  
6.470119118  
9.0613282  
16.19233174  
26.93406003  
