53.51098912  
51.70051599  
41.67147172  
26.15997408  
8.976130938  
-6.054213625  
-16.08306698  
-19.88320435  
-17.97602899  
-12.24998194  
-5.235080425  
0.7035144244  
3.989739726  
4.107706592  
1.495853503  
-2.818352952  
-7.647786785  
-11.95857391  
-14.98075344  
-16.15506109  
-15.04359417  
-11.33958122  
-5.032102247  
3.341686089  
12.52292085  
20.61270133  
25.48945572  
25.47584277  
20.01280478  
10.03857693  
-2.147545666  
-13.55334378  
-21.47282419  
-24.39467793  
-22.46123766  
-17.27615159  
-11.14106868  
-6.058585236  
-2.949547076  
-1.435011678  
-0.2688949429  
1.805827323  
5.213448206  
9.151773295  
11.86991281  
11.50663768  
7.088088328  
-0.817614345  
-10.145977  
-18.10832321  
-22.3569658  
-21.99776034  
-17.95262986  
-12.47109673  
-7.999628753  
-5.945072718  
-5.946542751  
-6.049532367  
-3.74844954  
2.572047155  
12.49894364  
23.36242467  
31.12746362  
32.09146398  
24.6628254  
10.39751097  
-6.2513828  
-19.47145504  
-24.34095267  
-18.86818476  
-4.942710052  
12.24910155  
26.15443673  
31.37030424  
25.72989841  
11.1144416  
-7.327539549  
-23.21609586  
-31.38689449  
-29.7611251  
-19.91848277  
-6.212184576  
6.132698307  
13.10465078  
13.31860861  
8.236272613  
1.208631057  
-4.150130398  
-5.505677642  
-2.610662655  
2.899207298  
8.522899878  
12.17593625  
13.10832043  
12.04713113  
10.55238263  
9.963935203  
10.51323896  
11.08542421  
9.789086251  
5.077676836  
-3.134166189  
-12.9570312  
-20.96467155  
-23.49804127  
-18.32354315  
-5.913507582  
10.28395725  
24.82525696  
32.21173086  
29.06039552  
15.62106465  
-4.029586232  
-23.27890126  
-35.31555826  
-35.63327812  
-23.72393721  
-3.284610964  
19.15594284  
36.65739063  
44.38489492  
41.24045919  
29.99147777  
15.89166884  
4.396586394  
-1.072584903  
-0.407519986  
3.359787045  
5.565328269  
2.095131759  
-8.682422294  
-25.03286487  
-42.37330656  
-54.968129  
-58.11418152  
-49.95389304  
-32.23164352  
-9.742714241  
11.27022426  
25.14718404  
28.53475221  
21.24762487  
6.070190375  
-12.31303605  
-28.80773712  
-39.30682367  
-41.6045508  
-35.66600978  
-23.31560433  
-7.551232349  
8.27290691  
21.19712961  
29.21689849  
31.59148983  
28.87517618  
22.67135849  
15.14919909  
8.422408292  
3.952220035  
2.162708888  
2.413612632  
3.359951425  
3.575907699  
2.199099259  
-0.6774720383  
-4.046916595  
-6.46244886  
-6.746385603  
-4.616698994  
-0.9322231087  
2.585075445  
4.060480685  
2.316418706  
-2.511780109  
-8.883138799  
-14.35622056  
-16.51055846  
-13.9206354  
-6.785756018  
3.046114132  
12.68328479  
19.19948086  
20.67122432  
16.86531142  
9.339478197  
0.9374886603  
-5.131229701  
-6.31352327  
-1.514050099  
8.550907135  
21.52495344  
34.03667747  
42.59627789  
44.52949412  
38.7164689  
25.95131645  
8.819388615  
-8.901872116  
-23.19262705  
-30.85653891  
-30.40907486  
-22.5140905  
-9.808235081  
3.864246845  
14.58555644  
19.50951697  
17.64230333  
10.00448639  
-0.86108883  
-11.83450972  
-20.25742027  
-24.68925885  
-25.13614207  
-22.72962415  
-19.04989894  
-15.41083449  
-12.40466179  
-9.860689637  
-7.174831284  
-3.807195522  
0.3099959976  
4.644729536  
8.260434542  
10.22172817  
10.00854814  
7.747196749  
4.16424398  
0.3014349932  
-2.868673132  
-4.757378511  
-5.285478662  
-4.796156811  
-3.8251241  
-2.847114159  
-2.108180258  
-1.597817057  
-1.147401891  
-0.5919697548  
0.08249794809  
0.6661257334  
0.7535095466  
-0.1332070604  
-2.357859122  
-5.968774209  
-10.54263659  
-15.13957891  
-18.42440904  
-18.97188267  
-15.70920593  
-8.375185851  
2.174974046  
13.98032972  
24.37673417  
30.72438633  
31.24553637  
25.67253177  
15.43580639  
3.271647468  
-7.649378553  
-14.77126944  
-16.98521535  
-14.92189094  
-10.58916989  
-6.506032042  
-4.690147081  
-5.911164711  
-9.499349043  
-13.75292582  
-16.72989684  
-17.05663501  
-14.40401011  
-9.457750807  
-3.455351434  
2.442194635  
7.621191802  
12.11295868  
16.31230194  
20.5119499  
24.5391102  
27.7154452  
29.17755374  
28.38880265  
25.55526826  
21.69267685  
18.26441548  
16.53537245  
16.9478933  
18.8369268  
20.65199163  
20.61179174  
17.50280625  
11.25260352  
3.004935572  
-5.346829938  
-11.9579929  
-15.79865912  
-17.04108941  
-16.9030007  
-17.03690847  
-18.7621852  
-22.49680495  
-27.63454777  
-32.89061416  
-36.91413007  
-38.85193507  
-38.59340599  
-36.60518009  
-33.48098836  
-29.47763631  
-24.30836819  
-17.32379286  
-7.998471859  
3.52981823  
16.16678722  
28.00571872  
36.89238853  
41.18480902  
40.37429964  
35.28142461  
27.72327569  
19.78327138  
12.99437022  
7.789332834  
3.458404992  
-1.363992499  
-7.890602569  
-16.39779215  
-25.8099014  
-33.84792953  
-37.71575629  
-35.08522863  
-25.02393072  
-8.524843199  
11.56412445  
31.20739406  
46.24318661  
