84.49869151  
87.78340835  
80.60439165  
63.10587468  
37.42165705  
7.709018423  
-20.60592295  
-42.28851527  
-53.95841179  
-55.23255352  
-48.76352979  
-39.05198493  
-30.49403774  
-25.53034899  
-23.770262  
-22.53609136  
-18.59466941  
-10.24238848  
1.310882115  
12.02297424  
16.64479045  
11.20884147  
-4.768974736  
-27.4608617  
-49.77260366  
-63.91717235  
-64.45311208  
-50.47759555  
-26.00895702  
1.619538537  
24.66133405  
37.90146481  
40.39504164  
35.30879852  
28.02657357  
23.43722618  
23.64906316  
27.13517827  
29.6365046  
26.35084135  
14.3790168  
-5.678897245  
-29.66863712  
-51.35876596  
-64.77558509  
-66.38737867  
-56.2503338  
-37.72528679  
-16.00348661  
3.845024118  
18.46059054  
26.83397605  
29.89394769  
29.41873541  
26.90252315  
22.94071305  
17.3669247  
9.957036403  
1.22167171  
-7.224847329  
-12.99604459  
-13.86275766  
-8.84494652  
1.089809308  
13.12368249  
23.52543001  
29.07492083  
28.37717647  
22.48843574  
14.55854694  
8.612878514  
7.963604875  
13.89553745  
25.14624795  
38.3603748  
49.29610978  
54.27543322  
51.31822421  
40.58487761  
24.07486481  
4.829354149  
-13.96774708  
-29.6500096  
-40.35375854  
-45.01464547  
-43.28639449  
-35.55608634  
-23.07207468  
-8.029406959  
6.6103661  
17.69244571  
22.74455479  
20.84026143  
13.04467008  
2.154587108  
-8.259444303  
-15.16397598  
-17.17541421  
-14.96985588  
-10.78649332  
-7.24399023  
-6.029938793  
-7.104187075  
-8.820323054  
-8.919278249  
-5.901047752  
-0.06351606315  
6.3657501  
10.14118697  
8.558635887  
0.9074569675  
-10.93457029  
-23.1281156  
-31.49566254  
-33.40716564  
-29.02643411  
-21.28665859  
-14.55705454  
-12.5963237  
-16.75358708  
-25.28507409  
-34.13809405  
-38.85438628  
-36.69884792  
-27.99592101  
-16.02023871  
-5.472043101  
-0.2448144614  
-1.53814507  
-7.215187065  
-12.72406002  
-13.17193007  
-5.604066675  
9.549932281  
28.51143664  
45.63882829  
55.68526813  
55.8319804  
46.64269687  
31.6034219  
15.54685083  
2.71865497  
-4.671295098  
-6.866337734  
-5.910870602  
-4.360934826  
-4.011267658  
-5.192085299  
-6.854202419  
-7.275722883  
-4.976072948  
0.5947734485  
8.839901718  
18.26079972  
26.95870969  
33.13968048  
35.46217044  
33.20886833  
26.36192368  
15.65624817  
2.602795777  
-10.61365455  
-21.46913426  
-27.68263628  
-27.90697479  
-22.26660813  
-12.47523444  
-1.404559326  
7.794518212  
12.70684644  
12.41130183  
7.685919594  
0.5969615706  
-6.33226885  
-11.01466428  
-12.40487873  
-10.63156721  
-6.697662878  
-1.965177663  
2.317886834  
5.28316149  
6.4904736  
5.870709055  
3.688780746  
0.569617033  
-2.487874185  
-4.241132449  
-3.55528097  
0.09546950304  
6.199879029  
13.12828605  
18.56005038  
20.34298424  
17.45530453  
10.61939807  
2.214058239  
-4.570728053  
-7.027621622  
-4.114586131  
3.027668517  
11.49925724  
17.84693263  
19.51505483  
15.87193147  
8.333739825  
-0.4593889295  
-7.996579961  
-13.09710882  
-16.35194005  
-19.58254962  
-24.59709165  
-31.89556743  
-40.02258055  
-45.95612283  
-46.40446223  
-39.41463463  
-25.51311113  
-7.799198451  
9.100148963  
20.76549525  
24.6364624  
20.85327848  
11.95478964  
1.640433785  
-6.776006109  
-11.49635724  
-12.49003864  
-10.88292218  
-7.935633071  
-4.237887446  
0.4280877916  
6.521782595  
13.87613451  
21.13278486  
25.94441778  
25.98231271  
20.29946954  
10.31644463  
-0.2103833395  
-6.428083589  
-4.419669739  
6.842985468  
24.56947526  
42.80474842  
54.54379014  
54.50816654  
41.43180039  
18.850684  
-6.008953302  
-24.85557553  
-31.43824972  
-23.89405228  
-5.411055591  
17.02294939  
35.24288488  
42.83716104  
37.25924669  
20.39103708  
-2.511127302  
-24.92477784  
-41.31713675  
-48.70242251  
-47.04451211  
-38.57686938  
-26.52336557  
-13.85243484  
-2.548559607  
6.448180334  
12.82118777  
16.35261108  
16.64170606  
13.21549618  
5.927659779  
-4.626356749  
-16.96108253  
-28.96168022  
-38.48214468  
-44.03764943  
-45.29132708  
-43.12271255  
-39.24139828  
-35.49693258  
-33.15215975  
-32.39066912  
-32.23296411  
-30.88316781  
-26.38486401  
-17.37130482  
-3.676096069  
13.38574141  
31.16648901  
46.25238184  
55.32399868  
56.08990027  
48.02430428  
32.65637703  
13.26390751  
-6.000379436  
-21.31759508  
-30.35866901  
-32.96745301  
-31.08042606  
-27.8596954  
-26.33069395  
-28.04539898  
-32.327017  
-36.45307351  
-36.76084261  
-30.26115231  
-16.09811699  
3.785716262  
25.11260709  
42.72804791  
52.48447394  
52.78005327  
45.109351  
33.39670607  
22.40366022  
15.89541844  
15.34202724  
19.67097961  
26.10362864  
31.61931732  
34.32998268  
34.13198609  
32.38505007  
30.86174708  
30.56838619  
31.08609908  
30.79402833  
27.86300753  
21.48672992  
12.66627553  
4.06890494  
-1.056674006  
-0.4321354125  
5.980896322  
15.65142167  
24.32399137  
27.71797156  
23.34384799  
11.62470415  
-4.181677054  
-19.22360945  
-28.90545003  
-30.54453955  
-24.16321294  
-12.17189363  
1.791953161  
14.26492105  
22.97548751  
27.13567953  
27.07612629  
23.60716499  
17.54927559  
9.67013601  
0.9377729429  
-7.244842706  
-13.1654699  
-15.38873162  
-13.55822488  
-8.934309719  
-4.228543523  
-2.624989887  
-6.335489521  
-15.37106897  
-27.21094051  
-37.67579985  
-42.72038265  
-40.3525489  
-31.73864628  
-20.88056663  
-12.91738841  
-11.79431541  
-18.40048224  
-30.10149732  
-41.94359121  
-48.98891214  
-48.66503287  
-41.97498365  
-32.95504947  
-26.62972528  
-26.46805967  
-32.60968548  
-41.75677101  
-48.79816218  
-49.35779687  
-41.98500444  
-28.87788436  
-14.77043193  
-4.548540548  
-0.8120301583  
-2.633464567  
-6.153318378  
-6.708729164  
-1.397047133  
9.259669225  
21.43135581  
29.84958103  
30.49636866  
22.74654317  
9.862889779  
-2.425437148  
-8.560723464  
-5.697118142  
5.110804687  
19.62648393  
32.63776669  
40.48573002  
42.61704798  
41.40423261  
40.40659761  
42.07091881  
46.15463721  
49.75409871  
48.94310936  
41.14386249  
26.93167907  
10.24725971  
-3.183938522  
-8.476880304  
-3.938692014  
8.057746682  
22.13994991  
32.41512349  
35.12015266  
30.1278167  
20.60543484  
11.08821562  
5.042267169  
3.222165031  
3.656889524  
3.187333819  
-0.3819523197  
-6.788138294  
-13.36987469  
-16.69125872  
-14.82155615  
-8.92774488  
-3.143551915  
-2.593299596  
-10.49275282  
-25.85666556  
-43.15635553  
-54.34169014  
-52.42552736  
-34.94847834  
-5.580861514  
27.05335869  
52.91015758  
64.81499775  
61.48252312  
47.81048321  
32.29512639  
22.81629594  
22.84218821  
29.89982007  
37.04023737  
36.54776087  
24.0343502  
0.875804683  
-26.22351754  
-48.31953296  
-58.43855995  
-54.82710695  
-41.64976701  
-26.81803982  
-18.05405398  
-19.15252017  
-28.28053149  
-39.1220675  
-44.2533508  
-39.03802144  
-24.09530061  
-5.122959901  
9.823195277  
14.24166854  
6.369360501  
-9.903483447  
-26.80914132  
-36.29028745  
-33.67750075  
-19.73465395  
-0.1733210861  
17.049993  
25.32425662  
22.18874318  
10.13437197  
-4.826531697  
-16.02029137  
-19.01823469  
-13.30519731  
-2.103047188  
9.373212028  
16.28819164  
16.09353409  
9.235528436  
-1.433835326  
-12.06290082  
-19.29051571  
-21.22038084  
-17.6591321  
-9.782531885  
0.4186221796  
10.62335797  
18.5217096  
22.12578279  
20.18902447  
12.720728  
1.37169628  
-10.63664061  
-19.25230816  
-20.90676978  
-13.95832521  
0.3627771698  
18.02099752  
33.37282885  
41.11068673  
38.20529481  
25.059343  
5.405306902  
-14.9877385  
-30.24218108  
-36.15594433  
-31.20323801  
-16.52139588  
4.885633879  
29.21541461  
52.71302857  
72.07082077  
