74.18626505  
71.97574545  
60.17785254  
40.03759526  
14.30144389  
-13.07635839  
-37.50852808  
-54.60226052  
-61.11179104  
-55.79598323  
-39.92173584  
-17.19921431  
6.931449663  
26.55462956  
36.78177635  
35.09200038  
22.10029492  
1.476870379  
-21.02002531  
-39.15984812  
-48.04130013  
-45.52666507  
-32.84262651  
-14.13406118  
4.902237923  
18.85991008  
24.32328448  
20.8462337  
10.88232265  
-1.283673192  
-11.18702786  
-15.78935098  
-14.44094639  
-8.862052309  
-2.199215633  
2.42020006  
3.222697956  
0.4646102677  
-3.806874185  
-6.770971672  
-6.164908401  
-1.345038782  
6.375675506  
14.24009472  
19.16540624  
18.96916779  
13.17771363  
3.097555353  
-8.829220378  
-20.04835614  
-28.80933328  
-34.56893709  
-37.74722127  
-39.0251094  
-38.59885338  
-35.8226136  
-29.47152722  
-18.53391557  
-3.150259232  
14.80147065  
31.85226164  
43.8849701  
47.56738116  
41.71259177  
27.97933277  
10.55910468  
-5.105200143  
-14.12715403  
-13.841907  
-4.700135537  
9.943431537  
25.05355936  
35.67395063  
38.56028022  
33.10580209  
21.2824663  
6.713687993  
-6.688805723  
-15.97481125  
-19.85731615  
-18.70898291  
-14.00197142  
-7.539455262  
-0.8423596983  
5.097333952  
9.71558316  
12.62958933  
13.49430115  
12.10423252  
8.689428784  
4.187013926  
0.2287373112  
-1.294415241  
1.00005352  
7.198977952  
15.68926447  
23.43070649  
26.92171696  
23.54624317  
12.76707865  
-3.366057929  
-20.67974676  
-34.20164417  
-39.86452406  
-35.92744809  
-23.55366058  
-6.329985918  
11.0511317  
24.39135273  
31.22942791  
31.28805621  
26.06398172  
17.87700384  
8.88934806  
0.5397328716  
-6.444510746  
-11.6307159  
-14.44620339  
-14.08842051  
-9.900850237  
-2.011662935  
8.184527083  
18.09828701  
24.69585181  
25.67086504  
20.49097859  
10.75364754  
-0.4242606888  
-9.78113951  
-15.42380036  
-17.71391332  
-19.01224528  
-22.31215935  
-29.38106314  
-39.35445511  
-48.59684527  
-52.0802433  
-45.77919262  
-29.00446035  
-5.49969907  
17.40019263  
31.39045386  
30.57927239  
14.16997499  
-12.80988836  
-41.17943653  
-61.06927562  
-65.75161892  
-54.20603003  
-31.32050693  
-5.662016216  
14.18052304  
23.06101221  
21.05065499  
12.82164923  
5.040219426  
3.056677572  
8.448579213  
18.51037129  
27.82597747  
31.07480711  
25.67501278  
13.00658118  
-2.308492769  
-14.6356262  
-19.92599112  
-17.41920286  
-9.683286217  
-1.076239963  
4.516189064  
5.502299643  
3.087695021  
0.2992049831  
0.1335827534  
3.85832687  
10.36200943  
16.85816263  
20.50729516  
20.03376301  
16.4312786  
12.36109833  
10.57403646  
12.24019336  
16.1475589  
19.27984273  
18.53573772  
12.69939583  
3.570319474  
-4.464048461  
-6.348889728  
1.083101594  
17.17882225  
37.18716441  
53.9138115  
60.65453969  
54.10554584  
35.91043238  
12.1063609  
-9.306153803  
-21.58629328  
-21.83784041  
-11.85205029  
3.062788408  
16.60633213  
24.12914512  
24.19421367  
18.46562014  
10.18910243  
2.196107836  
-4.481537089  
-10.7106533  
-18.13581156  
-27.57728708  
-37.93761888  
-46.31026164  
-49.30521957  
-44.91080521  
-33.87234106  
-19.7745545  
-7.666572055  
-1.83274534  
-3.790184254  
-11.52949657  
-20.42749217  
-25.43812118  
-23.52300423  
-15.14367285  
-4.079739504  
4.353254839  
5.835510233  
-0.8882043747  
-13.38410675  
-26.62627243  
-35.26298434  
-35.9565412  
-28.69866207  
-16.53557667  
-3.923264247  
5.417164068  
10.07898153  
11.25715011  
11.70070917  
13.96087437  
18.88983764  
25.16793513  
30.06569117  
30.9893046  
26.95380191  
19.18446422  
10.52292883  
3.956727033  
1.059616014  
1.182357947  
1.841466168  
0.1233339061  
-5.620461182  
-14.6799059  
-24.09615038  
-29.96644799  
-29.32243725  
-21.65263515  
-9.298802091  
3.496353219  
12.44909048  
15.11280927  
11.87573062  
5.61201051  
0.1793431465  
-1.485327469  
1.263364173  
6.599499837  
11.29879029  
12.50583011  
9.30089249  
3.277153024  
-2.168054967  
-3.491354458  
1.191654746  
11.0320899  
22.63613875  
31.45276951  
33.73821748  
28.21276209  
16.6719758  
3.292856662  
-7.048439883  
-10.71624214  
-6.706111487  
3.04663195  
14.49564603  
23.0454107  
25.19427421  
19.65058005  
7.591657495  
-7.901562293  
-22.91772394  
-33.87281192  
-38.40285307  
-35.81678156  
-27.10838709  
-14.62566818  
-1.512990871  
8.98143029  
14.2492913  
12.99978718  
5.702105828  
-5.390866834  
-16.74875149  
-24.54611127  
-25.8655776  
-19.72251854  
-7.512345008  
7.345146445  
20.4962663  
28.11385508  
28.19457229  
21.20150682  
9.806409935  
-2.162776524  
-11.15259184  
-15.1362329  
-14.21707055  
-10.38539131  
-6.568803509  
-5.381666063  
-8.066921572  
-14.01284834  
-20.97999947  
-25.89972337  
-25.91673495  
-19.30592128  
-5.990573676  
12.43378571  
33.0945401  
52.47788567  
67.11535137  
