23.05266601  
16.75005681  
6.649877574  
-5.761719444  
-18.73055487  
-30.56942263  
-39.79543497  
-45.16053723  
-45.73095191  
-41.10979604  
-31.75105334  
-19.17591603  
-5.870206101  
5.248790756  
11.69690078  
12.3159694  
7.807638349  
0.6204363987  
-5.842677697  
-8.429810636  
-5.390547992  
2.99776202  
14.58568067  
26.21477064  
34.91191232  
38.90756709  
38.07108343  
33.63766353  
27.42888102  
20.98417299  
15.02485699  
9.469709021  
3.919471745  
-1.718015132  
-6.854381544  
-10.34308196  
-11.05788596  
-8.619178306  
-3.849455292  
1.347834899  
4.704891485  
4.601955774  
0.8896656556  
-4.91376498  
-10.2101278  
-12.47763458  
-10.48627554  
-4.997607201  
1.416695615  
5.410853958  
4.330595799  
-2.531617827  
-13.46080017  
-24.85993054  
-32.60054574  
-33.62286283  
-27.11925774  
-14.82174351  
-0.3042540494  
12.37489466  
20.11062933  
21.69812222  
17.97170059  
11.1840981  
3.98325178  
-1.540067405  
-4.367738604  
-4.524835795  
-2.664012685  
0.4299466766  
4.140356974  
8.021192077  
11.60385433  
14.23060363  
15.10816684  
13.62068473  
9.751380921  
4.352848984  
-0.9555507143  
-4.308124521  
-4.350771752  
-0.9014321273  
4.817202497  
10.53014811  
13.74134321  
12.70924893  
7.153278914  
-1.611797064  
-11.16539471  
-18.87510437  
-22.81043767  
-22.30808767  
-18.00169632  
-11.38195809  
-4.150226995  
2.319123107  
7.202158397  
10.12883158  
10.93890906  
9.522031467  
5.886373212  
0.4198392817  
-5.856704724  
-11.29311502  
-14.00916282  
-12.60926815  
-6.918161742  
1.643929031  
10.32181964  
15.92794418  
16.08014068  
10.26397775  
0.2252190617  
-10.55089284  
-18.13083535  
-19.69966524  
-14.75456464  
-5.400247998  
4.418027513  
10.46305623  
9.915993669  
2.54642284  
-9.147172687  
-20.89612921  
-28.33955547  
-28.74972627  
-22.11755472  
-11.17252803  
-0.3372683699  
5.968716806  
5.021039179  
-3.156561901  
-15.75553915  
-28.1535431  
-35.52285954  
-34.49688042  
-24.32191315  
-7.123405512  
12.77198658  
30.20622461  
40.79001995  
42.21975375  
34.90749473  
21.74811284  
7.120898789  
-4.539905217  
-10.13925538  
-8.828573967  
-2.133444799  
6.731064682  
14.11149732  
17.28522008  
15.44926133  
9.962120679  
3.746447268  
0.08114675067  
1.25390274  
7.608627515  
17.37232751  
27.33550322  
34.1126601  
35.4695969  
31.1755421  
23.03718713  
14.1149029  
7.462917741  
4.926897792  
6.492501432  
10.42794671  
14.11646817  
15.18590775  
12.43948397  
6.210874457  
-1.953821452  
-10.0806817  
-16.62334104  
-20.9999736  
-23.60843051  
-25.38193763  
-27.16010928  
-29.21033554  
-31.1231477  
-32.09043033  
-31.37324203  
-28.68160269  
-24.2602107  
-18.65676345  
-12.33965982  
-5.423108916  
2.302506372  
11.01845279  
20.3914013  
29.25447181  
35.70863325  
37.70171916  
33.88968264  
24.40570672  
11.15308341  
-2.582863488  
-13.11789282  
-17.5895844  
-14.93739054  
-6.251169034  
5.642618108  
17.17426112  
25.19413603  
27.85567519  
24.92191987  
17.46851663  
7.210032921  
-4.198734395  
-15.58541897  
-26.28932137  
-35.89527023  
-43.90716213  
-49.59357432  
-52.11023889  
-50.829398  
-45.68230082  
-37.31199376  
-26.93970602  
-16.00491016  
-5.759133055  
2.990249039  
9.882973685  
14.80111036  
17.62039868  
18.10218924  
16.01907633  
11.45539226  
5.096747413  
-1.702633357  
-7.189236735  
-9.756058186  
-8.544601129  
-3.824760425  
3.042825252  
10.07001413  
15.33807099  
17.62637085  
16.7094683  
13.22749035  
8.24715073  
2.774346755  
-2.520258931  
-7.245989774  
-10.99993573  
-13.08786367  
-12.518592  
-8.379973755  
-0.4633356043  
10.19556391  
21.22746811  
29.49143315  
32.17512943  
28.01610098  
18.08675478  
5.705491459  
-4.61456879  
-8.835613407  
-5.024254081  
5.759805373  
19.74055466  
31.81010675  
37.48271918  
34.61940203  
24.20765316  
9.878474915  
-3.618161485  
-12.31810019  
-14.52009681  
-11.23685105  
-5.486985688  
-0.802461945  
0.3529588815  
-2.438656314  
-7.556845218  
-12.25138686  
-13.9703582  
-11.47366442  
-5.248920613  
2.889208708  
10.74125481  
16.69933046  
20.27990916  
21.99849029  
22.72435689  
22.91671027  
22.18647374  
19.43900465  
13.53355857  
4.113344279  
-7.842978256  
-20.06908911  
-29.68734776  
-34.23505485  
-32.59074594  
-25.39796919  
-14.82122395  
-3.774168511  
5.017582145  
9.722330502  
9.638642103  
4.984103444  
-3.522525179  
-14.97906105  
-28.32774644  
-42.13175761  
-54.34361671  
-62.36868967  
-63.59422754  
-56.29039114  
-40.52901251  
-18.65750282  
5.014533249  
25.34308534  
37.94689475  
40.67604919  
34.35190915  
22.44512127  
9.787036204  
0.8128387124  
-1.968540786  
1.317876223  
8.270709277  
15.42921003  
19.79731059  
20.02566176  
16.78921047  
12.2712487  
9.051236842  
8.921996623  
12.14295679  
17.39855957  
22.40083955  
24.80914683  
