-25.89999323  
-42.12142978  
-61.90074692  
-77.61849352  
-81.99584796  
-71.1600217  
-46.32869354  
-13.43773736  
19.0802022  
43.40440223  
55.04314354  
54.10949854  
44.75068123  
33.08976737  
24.60239381  
21.99900106  
24.39534079  
27.9841764  
27.82462152  
19.97908952  
3.174808286  
-20.57202087  
-46.49977728  
-68.52299228  
-80.98737023  
-80.18496148  
-65.22154713  
-38.0919905  
-3.069936375  
34.32197267  
68.45287517  
94.581041  
109.5538615  
112.1595108  
103.150843  
84.99725912  
61.42894157  
36.8326693  
15.55927658  
1.211302633  
-4.000600617  
0.2770829126  
12.36804147  
28.78169551  
44.84625198  
55.69325755  
57.41100376  
48.09375811  
28.48738602  
1.997356405  
-26.01362548  
-49.50487082  
-63.2867325  
-64.37210386  
-52.75857987  
-31.41626834  
-5.501714414  
18.950718  
36.46629855  
43.30585747  
38.11303436  
21.96042554  
-2.101841857  
-29.79085637  
-56.41940719  
-77.66376333  
-90.20012534  
-92.18507021  
-83.54735001  
-66.03194364  
-42.92871656  
-18.46629496  
3.04390839  
18.11955465  
24.81628052  
23.0181766  
14.23130985  
0.9888565791  
-13.8794123  
-27.83078353  
-38.86820417  
-45.48813895  
-46.50741628  
-41.02463054  
-28.67628949  
-10.136649  
12.40909813  
35.18692846  
53.41706694  
62.54346868  
59.75431952  
45.20849884  
22.3967706  
-2.648109856  
-23.12177069  
-33.59979656  
-31.76813819  
-19.06189368  
0.03138657555  
19.70561622  
34.88931112  
42.79085718  
43.36197635  
38.60007125  
31.12621671  
22.77020299  
13.84190853  
3.39979641  
-9.677728767  
-25.41040081  
-41.92438711  
-55.6190604  
-62.30603908  
-58.8688327  
-44.73313163  
-22.4976403  
2.581941128  
24.09737324  
36.44117237  
36.52160363  
24.68092727  
4.575054308  
-17.86916645  
-36.04486737  
-44.34467266  
-39.53198926  
-21.54852521  
6.361748139  
38.22960447  
66.57587843  
84.09908101  
85.52971076  
69.20732137  
37.88132913  
-1.646704447  
-40.11835085  
-68.30739482  
-79.68346498  
-72.37271412  
-49.70616917  
-19.11268305  
10.29288596  
30.58855264  
37.38727123  
30.86096361  
15.18794278  
-3.238814007  
-18.08678794  
-25.002458  
-22.59194084  
-12.32580634  
2.3535711  
17.23575508  
28.42393087  
33.08232655  
29.8709194  
19.18506351  
3.247200329  
-14.05767643  
-27.79934858  
-33.17158073  
-27.03621706  
-9.340333777  
16.25525733  
43.04387192  
63.26940945  
70.86822883  
63.91499229  
45.68828929  
23.73771688  
7.148501898  
3.01375821  
13.55429288  
35.13108478  
59.63034187  
77.6798364  
82.3435466  
71.71980475  
49.35250799  
22.34702823  
-1.891553314  
-18.78243196  
-28.14928753  
-33.6099785  
-40.17178972  
-51.26125353  
-66.64702829  
-82.24771073  
-91.88985449  
-90.1507922  
-74.93127462  
-48.57231748  
-17.05785375  
12.24869818  
33.23625405  
42.86509114  
41.47750718  
31.69067097  
16.63851064  
-1.437517761  
-21.54979387  
-43.23007224  
-65.29050227  
-84.95792598  
-98.05084731  
-100.2804498  
-89.11338011  
-65.27377287  
-33.08195952  
0.6376327969  
28.66889181  
45.65159165  
49.54198503  
41.76694499  
26.17822126  
7.43361054  
-10.40512648  
-24.52016682  
-33.19374646  
-35.29091971  
-29.94564371  
-16.8093906  
3.232507303  
27.38494481  
50.92937649  
68.21548254  
74.45829474  
67.62757596  
49.52496842  
25.41640204  
2.220160867  
-14.05809701  
-20.54890157  
-18.41447395  
-12.01294475  
-6.71937323  
-6.408737411  
-11.74842114  
-20.04904181  
-26.67661487  
-27.30372923  
-19.91938306  
-5.686239446  
11.66818468  
27.53085011  
38.28294684  
42.49541656  
40.97825749  
35.83878031  
29.1886437  
22.24359179  
15.25373154  
8.172328206  
1.519757782  
-3.215925549  
-4.0197768  
0.5160444927  
9.983771593  
21.64078308  
31.05626225  
33.81065269  
27.54196603  
13.35299913  
-4.200779683  
-18.70636523  
-24.4878121  
-19.10272717  
-4.618363505  
12.95927151  
25.93398896  
27.94226626  
16.50637154  
-5.920954098  
-32.81590474  
-55.95133494  
-68.29348861  
-66.30468059  
-50.85577458  
-26.56703779  
-0.009142986447  
22.44710946  
36.35604657  
40.0335454  
34.46376833  
22.56408139  
8.210137416  
-4.669263882  
-12.80247856  
-14.10897572  
-8.096731852  
3.921646599  
18.93430065  
32.80402826  
41.32117435  
41.52010129  
32.83675636  
17.62972299  
0.7444422794  
-11.86833231  
-15.09092879  
-6.489056928  
12.59362906  
37.12615112  
59.69194435  
72.6096905  
70.20777529  
50.54841491  
16.09023294  
-26.87823203  
-69.8370551  
-104.1896305  
-123.3774045  
-124.4049668  
-108.406345  
-80.1460315  
-46.62272549  
-15.1785125  
8.35430307  
20.94511887  
22.73664123  
16.425007  
5.904739719  
-5.305343052  
-15.25756107  
-23.93788226  
-32.67464481  
-42.87431109  
-54.66660209  
-66.11200856  
-73.40896067  
-72.1203757  
-58.98374968  
-33.57532485  
0.8955568916  
38.07672975  
70.16319196  
90.22573101  
94.35343075  
82.84758818  
60.0577394  
32.94852139  
8.928959327  
-6.305712045  
-10.23141921  
-3.864282598  
8.953930409  
23.01049284  
33.39820418  
36.91143023  
32.81622664  
22.86953107  
10.66207188  
0.5046388918  
-3.847793591  
-0.3180977061  
10.81149649  
26.86018985  
43.41103588  
55.54080972  
59.29329329  
52.94796854  
37.65122144  
17.15355028  
-3.310571974  
-18.64911218  
-25.49470648  
-23.18959531  
-13.83711884  
-1.433934036  
9.558350475  
15.64660257  
15.22576317  
8.707870447  
-2.071601544  
-14.8151313  
-27.62482307  
-39.4025073  
-49.68813461  
-58.12347174  
-63.90922003  
-65.61246007  
-61.49555568  
-50.26423587  
-31.90564794  
-8.210944027  
17.31496446  
40.2058946  
56.22487922  
62.57967613  
58.72889442  
46.49326052  
29.44148275  
11.78311246  
-2.837987386  
-12.24126664  
-16.03110078  
-15.3031602  
-11.92487578  
-7.721864602  
-3.90436871  
-0.9383424418  
1.147134178  
2.228065452  
1.65115258  
-1.815596701  
-9.536405314  
-22.19999596  
-39.00076184  
-57.23523567  
-72.62880419  
-80.43060783  
-76.97560237  
-61.15809511  
-35.21080163  
-4.390529091  
24.43312754  
44.85257636  
52.9364281  
48.44554885  
34.79845882  
17.80801001  
3.678713197  
-2.981975191  
-0.4314228793  
10.03635498  
24.93167492  
39.95876459  
51.34940386  
56.67664274  
55.01158189  
46.61877927  
32.55468959  
14.46254603  
-5.38671383  
-24.02378691  
-38.00516972  
-44.13025667  
-40.53902971  
-27.75496143  
-9.100992566  
9.919819825  
23.25983144  
26.45814919  
18.42395047  
2.068434935  
-16.59047594  
-30.58599848  
-34.59091389  
-26.88604883  
-9.902919557  
10.85328455  
28.99673184  
39.60238099  
40.71720722  
33.49797244  
21.0970016  
6.98669223  
-6.394392323  
-18.04991537  
-27.83627994  
-35.39343899  
-39.38299211  
-37.64061669  
-28.30530836  
-11.37517629  
10.21800528  
30.79930141  
43.62183689  
43.47821441  
29.14720275  
4.50211741  
-22.397144  
-42.0407505  
-47.00995237  
-34.87739357  
-9.234969459  
21.61933201  
47.82131833  
61.62636282  
60.15202093  
46.11346574  
26.35379514  
8.879165865  
-0.3265683544  
0.5638646478  
8.881998528  
18.88123332  
24.18570713  
20.23599653  
5.839738449  
-16.59142885  
-41.99089532  
-64.2626186  
-77.97632881  
-79.67821016  
-68.61329768  
-46.85770783  
-18.92879393  
9.076066311  
30.76974426  
41.05936883  
37.69993632  
22.31442133  
0.3605771129  
-20.22528302  
-31.49778111  
-28.34373086  
-10.63390603  
16.27988  
43.13748409  
60.00805093  
60.04097797  
42.25062311  
12.14435789  
-20.17424091  
-43.75945041  
-50.96656506  
-40.31298538  
-16.89067508  
9.823571827  
29.82585577  
36.48671626  
28.88243763  
11.64549579  
-7.49207528  
-21.3034419  
-26.20388187  
-23.56493913  
-18.69828788  
-18.04698985  
