85.82070784  
59.72362171  
21.7444886  
-17.60284514  
-47.60825467  
-60.96391005  
-55.95640112  
-36.56637611  
-10.63346182  
13.05944951  
27.63882226  
29.96719477  
20.99375779  
4.773254762  
-13.27117333  
-28.13212043  
-36.4914795  
-37.23682425  
-31.28122295  
-20.9372099  
-9.130448377  
1.330643372  
8.314875216  
10.71382501  
8.558655219  
2.903452604  
-4.504089437  
-11.69378938  
-16.96023041  
-19.22255184  
-18.15715958  
-14.0999607  
-7.814959241  
-0.2728968509  
7.455793467  
14.19650294  
18.66589039  
19.61485535  
16.18968541  
8.421509093  
-2.401885316  
-13.77244003  
-22.57153923  
-26.15160197  
-23.50172994  
-15.95821136  
-7.018605354  
-1.160343485  
-2.024879793  
-10.6888114  
-24.81489022  
-39.18068318  
-47.51993367  
-45.01593973  
-30.43438735  
-6.958162938  
18.71423352  
38.72300909  
46.93999704  
41.23482994  
24.19810583  
2.053067576  
-17.75297162  
-29.25380275  
-29.86950862  
-20.8230802  
-6.066121911  
9.64885014  
22.6111489  
31.12967348  
35.37737031  
36.42642576  
35.16830745  
31.78365701  
26.03237638  
18.10175056  
9.376479099  
2.495752378  
0.4508637003  
5.053172107  
15.55385692  
28.25702676  
37.56520631  
38.19834816  
27.67613654  
7.890011473  
-15.11030689  
-33.22894482  
-39.56023012  
-31.38292582  
-11.5556885  
12.39891037  
31.22746762  
37.68448406  
29.46991703  
10.08293578  
-12.77826734  
-30.55078335  
-37.38745318  
-32.40471893  
-19.64856357  
-5.88564101  
2.683642625  
3.22909206  
-2.67481783  
-10.19734441  
-13.94480486  
-10.83393717  
-1.721125354  
9.00563714  
15.65576427  
14.17131174  
4.304177033  
-10.06193169  
-22.63567815  
-27.67436654  
-22.74363399  
-9.929665265  
5.109049382  
15.82061348  
17.89143356  
11.31667549  
0.3885315265  
-8.424227414  
-9.710753709  
-1.914354398  
11.68150495  
24.30989612  
28.84206845  
21.24180063  
2.726777342  
-20.42145326  
-39.38811741  
-46.6063769  
-39.10901666  
-19.94321996  
3.003885308  
20.27299353  
24.77697118  
14.72179471  
-5.726777665  
-28.26505757  
-43.92569615  
-46.69657081  
-35.78099116  
-15.64237351  
6.048835322  
21.58702496  
26.15764445  
19.37376158  
4.957890494  
-11.09079211  
-22.93387628  
-26.90688612  
-22.4075856  
-11.53171729  
2.143136464  
14.96650794  
24.24042225  
28.60592808  
27.89571883  
22.76830936  
14.42155562  
4.490556258  
-4.98415689  
-11.73460947  
-13.72523772  
-9.822225252  
-0.392561143  
12.5118121  
25.59473035  
35.31162806  
39.06355908  
36.09561088  
27.700919  
16.62637929  
5.933182359  
-2.187428749  
-7.127709662  
-9.815206957  
-11.96896944  
-15.04359703  
-19.37328864  
-23.91334804  
-26.6821119  
-25.67809137  
-19.84078323  
-9.626971356  
3.029837154  
15.32769141  
24.49284139  
28.60539731  
27.07934458  
20.70535366  
11.34303649  
1.43856205  
-6.474998939  
-10.2204371  
-8.360451439  
-0.5299646498  
12.33232843  
27.96796521  
43.11866455  
54.21048849  
58.26643069  
53.75972338  
41.07713272  
22.37783495  
0.8768874495  
-20.15817557  
-38.26859163  
-52.16002717  
-61.4455273  
-65.99487491  
-65.33528743  
-58.53988183  
-44.78054476  
-24.32644676  
0.5557171037  
25.4128981  
44.47815385  
52.45803172  
46.58519654  
28.03769914  
1.985626324  
-23.93617669  
-42.23979651  
-48.26235116  
-41.79264857  
-26.93149597  
-10.22018318  
2.164027058  
6.920175512  
4.739079347  
-0.4552205929  
-3.758487018  
-1.960886032  
4.635938158  
12.1528875  
14.90562135  
8.239741273  
-8.866700266  
-32.66527338  
-55.57305771  
-68.88423712  
-66.17519465  
-46.00149522  
-12.76909803  
24.59021903  
55.62287895  
71.87691638  
69.63260458  
50.90165603  
22.46004132  
-6.593459797  
-27.79885617  
-35.80388816  
-29.63424467  
-12.54930564  
9.271012193  
28.6851017  
39.61257877  
38.64163206  
25.90639753  
5.077623985  
-17.54765501  
-34.71565014  
-40.31121457  
-31.35320198  
-9.260505108  
20.14818007  
48.12650825  
65.64424114  
66.40541333  
49.1794927  
18.51675085  
-16.54703414  
-45.43547661  
-59.59270072  
-55.33783837  
-34.93215405  
-5.476373817  
23.87653253  
45.24273828  
54.53849178  
52.28714081  
42.544349  
30.59071843  
20.51920685  
13.79100295  
9.295739381  
4.70347715  
-1.704785104  
-9.714540682  
-17.03554459  
-20.38370615  
-17.2108031  
-7.195763329  
7.247254633  
21.68719252  
31.26418223  
32.39769948  
23.86295476  
6.851516269  
-15.83834633  
-40.93091275  
-65.49631541  
-87.12156154  
-103.5444964  
-112.2385182  
-110.4968396  
-96.26383472  
-69.45382303  
-33.06865813  
6.661860382  
41.54136242  
63.84142397  
69.03565634  
57.66258705  
35.38903975  
11.06176072  
-6.578118398  
-12.19792735  
-5.790432838  
7.648409597  
20.57330046  
26.42164169  
22.66976322  
12.04521086  
1.327521348  
-1.76366463  
7.761380389  
29.55351161  
57.54991216  
82.04890306  
93.40344951  
