57.82606389  
50.34248895  
33.256036  
10.13126701  
-13.82668432  
-33.44047345  
-45.15911104  
-48.01637609  
-43.63956515  
-35.37195963  
-26.90339037  
-20.962395  
-18.55314801  
-18.96232651  
-20.43127887  
-21.12900064  
-19.97581299  
-16.98099654  
-13.00807644  
-9.149562251  
-6.05933041  
-3.585536211  
-0.8823083148  
3.064842834  
8.768359835  
15.76460645  
22.587742  
27.23548067  
27.94112897  
23.92216288  
15.77905658  
5.367277542  
-4.810444904  
-12.44412075  
-16.15233471  
-15.83458585  
-12.53226519  
-7.897346634  
-3.518434366  
-0.3879040802  
1.295957451  
1.961815199  
2.264010802  
2.664304643  
3.194223795  
3.487689741  
3.035068102  
1.507054131  
-1.024300777  
-4.075993054  
-6.951261941  
-9.034868988  
-10.03308469  
-10.03985938  
-9.404598935  
-8.482860611  
-7.413720337  
-6.055788035  
-4.130091525  
-1.503790063  
1.541310616  
4.227147981  
5.483872033  
4.404177252  
0.7728565609  
-4.578387017  
-9.807814037  
-12.56824108  
-10.85576483  
-3.902498412  
7.257965368  
19.84502628  
30.08284738  
34.45067245  
31.00442547  
20.26351932  
5.274443329  
-9.250924945  
-18.47311122  
-19.10983369  
-10.65051547  
4.367902308  
21.15264335  
34.24318769  
39.32213388  
34.59506016  
21.26097774  
2.954003147  
-15.57011855  
-29.96469832  
-37.47150489  
-37.38434207  
-30.76810906  
-19.71416244  
-6.555963501  
6.608180714  
17.98278644  
25.90342693  
28.74701776  
25.18874009  
14.82917994  
-1.082075725  
-19.28373128  
-34.90505091  
-42.7350421  
-39.03314521  
-23.20456404  
1.420010126  
28.19687391  
49.13704901  
57.60619411  
50.75542871  
30.70203913  
3.918985126  
-21.0103163  
-36.44947526  
-38.40569615  
-27.81903502  
-9.957123435  
7.80965386  
18.9316074  
20.1217093  
12.36636638  
0.1700457479  
-10.57018037  
-15.12429807  
-11.85731008  
-2.772670703  
7.475357351  
13.61795549  
11.97995427  
1.972059951  
-13.67794556  
-29.96825796  
-41.46572058  
-44.21615264  
-37.03829237  
-21.81150658  
-2.76113892  
14.92150834  
26.6260755  
29.5670974  
23.42127596  
10.2678846  
-6.07290719  
-21.0907562  
-30.75910073  
-32.56131681  
-26.12909894  
-13.32420193  
2.285578917  
16.44539824  
25.45365171  
27.24729476  
21.97187333  
11.83010971  
0.2547856293  
-9.293326065  
-14.4529038  
-14.59649781  
-10.76008695  
-4.95395985  
0.8021879112  
5.277947588  
8.327456559  
10.60104043  
12.87957321  
15.41256014  
17.62388308  
18.34715355  
16.47193771  
11.66155816  
4.757000641  
-2.369698765  
-7.478295401  
-8.848797964  
-5.990734389  
0.1484449218  
7.559923081  
13.94985945  
17.55866436  
17.67604457  
14.677771  
9.6536269  
3.877213792  
-1.597764025  
-6.053318375  
-8.973101268  
-9.854798053  
-8.188929937  
-3.69990585  
3.255245043  
11.38986064  
18.56115427  
22.32337631  
20.8140614  
13.60911978  
2.128796951  
-10.66574929  
-21.2366235  
-26.73075389  
-26.01206531  
-20.01626566  
-11.27354952  
-2.818466303  
3.018984703  
5.404067836  
5.04502525  
3.534654268  
2.357888962  
2.081255952  
2.124809729  
1.204731636  
-1.814409998  
-7.12696599  
-13.68618315  
-19.56905131  
-22.82975867  
-22.40804233  
-18.6256344  
-13.01176853  
-7.540957286  
-3.66710567  
-1.643561541  
-0.474350307  
1.478128893  
5.537191963  
11.89209296  
19.33163866  
25.67152818  
28.67272707  
27.01067099  
20.84067191  
11.71351797  
1.915602288  
-6.425398447  
-12.04696129  
-14.78268658  
-15.29747365  
-14.55846956  
-13.37331492  
-12.23171373  
-11.45901158  
-11.4720443  
-12.85241399  
-16.07274502  
-20.96418985  
-26.24913724  
-29.52990769  
-27.95244513  
-19.41581178  
-3.846268473  
16.10505824  
35.42972403  
48.25233189  
49.97264316  
39.21352845  
18.70859411  
-5.357553127  
-25.40855584  
-35.17310488  
-31.94596092  
-17.48816019  
2.80232514  
22.09094794  
34.7451896  
38.31306678  
34.05848813  
25.92154755  
18.46002509  
14.74503283  
15.14750537  
17.49619585  
18.4344209  
15.26062924  
7.353034678  
-3.477883076  
-13.82502437  
-20.25487485  
-20.83042436  
-15.86531396  
-7.592314505  
1.029115283  
7.730618505  
11.85778187  
14.35279566  
16.84236469  
20.33775621  
24.25744073  
26.32994033  
23.4986908  
13.44609234  
-3.978652571  
-26.13799951  
-48.15862637  
-64.50237436  
-70.93623754  
-66.08986855  
-51.95496455  
-33.12590898  
-15.10622792  
-2.377809766  
3.004810668  
1.790933265  
-3.171598876  
-8.333838396  
-10.90244499  
-9.768029153  
-5.605347523  
-0.2309589657  
4.392532621  
7.019067897  
7.493875141  
6.560325108  
5.295780888  
4.520221939  
4.483399116  
4.948110141  
5.557803644  
6.225486767  
7.28363871  
9.283666543  
12.54688485  
16.73239454  
20.71040801  
22.89357988  
21.94474885  
17.56032489  
10.93864214  
4.635810484  
1.761295509  
4.765656453  
14.28996614  
28.57466008  
43.73918853  
54.90981425  
