30.29180246  
32.2094211  
33.89965426  
34.66730858  
33.98335634  
31.67813271  
27.87055314  
22.73495464  
16.31020629  
8.523032599  
-0.550413254  
-10.33536183  
-19.56729903  
-26.45588556  
-29.22428371  
-26.83033395  
-19.54144364  
-9.061212563  
1.90896094  
10.53094167  
14.76639707  
13.99609686  
9.069921211  
1.795289806  
-5.873886151  
-12.56280827  
-17.79536324  
-21.80432297  
-24.98801369  
-27.34085976  
-28.1876229  
-26.38615443  
-20.91802934  
-11.58141058  
0.5632042709  
13.24070202  
23.53042722  
28.75663694  
27.364484  
19.45646816  
6.804774912  
-7.645409428  
-20.59406283  
-29.25627013  
-32.03434266  
-28.83674342  
-21.00500698  
-10.90764819  
-1.320858369  
5.257303441  
7.206699604  
4.16091377  
-2.940407541  
-12.14706339  
-21.06708573  
-27.53713513  
-30.17406223  
-28.62254931  
-23.43108501  
-15.64778807  
-6.351175642  
3.645698338  
13.78028406  
23.46027013  
31.73446655  
37.19372739  
38.28195155  
33.97250997  
24.5220848  
11.88650255  
-0.536176161  
-8.893061089  
-10.29060299  
-4.065003777  
7.688265049  
20.66209776  
29.84591217  
31.43303577  
24.34071033  
10.67740472  
-5.076458458  
-17.84889183  
-23.96057752  
-22.45876108  
-15.23664546  
-5.928020229  
1.874467643  
6.226214842  
7.512061087  
7.910603087  
9.947578301  
14.89557019  
21.85685943  
28.03341616  
30.09576285  
25.99805113  
16.32775596  
4.459515433  
-4.667542851  
-6.669126246  
0.2090254052  
14.03286023  
29.6870559  
40.80277807  
42.31187122  
32.53247664  
13.87757188  
-8.124872445  
-27.07322702  
-38.22210488  
-40.21668268  
-35.31868261  
-28.09046981  
-23.18174573  
-23.2371058  
-27.85047974  
-33.98891705  
-37.6301584  
-35.81706887  
-28.16727001  
-17.15200491  
-7.03637934  
-1.983878079  
-4.193255889  
-12.90021824  
-24.6674893  
-34.80240712  
-39.2515001  
-36.14158172  
-26.33602575  
-12.84463168  
0.5599852041  
10.843364  
16.65921195  
18.39537645  
17.42281648  
15.03194256  
11.6577443  
6.803901968  
-0.3195553503  
-9.828240747  
-20.44680832  
-29.52088884  
-33.87340989  
-31.17715036  
-21.20831354  
-6.336062298  
9.089271105  
20.29168605  
23.9565545  
19.63810327  
10.03919345  
-0.0189419992  
-5.551334413  
-3.483534567  
6.035801783  
19.65791748  
32.20334169  
38.81273241  
36.97779991  
27.6004994  
14.64240991  
3.524045675  
-1.045313183  
3.097694125  
14.81153629  
30.23481846  
44.41485019  
53.25935821  
54.99389903  
50.56072923  
42.87397642  
35.33577727  
30.30496244  
28.1852955  
27.48727131  
25.76928232  
20.98154038  
12.58053912  
1.911021442  
-8.30530473  
-15.13602777  
-16.73864551  
-13.22675449  
-6.725875838  
-0.5903019114  
1.90024659  
-1.162709016  
-9.541508951  
-20.89829274  
-31.63531525  
-38.19946551  
-38.35757519  
-31.97722687  
-21.05075173  
-8.986539155  
0.5458964538  
4.790465689  
2.696135733  
-4.910338276  
-15.7672552  
-27.01909622  
-36.12294973  
-41.50772992  
-42.80604184  
-40.66105916  
-36.26665287  
-30.8668128  
-25.40665631  
-20.41797585  
-16.09927506  
-12.4719214  
-9.493278497  
-7.073579691  
-5.03103002  
-3.073968504  
-0.8842322766  
1.699297769  
4.49026442  
6.897929637  
8.105677456  
7.469057509  
4.973546443  
1.50676938  
-1.268330405  
-1.492135812  
2.035369517  
9.079366894  
17.67442012  
24.55433073  
26.2553455  
20.52073523  
7.441539017  
-10.18675877  
-27.53102709  
-39.2348206  
-41.23486451  
-32.18042401  
-13.89443913  
9.301459237  
32.11358997  
50.03007544  
60.60837594  
63.83565458  
61.51993087  
56.0878668  
49.38902769  
42.04521765  
33.57923999  
23.16291087  
10.53333275  
-3.429722327  
-16.77557267  
-27.17187206  
-32.86671176  
-33.44505276  
-30.00833788  
-24.69026824  
-19.7411155  
-16.60869225  
-15.42944289  
-15.13428899  
-14.08073237  
-10.89112338  
-5.109013948  
2.596901061  
10.72320186  
17.53552137  
21.69198438  
22.62912953  
20.59973264  
16.42301453  
11.11513486  
5.572526367  
0.4020736264  
-4.108425922  
-7.946607296  
-11.31966417  
-14.59537743  
-18.20260263  
-22.45477211  
-27.31783338  
-32.2190707  
-36.03094689  
-37.32003022  
-34.83294328  
-28.05335713  
-17.58458988  
-5.148907432  
6.855781902  
16.10045287  
21.07897345  
21.55798502  
18.53662489  
13.7490715  
8.946303693  
5.282051036  
3.055471643  
1.873565902  
1.085532404  
0.2236411378  
-0.7845404241  
-1.710180269  
-2.310203965  
-2.58055073  
-2.777632143  
-3.167812182  
-3.656553838  
-3.560730325  
-1.742408457  
2.869479907  
10.58096195  
20.42369243  
30.16642183  
36.95875741  
38.4063438  
33.62984018  
23.81347606  
11.94036524  
1.765472123  
-3.574971816  
-2.741460616  
3.335398461  
11.87033092  
19.32615426  
22.71795458  
20.58121009  
13.25723649  
2.480707743  
-9.442471771  
-20.44507514  
-29.15830302  
-34.92166035  
-37.49527223  
-36.76051466  
-32.6463374  
-25.33256977  
-15.57225213  
-4.867881165  
4.70600603  
11.05200472  
12.77250134  
9.746615412  
3.283636998  
-4.241124852  
-10.132508  
-12.21085184  
-9.430900382  
-2.104576213  
8.268047981  
19.41579247  
28.78619712  
34.00340053  
33.28678553  
25.8656408  
12.36925681  
-4.944832921  
-22.34411523  
-35.32864445  
-39.86057584  
-33.79398911  
-17.95944237  
3.648696725  
24.86060957  
39.29896461  
42.6565744  
34.37711815  
17.98197473  
-0.1989976486  
-13.4612126  
-17.35924668  
-11.44286436  
0.6502883051  
12.79490816  
18.98316707  
15.8096299  
3.774120419  
-13.11986973  
-29.22721799  
-39.70195664  
-42.41462101  
-38.53516691  
-31.61896308  
-25.72527853  
-23.50716418  
-25.15740654  
-28.62799823  
-30.90404113  
-29.62469335  
-24.2299904  
-16.1088385  
-7.758011569  
-1.457293887  
1.826284772  
2.757569563  
3.064743524  
4.443013222  
7.549585299  
11.63467692  
14.99419031  
15.98402235  
14.03753437  
10.12736528  
6.40589405  
5.185803492  
7.765807944  
13.69056533  
20.82322748  
26.21341769  
27.36209462  
23.30297103  
15.01621442  
5.00923204  
-3.723660705  
-8.888374791  
-9.718302458  
-7.125976515  
-3.172061056  
-0.1249120493  
0.4820720548  
-1.565522528  
-5.118495918  
-8.121037251  
-8.36721631  
-4.287400136  
4.476157053  
16.8598104  
30.58691581  
42.74553374  
50.59635235  
52.39632881  
47.98304432  
38.8935798  
27.90848391  
18.10929093  
11.74773966  
9.354939339  
9.485682885  
9.274491764  
5.647831789  
-3.27207737  
-17.1676724  
-33.39743709  
-47.84867303  
-56.44692276  
-56.68797117  
-48.52835827  
-34.25243902  
-17.40272089  
-1.296740431  
12.15850945  
22.80319121  
31.59627528  
39.40518168  
45.9057873  
49.24241406  
46.71190523  
36.19449721  
17.62922387  
-6.254513312  
-30.42378241  
-49.15177775  
-58.09982902  
-55.95926646  
-44.90845355  
-29.66608976  
-15.5597257  
-6.470459347  
-3.552007344  
-5.237064542  
-8.427729829  
-10.21953208  
-9.292428524  
-6.31547722  
-3.237182866  
-1.906205244  
-2.798890588  
-4.561383197  
-4.642180132  
-0.7168147399  
7.822201566  
19.10494774  
29.21800451  
33.72720959  
29.64740335  
16.97074294  
-0.9726364448  
-18.55093168  
-29.88626748  
-31.10852608  
-21.89467104  
-5.674583805  
11.57632377  
23.48337974  
25.54005629  
16.66806194  
-0.4597450702  
-20.39175254  
-36.77172169  
-44.44332852  
-41.08764547  
-27.89665876  
-9.120312619  
9.321462802  
21.70495835  
24.26977743  
16.35752823  
0.5853570823  
-17.99512732  
-33.49582273  
-41.04933525  
-38.33151338  
-26.24936439  
-8.561638713  
9.437135657  
22.7079957  
28.09998473  
25.25169364  
16.47033772  
5.688736556  
-3.052863309  
-6.996663916  
-5.417242478  
0.482432906  
8.379024219  
15.91882707  
21.60179536  
25.12543145  
27.13850889  
28.62749785  
