50.20001985  
46.70885465  
35.32529128  
17.87057044  
-2.682032541  
-22.73012967  
-38.70924157  
-47.82560222  
-48.71081087  
-41.80836334  
-29.32511427  
-14.690005  
-1.629707037  
6.872968842  
9.400872935  
6.425354251  
0.02384877771  
-6.893075162  
-11.5541032  
-12.14978098  
-8.238964319  
-0.6552652386  
8.970379793  
18.82444229  
27.40472862  
33.73622199  
37.30742043  
37.85856455  
35.20366396  
29.21956467  
20.02063602  
8.217751415  
-4.904326549  
-17.43737388  
-27.18048857  
-32.18128413  
-31.3186932  
-24.72509148  
-13.88718161  
-1.364234141  
9.818162908  
16.93898861  
18.30274533  
13.70038729  
4.463137716  
-6.930692605  
-17.60594172  
-25.18894794  
-28.57217003  
-28.27198079  
-26.21226921  
-24.95243095  
-26.59230519  
-31.74759834  
-39.02122421  
-45.25915073  
-46.6006682  
-40.0056437  
-24.69746045  
-2.916754089  
20.41491171  
39.12519972  
47.87373442  
44.13646905  
29.30994816  
8.440463146  
-11.40668341  
-23.58626189  
-24.22451441  
-13.58788814  
4.066816648  
22.11483261  
34.03973658  
35.81490065  
27.2891192  
12.08016861  
-3.926683784  
-14.8408089  
-16.88970009  
-9.609362229  
4.277020464  
20.13082915  
33.2232221  
40.35824514  
40.70127555  
35.60976713  
27.69420371  
19.62031279  
13.19102135  
9.032278762  
6.874039075  
6.133722704  
6.405832596  
7.57422786  
9.520291183  
11.66095004  
12.67606164  
10.70725449  
4.063663791  
-7.824068494  
-23.65368738  
-40.1426324  
-52.76511636  
-57.17924174  
-50.8575393  
-34.28386474  
-11.18860233  
12.36858799  
29.82167528  
36.21779841  
29.88493277  
13.04207849  
-8.879774061  
-28.97632611  
-41.06413897  
-41.57802905  
-30.54529949  
-11.3559823  
10.52332283  
29.39095191  
41.05223347  
43.89330942  
38.99685466  
29.36591179  
18.62286633  
9.693268263  
3.934203611  
0.959250202  
-0.8618397282  
-3.488769821  
-8.263177125  
-15.28400473  
-23.31447611  
-30.22337047  
-33.77595243  
-32.48080075  
-26.19733139  
-16.30222162  
-5.363672765  
3.572784815  
7.868868998  
6.086532142  
-1.541539009  
-13.10069503  
-25.45244104  
-35.043223  
-38.84862493  
-35.19634369  
-24.23844212  
-7.933948483  
10.46256631  
27.26962274  
39.35825877  
44.95654409  
44.04003085  
38.19335377  
29.99389956  
22.12251941  
16.4960228  
13.70755899  
12.95492013  
12.46730778  
10.26817987  
4.995945722  
-3.511387201  
-14.07311238  
-24.50889215  
-32.34004845  
-35.59739745  
-33.4543743  
-26.47486893  
-16.40728144  
-5.615685681  
3.642150378  
9.841740666  
12.52586754  
12.26303771  
10.28276417  
7.945736329  
6.249192161  
5.536778158  
5.495036126  
5.409956885  
4.566006131  
2.626122171  
-0.1538195498  
-2.95751586  
-4.678724325  
-4.335554029  
-1.482260736  
3.531163014  
9.555224253  
14.91615617  
17.90250279  
17.32226847  
12.95677239  
5.755927198  
-2.313118446  
-8.753124124  
-11.24560032  
-8.388898183  
-0.2451882781  
11.48898557  
23.78037976  
32.98567731  
35.83483122  
30.40347548  
16.78304814  
-2.778891725  
-24.35346232  
-43.32133257  
-55.61040203  
-58.8122906  
-52.82541089  
-39.80824256  
-23.44666024  
-7.772016734  
4.071800829  
10.68953208  
12.63214308  
11.88440797  
10.86619322  
11.3586956  
13.79296307  
17.18384709  
19.71731913  
19.71472443  
16.52921777  
10.95397594  
4.938040449  
0.7217526335  
-0.2176741201  
2.087092287  
6.032256609  
9.138880503  
9.221808001  
5.50183446  
-0.8768994326  
-7.217524592  
-10.42277738  
-8.446500572  
-1.386953853  
8.314902366  
16.73181039  
20.04728078  
16.22277644  
5.995290235  
-7.272224664  
-18.87546531  
-24.67443236  
-22.81700853  
-14.53832506  
-3.682595235  
4.856293711  
7.114677509  
1.625318905  
-10.07026828  
-24.13426075  
-36.0103811  
-42.15762868  
-41.20945343  
-34.13483845  
-23.45427594  
-11.98189021  
-1.729586649  
6.542785741  
13.02516238  
18.1001445  
21.65112668  
22.88767679  
20.82251909  
15.13810932  
6.918778557  
-1.256414602  
-6.061675671  
-4.772764404  
3.381289371  
16.53985683  
30.62528201  
40.78313436  
43.28880878  
37.10414604  
24.379405  
9.638936445  
-2.033032547  
-7.04165183  
-4.690739434  
2.642136095  
10.61461699  
14.80385711  
12.5368397  
3.895167747  
-8.480914561  
-20.62049522  
-28.87612541  
-31.26213243  
-27.94372068  
-20.77897042  
-12.25731176  
-4.416893499  
1.742886587  
6.152403327  
9.055530267  
10.3369564  
9.246742544  
4.727410499  
-3.813330309  
-15.72282133  
-28.80349672  
-39.76370308  
-45.31461178  
-43.46193157  
-34.40146511  
-20.57264337  
-5.792826634  
6.185916582  
13.08368208  
14.8563475  
13.49241214  
11.94991154  
12.71851773  
16.64831801  
22.55458901  
27.75510361  
29.28647293  
25.26235585  
15.79661626  
3.120501768  
-9.128570738  
-17.13875555  
-18.19101112  
-11.51103836  
1.541745654  
17.92909518  
33.80234354  
45.47022694  
