42.75134206  
32.18881376  
15.75929605  
-4.029073366  
-24.06410618  
-41.35065268  
-53.5803899  
-59.46355791  
-58.83081674  
-52.55788312  
-42.36095408  
-30.48370731  
-19.2866657  
-10.77402035  
-6.143680943  
-5.488224674  
-7.770744232  
-11.13232664  
-13.47318618  
-13.1347061  
-9.447439988  
-2.939644162  
4.881583467  
12.10068253  
17.09835031  
19.11559774  
18.45753538  
16.26498505  
13.96229382  
12.62472291  
12.53984882  
13.1496707  
13.39056263  
12.27004339  
9.411909415  
5.31266892  
1.180572185  
-1.581973986  
-2.024523788  
-0.1261873635  
3.127784248  
6.129599832  
7.343485798  
6.011622733  
2.54973977  
-1.566323676  
-4.402863148  
-4.416986456  
-1.184716953  
4.325804486  
10.08588581  
13.83165693  
14.04624931  
10.67330308  
5.230648713  
0.237936992  
-1.833278496  
0.3401750358  
6.254119896  
13.63472628  
19.25158853  
20.18832436  
15.07097806  
4.752744086  
-7.840887358  
-18.6742058  
-24.01817581  
-21.79034647  
-12.31536473  
1.770088528  
16.4169821  
27.52032365  
32.23169483  
29.77153966  
21.49569122  
10.25745569  
-0.6480779076  
-8.553670574  
-12.14359557  
-11.63911703  
-8.468707535  
-4.619106122  
-1.937997315  
-1.622074752  
-4.011369841  
-8.677937293  
-14.70009581  
-20.98153564  
-26.50466257  
-30.47197877  
-32.35164963  
-31.87743413  
-29.04964958  
-24.15426048  
-17.78111841  
-10.80112871  
-4.265189537  
0.7847925464  
3.563214539  
3.780667268  
1.793415518  
-1.409964314  
-4.417587029  
-5.771772599  
-4.42341054  
-0.1257073553  
6.377002588  
13.46594553  
19.07992165  
21.36001938  
19.30893685  
13.2290739  
4.750249904  
-3.615087887  
-9.280650219  
-10.4993621  
-7.05028806  
-0.4202622148  
6.633886813  
11.02953446  
10.49232763  
4.465322792  
-5.565993174  
-16.49349365  
-24.63791765  
-27.07247587  
-22.73648901  
-12.91259885  
-0.8603681543  
9.294284407  
14.03397743  
11.76134085  
3.462293509  
-7.540974267  
-16.68619492  
-19.7474763  
-14.34359853  
-0.8445403415  
17.65158565  
36.27486735  
49.94893606  
55.02711437  
50.43694755  
37.9465853  
21.47776733  
5.726923917  
-5.404609078  
-10.01468308  
-8.629332195  
-3.742335266  
1.317584251  
3.733135173  
2.237565372  
-2.533451568  
-8.472265184  
-12.99281387  
-14.15141333  
-11.42594652  
-5.846555536  
0.544171724  
5.636599091  
8.174822148  
8.247133309  
7.141900145  
6.651019829  
8.148148649  
11.86379691  
16.68460216  
20.56562015  
21.37106077  
17.77401227  
9.829271275  
-1.01211393  
-12.429004  
-22.05121784  
-28.22445723  
-30.42478059  
-29.21016686  
-25.80889804  
-21.58518732  
-17.63104337  
-14.61938972  
-12.8880555  
-12.59974839  
-13.80685084  
-16.34420717  
-19.62024379  
-22.48567399  
-23.36048203  
-20.67982051  
-13.53632344  
-2.24638122  
11.45857776  
24.78799223  
34.73394686  
39.10351073  
37.32764966  
30.69523105  
21.88768646  
13.98301129  
9.326787112  
8.725547181  
11.27788421  
14.88308284  
17.18205351  
16.51662116  
12.51258059  
6.080750332  
-1.104155506  
-7.369538704  
-11.70221427  
-14.03109389  
-15.06529873  
-15.82197539  
-17.09614725  
-19.11205022  
-21.47649919  
-23.39989413  
-24.0399599  
-22.80255297  
-19.49643335  
-14.33518958  
-7.85036301  
-0.7898631922  
5.966752188  
11.49936174  
14.98890605  
15.92050133  
14.29188608  
10.71786786  
6.329668676  
2.447691547  
0.126052004  
-0.2419075542  
0.9355887334  
2.650641655  
3.763162853  
3.511483072  
1.804767719  
-0.8623715795  
-3.830828591  
-6.79226164  
-10.07473278  
-14.46965496  
-20.61521691  
-28.22610438  
-35.61612735  
-39.89227292  
-37.9088198  
-27.67804824  
-9.632029357  
12.91338621  
34.46695832  
49.12056905  
52.73209083  
44.63775336  
28.1163592  
9.309675379  
-5.044260081  
-10.17405935  
-5.076967306  
7.202789121  
20.9423284  
30.17206999  
31.13017208  
23.69792184  
11.23318354  
-1.068629694  
-8.515277397  
-8.905398056  
-3.305653643  
4.663996262  
10.63476796  
11.50857648  
6.765654319  
-1.489208178  
-9.677428635  
-14.47717788  
-14.28349986  
-9.731166223  
-3.107308201  
2.96720705  
6.870467579  
8.642925471  
9.673877056  
11.62346945  
15.19082746  
19.41729175  
21.93474872  
20.07806124  
12.3248705  
-0.6630570746  
-15.95085241  
-29.29688402  
-36.76946939  
-36.2925745  
-28.42781672  
-16.05799209  
-3.148592096  
6.819357479  
12.02851669  
12.6219819  
10.07388859  
6.044339641  
1.362206606  
-4.318420781  
-12.01648847  
-22.36582039  
-34.60174608  
-46.20106018  
-53.4762423  
-52.9512174  
-42.93437689  
-24.55941481  
-1.761074136  
19.89208541  
35.08121711  
40.58480252  
36.34213335  
25.31242613  
12.21645768  
1.704792235  
-3.290082856  
-2.376893164  
2.558031441  
8.495435538  
12.75369481  
14.13866553  
13.31507919  
12.30823284  
13.41870877  
18.05693881  
25.995094  
35.32046976  
43.06533303  
46.2242233  
