101.978033  
97.76337268  
87.45191398  
73.03210581  
55.05319429  
33.32048741  
8.299242304  
-17.72513694  
-40.5527414  
-55.2783724  
-58.31192474  
-49.22822106  
-31.46890912  
-11.42739599  
3.792620443  
9.014106269  
2.885120957  
-11.76822143  
-29.24250695  
-43.29021957  
-49.44535815  
-46.37954011  
-35.83806788  
-21.38387819  
-6.688444678  
5.781943943  
15.15029524  
21.5986173  
25.42356947  
26.35090206  
23.56537726  
16.44213876  
5.50564206  
-7.046405234  
-17.7230662  
-23.00786614  
-20.97672562  
-12.45193245  
-1.014344202  
8.297902982  
11.13203123  
5.869538637  
-5.393984716  
-17.48706237  
-24.25117387  
-21.23572885  
-7.832720223  
12.11911725  
31.59368953  
43.03258259  
41.32024868  
25.85663515  
0.882569283  
-26.05735455  
-46.86795919  
-55.75991131  
-51.10937221  
-35.68344298  
-15.28255147  
3.537220225  
15.7145248  
19.08635201  
14.56760971  
5.261365495  
-4.9612557  
-12.77800668  
-16.18505884  
-14.61353339  
-8.592594322  
0.7087989424  
11.80022243  
22.98550176  
32.4023346  
38.18065346  
38.82582574  
33.750278  
23.71231105  
10.88413144  
-1.605280882  
-10.57303885  
-13.8262366  
-10.93979083  
-3.442083533  
5.686596744  
13.01950945  
15.81199232  
12.83990137  
4.674584529  
-6.641420891  
-18.32911279  
-27.71320266  
-32.8866481  
-33.04785301  
-28.51049457  
-20.48587617  
-10.75243512  
-1.280154654  
6.172896969  
10.47764373  
11.49741676  
10.26124617  
8.792721821  
9.522327908  
14.38229094  
23.87545575  
36.51349097  
48.9557773  
56.93734789  
56.73990637  
46.67795429  
27.99016239  
4.70458537  
-17.56025158  
-33.45339974  
-39.70229617  
-36.15927379  
-25.66222921  
-12.77513479  
-1.939644262  
4.191317159  
5.561078459  
4.365857422  
3.770500386  
6.288411245  
12.5465146  
20.95143724  
28.35296276  
31.36369651  
27.73591302  
17.22114652  
1.611997603  
-15.95696811  
-32.07347866  
-44.00977143  
-50.24858875  
-50.50205816  
-45.39808827  
-36.11246215  
-24.15285564  
-11.31704054  
0.3233260491  
8.611285558  
11.7564312  
8.94293021  
0.8145502193  
-10.4693218  
-21.7615975  
-29.92339085  
-32.92202378  
-30.56773945  
-24.55103003  
-17.73726639  
-13.00966419  
-12.15563494  
-15.26756814  
-20.88375446  
-26.75084949  
-30.81235744  
-31.95422257  
-30.19567862  
-26.31449693  
-21.18097749  
-15.19854368  
-8.154416839  
0.4695279982  
10.94361233  
22.84781929  
35.02224246  
45.95930644  
54.42334661  
59.94240028  
62.88117511  
64.04373048  
64.03421991  
62.76462742  
59.43593  
53.05910476  
43.25758056  
30.88945632  
18.07092236  
7.473848276  
1.166361737  
-0.4420550603  
1.026498478  
2.511649687  
0.8833301118  
-5.523422586  
-15.95614856  
-27.38891686  
-35.76560133  
-37.8017708  
-32.50467843  
-21.67638691  
-9.141372776  
0.9416281014  
5.872711169  
5.443929015  
1.730129685  
-2.215930071  
-4.058500383  
-3.36232311  
-1.63691417  
-1.226504064  
-3.664135108  
-8.428994048  
-12.86758336  
-13.43630381  
-7.696091913  
3.978954683  
17.96265325  
28.60785859  
30.7074225  
22.06619838  
4.909102926  
-14.67129959  
-29.11658419  
-32.63545744  
-23.79514681  
-6.239615047  
12.85291069  
25.904029  
28.23221547  
19.99348967  
5.880298288  
-7.249545161  
-13.66697315  
-11.4213631  
-3.112548324  
5.526923363  
8.496976204  
2.427646092  
-11.87415929  
-29.90800315  
-45.65777257  
-54.31551946  
-54.19291127  
-46.94414874  
-36.13520706  
-25.05336265  
-15.01322082  
-5.094645678  
6.578191749  
20.7978514  
35.72761539  
46.88875226  
48.91551972  
38.32400171  
15.89283849  
-12.69045897  
-38.49289046  
-52.75737478  
-50.60648256  
-33.30839116  
-7.974188458  
15.28123516  
27.49705144  
24.49365314  
8.356805726  
-13.83313747  
-33.35481715  
-43.66025721  
-42.86928166  
-33.86174876  
-22.0889187  
-12.3360083  
-6.140550179  
-1.182143738  
7.08493071  
22.45142096  
45.22213493  
71.21534288  
93.10281747  
103.5122339  
98.40760022  
79.09283204  
51.83653078  
25.26560971  
6.752797794  
-0.5043884543  
1.624916518  
7.676427397  
11.61253728  
9.860803565  
2.885870192  
-5.407961743  
-10.04163636  
-7.819607776  
0.801627261  
11.77541599  
19.39432229  
19.07681195  
9.587834904  
-6.411403682  
-23.71622314  
-37.09469057  
-43.65960597  
-43.90459079  
-40.94294068  
-38.4419243  
-38.42425378  
-40.15546799  
-40.73126896  
-37.03957187  
-27.99686438  
-15.76282242  
-5.140220319  
-1.321955337  
-7.063734129  
-20.75598611  
-36.51213281  
-46.43372702  
-44.11790408  
-27.78831485  
-1.516178935  
26.15944896  
45.6926555  
50.55290704  
39.9863082  
19.24747115  
-2.809928274  
-17.67979344  
-20.8815902  
-13.70569666  
-2.274063706  
5.588722616  
4.185042398  
-7.297547425  
-24.32905619  
-39.02010544  
-43.57014218  
-33.58738915  
-9.827705507  
22.30045095  
55.07009007  
81.42122877  
97.23115151  
