113.3631779  
109.5169014  
88.06056648  
56.83014319  
25.82430373  
3.19374524  
-7.684224333  
-8.863505795  
-6.092231371  
-5.621568737  
-11.09614427  
-21.93279785  
-33.8336082  
-41.06360368  
-39.33320231  
-27.91145124  
-10.02626518  
8.551595618  
22.00598223  
26.86858105  
23.24453499  
14.40619434  
5.060279853  
-0.8351946456  
-1.6994595  
1.26322365  
4.93428449  
5.913899855  
2.118219454  
-6.347579593  
-17.32609676  
-27.56329668  
-33.97188055  
-34.6522336  
-29.33290266  
-19.21310618  
-6.439401673  
6.479363761  
17.11939728  
23.43146819  
23.97725882  
18.21131212  
6.783804436  
-8.303387953  
-23.90334525  
-36.40297081  
-42.75642585  
-41.52562857  
-33.48323686  
-21.44961522  
-9.335408354  
-0.7161332788  
2.495773315  
0.7188556888  
-3.591825822  
-7.09411676  
-7.079916816  
-2.714787911  
4.541069406  
11.51566837  
14.66603393  
11.6103551  
2.211302865  
-11.23220621  
-24.75316875  
-34.12611287  
-36.36081088  
-30.71786211  
-18.89725006  
-4.380081434  
8.789694183  
17.32349271  
19.65518397  
16.26824859  
9.334774891  
1.844420342  
-3.454800723  
-4.952422733  
-2.634351664  
2.018727742  
6.638273614  
8.868387025  
7.25348099  
1.805693171  
-5.956813904  
-13.53317232  
-18.35443171  
-18.76423404  
-14.69389426  
-7.756072919  
-0.6916413484  
3.645181938  
3.387570495  
-1.579971689  
-9.497013269  
-17.29914427  
-21.6748708  
-20.2131877  
-12.22382934  
1.047335652  
16.84825807  
31.8032667  
42.91844916  
48.38142389  
47.94233448  
42.82919807  
35.29255032  
27.94806376  
23.09094047  
22.1217315  
25.18698248  
31.11128097  
37.66733995  
42.17086235  
42.28823097  
36.83498096  
26.27923866  
12.70786385  
-0.8179346412  
-11.34196773  
-17.12975131  
-18.34640251  
-16.95338073  
-15.7987324  
-17.24780354  
-21.95470637  
-28.36848087  
-33.27669507  
-33.22332819  
-26.20750922  
-12.88660627  
3.321867554  
17.37395414  
24.54046442  
22.33307118  
11.56445303  
-3.944649612  
-18.89977997  
-28.63929746  
-30.89119929  
-26.42926872  
-18.39473838  
-10.66407043  
-6.063580158  
-5.261504504  
-6.801211709  
-8.165927082  
-7.269960206  
-3.597149205  
1.571818764  
5.907972222  
7.317358298  
5.058002148  
0.1037003475  
-5.413593314  
-9.353537616  
-10.66895879  
-9.857243273  
-8.523941082  
-8.314774279  
-9.826701505  
-12.1314102  
-13.21492917  
-11.130958  
-5.250583925  
3.099987602  
11.02768951  
15.36563204  
14.24833063  
8.151849282  
-0.1895933881  
-7.026076849  
-9.425844049  
-6.793301263  
-1.273337744  
3.230794931  
3.009858781  
-3.455814343  
-14.45288697  
-25.51565734  
-31.28079699  
-27.89516773  
-14.86298107  
4.543988248  
24.53129369  
39.13248782  
44.60644935  
40.81217822  
30.98044481  
20.05131152  
12.39574779  
9.985776141  
11.81650555  
14.75714825  
15.33049834  
11.5139541  
3.703729316  
-5.561867232  
-12.90214004  
-15.72203638  
-13.3631915  
-7.262928076  
-0.1280876545  
5.386420938  
7.800164046  
7.196814161  
4.767093987  
1.845202571  
-0.9742305062  
-4.12801988  
-8.625471574  
-15.11109645  
-23.00284382  
-30.2454856  
-33.90978035  
-31.42719016  
-21.89785222  
-6.828222527  
10.11100907  
24.27677139  
31.72839089  
30.69044267  
22.19206117  
9.624913865  
-2.581035765  
-10.60755223  
-12.56154549  
-8.96544362  
-2.301205334  
4.131228974  
7.538187092  
6.619566578  
1.890493653  
-4.697057629  
-10.60065529  
-13.63252271  
-12.6584856  
-7.853236634  
-0.5048802612  
7.485722736  
14.19837815  
18.18946397  
18.77886145  
16.10733345  
11.01078834  
4.785418781  
-1.087597419  
-5.212826989  
-6.523051846  
-4.480585416  
0.7798135625  
8.395341738  
16.84499093  
24.17572855  
28.38554274  
27.91133057  
22.10830928  
11.56727334  
-1.877846755  
-15.52675573  
-26.52116637  
-32.69161665  
-33.25308768  
-29.07241659  
-22.35777744  
-15.84064441  
-11.74011266  
-10.92042887  
-12.60659454  
-14.80506552  
-15.27481456  
-12.63451538  
-7.104863279  
-0.5252344953  
4.398815951  
5.302193069  
1.277635104  
-6.622081647  
-15.75286173  
-22.97113611  
-25.95170078  
-24.11499435  
-18.72214422  
-12.09556849  
-6.353561504  
-2.299422043  
0.9545072862  
5.404588999  
12.87691159  
23.69114298  
35.98046479  
46.09964363  
50.03761443  
45.24351079  
32.02566708  
13.82414965  
-3.86074052  
-15.49575513  
-17.65935198  
-10.38681465  
2.86813722  
16.64044645  
25.62580067  
26.69800023  
19.94865696  
8.379389831  
-3.53033723  
-11.69448358  
-13.91663161  
-10.43513404  
-3.414161746  
4.25117241  
10.19389896  
13.33771939  
13.9187196  
12.91279541  
11.28400025  
9.490509367  
7.475765952  
5.061724997  
2.425267389  
0.3025989697  
-0.2586904279  
1.501990752  
5.441747878  
10.25993459  
13.82044348  
13.96985453  
9.498391875  
0.7873738219  
-10.19004138  
-20.55385026  
-27.60374838  
-29.8324206  
-27.42186629  
-22.02135911  
-15.93716343  
-11.12840919  
-8.474842524  
-7.631319507  
-7.490218111  
-6.978472871  
-5.763190264  
-4.498155392  
-4.479219539  
-6.876118583  
-11.9260426  
-18.50912399  
-24.35981619  
-26.87834682  
-24.22284592  
-16.2145009  
-4.641141852  
7.219432528  
15.71548868  
18.16415609  
13.89747613  
4.586400304  
-6.312455933  
-14.80264176  
-17.82588516  
-14.40828749  
-6.02374178  
3.982159844  
11.70213716  
14.20995497  
10.72865981  
2.948704978  
-5.651654637  
-11.22993105  
-11.18005583  
-5.250260288  
4.302733249  
13.61582198  
18.82654839  
17.72095668  
10.71800686  
0.7481839576  
-7.951775344  
-11.63550734  
-8.670658254  
-0.2801084384  
9.941033789  
17.54829679  
19.16926387  
14.00006072  
4.228272262  
-5.806824854  
-11.36510062  
-9.232211885  
0.9739573367  
16.630306  
33.09217394  
45.38147791  
49.87463552  
45.3506484  
33.08909591  
16.12915414  
-1.883343885  
-17.75446156  
-29.36001312  
-35.76033158  
-36.99487254  
-33.82107308  
-27.56263446  
-20.03975583  
-13.40850727  
-9.74573393  
-10.38529554  
-15.24333882  
-22.50959025  
-29.01414161  
-31.29805334  
-27.04515913  
-16.26541257  
-1.623666937  
12.37642429  
21.13510959  
21.93892768  
15.3070126  
5.034947232  
-3.187946282  
-4.072946109  
5.016125493  
22.83136615  
44.5868927  
63.75825456  
74.57572231  
74.15627489  
63.39662749  
46.31469278  
28.21216383  
13.52104273  
4.272827834  
-0.2222132685  
-2.491371544  
-5.359327146  
-10.53768003  
-17.97601001  
-26.16378545  
-33.08554887  
-37.24612468  
-38.22741607  
-36.56129872  
-33.11073607  
-28.41476709  
-22.43390116  
-14.85486616  
-5.744120154  
3.902159647  
12.13504686  
16.68791584  
16.00594364  
10.1348192  
0.9479786498  
-8.49423116  
-15.20512815  
-17.54920087  
-15.88287331  
-12.20359195  
-8.960022769  
-7.631410365  
-7.839408631  
-7.510134226  
-4.066771442  
3.927653901  
15.5464462  
27.41026869  
34.90920435  
34.24258982  
24.3225036  
7.583529902  
-10.78088288  
-24.890539  
-30.64646359  
-27.45426578  
-18.38283187  
-8.664728143  
-3.231165009  
-4.439049942  
-11.05880126  
-18.98918611  
-23.3361227  
-20.84383269  
-11.5067415  
1.399461886  
12.85731936  
18.45213523  
16.38392002  
8.197334049  
-2.076797074  
-9.899824839  
-12.33130154  
-9.250806667  
-3.157930862  
2.265732443  
4.050416812  
1.323883333  
-4.46426777  
-10.50664224  
-14.20751964  
-14.49610407  
-12.20577751  
-9.378965102  
-7.948420514  
-8.574834381  
-10.31171723  
-11.28448475  
-9.980577627  
-6.377066994  
-2.195985928  
-0.05262850353  
-1.900145411  
-7.625721025  
-14.65428435  
-18.93510421  
-16.94996373  
-7.77229637  
5.939826242  
18.69859894  
24.53503216  
19.94983262  
6.063305438  
-11.18416003  
-23.08959453  
-21.7581971  
-3.674762489  
28.33656686  
65.73110933  
97.29040254  
