34.88734817  
23.55873533  
8.196001122  
-8.168794545  
-22.18471632  
-31.00285586  
-32.89134684  
-27.57272218  
-16.28813713  
-1.605367804  
13.03099675  
24.00067567  
28.38423682  
24.82485626  
14.09178562  
-0.9290872583  
-15.9438597  
-26.52709711  
-29.57339527  
-24.392616  
-12.99311512  
0.617838566  
11.89611115  
17.4354129  
16.18946845  
9.741942564  
1.513027778  
-4.760804486  
-6.623811782  
-3.889637378  
1.400526405  
6.022510424  
7.14801258  
3.751217602  
-2.792384207  
-9.20204632  
-11.69266198  
-7.692912908  
2.856122799  
17.19524375  
30.60300544  
38.10531249  
36.37928055  
25.10672724  
7.242955155  
-11.91645116  
-26.53202117  
-32.22260127  
-27.55001503  
-14.46568732  
2.415622717  
17.43035462  
25.78134349  
25.08372355  
16.02628165  
1.960851547  
-12.38989012  
-22.61908626  
-26.11363976  
-22.81771759  
-15.04599004  
-6.455981616  
-0.5859315332  
0.4889803247  
-3.114532804  
-9.23405466  
-14.61047487  
-16.2636122  
-12.75453991  
-4.836899969  
4.766190347  
12.38357826  
14.82513914  
10.66244223  
0.8570437413  
-11.51561927  
-22.34468463  
-27.94782986  
-26.35609345  
-17.93436797  
-5.126173846  
8.534846459  
19.71822859  
26.36759664  
28.14781189  
26.1586768  
22.13106149  
17.53379857  
13.02625863  
8.490961743  
3.57077883  
-1.634587808  
-6.153783683  
-8.319206883  
-6.534998359  
-0.3044764203  
9.015323062  
18.21251444  
23.15014042  
20.37165651  
8.757511523  
-9.514301797  
-29.24255118  
-43.77271335  
-47.36525066  
-37.46890448  
-15.96108266  
11.22968427  
36.07711238  
51.29646331  
52.98575546  
42.0235126  
23.65007663  
5.380367099  
-5.929637088  
-6.697870253  
2.12038009  
15.59671014  
26.95160938  
30.34114665  
23.17157973  
7.034595921  
-13.05105734  
-30.70940342  
-40.69981928  
-40.82784878  
-32.56910934  
-20.26366243  
-9.309889145  
-4.131869011  
-6.69349113  
-16.02714491  
-28.80142154  
-40.57468656  
-47.21294709  
-46.01756129  
-36.32485371  
-19.56811838  
1.075635018  
21.32297033  
36.62912316  
43.19037236  
38.98911677  
24.6362956  
3.662789526  
-18.04641491  
-33.74029954  
-37.89555055  
-28.24067883  
-6.898203089  
19.95699127  
43.99653182  
57.61577992  
56.72436157  
42.31360125  
20.08867979  
-1.770819474  
-15.85542195  
-18.44114225  
-10.84139347  
1.387522709  
11.04043801  
12.51337713  
4.2699711  
-10.56690562  
-25.74382715  
-34.81043873  
-34.10802607  
-24.44578767  
-10.70886489  
0.4035515558  
3.456519686  
-3.240347929  
-16.87010632  
-31.37852329  
-40.16015648  
-38.91864556  
-27.42218172  
-9.425131319  
9.113173041  
22.62215125  
28.12746399  
26.13506054  
19.93142353  
13.78554408  
10.99416447  
12.68041381  
17.78876271  
24.08254724  
29.47535705  
32.94458127  
34.59925955  
35.00366527  
34.29446223  
31.73221071  
26.04821052  
16.44390767  
3.660095515  
-9.588664641  
-19.23839511  
-21.42931818  
-14.32346143  
0.7082908053  
19.2030487  
35.11519098  
43.13587625  
40.81658751  
29.53401343  
13.83773464  
-0.5446916295  
-9.157169953  
-10.62835844  
-7.061320898  
-2.872320509  
-2.653590047  
-9.049668303  
-21.58373433  
-36.89397048  
-50.1850697  
-57.18057032  
-55.70793096  
-46.30080873  
-31.70470375  
-15.66195023  
-1.597883256  
8.251921822  
13.05676625  
13.09337971  
9.286589977  
2.898052578  
-4.550434297  
-11.27556556  
-15.40665264  
-15.47271779  
-11.08299285  
-3.448148901  
4.651134888  
9.633758293  
8.439141278  
-0.1245738968  
-14.6367896  
-31.34269043  
-45.41876977  
-52.71658329  
-51.22620564  
-41.61675577  
-26.64986957  
-9.808901346  
6.139175385  
19.92835842  
31.57997913  
41.40843314  
48.91372041  
52.31386048  
49.12905393  
37.62536667  
18.37729774  
-4.976789836  
-26.4016771  
-39.48706469  
-40.03065897  
-27.99931643  
-7.860665302  
13.02496794  
27.35585298  
30.90846236  
24.24816029  
12.3079979  
1.984738231  
-1.162193389  
4.425586993  
15.54416039  
25.75675123  
28.52372305  
20.47342541  
3.264923387  
-16.8648523  
-31.70135735  
-34.62960539  
-23.55792674  
-1.860498501  
23.07371232  
42.99971084  
52.23345546  
49.79578732  
39.37859256  
27.25250464  
19.1712374  
17.7411323  
21.44353095  
25.67731749  
25.23498744  
16.98654552  
1.505695686  
-17.0779731  
-32.86689696  
-40.74558163  
-38.51968218  
-27.72830958  
-12.86972478  
0.5020708794  
7.905068764  
7.383110718  
-0.2036277027  
-11.96504907  
-24.30735814  
-34.13525008  
-39.47979088  
-39.49780465  
-34.13325894  
-23.84247129  
-9.626301311  
6.695661353  
22.29257374  
33.57551545  
37.04771741  
30.54262934  
14.33880092  
-8.424123534  
-32.36836675  
-51.43724102  
-60.84779319  
-58.67258674  
-46.40368921  
-28.26316786  
-9.548118486  
5.304874147  
14.15621675  
17.56468457  
18.07816734  
18.8033497  
21.91077703  
27.69773963  
34.53903063  
39.6551393  
40.30443406  
