-45.14800415  
-82.49808646  
-101.843864  
-96.97105956  
-69.38040007  
-27.67012912  
15.72004394  
49.07532102  
65.43997464  
64.55135452  
52.03632942  
36.40068866  
25.22952092  
22.24848709  
26.39937055  
33.11493393  
36.99517936  
34.53159139  
25.62276634  
13.2909909  
1.900627317  
-5.132298958  
-6.975000847  
-5.589264257  
-4.493445384  
-6.768990609  
-13.35133197  
-22.46518628  
-30.46742838  
-33.64993813  
-30.08653828  
-20.60282887  
-8.40052192  
2.455498062  
8.916687438  
10.25523218  
8.153469113  
5.559988338  
4.924432558  
6.745936167  
9.221731231  
9.228414438  
4.179065051  
-6.184630959  
-19.03590404  
-29.25520221  
-31.54532161  
-22.96857901  
-4.724891418  
17.74389363  
36.52698194  
44.25431963  
37.11081578  
16.56234223  
-10.98759064  
-36.52399595  
-51.79938442  
-52.39093334  
-39.20706034  
-17.88567243  
3.581899694  
17.9488064  
21.2412649  
13.75812819  
-0.6968940319  
-16.81328918  
-29.99177809  
-37.79653605  
-40.13148128  
-38.30472656  
-33.67585922  
-26.71756525  
-17.01455087  
-4.147251716  
11.12656047  
26.18768106  
36.93153718  
39.20610154  
30.71005198  
12.4232634  
-11.22411161  
-33.68320169  
-48.6432383  
-52.41260268  
-45.25580578  
-31.06339084  
-15.48970991  
-3.408508674  
3.139312984  
5.562270602  
7.639806591  
13.30405177  
24.38873323  
39.47063714  
54.39790999  
64.27124897  
65.91765393  
59.62900504  
49.26646802  
40.60708519  
38.66301043  
45.22342971  
57.80098156  
70.52901698  
76.65211893  
71.5032952  
54.62206358  
30.05264593  
4.689394083  
-14.57964714  
-23.65012898  
-22.68265462  
-15.68690833  
-8.478803595  
-6.000746091  
-10.23545019  
-19.61495607  
-30.09921995  
-37.32720434  
-38.78294009  
-34.96726241  
-29.07439044  
-25.3851135  
-27.16463246  
-35.04335399  
-46.59694853  
-57.27732365  
-62.25355322  
-58.36239012  
-45.3785281  
-26.15334519  
-5.653171248  
10.6606904  
18.49356214  
15.88553654  
3.611677112  
-15.1708562  
-35.81209385  
-53.30787883  
-63.43282168  
-63.67292647  
-53.80691439  
-36.00621172  
-14.36539454  
6.11716019  
20.91769386  
27.35277675  
25.47336044  
18.10957023  
9.952546263  
5.920487586  
9.364043244  
20.77684108  
37.5188354  
54.68288531  
66.79133534  
69.68758389  
61.92555488  
45.17879279  
23.58877799  
2.371983348  
-13.75967556  
-21.81907076  
-21.07770847  
-12.88905798  
-0.02227203933  
14.17860442  
26.5537272  
34.68525037  
37.25178253  
34.21170996  
26.80713119  
17.32677846  
8.576127002  
3.102699198  
2.374641373  
6.219331147  
12.80368935  
19.25527832  
22.74457481  
21.60746907  
16.01698896  
7.875041244  
-0.063120516  
-5.453943535  
-7.432782367  
-6.960374033  
-6.252055193  
-7.535278594  
-11.72762831  
-17.70203428  
-22.55771268  
-22.8506162  
-16.27127676  
-3.012978139  
13.82729337  
29.06691295  
37.19732888  
34.39434565  
19.97424932  
-3.276569002  
-30.00640561  
-54.055626  
-70.38177648  
-76.46026879  
-72.73262691  
-62.07171797  
-48.58324333  
-36.23819084  
-27.79233923  
-24.26107615  
-24.98714327  
-28.16184308  
-31.57904353  
-33.39819112  
-32.72807631  
-29.88544629  
-26.23623725  
-23.61576705  
-23.45904941  
-25.9236386  
-29.37958464  
-30.5952461  
-25.72554859  
-11.86876384  
11.36545957  
40.9713315  
70.87901575  
93.5962907  
102.6922652  
95.22067861  
73.09375054  
42.75544261  
13.15959053  
-7.241564699  
-13.35666436  
-5.054205656  
13.09914162  
33.79951844  
49.81835136  
56.51205542  
53.07268718  
42.15868377  
28.25722754  
15.62640894  
6.742518913  
1.828966128  
-0.5290160734  
-2.184252595  
-4.341586867  
-7.112548378  
-9.818415772  
-11.72613722  
-12.69990742  
-13.36092772  
-14.68475414  
-17.32195047  
-21.09675502  
-25.02508174  
-27.86924736  
-28.90600582  
-28.43080881  
-27.65465498  
-27.99855351  
-30.16276068  
-33.51737878  
-36.22145771  
-36.08430571  
-31.74945434  
-23.55505461  
-13.54672244  
-4.553358436  
1.245905355  
3.510578408  
4.001105336  
5.685531519  
11.07855842  
20.65907462  
32.24553231  
41.77208153  
45.19612632  
40.64288288  
29.6880591  
17.03379112  
8.597419059  
8.837118364  
18.57574162  
34.40918627  
50.06138047  
59.11253111  
57.84252699  
46.84652797  
30.65058777  
15.51611772  
6.498036969  
5.181551921  
9.180611438  
13.60346535  
13.71463722  
7.433365476  
-3.595802124  
-14.89352572  
-21.53188541  
-20.78871725  
-13.70367985  
-4.722810274  
0.4131034435  
-2.50990803  
-14.05781117  
-30.79036581  
-46.84504914  
-56.67237485  
-57.56236399  
-50.72338437  
-40.41529805  
-31.62416873  
-27.49177215  
-27.81380675  
-29.35287064  
-27.76863046  
-20.13688433  
-6.733006865  
8.856994324  
21.36637868  
26.38790731  
22.52349248  
12.04392402  
-0.2757682707  
-9.544248877  
-13.13832533  
-11.8638945  
-9.304725578  
-9.706299724  
-15.49856845  
-25.75472997  
-36.4120242  
-42.18342253  
-39.22411254  
-27.2171073  
-9.815553333  
6.818493509  
16.70503408  
16.69456862  
7.830186928  
-5.191341769  
-16.16032694  
-20.05737621  
-15.06246868  
-3.007944463  
11.80186318  
24.70968716  
32.68512005  
35.25918745  
34.11068264  
31.7027613  
29.80405809  
28.69330653  
27.39095714  
24.65606055  
20.06891569  
14.50925084  
9.728607568  
7.27193127  
7.41034638  
8.769368983  
8.956056063  
5.911855038  
-0.7351788634  
-9.111014828  
-15.74544594  
-17.21183011  
-11.97448467  
-1.479952481  
10.1554937  
17.83302242  
17.80207826  
9.532046746  
-3.81431606  
-16.60959386  
-23.18924554  
-20.38573182  
-8.998551929  
6.495835273  
19.88417984  
25.94051925  
22.71646504  
12.38914717  
0.3193948347  
-7.232267003  
-5.721056271  
5.835926553  
24.49056195  
44.5134314  
59.48731213  
64.4610163  
57.38106698  
39.42430033  
14.33491223  
-12.7993355  
-36.83218411  
-53.56775624  
-60.39750171  
-56.63539782  
-43.63009257  
-24.63253557  
-4.301962197  
12.23776905  
20.6990518  
18.95002122  
7.854348424  
-8.804142067  
-25.44154176  
-36.53084811  
-38.52417367  
-31.07482659  
-17.04137806  
-1.257615878  
11.41777608  
17.94685062  
18.08773296  
14.13893051  
9.650314151  
7.745727927  
9.831657557  
15.22744712  
21.77917935  
27.05020719  
29.44734796  
28.74224252  
25.81025169  
21.83327536  
17.47346847  
12.49745462  
6.043345187  
-2.654200867  
-13.52507251  
-25.35891722  
-36.13323195  
-43.81738109  
-47.22839306  
-46.48618717  
-42.83743866  
-37.96356117  
-33.16823714  
-28.89178702  
-24.80106447  
-20.36166808  
-15.51176722  
-10.98971901  
-8.06651647  
-7.794429096  
-10.20042811  
-13.94138387  
-16.72443615  
-16.38230522  
-12.09421527  
-5.085353508  
1.666160786  
4.712418321  
1.87990204  
-6.356917236  
-16.61046223  
-23.68618666  
-22.67954965  
-11.18211762  
9.395702427  
34.02330401  
55.74940083  
68.21768915  
67.95904901  
55.53480572  
35.12649049  
12.84532831  
-5.454015451  
-15.94559345  
-17.57621327  
-11.70118273  
-1.029432092  
11.48657925  
23.31928243  
32.47358867  
37.29823318  
36.42522636  
29.11436592  
15.91928049  
-0.7543008232  
-16.72877383  
-27.06583486  
-27.81474991  
-17.82635744  
0.2404354048  
20.35996543  
35.07507658  
38.27247593  
27.68387474  
6.020466155  
-19.82562764  
-41.26342376  
-51.18857844  
-46.57805502  
-29.45548092  
-5.895646596  
16.43290286  
31.10446222  
34.99485959  
28.83595172  
16.253964  
1.924749874  
-10.23742198  
-18.11534007  
-21.40663132  
-20.92040892  
-17.74767178  
-12.82333719  
-7.029843252  
-1.569094186  
1.884687736  
1.608556071  
-3.216891745  
-11.5179483  
-19.99157019  
-23.91036309  
-19.00541964  
-3.728642031  
19.17937267  
42.76379782  
57.88246431  
56.60619962  
35.68125375  
-1.456570064  
