39.66193722  
36.19851743  
32.3092936  
28.70639781  
25.21961769  
21.2710832  
16.47473293  
11.00367682  
5.561612596  
1.047533434  
-1.83325364  
-2.770537202  
-1.781683061  
1.010853947  
5.542240091  
11.75011619  
19.31843514  
27.41278813  
34.65282634  
39.44809652  
40.59297578  
37.81233543  
31.91294696  
24.37272495  
16.5172483  
8.712623974  
0.07356934838  
-11.03023937  
-25.80547986  
-43.75149351  
-61.98221114  
-75.67801995  
-79.68397478  
-70.68069917  
-48.97884119  
-19.04242838  
11.6555863  
35.1097649  
45.62545604  
41.84762812  
27.10972784  
7.955694568  
-8.518201566  
-17.35629146  
-17.34785204  
-10.94876469  
-2.700502949  
3.021206862  
3.865844415  
0.1924797388  
-5.580371528  
-10.4716793  
-12.44263273  
-11.16530122  
-7.774853359  
-3.891279699  
-0.5632543067  
2.22886837  
5.245805723  
9.080916167  
13.27253708  
16.04733335  
14.95510773  
8.139272205  
-4.413722191  
-20.35898468  
-35.59323154  
-45.79229614  
-48.2086258  
-42.87593324  
-32.61737216  
-21.81440659  
-14.48894526  
-12.58671984  
-15.25610281  
-19.43963475  
-21.4704912  
-18.89696753  
-11.67042113  
-2.157185739  
5.993705237  
9.561168058  
7.230585503  
0.1761490682  
-8.469315704  
-14.95695785  
-16.43657151  
-11.98614749  
-2.781039342  
8.554342383  
19.02750037  
26.29242139  
29.22977007  
27.99800702  
23.71097919  
18.00194546  
12.66729477  
9.42323462  
9.68164967  
14.24512759  
22.93964926  
34.35549238  
45.93475892  
54.54863259  
57.47435908  
53.42802585  
43.18645816  
29.43865453  
15.82487369  
5.51044952  
-0.09355847775  
-1.860659203  
-2.436023391  
-4.863713901  
-10.96214244  
-20.21439067  
-29.74037604  
-35.43665571  
-33.82304423  
-23.78145725  
-7.381541196  
10.63159779  
24.52846914  
29.78181772  
24.83598048  
11.71581903  
-4.778110993  
-18.94868087  
-26.37844751  
-25.52543025  
-18.12699669  
-8.305659469  
-0.7939720538  
0.9783381163  
-3.819627714  
-13.20985499  
-23.30272198  
-29.90018659  
-30.16205514  
-23.70700462  
-12.76130499  
-1.330828034  
6.279421426  
7.056799335  
0.416917644  
-11.51616684  
-24.58931235  
-34.03255502  
-36.11986522  
-29.49549227  
-15.68381437  
1.421668306  
16.92829969  
26.6851037  
28.74823752  
24.01021487  
15.74311707  
8.232941774  
5.052548084  
7.675320437  
14.99445148  
23.92924162  
30.83281444  
33.06812057  
30.05280798  
23.32316543  
15.62281937  
9.475530022  
5.93839342  
4.139676452  
1.823503465  
-3.366312109  
-12.49472777  
-24.52776672  
-36.5252311  
-44.7719845  
-46.33431608  
-40.32302015  
-28.2841293  
-13.55425004  
0.09598136229  
9.884974988  
14.86306064  
15.83936481  
14.52155735  
12.37992118  
9.857521218  
6.337396764  
0.8566687145  
-6.85414629  
-15.6183666  
-22.82870703  
-25.32435255  
-20.77316702  
-8.914770552  
7.956138216  
25.5595043  
39.07053827  
44.84936122  
41.74236728  
31.42432419  
17.66472923  
4.852100551  
-3.607209363  
-6.392112684  
-4.498960031  
-0.6046526137  
2.10985661  
1.192713225  
-4.218800816  
-13.14408039  
-23.11153879  
-30.94590733  
-33.74252718  
-29.78236797  
-19.17469518  
-4.052957692  
11.79449501  
23.87128776  
28.33481222  
23.40524696  
10.31199853  
-6.701648637  
-21.53087252  
-28.29293934  
-23.65937667  
-8.504486158  
11.93651538  
29.68939582  
36.9973579  
29.52237777  
8.462457697  
-19.41848807  
-44.04284876  
-55.78016558  
-49.23956256  
-25.51494074  
8.106838551  
40.9156591  
62.90407273  
68.53083476  
58.55322646  
39.20189347  
19.14160591  
5.623698863  
1.559599616  
4.777991456  
9.692108841  
10.48279288  
4.218134266  
-7.598452877  
-19.77865938  
-26.10476816  
-22.57872042  
-9.666934495  
7.575249993  
21.60040779  
25.72894861  
17.20923411  
-1.446850027  
-23.47295881  
-40.73548878  
-47.17633694  
-41.26364642  
-26.39231904  
-9.139986601  
3.744631314  
8.214204606  
4.38845186  
-3.941043108  
-11.39459737  
-13.6071993  
-9.125458165  
0.2008462706  
10.36665997  
17.21314508  
18.26239101  
13.54834042  
5.177590895  
-3.997834094  
-11.81449679  
-17.58928248  
-21.9335811  
-25.81308628  
-29.4778012  
-31.93011534  
-31.27471471  
-25.78741329  
-15.12472679  
-0.9898721713  
13.16999615  
23.3752166  
26.70754899  
22.55322365  
12.91102348  
1.61139195  
-7.210557915  
-10.72108205  
-8.395994895  
-2.050282123  
5.051222302  
9.563801592  
9.327435004  
4.05802762  
-4.705866685  
-14.25619615  
-21.63458213  
-24.47404187  
-21.55115392  
-13.00155525  
-0.2567977723  
14.22785773  
27.4290659  
36.39044517  
38.98237798  
34.61781599  
24.65666295  
12.23954026  
1.455710426  
-3.9739563  
-2.052878681  
6.648370222  
19.0742147  
30.74568043  
37.4290799  
36.7439486  
29.03272515  
17.11672212  
5.049120294  
-3.577099363  
-7.014444134  
-5.843187701  
-2.387826952  
0.5933954575  
1.278719282  
-0.4508390249  
-3.184733678  
-4.948902465  
-4.422599299  
-1.754302407  
1.450577765  
2.95959285  
1.124587751  
-4.156594041  
-11.22880739  
-17.33550096  
-19.82184434  
-17.29864993  
-10.21526353  
-0.5989293207  
8.865329599  
15.93173917  
19.53931819  
19.90139207  
17.99969755  
14.84612774  
10.95766191  
6.318523977  
0.7853936432  
-5.385177739  
-11.28487819  
-15.60420928  
-17.29365417  
-16.26107533  
-13.65548837  
-11.4789  
-11.63350606  
-14.85622598  
-20.11754478  
-24.87910589  
-26.18803358  
-22.14127841  
-13.01524193  
-1.461473411  
8.411930997  
12.72033786  
9.502700697  
-0.3416963399  
-13.33072235  
-24.78759628  
-30.72579969  
-29.39611194  
-21.83162406  
-11.20257686  
-1.337029077  
4.881691585  
6.52687998  
4.665059146  
1.517215728  
-0.759873385  
-1.055758223  
0.3767529019  
2.31880103  
3.388207298  
2.776894302  
0.5556177763  
-2.536880403  
-5.608436542  
-8.07797565  
-9.815795584  
-10.9227959  
-11.35649696  
-10.71396949  
-8.377425822  
-3.981984626  
2.075639453  
8.45030744  
13.20442907  
14.62751577  
12.14456817  
6.82135246  
1.121720473  
-2.072134039  
-0.7748222462  
5.070873068  
13.38347738  
20.72827358  
23.79935183  
20.94435556  
13.02435043  
3.184576176  
-4.395545677  
-6.237772655  
-1.026601582  
9.834048308  
22.79047506  
33.55852858  
38.76249272  
37.10703482  
29.64338954  
19.10861489  
8.702755865  
0.8561119457  
-3.531460748  
-5.158221021  
-5.781922417  
-7.375421384  
-11.32427235  
-17.91793356  
-26.22818835  
-34.33865461  
-39.82927524  
-40.41145353  
-34.60879117  
-22.34506763  
-5.255795901  
13.46636015  
29.7878503  
40.00683137  
42.03772414  
36.30932626  
25.82539762  
15.21588079  
9.030968337  
9.911739081  
17.4135725  
28.05446418  
36.66450965  
38.53284281  
31.45330811  
16.76604588  
-1.09601354  
-16.38797918  
-24.39265688  
-23.29099035  
-14.74950501  
-3.004094937  
7.090024184  
12.11160818  
11.2910293  
6.39219715  
0.4256681379  
-4.079140925  
-6.33516938  
-7.467952315  
-9.564708652  
-14.16762288  
-21.06807732  
-28.09649394  
-32.07293132  
-30.4602482  
-22.86821781  
-11.59797468  
-0.8784958424  
4.903680348  
3.166786641  
-5.644656826  
-18.17340652  
-29.56561657  
-35.54744054  
-34.22177568  
-26.79369306  
-16.94207853  
-9.173444726  
-6.921642089  
-11.21183219  
-20.39077952  
-30.91705812  
-38.76233492  
-40.79314316  
-35.62995699  
-23.80696661  
-7.382637043  
10.68099372  
27.10378316  
38.75356502  
43.07628923  
38.6018992  
25.50378401  
5.995179077  
-15.76101431  
-34.45499626  
-45.07647649  
-44.57777959  
-33.10114892  
-14.18090051  
6.304012141  
22.12638443  
28.91413876  
25.680997  
15.05676221  
2.130053824  
-7.597300715  
-10.28207921  
-5.000470641  
6.247673589  
19.66942884  
31.34994085  
38.70057898  
41.11099842  
