-14.38696901  
-44.99164955  
-65.59751075  
-69.60919978  
-56.23523404  
-30.42850989  
-0.6391739639  
24.53746787  
39.37534647  
42.54457994  
36.75536432  
26.95707819  
18.06337284  
13.20386814  
13.08774883  
16.46061909  
21.15904947  
25.12497535  
26.94626751  
25.87279892  
21.57892289  
14.0294585  
3.635918401  
-8.405264375  
-19.91912072  
-28.02553806  
-29.96190189  
-24.19510014  
-11.31837198  
5.763991072  
22.57785699  
34.53425624  
38.52674854  
33.99893555  
23.02496682  
9.380890385  
-2.96898827  
-11.30521685  
-14.9112435  
-14.9053701  
-13.33327477  
-12.02745321  
-11.7956336  
-12.27993461  
-12.46349787  
-11.47679367  
-9.235126889  
-6.564537675  
-4.766747412  
-4.875336933  
-7.009091582  
-10.16886  
-12.59083864  
-12.49154902  
-8.858158353  
-1.932905048  
6.79927165  
15.07962841  
20.57523047  
21.52655314  
17.13707858  
7.649525771  
-5.813017091  
-21.50694689  
-37.3299246  
-51.06290522  
-60.62791471  
-64.39394024  
-61.50244042  
-52.11588529  
-37.46982633  
-19.66080625  
-1.208603156  
15.46880697  
28.4899888  
36.72902589  
39.80543166  
37.93987088  
31.81103329  
22.49699497  
11.47570375  
0.5672641942  
-8.305220395  
-13.55961081  
-14.47114768  
-11.51198835  
-6.274883128  
-0.9034321457  
2.799516659  
4.204965447  
4.210345881  
4.867093411  
8.375838527  
15.8776389  
26.63077328  
38.03837713  
46.61459709  
49.51471938  
45.93190769  
37.66119893  
28.47756174  
22.52559626  
22.41738156  
27.92547191  
35.93268753  
41.73680379  
41.16675395  
32.55473355  
17.63431799  
0.9067460655  
-12.27798711  
-18.06946785  
-15.82125806  
-8.362312384  
-0.7064172594  
2.204160327  
-2.321700417  
-13.61754406  
-28.10648249  
-41.04569186  
-48.70685113  
-49.94864499  
-46.45843435  
-41.60328399  
-38.51145262  
-38.36986651  
-39.80052492  
-39.63115273  
-34.67718141  
-23.6434298  
-8.182892812  
7.45189305  
18.05656888  
19.69173716  
11.4623953  
-3.950386965  
-21.24804557  
-34.53919666  
-39.54958301  
-35.09199463  
-23.2376769  
-8.220967313  
5.357479604  
14.22457561  
17.3546208  
15.85856192  
12.06131012  
8.300793875  
6.012528272  
5.43221373  
5.904187128  
6.504071296  
6.597613862  
6.075342774  
5.230003612  
4.445331636  
3.933658324  
3.67981909  
3.585581086  
3.671853688  
4.16671927  
5.397032107  
7.547277396  
10.45468097  
13.60494349  
16.37498896  
18.40767199  
19.89606477  
21.57482005  
24.36255947  
28.79841766  
34.55711814  
40.32473519  
44.16019901  
44.22873576  
39.59337299  
30.69626983  
19.28745578  
7.808094143  
-1.512198128  
-7.452484529  
-10.15265669  
-10.8884292  
-11.39797717  
-13.07559658  
-16.37982943  
-20.67624257  
-24.52504893  
-26.23855011  
-24.45753015  
-18.54756064  
-8.744693287  
3.89767973  
17.6619933  
30.35834734  
39.57216583  
43.02936546  
39.10434485  
27.38554178  
9.094375611  
-12.88553722  
-34.52033153  
-51.62207308  
-61.03973058  
-61.6172096  
-54.53161182  
-42.85072114  
-30.46255758  
-20.79339202  
-15.81214364  
-15.67965505  
-19.10485945  
-24.15833919  
-29.12038938  
-32.97932703  
-35.42144926  
-36.43876395  
-35.87415641  
-33.22645704  
-27.85544408  
-19.46629798  
-8.563683424  
3.441214172  
14.60490638  
23.16498637  
28.23834659  
30.12518596  
30.02908419  
29.31410268  
28.68528861  
27.74958935  
25.23772437  
19.8221127  
11.131366  
0.4135491507  
-9.565238532  
-15.43814184  
-14.60743844  
-6.445250126  
7.255946598  
22.83526535  
36.10455447  
43.89295951  
45.11358363  
40.90249913  
33.82559253  
26.58538532  
20.87437866  
16.90798306  
13.79533731  
10.46447368  
6.578073266  
2.902443769  
0.9045598366  
1.790193138  
5.522619573  
10.40565569  
13.54432705  
12.04608052  
4.423926946  
-8.482071198  
-23.5555393  
-36.47477855  
-43.37203801  
-42.366083  
-34.30032429  
-22.37527541  
-10.85374111  
-3.412059086  
-1.832098544  
-5.534742331  
-12.05916395  
-18.18462165  
-21.16512532  
-19.57927513  
-13.54548557  
-4.368763037  
6.091123828  
15.99982564  
23.87884027  
28.68812158  
29.80779302  
27.07760483  
20.94049376  
12.58821326  
3.925215146  
-2.783495453  
-5.553743145  
-3.401437707  
3.170123838  
12.1715918  
20.68332228  
25.79280856  
25.57012087  
19.71850291  
9.673260937  
-1.854961211  
-11.695477  
-17.09951849  
-16.43146543  
-9.531908088  
2.259313299  
16.36061746  
29.42397526  
37.98686263  
39.25178488  
31.87698922  
16.56517182  
-3.813236304  
-24.75595182  
-41.30635533  
-49.57170665  
-48.05636702  
-38.25502288  
-24.17800152  
-10.89789363  
-2.644094009  
-1.216329824  
-5.403418797  
-11.68566421  
-15.93554691  
-15.37042225  
-9.874013162  
-2.073982396  
3.873368659  
4.240808982  
-2.473007202  
-14.74264168  
-28.58789088  
-39.25773551  
-43.25445951  
-39.77954178  
-30.96745682  
-20.84608331  
-13.54272027  
-11.57132159  
-14.94624017  
-21.43863186  
-27.74337614  
-30.93320072  
-29.51724041  
-23.69764632  
-14.86316392  
-4.727630152  
5.366990915  
14.65097574  
22.65200384  
28.77521939  
32.14878494  
31.95338908  
28.10488121  
21.86185815  
15.87612721  
13.44796778  
17.1794169  
27.60679768  
42.5158848  
57.40205499  
67.02573138  
67.47284167  
57.83288847  
40.72002276  
21.35087571  
5.536348594  
-2.560357393  
-1.939371173  
5.073931207  
14.03260138  
20.34305874  
21.10381681  
16.01820229  
7.067834452  
-2.772190404  
-11.07116092  
-16.96884096  
-21.23700595  
-25.43639577  
-30.68009006  
-36.68610788  
-41.62576636  
-42.85345639  
-38.15802359  
-26.92404195  
-10.64449971  
7.45630519  
23.51760209  
34.37158818  
38.55244986  
36.60797899  
30.65913898  
23.46111353  
17.37973556  
13.66512126  
12.22847942  
11.90890924  
11.05518728  
8.189104663  
2.548500125  
-5.617992602  
-15.06005768  
-23.83933878  
-29.89359715  
-31.72952091  
-29.04525353  
-23.04173349  
-16.22537073  
-11.65766192  
-11.83704579  
-17.60613559  
-27.55343882  
-38.24789519  
-45.33069429  
-45.11281457  
-36.06021984  
-19.53671965  
0.5535339044  
19.12542726  
31.73947663  
36.1472064  
32.92542611  
24.97201839  
16.13647268  
9.624287239  
6.873536101  
7.337125704  
9.152750182  
10.27201745  
9.449974476  
6.636257361  
2.669659148  
-1.442592322  
-5.183200454  
-8.7265103  
-12.59375976  
-17.01713819  
-21.45423095  
-24.61314516  
-25.04347817  
-21.99316554  
-16.03346217  
-9.038500103  
-3.44018814  
-1.087422345  
-2.293216744  
-5.600285865  
-8.444917429  
-8.426363522  
-4.546513657  
2.232811573  
9.43423112  
14.30829435  
15.23839962  
12.5584091  
8.325083179  
5.138768796  
4.632519339  
6.465449641  
8.425049539  
7.668573408  
2.502652164  
-6.248783159  
-15.10176809  
-19.22773449  
-14.70999777  
-0.688085918  
19.70064597  
40.15945583  
53.59902009  
55.03188647  
43.69920716  
23.45236934  
1.19855545  
-15.89485206  
-23.18575265  
-20.11632742  
-9.932967432  
2.174929599  
11.54651799  
15.94267506  
16.03696064  
14.42122985  
13.77992454  
15.25133156  
17.82384478  
19.02036277  
16.42968208  
9.213276692  
-1.240929049  
-11.86567705  
-19.36393665  
-21.7910641  
-19.44887779  
-14.65173725  
-10.52392327  
-9.480983007  
-12.17638291  
-17.40670367  
-22.93062952  
-26.67457359  
-27.63016805  
-25.98132703  
-22.48734971  
-17.6062438  
-11.00311007  
-1.846027037  
10.21677441  
23.99134287  
36.34286184  
42.94638045  
40.04695334  
26.4673675  
4.820349254  
-18.86473966  
-37.17708109  
-44.26073601  
-38.35361375  
-22.69622919  
-4.261948644  
9.23607642  
12.75855484  
6.20592291  
-5.559224604  
-15.01375818  
-15.59191864  
-4.965527338  
13.55321364  
32.19000814  
41.99740457  
36.81309592  
16.13140912  
