48.3818711  
63.20357708  
67.50644716  
60.62013388  
45.51127245  
27.18493115  
10.37320447  
-2.364200081  
-11.25733978  
-18.46463077  
-26.28103134  
-35.41040315  
-44.22555545  
-49.40632071  
-47.62603184  
-37.42081731  
-20.28616229  
-0.4332458739  
16.70110728  
26.50251395  
26.85477075  
18.72848737  
5.509646371  
-8.522464191  
-19.81769543  
-26.57847151  
-28.85998198  
-27.90504954  
-25.20291497  
-21.79153624  
-18.07639845  
-14.08596126  
-9.841701994  
-5.517610388  
-1.281383663  
3.011720847  
7.95082579  
14.29296907  
22.32658288  
31.22564781  
38.86472451  
42.3913714  
39.44831853  
29.51411375  
14.64085736  
-0.9422907881  
-12.37141596  
-16.2424177  
-12.29166818  
-3.782187426  
3.736419343  
4.85643458  
-3.1288852  
-18.73430826  
-36.62367877  
-49.71598917  
-52.15457791  
-41.80874695  
-21.17162153  
3.740420897  
25.952016  
40.34874628  
45.45925692  
43.44342332  
38.4189646  
34.05931712  
31.70661023  
29.92804666  
25.66566622  
16.30023077  
1.487535646  
-16.23523545  
-32.41474954  
-42.72979044  
-45.05924135  
-40.49298564  
-32.75332493  
-26.31771046  
-24.20486873  
-26.5572503  
-30.73874726  
-32.87869175  
-30.04598424  
-21.91241904  
-11.03316271  
-1.591701399  
2.74599838  
0.7590962397  
-5.617413359  
-12.17585035  
-14.47460706  
-10.00945249  
0.5644781206  
13.75133612  
24.8808302  
30.2630631  
28.758894  
22.03468846  
13.47376855  
6.40642009  
2.634621943  
2.00756035  
3.181014891  
5.013678755  
7.688877902  
12.80921058  
22.31063858  
36.76036563  
54.03969926  
69.310388  
76.54444438  
71.0659583  
51.94115392  
22.99940164  
-8.16535772  
-32.92785357  
-44.96341366  
-42.70328374  
-29.79460722  
-13.3458035  
-0.7557755449  
3.426451497  
-0.8022745668  
-9.363053396  
-16.4105202  
-17.33438338  
-10.99712375  
-0.1727703006  
9.951270671  
14.41060698  
10.9163673  
0.9337010504  
-11.09998708  
-19.98400384  
-22.27583228  
-17.88967706  
-10.01918426  
-3.465173083  
-2.220082526  
-7.497434103  
-17.14883027  
-26.71928721  
-31.59977907  
-29.22864329  
-20.29811198  
-8.421421024  
1.547460763  
5.73028316  
2.946977816  
-4.822269939  
-13.40143486  
-18.33144101  
-16.8570313  
-9.126900472  
1.868397407  
11.53667977  
15.53923745  
11.49568948  
-0.1017883333  
-16.04343085  
-31.48383185  
-41.50272451  
-42.59604152  
-33.65358111  
-16.20095489  
6.076857203  
28.33243741  
45.78412643  
54.86833864  
54.04875702  
44.09450879  
27.76038856  
8.954635031  
-8.365789952  
-21.22927852  
-28.27604694  
-29.77749372  
-27.08385359  
-21.77378467  
-14.91171888  
-6.765650495  
2.890130654  
14.07055953  
25.89158294  
36.34974959  
42.81410086  
43.10892502  
36.71612155  
25.47546554  
13.31224714  
4.934569909  
3.939483734  
11.11462668  
23.73410077  
36.28742431  
42.48241436  
37.78514311  
21.46548583  
-2.744351733  
-27.73916568  
-45.5287533  
-50.18925603  
-40.1300401  
-18.785011  
6.546591948  
27.2649967  
36.46658596  
31.26726686  
13.64507076  
-10.41961566  
-33.10137348  
-47.35579396  
-49.10023803  
-38.28236352  
-18.61287702  
3.80779757  
22.43246027  
32.15731577  
30.64690101  
18.80752723  
0.3712121628  
-19.2412242  
-34.46621379  
-41.16398831  
-37.8031969  
-25.925547  
-9.708871606  
5.311732659  
14.02773597  
13.49358171  
4.007879153  
-10.89911144  
-25.64436993  
-34.56793434  
-33.99404753  
-23.58535544  
-6.436805801  
12.1546412  
26.76695041  
33.93406598  
33.37083256  
27.83575804  
21.7052691  
18.89534783  
21.05231527  
26.81867045  
32.50122757  
33.83999878  
28.07919733  
15.39846982  
-0.9546321239  
-15.91240975  
-24.67830389  
-24.7476855  
-16.97492427  
-5.223835403  
5.238961393  
9.909220714  
6.84400658  
-2.645575682  
-14.65282645  
-24.35017098  
-27.93765032  
-24.05924781  
-14.16010341  
-1.741529318  
9.075712632  
15.03567685  
14.70341139  
8.623019764  
-1.219069668  
-12.25639615  
-22.11512349  
-29.03867401  
-31.95655784  
-30.38450352  
-24.38140543  
-14.66565021  
-2.796824932  
8.80869851  
17.24459711  
19.89954168  
15.4425356  
4.600159329  
-9.689393862  
-22.95386399  
-30.56165972  
-29.3322053  
-18.7682772  
-1.399862811  
17.94126863  
33.67971424  
41.32144082  
38.8795647  
27.40159174  
10.45569495  
-7.172866589  
-21.0564941  
-28.40479511  
-28.65503749  
-23.27531257  
-14.97167719  
-6.660292979  
-0.5727647374  
2.261656886  
2.09196566  
0.1624908882  
-1.773288372  
-1.990135647  
0.7296854289  
6.744473752  
15.37974754  
24.98095804  
33.22145081  
37.64408588  
36.33484679  
28.55156784  
15.10377129  
-1.671502191  
-18.37337628  
-31.33008415  
-37.49764328  
-35.20653053  
-24.55880413  
-7.396744609  
13.10609666  
33.09553905  
48.7714427  
57.07743411  
56.26073929  
46.24150353  
28.73083364  
7.031572589  
-14.51758008  
-31.41466947  
-40.02646107  
-38.51599696  
-27.37098751  
-9.322410637  
11.36915338  
30.05772558  
42.91991969  
47.8347498  
44.67531385  
34.98928083  
21.27837812  
6.211720162  
-7.93055932  
-19.45925786  
-27.20908394  
-30.41996191  
-28.7671565  
-22.58705276  
-13.14869164  
-2.703971289  
5.901192065  
10.06111319  
8.423153601  
1.628641093  
-7.642871805  
-15.49211665  
-18.25738388  
-14.04783999  
-3.680183861  
9.453285836  
20.61431345  
25.58000049  
22.35757438  
12.00243551  
-1.836772056  
-14.46194819  
-22.08520929  
-23.34019967  
-19.68667363  
-14.55614078  
-11.66174657  
-13.26919656  
-19.22166847  
-27.13982679  
-33.65398534  
-36.04636784  
-33.50896952  
-27.43510583  
-20.64848292  
-15.98718213  
-14.95537033  
-17.09091893  
-20.3192959  
-22.06756648  
-20.54903436  
-15.57515922  
-8.522749627  
-1.532566462  
3.596415369  
6.221772335  
6.973994158  
7.164873449  
7.869786783  
9.238007606  
10.44506882  
10.32440455  
8.306540486  
5.084611081  
2.538761057  
2.847809481  
7.189756286  
14.72746208  
22.51416176  
26.53612266  
23.5268312  
12.73198046  
-3.275594179  
-19.26021912  
-29.32237985  
-29.42416991  
-19.3063029  
-2.856381176  
13.35553588  
22.82640025  
21.98390271  
11.88242934  
-2.076746269  
-12.34844  
-12.45373269  
0.1877440349  
23.04327198  
49.40718617  
71.0862371  
81.65894039  
78.90072867  
65.36138297  
46.91632012  
30.01135363  
18.86925012  
13.89321347  
11.91549366  
8.082446801  
-1.558734066  
-17.98271592  
-38.54256649  
-57.99611455  
-70.67602409  
-72.79392212  
-63.87088782  
-46.73901575  
-26.23151172  
-7.24263696  
6.953505603  
15.45347858  
19.3744116  
20.75607856  
21.36071786  
21.95829077  
22.34488622  
21.91802798  
20.35711442  
17.96075187  
15.45265035  
13.42065044  
11.79154926  
9.731858496  
6.107351277  
0.2802084041  
-7.220652114  
-14.60575  
-19.4711628  
-19.93711094  
-15.71661774  
-8.517840838  
-1.474514398  
2.217034155  
0.8402485859  
-4.886766297  
-11.97778751  
-16.47874923  
-15.34623429  
-8.024770577  
3.063934994  
13.42052353  
18.40068568  
15.31665696  
4.732892079  
-9.662499699  
-22.57360638  
-29.31713195  
-27.74247239  
-19.00226472  
-6.877843963  
3.955421263  
9.866009951  
9.511170271  
3.892649423  
-4.647329893  
-13.83674138  
-22.48056925  
-30.53843541  
-38.31357569  
-45.33111708  
-49.69582539  
-48.47878899  
-39.10433306  
-21.09587615  
2.773614424  
26.69787741  
43.5764412  
47.67092179  
37.04880108  
14.68008168  
-12.40236119  
-35.61116253  
-47.9511439  
-46.47297512  
-33.01529729  
-12.99890101  
7.085618789  
22.29999458  
30.819656  
33.84437863  
34.10424337  
33.87890177  
33.62851753  
31.94552691  
26.79265777  
17.28288482  
4.950411369  
-6.283824047  
-11.5649286  
-7.327218567  
6.803619066  
27.41353081  
