9.32069095  
1.017337083  
-18.35074091  
-40.29736328  
-53.73573279  
-49.77266675  
-25.8731215  
12.44182818  
53.20213477  
82.35792425  
89.18781018  
70.5568968  
32.27792587  
-12.9955552  
-50.50999227  
-68.89890362  
-64.25906483  
-41.26981235  
-11.02284308  
13.46602991  
22.23189269  
11.90114741  
-13.45193344  
-44.26339767  
-69.29944206  
-79.76134667  
-72.14471097  
-48.95074846  
-17.25081411  
14.10779521  
37.48548789  
48.57362773  
47.09854102  
36.15590416  
20.69036661  
5.802592892  
-4.558598982  
-8.258353813  
-5.027161292  
3.888433621  
16.24620709  
29.35278246  
40.57726446  
47.81993963  
49.89421341  
46.7368882  
39.3551146  
29.4843473  
19.04707042  
9.602703868  
2.004435369  
-3.607279291  
-7.500297688  
-9.91840047  
-10.77181788  
-9.643002299  
-6.135925305  
-0.4050444878  
6.418384951  
12.17449476  
14.11936414  
9.773479187  
-2.10976015  
-20.81742567  
-43.49071722  
-65.6009486  
-81.98878987  
-88.18920673  
-81.67412217  
-62.66889337  
-34.30746589  
-2.055671803  
27.48860658  
48.15206199  
55.71843788  
49.02892512  
30.31653681  
4.631869554  
-21.51722551  
-41.92474704  
-52.29596694  
-51.18775053  
-39.98958082  
-22.01956418  
-1.154902796  
19.40794479  
37.7596574  
53.07674156  
64.85598648  
72.13116109  
73.23747658  
66.39791021  
50.92773318  
28.43509938  
3.266329911  
-18.28744228  
-29.93442274  
-27.77812307  
-12.12432307  
12.20596795  
37.36912133  
55.30450174  
60.72224844  
52.9921073  
36.09361952  
16.64411102  
0.9000978763  
-7.889586714  
-10.56036339  
-11.06412364  
-13.96849866  
-21.6882462  
-32.86443005  
-42.76455694  
-45.59059564  
-37.62055377  
-19.64256408  
2.591788111  
20.27646788  
25.09870011  
12.90309339  
-14.16352954  
-48.03060194  
-77.51901911  
-92.45665224  
-87.41617484  
-63.59375957  
-28.1666793  
8.47571808  
36.41533997  
49.34193025  
46.06082146  
30.06542232  
7.658924016  
-14.42443299  
-30.96145463  
-39.20560188  
-38.86651171  
-31.48099203  
-19.6451426  
-6.404623784  
5.174875534  
12.41282017  
13.53108324  
8.234125071  
-1.901230688  
-13.54317499  
-22.39682995  
-24.53056458  
-17.79683646  
-2.781040691  
17.15110545  
36.79044936  
50.69151244  
54.87270695  
48.02087691  
31.83410685  
10.47618853  
-10.59273437  
-26.01233113  
-31.78492389  
-26.17876942  
-10.16531564  
12.65935766  
36.713509  
55.63441791  
63.91734175  
58.63622316  
40.69199669  
15.01002952  
-10.63865079  
-28.01881629  
-31.28376092  
-19.22767863  
4.045535092  
30.46024156  
50.90890166  
58.65605877  
51.79100176  
33.6692346  
11.14885807  
-8.575125604  
-21.07832657  
-26.31385261  
-27.98314931  
-31.01715691  
-38.44789016  
-49.2762776  
-58.47951236  
-59.25585459  
-46.48110025  
-19.69866959  
15.87497645  
50.94070682  
75.68020797  
83.71091795  
74.63266797  
54.00251256  
30.76507295  
13.33697419  
6.141610503  
8.132856278  
13.8757247  
16.54711727  
11.35739648  
-2.223628724  
-20.4045251  
-37.06820258  
-46.75941365  
-47.19896134  
-40.18351972  
-30.57126763  
-23.96992272  
-24.28898138  
-32.25859974  
-45.44155903  
-59.50790896  
-69.99953289  
-73.73146238  
-69.33868246  
-57.02732546  
-37.99944861  
-14.06935088  
12.31130852  
37.83134273  
58.37683673  
69.74880068  
69.00961575  
55.92763158  
33.72812878  
8.534410576  
-12.53986916  
-23.98188291  
-24.03893208  
-15.40403991  
-4.003345603  
3.657204289  
3.410987955  
-4.736260223  
-16.73134748  
-26.50692308  
-28.9520278  
-22.38921332  
-9.363450185  
4.626129176  
13.81101671  
14.92146178  
8.675145236  
-0.7279099151  
-7.817831253  
-8.637387243  
-2.68358107  
6.963849921  
15.37012497  
18.42507192  
15.08247816  
7.987066761  
2.135386913  
2.222902447  
10.01806496  
23.12443263  
35.82911522  
41.7103622  
36.79139178  
21.71925022  
1.869759818  
-14.76288143  
-20.99548212  
-13.67797805  
4.745198763  
27.05314885  
44.10896561  
48.53657227  
37.65364891  
14.45808242  
-13.67344628  
-37.94688771  
-51.49005915  
-51.71219066  
-40.81949923  
-24.43754617  
-9.059317026  
0.557608242  
3.008394158  
0.3378444856  
-3.257785554  
-3.45801391  
2.30667271  
13.85612126  
28.4423508  
41.92653471  
50.40573827  
51.63334018  
45.72388413  
34.95392411  
22.82201387  
12.78466948  
7.157326072  
6.553197956  
9.989313066  
15.5180699  
21.05333556  
25.02077185  
26.58513309  
25.43556541  
21.33929156  
13.79825293  
2.092800852  
-14.21246129  
-34.5047433  
-56.5147693  
-76.29837398  
-89.03460293  
-90.49949943  
-78.70981184  
-55.04871816  
-24.30386506  
6.551861503  
30.47864516  
42.60768533  
41.71151199  
30.29986911  
13.30276194  
-4.08538701  
-18.45151724  
-29.19543896  
-38.10601918  
-47.71875589  
-59.27837572  
-71.34122428  
-79.781686  
-79.31988277  
-65.95910183  
-39.2468196  
-3.281764612  
34.10482147  
63.78536337  
78.46563911  
75.25859275  
56.66306654  
29.56059585  
2.657104677  
-16.58917798  
-24.34415625  
-21.21459395  
-11.32168344  
-0.1649388601  
7.74456505  
10.5003088  
9.090987331  
6.407312197  
5.546156723  
8.237087515  
14.07934781  
20.85520268  
25.68518251  
26.43475029  
22.71804747  
16.07003176  
9.257904321  
5.082824103  
5.222684587  
9.612544416  
16.59059373  
23.69189404  
28.69754768  
30.46593118  
29.20154808  
26.09190926  
22.5335379  
19.34237198  
16.33413423  
12.46821778  
6.474846845  
-2.351341921  
-13.59132902  
-25.66793545  
-36.37996759  
-43.76583645  
-46.88677311  
-46.14076409  
-42.93644981  
-38.87064054  
-34.81750006  
-30.41249026  
-24.24795132  
-14.7531566  
-1.365001344  
14.60739113  
29.94283426  
40.46205404  
42.66701922  
35.38018007  
20.60943014  
3.144574058  
-11.07056998  
-17.179451  
-13.3319414  
-1.433887724  
13.6377635  
26.04487302  
31.35837459  
28.25083478  
18.77758398  
7.162139474  
-2.304202193  
-7.228959364  
-8.010621792  
-7.249587252  
-8.009372825  
-11.84210651  
-17.62880841  
-21.89718441  
-20.54486953  
-11.16743651  
5.170578863  
23.68713874  
37.44120945  
40.13013017  
28.93357631  
6.118946775  
-21.38054566  
-44.33765409  
-54.62532931  
-48.25898098  
-26.86091411  
3.008843968  
32.32489926  
52.83189436  
59.76245102  
53.05907161  
36.7963707  
17.22828347  
0.360997332  
-9.998269225  
-13.09767554  
-10.90473904  
-6.936216008  
-4.829639527  
-7.172813912  
-14.86778739  
-27.04512931  
-41.3836754  
-54.66836096  
-63.47686729  
-64.93348479  
-57.44944058  
-41.29154763  
-18.76646957  
6.150470428  
28.74200471  
44.79715321  
51.76341022  
49.37198484  
39.49500876  
25.31521196  
10.19029465  
-3.286336272  
-13.65372538  
-20.32798764  
-23.01436056  
-21.25627228  
-14.49657483  
-2.692431488  
12.86279909  
29.08644329  
41.50531012  
45.59239715  
38.60504706  
21.11155249  
-2.610645221  
-25.70616461  
-41.1258959  
-44.3603212  
-35.3571229  
-18.71913663  
-1.979553338  
7.409464641  
5.142620226  
-8.116262416  
-26.94629635  
-43.3394561  
-49.9158282  
-42.83724315  
-23.23206946  
3.385998489  
29.3569741  
47.75147624  
54.68055679  
50.18447357  
37.53993422  
21.51748367  
6.493416081  
-4.766856508  
-11.29912003  
-13.31522218  
-11.35114715  
-5.784127564  
3.017365014  
14.11140861  
25.49180538  
34.20253632  
37.22872608  
32.843563  
21.73028753  
7.188823852  
-5.879538987  
-12.91019912  
-11.71241044  
-3.623734893  
6.873755997  
14.0438593  
13.52468736  
4.506100412  
-9.61303928  
-22.51147634  
-27.70789389  
-21.60431226  
-5.407708164  
15.03269625  
31.52159153  
37.01250838  
28.76714436  
9.726564504  
-12.60595192  
-29.36444059  
-34.23147201  
-26.31315236  
-10.63390556  
4.063878007  
