47.48524205  
43.44777166  
32.23583813  
15.64393241  
-3.263453979  
-20.80363426  
-33.55659312  
-39.25201868  
-37.39496787  
-29.40813774  
-18.2059884  
-7.305112628  
0.253049771  
2.808533525  
0.5075548823  
-4.896234884  
-10.77764458  
-14.62858997  
-14.92705008  
-11.57299631  
-5.759355578  
0.6255577957  
5.787726447  
8.675076188  
9.233884825  
8.210928072  
6.641313572  
5.291376249  
4.327055801  
3.353856532  
1.785988265  
-0.6621972748  
-3.63143003  
-6.119626049  
-6.862084665  
-4.931738389  
-0.2799075092  
6.054637913  
12.20413846  
16.12690662  
16.40257223  
12.83311514  
6.582188018  
-0.2277405716  
-5.313588661  
-7.108913705  
-5.365658322  
-1.236071483  
3.19809133  
5.758731113  
5.034310946  
0.935103907  
-5.266921203  
-11.41501642  
-15.2664649  
-15.30771699  
-11.29233962  
-4.326624936  
3.50160114  
9.802131118  
12.63399098  
11.09508552  
5.586136858  
-2.307102997  
-10.2650665  
-15.89078411  
-17.39930464  
-14.15966061  
-6.93539983  
2.267409022  
10.73904863  
15.86940672  
15.98886115  
10.96991007  
2.354794252  
-7.087081037  
-14.2651979  
-16.84002409  
-14.0668566  
-7.072783557  
1.570010194  
8.831587688  
12.38952806  
11.49812161  
7.197680974  
1.775519528  
-2.284417683  
-3.396792922  
-1.524659237  
1.905411134  
4.77207731  
5.338779361  
3.119481491  
-0.8953597812  
-4.770333143  
-6.656654124  
-5.806098228  
-3.037461479  
-0.3783331561  
-0.01049835787  
-3.011826013  
-8.529426898  
-13.85472267  
-15.46433948  
-10.62346593  
1.156968772  
17.50716321  
33.78923542  
44.72823146  
46.44492901  
38.04429691  
22.07480651  
3.63863183  
-11.50039934  
-19.04535069  
-17.67589749  
-9.358246836  
1.615422593  
10.4088619  
13.49030769  
9.819028834  
0.9675422961  
-9.758221346  
-18.74392355  
-23.41717594  
-23.01520769  
-18.5674696  
-12.23459464  
-6.37192185  
-2.719195021  
-1.977399017  
-3.818102319  
-7.193591141  
-10.75064835  
-13.19697901  
-13.56689698  
-11.40665001  
-6.905145384  
-0.9452885256  
5.00118022  
9.203949934  
10.21040878  
7.436433281  
1.563975167  
-5.490045781  
-11.12234368  
-12.9690281  
-9.863714933  
-2.41354289  
7.100280704  
15.51618827  
19.98913137  
19.10076013  
13.4076175  
5.185086706  
-2.525697149  
-7.153279658  
-7.579241555  
-4.458463159  
0.2258771091  
4.12896622  
5.567703819  
4.140643371  
0.7037847436  
-3.217917518  
-6.241914159  
-7.742618019  
-7.983863291  
-7.75265808  
-7.738663607  
-8.023577966  
-7.967711526  
-6.554945006  
-3.005213836  
2.681029631  
9.545748379  
15.96877033  
20.29454052  
21.48053085  
19.45468992  
15.028583  
9.446594495  
3.83271296  
-1.16922509  
-5.395334768  
-8.851347756  
-11.3258603  
-12.2067695  
-10.66265922  
-6.130389231  
1.150146968  
9.878820644  
17.92706922  
23.02813012  
23.64872259  
19.64346251  
12.36911014  
4.177073694  
-2.50538408  
-6.098485851  
-6.388783088  
-4.429565641  
-1.904472565  
-0.2846083993  
-0.1902477943  
-1.24434231  
-2.445642057  
-2.828081034  
-2.043995527  
-0.5708578508  
0.5447794341  
0.2443290158  
-1.996327221  
-5.918589067  
-10.64053244  
-15.10387295  
-18.53548368  
-20.65959918  
-21.55938091  
-21.31013707  
-19.65773129  
-16.00407251  
-9.782240226  
-1.053625399  
9.022051812  
18.18918992  
23.71008696  
23.41153542  
16.71939498  
5.170343552  
-7.920325931  
-18.58274397  
-23.67518247  
-22.09077918  
-15.14466106  
-5.951180837  
1.940908022  
6.043768074  
5.881815766  
2.980314664  
-0.07313528344  
-1.019946113  
0.9090465324  
4.628653553  
7.800739413  
8.098311173  
4.501294349  
-2.025401924  
-8.824223032  
-12.69003022  
-11.33637756  
-4.492099991  
5.890418949  
16.41640361  
23.6587136  
25.55063674  
22.13845696  
15.38400775  
8.155530313  
2.911263206  
0.6955243695  
0.8858190325  
1.751475081  
1.496580722  
-0.750205695  
-4.479584307  
-8.074442426  
-9.644574694  
-7.991812663  
-3.233095887  
3.204287825  
9.187365214  
12.77413876  
12.97837274  
10.07251515  
5.340151001  
0.4513854655  
-3.212694434  
-4.980446979  
-4.915203191  
-3.520364086  
-1.346770094  
1.262809944  
4.174249554  
7.260414935  
10.17463998  
12.28670639  
12.86289855  
11.41312303  
8.010521752  
3.381157871  
-1.327244954  
-5.016813632  
-7.130759258  
-7.914400463  
-8.298605245  
-9.442842975  
-12.14903508  
-16.42958443  
-21.44397523  
-25.83981594  
-28.33543058  
-28.26187223  
-25.80314117  
-21.82532224  
-17.39174396  
-13.21916387  
-9.358431773  
-5.268427935  
-0.2492241518  
5.988249614  
12.91979103  
19.20594872  
23.13488285  
23.33583586  
19.44647362  
12.41932543  
4.301117219  
-2.453588396  
-5.868750257  
-5.177642255  
-1.104335218  
4.414355306  
8.953826008  
10.49240875  
8.138237281  
2.443553147  
-4.776534801  
-11.02613185  
-13.89635986  
-11.77434463  
-4.30337659  
7.496519432  
21.43922838  
34.63864623  
44.12328979  
