50.26048525  
32.25949854  
10.97444951  
-7.105679628  
-16.86109472  
-16.32721445  
-7.194535066  
6.117329127  
18.36748531  
25.55980568  
26.32069528  
22.07265781  
16.02159144  
11.47782197  
10.2893552  
12.07612438  
14.56774438  
14.84046188  
10.84885173  
2.52785247  
-8.050394681  
-17.54244384  
-22.83124149  
-22.47538365  
-17.44778587  
-10.81574841  
-6.482210863  
-7.5215458  
-14.81970433  
-26.59584002  
-39.00347926  
-47.55600649  
-48.78983039  
-41.50723498  
-27.14581148  
-9.198898495  
8.011759656  
20.69352109  
26.57250161  
25.23891979  
17.87019034  
6.58827696  
-6.219400725  
-18.37895185  
-28.15456906  
-34.32077127  
-36.2304986  
-33.94877125  
-28.38308947  
-21.24269351  
-14.68053137  
-10.61854463  
-9.962801939  
-12.0566993  
-14.70326705  
-14.88357171  
-9.986086989  
0.9189452393  
16.32667948  
32.48053302  
44.54057369  
48.35846383  
42.17802717  
27.54945359  
9.022150724  
-7.341452997  
-16.10368346  
-14.43157694  
-3.150292509  
13.5429729  
29.59535682  
39.26019056  
39.08453081  
28.99531356  
12.13040134  
-6.447826311  
-21.60846226  
-29.85862623  
-30.29843721  
-24.55868206  
-15.86110512  
-7.651685226  
-2.362700307  
-0.7396779369  
-1.8995593  
-3.98590583  
-5.078547732  
-3.965182207  
-0.4937429907  
4.569827692  
10.04269245  
14.91802718  
18.77358741  
21.82617166  
24.63259928  
27.60016989  
30.55841989  
32.62326176  
32.46098145  
28.88043001  
21.51820881  
11.30468508  
0.4503839047  
-8.135574044  
-11.84665605  
-9.446000086  
-1.761865668  
8.33384262  
16.75799042  
19.62900154  
14.76243291  
2.660918918  
-13.44327005  
-28.59147545  
-37.82991635  
-38.03473057  
-29.11760031  
-14.1111628  
1.937122476  
13.853372  
18.26940476  
14.82445898  
6.147880019  
-3.370884893  
-9.515906307  
-10.07494647  
-5.794728614  
-0.04773272744  
2.666495351  
-1.227248854  
-12.63075897  
-29.07011392  
-45.37092942  
-55.48902079  
-54.80928021  
-42.02974228  
-19.89814926  
5.502615938  
26.68331934  
37.21176378  
33.84496784  
17.5958263  
-6.613861116  
-31.56624461  
-50.05548572  
-57.1080045  
-51.3943979  
-35.41165256  
-14.44004567  
5.317714151  
18.75760052  
23.37953624  
19.80836172  
11.22145854  
1.957538817  
-4.145759599  
-5.067521631  
-1.112907226  
5.518411803  
11.87056503  
15.57387084  
15.82623003  
13.6187218  
11.14361545  
10.67865759  
13.46671366  
19.1048362  
25.71929555  
30.84010174  
32.56092025  
30.43307988  
25.66181081  
20.50043676  
17.12208913  
16.50892721  
17.90505853  
19.12351743  
17.59222834  
11.66113319  
1.54877032  
-10.54276605  
-21.2333438  
-27.34394857  
-27.22135311  
-21.39296474  
-12.24410098  
-2.870912079  
4.342182977  
8.733761152  
11.47007582  
14.68372685  
20.06214774  
27.58848001  
35.09314023  
38.91217132  
35.43063903  
22.85694102  
2.427958088  
-21.54106679  
-42.86714802  
-55.54054516  
-55.81214052  
-43.52132205  
-22.17017574  
2.24869275  
23.19041976  
35.52962417  
36.88803503  
27.94912653  
11.80258633  
-7.302500792  
-25.27864661  
-39.15909725  
-47.48558173  
-50.16642643  
-48.01578399  
-42.22641179  
-33.96248607  
-24.14945079  
-13.4452705  
-2.334410385  
8.718275394  
19.10801505  
27.9815482  
34.24308787  
36.72863743  
34.55160083  
27.53564675  
16.5640357  
3.645634629  
-8.433489749  
-16.84436012  
-19.61726107  
-16.36924739  
-8.531630759  
1.071575188  
9.174418943  
13.18731489  
12.02964833  
6.337393939  
-2.014336135  
-10.82054198  
-18.43903174  
-24.24479835  
-28.46415166  
-31.542406  
-33.45511413  
-33.41080206  
-30.17902742  
-22.91641028  
-12.04273669  
0.3790152533  
11.10486214  
16.94073031  
16.23287457  
9.887624711  
1.324822443  
-4.771787719  
-4.461428529  
3.55976514  
17.08786462  
31.07500671  
39.66034932  
38.74707919  
27.98964319  
11.25037958  
-4.773789654  
-13.242211  
-10.05293499  
4.335837709  
24.96480337  
44.32401862  
55.38030644  
54.39632623  
42.35194773  
24.39498642  
7.606506298  
-1.92148899  
-1.442317035  
7.607280682  
20.53729576  
31.57907715  
36.28406299  
33.11270543  
23.62474466  
11.35284493  
0.01644174101  
-8.044747844  
-12.54174523  
-14.83472043  
-16.81345815  
-19.72047916  
-23.52859468  
-27.1338125  
-29.17145299  
-28.94714161  
-26.94749789  
-24.65667761  
-23.80099614  
-25.45872292  
-29.53805196  
-34.91241815  
-40.12786132  
-44.26531578  
-47.43730053  
-50.58493765  
-54.63022635  
-59.42555864  
-63.12117694  
-62.42606387  
-53.82168813  
-35.28976333  
-7.783849844  
24.31371672  
54.12829594  
74.40747449  
80.05090561  
70.04732054  
47.99320504  
20.91799742  
-3.170144645  
-18.06977654  
-21.40940877  
-15.12527027  
-4.248021662  
5.452472157  
9.957005546  
8.58265496  
4.030772913  
0.9272111403  
3.523672497  
13.5736835  
29.30757504  
45.95176906  
57.57798602  
59.50660086  
