21.6050992  
14.16267882  
1.449436212  
-14.16631909  
-29.0601242  
-39.65262619  
-43.67589624  
-40.89376115  
-33.01358389  
-22.88283621  
-13.36296159  
-6.382791041  
-2.547332827  
-1.386892174  
-2.018318102  
-3.809023792  
-6.668823556  
-10.82207467  
-16.21495012  
-21.93347469  
-26.03309136  
-25.99085048  
-19.67639051  
-6.448910071  
12.12966924  
32.35809774  
49.31955014  
58.38593274  
56.76319642  
44.49880885  
24.56933686  
2.013473633  
-17.57291877  
-29.64943182  
-31.91924882  
-24.75514053  
-10.81873361  
5.900870563  
21.25477905  
31.94164224  
36.11800405  
33.55107087  
25.39878526  
13.7697267  
1.207865546  
-9.803219442  
-17.26983734  
-20.02546342  
-17.94029445  
-11.95433303  
-3.891863914  
3.942974234  
9.323359201  
10.67902719  
7.535804993  
0.6757611761  
-8.049027176  
-16.21433219  
-21.50175576  
-22.36433511  
-18.48297521  
-10.87073031  
-1.581548969  
6.902385165  
12.42634442  
13.82658438  
11.27968681  
6.205301082  
0.7350022741  
-3.081757708  
-4.051047621  
-2.287741652  
0.8501048214  
3.351035595  
3.453153534  
0.4978605429  
-4.639602029  
-9.769503635  
-12.2225675  
-9.99774474  
-2.756735506  
7.774047195  
18.21703249  
24.66836014  
24.12848294  
15.6866374  
0.9846874359  
-16.23898602  
-31.36625005  
-40.422225  
-41.34256186  
-34.53837963  
-22.59955595  
-9.305270245  
1.650748172  
7.756407832  
8.257736966  
4.109758146  
-2.570587332  
-9.280198296  
-13.85424791  
-14.95101267  
-12.23776725  
-6.319503398  
1.507939071  
9.606663664  
16.39430433  
20.73485238  
22.24221736  
21.39281537  
19.36485938  
17.6033164  
17.23284117  
18.54315459  
20.78854185  
22.44062959  
21.84026452  
17.99301027  
11.14766705  
2.856060497  
-4.571920725  
-9.022329738  
-9.529979667  
-6.784738133  
-2.923866602  
-0.660326429  
-2.109742141  
-7.832880954  
-16.5278689  
-25.51648928  
-31.80946704  
-33.27527195  
-29.40463434  
-21.36854903  
-11.40831592  
-1.900679512  
5.441754334  
9.895925414  
11.52848174  
10.7115488  
7.733119423  
2.785767848  
-3.654680009  
-10.34395178  
-15.09890939  
-15.24729753  
-8.670556632  
4.968467503  
23.43955359  
42.13634723  
55.38428111  
58.47304492  
49.60849007  
30.90795178  
7.902317026  
-12.3683523  
-23.94850868  
-24.19029488  
-14.66747675  
-0.3881193159  
12.35115183  
18.53759409  
16.33731266  
7.531795019  
-3.615595986  
-12.47223436  
-16.12339766  
-14.49287285  
-10.0489421  
-6.331146097  
-6.074887038  
-9.862403162  
-15.92775419  
-21.15450077  
-22.71992798  
-19.54340714  
-12.82461615  
-5.431852876  
-0.4796575574  
0.1733985705  
-3.243583842  
-8.646218658  
-13.24168357  
-14.9823112  
-13.57600666  
-10.53970143  
-8.275971344  
-8.652866707  
-11.82541049  
-15.92497128  
-17.81665347  
-14.59566046  
-5.11845583  
9.173676932  
24.56610798  
36.42427534  
41.01984086  
37.04356438  
26.15925526  
12.37476966  
0.5137183582  
-5.565705939  
-4.289229465  
3.255786209  
13.94409622  
23.89424116  
29.84508953  
30.10293486  
24.78300314  
15.39404223  
4.064414157  
-7.211531302  
-17.02586818  
-24.6259654  
-29.71019593  
-32.15766037  
-31.8744796  
-28.82623007  
-23.19871751  
-15.55450776  
-6.860961106  
1.658457154  
8.803097924  
13.69224475  
15.96424412  
15.80972733  
13.84443082  
10.8870796  
7.731477639  
4.985046335  
3.004426339  
1.91562277  
1.677918338  
2.14609389  
3.09989415  
4.234456073  
5.131647249  
5.25023085  
3.977203655  
0.7662704666  
-4.645894323  
-12.00289803  
-20.36974685  
-28.15899929  
-33.40977378  
-34.29790012  
-29.74638851  
-19.92116981  
-6.391432845  
8.174377018  
20.73450208  
28.79591079  
31.19313756  
28.40837863  
22.28394693  
15.22976365  
9.253646502  
5.233792411  
2.75494169  
0.5746319804  
-2.513604581  
-6.855261482  
-11.58031717  
-14.93381718  
-15.16505245  
-11.5497476  
-5.013111944  
2.02140566  
6.574993868  
6.466020419  
1.449027148  
-6.438838034  
-13.5697254  
-16.22437099  
-12.26569085  
-2.225296804  
10.73620235  
22.04667911  
27.63230414  
25.6958352  
17.56427614  
7.195538855  
-0.4794525273  
-1.682543755  
4.535282313  
15.79969023  
27.32559177  
33.85464178  
31.79950162  
20.69995163  
3.405337656  
-15.05168386  
-29.38108415  
-35.94790476  
-33.91431098  
-25.22469996  
-13.55379939  
-2.751266311  
4.532043855  
7.506379863  
7.028894918  
4.74570383  
2.073719316  
-0.4831495341  
-3.401328538  
-7.622771713  
-13.76410412  
-21.46488118  
-29.20551045  
-34.69947385  
-35.70732373  
-30.94168865  
-20.6976426  
-6.953306206  
7.115215804  
18.05144953  
23.17041091  
21.40503392  
13.67516678  
2.653421484  
-8.013268295  
-14.80013221  
-15.38494208  
-9.368518456  
1.612371645  
14.43924627  
25.56783355  
32.23132827  
33.36153114  
29.87871177  
24.22395875  
19.2999977  
17.23041762  
18.43988439  
21.44496808  
23.46311053  
