78.42155819  
84.69887908  
77.80816788  
58.27451732  
30.54943396  
1.92004388  
-19.86620636  
-29.39706627  
-25.6509095  
-12.3685306  
3.527523497  
14.88032543  
17.38077662  
11.42960284  
1.912074043  
-4.077851374  
-0.6048255038  
14.12708147  
36.5255253  
58.69880814  
71.46780177  
68.03960949  
46.79185012  
12.00651225  
-27.71494407  
-62.63748556  
-85.3188598  
-92.88640141  
-87.34623636  
-73.99311536  
-58.78298139  
-45.88506954  
-36.42234339  
-28.77987834  
-20.12527795  
-8.28903575  
6.907768348  
23.43195933  
37.90865659  
47.07712241  
49.12317889  
44.32444622  
34.81931988  
23.71165111  
13.96142705  
7.509382579  
4.891613739  
5.349851603  
7.268705838  
8.730032621  
8.03933058  
4.164236879  
-2.942079623  
-12.19172901  
-21.49074028  
-28.22893518  
-30.09153046  
-25.96726377  
-16.58411927  
-4.516522155  
6.578881072  
13.29512696  
13.85245705  
8.890413774  
1.236504159  
-5.342164681  
-7.900768486  
-5.785536947  
-1.071398379  
2.326534331  
0.5353522525  
-8.246760707  
-22.55549221  
-37.9433071  
-48.70910423  
-50.34777921  
-41.61231129  
-25.21626989  
-6.810159381  
7.339883609  
12.93277589  
9.309662329  
-0.5136945816  
-11.42885814  
-18.6523006  
-19.83204707  
-15.88125763  
-10.21592445  
-6.846624528  
-8.303461709  
-14.40656209  
-22.43211935  
-28.51150992  
-29.50151997  
-24.37281474  
-14.46196844  
-2.548929858  
8.671649918  
17.87431997  
25.46910655  
32.90916459  
41.39208429  
50.74131295  
59.1500983  
63.9848584  
63.23939235  
56.83691164  
47.01272811  
37.47362355  
31.68199313  
31.11339183  
34.409354  
37.9355412  
37.55416447  
30.77879024  
18.23529789  
3.643523041  
-7.763967022  
-11.69539384  
-6.971866604  
3.650209359  
14.46647178  
19.23618053  
13.95111765  
-1.293213218  
-22.18269181  
-41.8889987  
-53.8363069  
-54.31037379  
-43.79111675  
-26.49429256  
-8.420398137  
5.1500953  
11.59437601  
11.53218042  
7.942334065  
4.36922307  
3.143105135  
4.446037846  
6.580510874  
7.191268618  
4.747964646  
-0.4828282636  
-6.450558533  
-10.28487452  
-9.714075278  
-4.238437411  
4.501941006  
13.33104234  
18.82804643  
18.72309022  
12.79513793  
2.914398161  
-7.746091923  
-15.96405237  
-19.66164372  
-18.58347681  
-14.24659344  
-9.24666103  
-6.231920404  
-6.938182514  
-11.6087586  
-18.9553214  
-26.6245822  
-31.98663351  
-32.98817934  
-28.81964029  
-20.21255322  
-9.288175248  
1.002222825  
7.694319095  
8.65703758  
3.22196242  
-7.596874959  
-21.36590629  
-34.89991872  
-45.12713848  
-49.88300429  
-48.39932636  
-41.37112427  
-30.63208909  
-18.59002476  
-7.619612243  
0.4236271778  
4.491000736  
4.4378529  
0.9821755438  
-4.432182801  
-9.862708336  
-13.20441943  
-12.63308582  
-7.087736952  
3.347982918  
17.33253737  
32.53261289  
46.24574918  
56.19897862  
61.23673901  
61.62147415  
58.80687696  
54.75805453  
51.0901007  
48.38471627  
45.97709497  
42.30671882  
35.68384303  
25.14536911  
11.03856897  
-4.908617611  
-20.05541002  
-31.66298762  
-37.74299674  
-37.6396823  
-32.17232579  
-23.33815847  
-13.71709315  
-5.781450297  
-1.294604223  
-0.9171859524  
-4.074270628  
-9.094758269  
-13.61075074  
-15.17235147  
-11.97378733  
-3.511269213  
9.056540265  
23.04416402  
34.93512631  
41.48908812  
40.90631888  
33.59886907  
22.20508935  
10.74826062  
3.187978524  
1.896762281  
6.673710939  
14.72963005  
21.69726113  
23.296474  
17.00147196  
3.045107938  
-15.63164196  
-34.44164495  
-48.76864196  
-55.48161552  
-53.773865  
-45.08052489  
-32.2348593  
-18.32134687  
-5.746222641  
4.138955947  
10.84466536  
14.25389441  
14.2202651  
10.52988143  
3.245627784  
-6.809406112  
-17.79108803  
-27.06831776  
-31.96875769  
-30.76469628  
-23.45959841  
-11.97829899  
0.389261914  
10.11220861  
14.66975975  
13.42283456  
7.759308911  
0.4745179469  
-5.334485811  
-7.402160366  
-5.019541868  
0.8785759703  
8.215081585  
14.58716129  
18.04664998  
17.57622945  
13.17383346  
5.638147054  
-3.758824073  
-13.54647218  
-22.21498968  
-28.30749718  
-30.54721134  
-28.06853566  
-20.72647736  
-9.361998258  
4.140243759  
17.11663602  
26.71122122  
30.6451719  
27.93650402  
19.32486102  
7.232717779  
-4.767970817  
-12.86649314  
-14.06583656  
-7.090269034  
7.117465016  
25.48137314  
43.48724547  
56.34613159  
60.33163549  
53.90720834  
38.27543881  
17.1235594  
-4.418381221  
-21.31578292  
-30.16972204  
-30.22328899  
-23.45903949  
-13.73626316  
-5.282876153  
-1.119502135  
-2.028230513  
-6.461464993  
-11.39669292  
-13.74642886  
-11.70463159  
-5.455670937  
3.027444619  
10.95050379  
15.94374624  
16.99159875  
14.63168663  
10.38160105  
5.737860545  
1.296799467  
-3.527750597  
-10.03375452  
-19.25193139  
-30.9825991  
-43.386758  
-53.40589857  
-57.87329964  
-54.8249747  
-44.40069757  
-28.90639157  
-12.00139793  
2.617802783  
12.4424217  
16.76055494  
16.45034753  
13.16232343  
8.379438648  
2.856892774  
-3.307199944  
-10.09765395  
-16.9286302  
-22.38512723  
-24.60729788  
-22.17924778  
-15.0512867  
-4.936144913  
5.156756569  
12.14789009  
14.34370474  
12.39993566  
9.239360816  
8.842523583  
14.38609023  
26.56728278  
42.9329628  
58.61079957  
68.2053897  
68.0663322  
57.9280355  
41.17115909  
23.55575406  
10.95353029  
7.048136776  
11.97640816  
22.45277502  
33.25874919  
39.39629442  
37.96113559  
28.98257818  
14.99163566  
-0.3402015836  
-13.7751102  
-23.57240374  
-29.65079139  
-32.9435155  
-34.42830567  
-34.41785834  
-32.48805543  
-28.02811781  
-21.03632195  
-12.64755795  
-5.027640259  
-0.6212994582  
-1.101095262  
-6.546800406  
-15.28970667  
-24.53629244  
-31.50383296  
-34.54848818  
-33.77145755  
-30.83989809  
-28.13047937  
-27.60956688  
-29.96073754  
-34.32467423  
-38.71180154  
-40.84364567  
-39.01792222  
-32.63836012  
-22.25648961  
-9.217865576  
4.838099832  
18.37504011  
30.13361454  
39.1323353  
44.64475765  
46.2809696  
44.17850293  
39.17277072  
32.76375567  
26.77098174  
22.73990949  
21.33306393  
22.00441146  
23.16141803  
22.80082092  
19.36775395  
12.45902523  
3.045881061  
-6.889881458  
-15.13451107  
-20.06945481  
-21.16860524  
-18.96736593  
-14.5805264  
-9.073793088  
-3.050590968  
3.327895065  
9.937782709  
16.19312528  
20.82112698  
22.14528766  
18.82142141  
10.68487045  
-0.758402668  
-12.54502129  
-21.19740216  
-24.0526908  
-20.4009695  
-11.89379802  
-1.986060347  
5.392620582  
7.3827382  
3.2948374  
-5.199748434  
-14.83915994  
-22.12720169  
-24.65776634  
-21.84458025  
-14.80781913  
-5.58016025  
3.90109223  
12.4988903  
19.97373841  
26.52442005  
32.12618241  
36.1152525  
37.30719128  
34.61179857  
27.79943124  
17.95162781  
7.269089771  
-1.757676761  
-7.453884816  
-9.793632606  
-10.50197286  
-12.30020392  
-17.58989687  
-27.16911422  
-39.59718134  
-51.54884077  
-59.05092566  
-59.08278469  
-50.84275021  
-36.12230508  
-18.62270141  
-2.515618562  
9.125665625  
15.35632363  
17.43814633  
17.97867203  
19.5488102  
23.40245125  
28.8509387  
33.54429464  
34.52032042  
29.57187374  
18.36989569  
2.894665242  
-12.99591993  
-24.71227192  
-28.40078211  
-22.24605124  
-7.188742492  
13.17038278  
33.46411499  
48.00395054  
52.37160239  
44.69948246  
26.25671533  
1.142986068  
-24.8471782  
-45.86473295  
-57.64996704  
-58.65738754  
-50.30500467  
-36.29080292  
-21.25218737  
-9.272832411  
-2.769391123  
-2.103126548  
-5.938269141  
-12.06115814  
-18.22103619  
-22.62770353  
-23.99307145  
-21.29685314  
-13.6246407  
-0.3671519838  
18.1918772  
40.19761277  
61.9465244  
