39.03761035  
17.76984368  
-0.3397211385  
-11.20053002  
-13.27683287  
-7.699694271  
2.330105509  
12.6391429  
19.3986698  
20.33629341  
15.50192494  
7.301822766  
-0.3129059435  
-3.33551364  
0.6044755977  
11.00855501  
24.3293274  
35.08027509  
37.93178995  
29.9998496  
12.33810314  
-10.11380257  
-30.25049923  
-41.5700515  
-40.84302698  
-29.49858229  
-13.05505037  
1.222579976  
7.443868237  
3.613973547  
-7.582749056  
-20.09733885  
-27.33303287  
-25.17613502  
-13.856645  
2.198163802  
16.41968055  
23.08743011  
19.86706196  
8.757325225  
-4.924567341  
-14.97513104  
-16.98841898  
-10.07876348  
3.047197552  
17.54683964  
28.61161614  
33.29094916  
31.19982516  
23.97902575  
14.01409948  
3.22597633  
-7.414636954  
-17.50526235  
-26.37254133  
-32.46985901  
-33.55924825  
-27.73392104  
-14.78026214  
2.921698384  
20.61653238  
32.63182705  
34.5418576  
25.07163522  
6.816484279  
-14.63553053  
-32.84832269  
-43.01389457  
-43.66087466  
-36.86240442  
-26.92431707  
-18.2445475  
-13.38978123  
-12.27082312  
-12.70942135  
-11.98524658  
-8.490928799  
-2.627140194  
3.48033415  
7.216930512  
6.949801521  
2.922393047  
-2.889103386  
-7.836288303  
-9.953151419  
-8.839640073  
-5.595654564  
-1.88182893  
1.304354056  
4.370802805  
8.888564111  
16.43538582  
27.16370696  
38.97200409  
47.91321964  
49.84104049  
42.59274448  
27.61084218  
10.05408001  
-2.893257812  
-4.932823025  
6.452750077  
28.46155231  
53.59587146  
72.30975501  
76.62645886  
63.21238273  
34.61746843  
-1.805468952  
-36.77825602  
-62.49569993  
-75.11459105  
-75.39627538  
-67.44798288  
-56.35390029  
-45.89910828  
-37.40453485  
-30.03861664  
-22.20049826  
-13.07175136  
-3.437539617  
4.646705244  
9.093432567  
9.168402583  
6.183747091  
3.041480167  
2.803738307  
7.014235627  
14.6653002  
22.40511517  
25.96092866  
22.13317978  
10.40916977  
-6.588445198  
-24.04826099  
-36.8759756  
-41.67725402  
-37.92612085  
-27.84707465  
-15.16981151  
-3.436355696  
5.302351919  
10.83129769  
14.12818917  
16.22123002  
17.26759859  
16.40183258  
12.43380048  
4.968279839  
-4.752526868  
-13.8618335  
-18.86454725  
-17.19766128  
-8.584509037  
4.546398755  
17.88140577  
26.97622338  
29.15991896  
24.69430777  
16.62505584  
9.374316663  
6.722634719  
10.11946776  
18.09857162  
27.0446832  
32.91488913  
33.08008689  
27.42541831  
18.23558603  
8.993106856  
2.730292605  
0.7533626264  
2.322452809  
5.35801466  
7.722374106  
8.357927881  
7.680028942  
7.050051555  
7.66216453  
9.498570018  
10.97511198  
9.531935825  
2.91430424  
-9.496229085  
-25.99971666  
-42.94362053  
-56.02440976  
-61.94984519  
-59.70219383  
-50.83036282  
-38.66102327  
-26.82630904  
-17.80895933  
-12.16120803  
-8.697867007  
-5.479041933  
-1.032705788  
4.808319586  
10.8406311  
15.1647994  
16.19574955  
13.46053115  
7.783618815  
0.8074828584  
-5.847651884  
-11.30475203  
-15.64104765  
-19.49768543  
-23.337795  
-26.80290771  
-28.56983486  
-26.84205289  
-20.26519451  
-8.814922546  
5.80497907  
20.49487028  
31.72044111  
36.71225104  
34.41326165  
25.81153719  
13.57292814  
1.172893075  
-8.114721224  
-12.03273034  
-9.774857571  
-2.037232456  
9.205593169  
21.0921262  
30.39403768  
34.17584316  
30.56748065  
19.50096447  
3.13095024  
-14.36155773  
-27.73012185  
-32.22739755  
-25.28361647  
-7.637122983  
16.63279184  
41.32227158  
60.19079543  
69.12134259  
67.46087021  
57.96170433  
45.34463473  
34.12638441  
26.69893577  
22.53731454  
18.88086104  
12.52442685  
1.810600143  
-12.19516153  
-25.97158028  
-35.1613616  
-36.7637291  
-30.79815738  
-20.55769544  
-11.2396401  
-7.542979469  
-11.36494782  
-20.73439633  
-30.57025355  
-34.99512573  
-30.17644003  
-16.37429451  
1.802256836  
17.12828631  
22.77708254  
15.30929248  
-3.676483456  
-27.96422657  
-49.04292931  
-59.34752517  
-55.07383518  
-37.45135874  
-12.05542568  
13.43011716  
31.99466566  
39.50498595  
35.57784774  
23.00844592  
6.244061224  
-10.30901239  
-23.45470327  
-31.55200468  
-34.18809088  
-31.61705292  
-24.39798322  
-13.41926801  
-0.1715803538  
13.07467223  
23.50448498  
28.48301664  
26.52967615  
18.09065896  
5.676127296  
-6.820044636  
-15.43099002  
-17.56398823  
-12.9943278  
-3.982855349  
5.550859534  
11.48184415  
10.9937869  
3.577799019  
-8.837574213  
-22.62951403  
-33.77434673  
-39.18995346  
-37.6534547  
-30.01831496  
-18.73256722  
-6.901411045  
2.737161025  
8.574804081  
10.42177876  
9.298666122  
6.877766848  
4.816930742  
4.229674094  
5.452393034  
8.138428758  
11.58161328  
15.09276686  
18.25268705  
20.94034713  
23.15606729  
24.76980164  
25.37164355  
24.35650857  
21.24920436  
16.12870509  
9.914681832  
4.297652686  
1.236072684  
2.156010416  
7.17514999  
14.73026224  
21.86882718  
25.19989852  
22.19676762  
12.34251376  
-2.384131542  
-17.95291804  
-29.55658198  
-33.26347013  
-27.42036686  
-13.26098541  
5.510739286  
23.98638525  
37.66551335  
43.80599112  
42.05195823  
34.20148947  
23.32222239  
12.63806022  
4.618504009  
0.5277731697  
0.4435093805  
3.564795316  
8.578014933  
13.93654279  
18.05443477  
19.51402053  
17.37336771  
11.54295553  
3.062561936  
-5.949505458  
-12.81491465  
-15.21180348  
-12.18281049  
-4.797742404  
3.898455864  
9.762100088  
9.005811804  
-0.2961356157  
-17.25876307  
-38.21703215  
-57.78567024  
-70.58953127  
-73.03529196  
-64.47974491  
-47.38687786  
-26.45291029  
-7.051746009  
6.431379061  
11.81936792  
9.563537008  
2.312172143  
-6.148731346  
-12.1963887  
-13.50625981  
-9.709415469  
-2.419811968  
5.347436901  
10.19235932  
9.493006753  
2.371774261  
-9.853735985  
-23.93204558  
-35.63832335  
-41.17314216  
-38.53948195  
-28.38414512  
-13.93163432  
0.04535256792  
8.897250819  
9.804094739  
2.854189306  
-8.950298867  
-20.78999665  
-27.81107494  
-26.89853447  
-17.75314946  
-2.883321432  
13.42674372  
26.70581201  
33.79215468  
33.69353569  
27.58944466  
18.13055074  
8.440431667  
1.250984156  
-1.574135871  
0.8682460683  
8.621971149  
20.95233564  
36.32563245  
52.38967303  
66.15909647  
74.54791415  
75.19094965  
67.27046016  
51.95973756  
32.19775341  
11.79097625  
-5.834768787  
-18.71256645  
-26.77272303  
-31.46065438  
-34.74372778  
-38.00957124  
-41.3972298  
-43.86467862  
-43.90151704  
-40.45617097  
-33.54572684  
-24.21090913  
-13.86566441  
-3.45303762  
7.048706134  
18.41324278  
31.30352521  
45.23366615  
58.00621469  
66.08983386  
65.92585688  
55.62223101  
36.20097798  
11.69070923  
-12.12951152  
-29.86498469  
-38.57228513  
-38.78195599  
-33.96221249  
-28.6518095  
-26.15210011  
-26.90861009  
-28.39447977  
-26.57182131  
-18.21233774  
-2.904885754  
16.29612208  
33.9699497  
44.69407093  
45.54052685  
37.47212023  
24.91913763  
13.6993065  
8.259857942  
9.568483629  
14.68134699  
18.21435131  
15.02823576  
2.85388867  
-16.38606303  
-37.18286256  
-52.69089179  
-57.58364854  
-50.23344492  
-33.28824743  
-12.48617291  
5.662116062  
16.2475551  
17.40657898  
10.37907867  
-1.597143129  
-14.84862309  
-26.50711628  
-34.97375152  
-39.65405407  
-40.40094141  
-37.17376846  
-30.16953426  
-20.27686331  
-9.413186887  
-0.3108416598  
4.36754681  
3.25879147  
-2.762089072  
-10.54450495  
-15.74802334  
-14.70394446  
-6.246242351  
7.385811838  
21.11733159  
28.9695018  
26.59464076  
13.32778522  
-7.171986748  
-28.0309186  
-41.61467227  
-42.34959154  
-28.79131877  
-4.153082508  
24.85030908  
50.32543423  
65.77260455  
67.98725612  
57.72015357  
