24.84738286  
10.22526568  
-1.930815263  
-8.094086884  
-7.262547623  
-1.153491673  
6.681200243  
12.42008844  
13.54376377  
9.761038876  
2.94279634  
-3.841080923  
-7.707497245  
-7.147310354  
-2.530517369  
4.212631095  
10.50181802  
14.14457431  
14.0444391  
10.34054147  
4.041299175  
-3.558363088  
-11.3410052  
-18.51651933  
-24.48864347  
-28.64729854  
-30.32149788  
-28.99301319  
-24.66241122  
-18.10892051  
-10.79770815  
-4.369418276  
0.09362041502  
2.645259917  
4.52888002  
7.568375553  
13.10980987  
21.01642216  
29.28070574  
34.58324961  
33.68422944  
25.08486903  
10.17199489  
-6.800118535  
-20.06081934  
-24.56503424  
-18.21751441  
-3.084853976  
15.03474489  
28.63663447  
31.38271289  
20.66950786  
-1.180727334  
-27.63045633  
-50.28086812  
-61.93311634  
-59.13994442  
-43.26680758  
-19.72045979  
4.240592715  
22.15598807  
30.4083855  
28.94558029  
20.58322051  
9.390740534  
-1.021492191  
-8.581019891  
-12.87193803  
-14.47258235  
-14.0451635  
-11.75124327  
-7.304435451  
-0.561262619  
7.779234898  
15.87506107  
21.13487476  
21.21150215  
15.14370365  
4.058981857  
-8.982242825  
-20.02572889  
-25.73789387  
-24.73268132  
-18.1030858  
-8.895800333  
-0.748845463  
3.699641601  
3.911804138  
1.561523248  
-0.3866183492  
0.8024593662  
6.227206497  
14.71802926  
23.28845361  
28.47720316  
27.9755814  
21.79559585  
12.43201343  
3.918611854  
0.1719110755  
3.335602698  
12.84315001  
25.60425777  
37.23413476  
43.7961904  
43.31653523  
36.44014649  
25.98069869  
15.59789736  
8.204981792  
4.807911692  
4.266936164  
4.050323153  
1.606487012  
-4.289901452  
-12.84193704  
-21.51094551  
-27.15599506  
-27.52398395  
-22.41511243  
-13.98046828  
-5.982257915  
-2.299928415  
-5.300122719  
-14.75983586  
-27.80867364  
-39.93417874  
-46.65507232  
-45.1967225  
-35.5129644  
-20.27752001  
-3.890386284  
9.071048702  
15.34139408  
13.85845529  
5.80668794  
-6.076678846  
-18.55308241  
-28.83922932  
-35.15130723  
-36.77029575  
-33.79520798  
-26.85127735  
-16.95098148  
-5.526425129  
5.524974568  
13.99953308  
17.86996606  
15.99922516  
8.788815188  
-1.606338061  
-11.73782072  
-17.95239151  
-17.74484362  
-10.82145414  
0.6265849173  
12.64279735  
20.99818323  
22.87669966  
18.04932996  
9.017183345  
0.02878255045  
-4.63920512  
-2.424821007  
6.485077243  
19.25909665  
31.60390343  
39.50597703  
40.7865492  
35.82793335  
27.20924015  
18.46956563  
12.58054689  
10.80049183  
12.37234127  
15.12588184  
16.6414099  
15.40864153  
11.45972072  
6.23108106  
1.775526107  
-0.2692740401  
0.5317796657  
3.211944548  
5.850006017  
6.434264531  
3.749723118  
-2.084135048  
-9.621361433  
-16.60204526  
-20.73709922  
-20.46088208  
-15.40270862  
-6.464669683  
4.461137179  
15.00506272  
22.90113062  
26.49915175  
25.11298879  
19.14871049  
9.987678877  
-0.3654869568  
-9.807658308  
-16.70999579  
-20.36801969  
-21.16390194  
-20.35371099  
-19.52622369  
-19.92084878  
-21.87327705  
-24.63076711  
-26.64204627  
-26.2297375  
-22.38095421  
-15.32379723  
-6.629973006  
1.229130138  
5.723172026  
5.187426267  
-0.5171336317  
-9.85329079  
-20.01825352  
-27.7669717  
-30.36913099  
-26.40208524  
-16.16224435  
-1.61070518  
14.10079517  
27.38781142  
35.097929  
35.29860932  
27.81752321  
14.39326317  
-1.645953819  
-16.1589252  
-25.27227472  
-26.48489518  
-19.45083752  
-6.146285479  
9.695343577  
23.74032515  
32.42786192  
34.07356808  
29.29726302  
20.62072839  
11.40797929  
4.582607194  
1.635641062  
2.296477945  
4.940058017  
7.484050972  
8.336280642  
6.971426248  
3.928752939  
0.3193403499  
-2.838703801  
-5.087072642  
-6.570695546  
-7.689042422  
-8.614401193  
-9.00918409  
-8.154261143  
-5.450007149  
-1.011463736  
4.015105037  
7.673284709  
7.939942624  
3.683507271  
-4.627699845  
-14.85648419  
-23.87495993  
-28.74084758  
-27.86750411  
-21.66361953  
-12.34963439  
-3.034693207  
3.524021108  
5.922620761  
4.448516271  
0.6632079331  
-3.498287962  
-6.626610495  
-8.290766038  
-8.86583903  
-8.904906407  
-8.470469034  
-6.85493022  
-2.894500325  
4.263387227  
14.35836863  
25.66135635  
35.34594537  
40.50415446  
39.3774027  
32.22585098  
21.39252994  
10.47803741  
2.954037281  
0.8116905096  
3.831647622  
9.780846084  
15.42309483  
17.87453275  
15.70696111  
9.352036154  
0.7043260956  
-7.813747473  
-14.24922779  
-17.73232228  
-18.49877594  
-17.42394616  
-15.39618579  
-12.88681487  
-9.916226175  
-6.363957691  
-2.372787406  
1.444280271  
4.154888932  
4.951932265  
3.640704818  
0.8714172268  
-2.056163923  
-3.76037148  
-3.455240184  
-1.397188123  
1.139196539  
2.371376946  
0.7824520558  
-4.193745616  
-11.88371403  
-20.59986246  
-28.25912275  
-33.10548382  
-34.22742455  
-31.68937576  
-26.29684541  
-19.17909244  
-11.42260164  
-3.907056547  
2.656665768  
7.618395531  
10.37561962  
10.53926149  
8.218058936  
4.241852915  
0.128282994  
-2.297326589  
-1.539606964  
2.919728167  
10.26304777  
18.46986234  
24.94282348  
27.4113322  
24.76764866  
17.50898313  
7.6162033  
-2.077364616  
-8.783937951  
-10.60384697  
-7.042229036  
0.9258337605  
11.2037076  
21.18024663  
28.40433477  
31.16503276  
28.87406656  
22.19779114  
12.91662026  
3.516944326  
-3.434388011  
-6.011662322  
-3.553745927  
3.032120836  
11.44961967  
18.68729148  
22.00361839  
19.88293566  
12.59008083  
2.079784657  
-8.732116939  
-17.05805432  
-21.24639826  
-21.28944595  
-18.62842489  
-15.36374722  
-13.24529079  
-12.9115028  
-13.72052732  
-14.22973824  
-13.06781736  
-9.758248843  
-5.082379321  
-0.8007841093  
1.133032119  
-0.5144671784  
-5.655841409  
-12.87436074  
-20.00045364  
-24.98801219  
-26.67840122  
-25.11884896  
-21.33813693  
-16.75209609  
-12.532069  
-9.249415641  
-6.924732596  
-5.371577847  
-4.564591512  
-4.766387582  
-6.313993827  
-9.194251707  
-12.69775269  
-15.4317363  
-15.78876697  
-12.70244671  
-6.317929979  
1.812635772  
9.205210194  
13.45879286  
13.38405354  
9.709747136  
4.979343451  
2.603073529  
5.42737644  
14.43495361  
28.16529777  
43.1470587  
55.19013654  
60.99902737  
59.4194067  
51.78795837  
41.24984699  
31.36006397  
24.58893298  
21.37630322  
20.11876758  
18.0544419  
12.62351929  
2.696951612  
-10.84656337  
-25.40923962  
-37.66456147  
-44.80320665  
-45.51746637  
-40.35589091  
-31.36798201  
-21.24855847  
-12.36347297  
-6.036658328  
-2.326920169  
-0.3053631197  
1.344255659  
3.670022404  
6.987349673  
10.74720845  
13.74736644  
14.58665462  
12.20022194  
6.30472434  
-2.3856236  
-12.24770894  
-21.13699079  
-26.97861634  
-28.39147536  
-25.14063091  
-18.24470965  
-9.668863093  
-1.68195121  
3.903118581  
6.320891301  
6.039118425  
4.456903395  
3.238096046  
3.565500278  
5.644009877  
8.672195346  
11.28752187  
12.26513748  
11.12578199  
8.348902054  
5.080723036  
2.483102643  
1.060718921  
0.331844006  
-0.9524069294  
-4.110822541  
-9.685523659  
-16.88263955  
-23.63025989  
-27.30406266  
-25.84350308  
-18.76780587  
-7.606647636  
4.501317323  
13.92514594  
17.92974922  
15.75418337  
8.91910184  
0.6253488307  
-5.509258697  
-6.854844651  
-2.75027873  
5.312398614  
14.33091009  
20.96421326  
22.74898443  
18.90675518  
10.4929557  
-0.08462255418  
-9.927549267  
-16.55098654  
-18.54763309  
-15.87082969  
-9.741708584  
-2.27489373  
4.063181719  
7.066226502  
5.382660582  
-1.01612594  
-10.63606967  
-20.6680643  
-27.65984468  
-28.54667073  
-21.75134072  
-7.950684764  
9.852824704  
27.09885658  
39.09559012  
42.6233571  
37.10423736  
