54.49778399  
47.74629629  
34.24188598  
18.03273629  
3.392314581  
-6.81977873  
-12.05823184  
-13.88159051  
-14.79049633  
-16.72319538  
-19.96579057  
-23.01337165  
-23.43653871  
-19.3026121  
-10.42077834  
1.23845784  
12.19499057  
18.90062089  
19.29624796  
13.74549535  
4.896726267  
-3.467381904  
-8.059793126  
-7.44987785  
-2.550123615  
3.952429186  
8.90664556  
10.11026911  
7.177137742  
1.508657747  
-4.534515544  
-8.795117436  
-10.23247047  
-9.178078554  
-6.887375289  
-4.698407701  
-3.27678726  
-2.337009011  
-0.9432349727  
1.827010064  
6.256115634  
11.75093416  
17.11660747  
21.16475623  
23.29783131  
23.73306269  
23.24193034  
22.56190365  
21.83087174  
20.39135878  
17.11168316  
11.08404727  
2.33759261  
-7.827537434  
-17.10421998  
-22.96465357  
-23.63393468  
-18.82108983  
-9.893164126  
0.562841172  
9.578108983  
14.68515872  
14.52815719  
9.059789759  
-0.6146871572  
-12.57094307  
-24.42306317  
-33.66701465  
-38.07740335  
-36.22617706  
-28.06777409  
-15.36108537  
-1.605873782  
8.7322417  
11.64109027  
5.189711629  
-9.318876468  
-27.30580608  
-42.23448798  
-47.94716336  
-41.14726408  
-22.96278831  
1.186359293  
23.50784603  
36.83704485  
37.47654747  
26.63597781  
9.808075759  
-5.673291269  
-13.81716445  
-12.47123062  
-4.002903283  
6.121685757  
12.16376523  
10.98223508  
3.568341058  
-5.492295597  
-10.36418564  
-6.966648433  
4.837930259  
20.96273132  
34.89251581  
40.71698535  
35.95190675  
22.78727411  
7.149453509  
-3.99087443  
-5.796081774  
2.27047078  
16.28979301  
29.78560978  
36.74496137  
34.3216528  
23.96969828  
10.53248241  
-0.2052748733  
-4.286018971  
-1.347594261  
5.400399725  
10.89829277  
10.76010832  
3.367055835  
-9.432487994  
-23.2666471  
-33.28609797  
-36.29037126  
-31.9520465  
-22.66362077  
-12.22209945  
-4.090138227  
-0.08459370501  
-0.0277772521  
-2.352796264  
-5.184151793  
-7.254020575  
-8.216897195  
-8.340880273  
-7.929851361  
-6.949360685  
-5.138093061  
-2.51308336  
0.1382097325  
1.2385283  
-0.9265773247  
-7.12080838  
-16.22512534  
-25.09947181  
-29.541849  
-26.08261853  
-13.83959622  
4.504512288  
23.23474498  
35.60616377  
36.55563343  
24.94884237  
4.314478437  
-18.35258733  
-35.27563583  
-40.94024336  
-34.18940131  
-18.47859981  
-0.2238594054  
13.97918539  
20.0130822  
17.63225652  
10.07679959  
2.221574644  
-1.78737317  
-0.2982840091  
5.419215389  
12.13892249  
16.43156859  
16.29372563  
11.89550945  
5.201593479  
-1.199390385  
-5.36734707  
-6.728916659  
-5.95586069  
-4.202162541  
-2.230378747  
0.03389062898  
3.278053803  
8.090523928  
14.2412736  
20.44511798  
24.81159584  
25.77113584  
22.96005501  
17.53061493  
11.64505197  
7.362974885  
5.492479362  
5.042680654  
3.636383509  
-1.250644833  
-10.80789636  
-23.91980951  
-37.24799975  
-46.40829112  
-47.7447621  
-39.89526178  
-24.42353994  
-5.227564626  
12.99486316  
26.51262372  
33.77083137  
35.55412133  
34.13305371  
31.8961978  
30.16848767  
28.75636742  
26.34726235  
21.45066285  
13.32992519  
2.445081387  
-9.753064714  
-21.46382657  
-31.18296877  
-37.98317443  
-41.34000963  
-40.74464628  
-35.51140339  
-25.07775741  
-9.754305293  
8.491469031  
25.80717477  
37.20450747  
38.23745074  
27.01522069  
5.623917808  
-19.86827262  
-41.10632837  
-50.36226436  
-43.55450464  
-22.08373557  
7.394924588  
35.30035312  
52.67740433  
54.53184563  
41.56505095  
19.59905153  
-3.023126158  
-18.90728042  
-24.44338276  
-20.82631372  
-12.9263911  
-6.644580202  
-6.038298084  
-11.54449167  
-20.05646188  
-26.71309607  
-27.46204436  
-21.13246017  
-10.03529315  
1.153498838  
7.641991989  
6.794628697  
-0.6599859049  
-11.03489511  
-19.4669055  
-22.18828278  
-18.1937237  
-9.530055915  
-0.1190726492  
6.268389738  
7.876175935  
5.755531554  
3.116139365  
3.571336903  
9.148361981  
19.04507705  
29.75513558  
36.53132833  
35.52290642  
25.6049797  
9.058417256  
-9.214307634  
-23.5891708  
-29.89647032  
-26.93012481  
-16.67205133  
-3.202198938  
9.156032633  
17.59671567  
21.7310128  
23.28955282  
24.8537912  
28.27536592  
33.55420902  
38.70034008  
40.62810332  
36.65051228  
25.87458663  
9.85745544  
-7.772002652  
-22.55863866  
-30.79742037  
-30.7888602  
-23.29513163  
-11.08593943  
2.153446812  
13.05086605  
19.42661254  
20.56396771  
16.92261252  
9.585080746  
-0.2157442135  
-11.27232472  
-22.29928574  
-31.76672396  
-37.9361527  
-39.23834202  
-34.90031002  
-25.52187611  
-13.24594443  
-1.309483624  
6.952135775  
9.285178742  
5.377406048  
-3.011504571  
-12.75388652  
-20.61751066  
-24.53997961  
-24.3400638  
-21.53950402  
-18.38366386  
-16.53709731  
-16.10036711  
-15.45576436  
-12.05714325  
-3.814642457  
9.587254112  
26.10235077  
41.80961576  
52.31902289  
