28.33662478  
17.86625581  
2.569161515  
-12.61953343  
-22.62544789  
-24.15061927  
-17.01837393  
-4.372273872  
8.418194391  
15.78521255  
14.17224312  
3.559815534  
-12.33807207  
-27.36651584  
-35.29038482  
-32.35102284  
-19.01005698  
-0.1241360693  
16.63179803  
23.58819079  
16.11235897  
-5.345039978  
-35.06094386  
-63.888242  
-82.50897686  
-84.86347284  
-70.40198816  
-44.23322288  
-15.07391429  
8.199744635  
20.00570278  
20.10127732  
13.37899087  
7.509422347  
9.435340968  
22.20677623  
43.50172511  
66.45577489  
82.44306632  
84.63096434  
70.82329433  
44.43626159  
13.25572567  
-13.45180634  
-28.26162963  
-28.03370034  
-14.61188326  
6.314820641  
27.55079048  
42.90348759  
48.92076027  
45.37393976  
34.59057023  
20.17083497  
5.726405842  
-5.927868201  
-13.05557097  
-14.96824972  
-11.96822858  
-5.39743918  
2.320258433  
7.912927182  
7.980376206  
0.145314568  
-15.74969889  
-36.97684578  
-58.27433899  
-73.31853062  
-76.90526538  
-67.02708751  
-45.95719416  
-19.7797173  
3.581611752  
17.14440091  
17.38890692  
5.515595353  
-13.07265335  
-30.8578205  
-41.02533542  
-39.89461717  
-28.0295005  
-9.660739852  
9.252647733  
23.46792425  
30.40118829  
30.8274134  
28.149892  
26.64164596  
29.44932047  
37.19059132  
47.68197519  
56.84939388  
60.40450891  
55.60094194  
42.3944543  
23.59536503  
3.992943801  
-11.20222411  
-18.03669715  
-15.04723341  
-3.664310039  
12.30515398  
27.90904155  
38.57601154  
41.4470172  
36.10769337  
24.52076343  
10.21735636  
-2.959426726  
-12.12771661  
-16.23038786  
-16.20910181  
-14.45296581  
-13.74244802  
-16.09057477  
-21.91752943  
-29.86954507  
-37.34819343  
-41.54529532  
-40.58401354  
-34.32347444  
-24.51214765  
-14.22216283  
-6.770328184  
-4.524374369  
-8.033955765  
-15.80326156  
-24.78516431  
-31.41852263  
-32.8438502  
-27.88260287  
-17.45927916  
-4.342938688  
7.690751926  
14.99907795  
15.15891772  
7.683307257  
-5.823335305  
-22.0927261  
-37.06464812  
-46.95398115  
-49.22546449  
-43.22289583  
-30.29576121  
-13.39704617  
3.735311609  
17.58754891  
25.78651268  
27.65700635  
24.25222695  
17.84679748  
11.05777517  
5.894496409  
3.079468422  
1.903332028  
0.6891167048  
-2.293765378  
-7.821325129  
-15.04014465  
-21.45702217  
-23.67924078  
-18.68416529  
-5.148736963  
15.70575661  
40.15232632  
62.95094562  
78.97968096  
84.90559926  
80.24581578  
67.38848485  
50.55733  
34.13958265  
21.07027038  
11.94402702  
5.210996658  
-1.665969265  
-10.64849295  
-21.89620081  
-33.46832394  
-42.11521612  
-44.80635598  
-40.27818909  
-29.84895407  
-17.0679138  
-6.300260984  
-0.8549843969  
-1.500290145  
-6.061746105  
-10.3225299  
-9.856403713  
-1.995054361  
12.93937871  
31.6810141  
49.3202182  
61.27607023  
65.07416713  
61.17236043  
52.52147801  
43.11756818  
36.23111636  
33.09957044  
32.61250591  
32.0422524  
28.40864482  
19.8266769  
6.261494002  
-10.55723513  
-27.90807351  
-43.10481594  
-54.30569262  
-60.82089264  
-62.92558755  
-61.41816391  
-57.22333536  
-51.22404319  
-44.30295742  
-37.42034889  
-31.54100955  
-27.35269352  
-24.90458661  
-23.4107  
-21.42785346  
-17.43214506  
-10.58341403  
-1.31588757  
8.57570712  
16.46997283  
19.89275802  
17.52301733  
9.787434407  
-1.220444619  
-12.45375921  
-20.93524133  
-24.65376896  
-23.00104315  
-16.67018203  
-7.198695314  
3.533877624  
13.61053886  
21.1483167  
24.31035279  
21.5066941  
11.90640196  
-3.871702812  
-23.26020127  
-41.86017612  
-54.39581525  
-56.33958858  
-45.64858057  
-23.87475711  
3.929449306  
30.62738892  
49.28520697  
55.46964441  
48.64944546  
32.15067068  
11.7212474  
-6.659879785  
-18.80660031  
-23.39279692  
-21.75005081  
-16.66934362  
-10.89231322  
-6.031319968  
-2.34945929  
0.6605735848  
3.375042895  
5.42150972  
5.740724214  
3.302045219  
-1.955330983  
-8.545050109  
-13.64470146  
-14.11405044  
-7.902658153  
4.809168498  
21.30995241  
37.10555686  
47.45517324  
49.08472024  
41.39751037  
26.72870785  
9.592264721  
-4.748217929  
-11.84747405  
-9.282653184  
2.798484824  
21.8184611  
43.44596349  
62.58949826  
74.51478857  
75.92836122  
65.86105222  
46.13782949  
21.20795045  
-2.795130676  
-19.66074616  
-24.97528297  
-17.64342567  
-0.4403781444  
20.7356212  
38.75456955  
47.64647485  
44.59249052  
30.7336852  
10.48642637  
-10.32252619  
-26.69149308  
-36.10726291  
-38.98882713  
-37.84622508  
-35.68020252  
-34.45882113  
-34.40087976  
-34.32965653  
-32.78881413  
-29.22626951  
-24.54858827  
-20.72309543  
-19.65049332  
-21.95501979  
-26.40948077  
-30.38577799  
-31.16740773  
-27.4695144  
-20.35302122  
-12.98702901  
-9.28320301  
-12.01070564  
-21.29767773  
-34.27672019  
-46.09931506  
-51.89016754  
-48.75816247  
-36.95245774  
-19.66250043  
-1.602465242  
12.92028539  
21.54977928  
24.37505432  
23.25678803  
20.44753918  
17.28054007  
13.61191134  
8.264432157  
0.1743801988  
-10.43264254  
-21.5286037  
-29.78016529  
-31.88062842  
-26.10130848  
-13.31047312  
3.064076384  
18.17335363  
27.53228164  
28.71018287  
22.23113686  
11.33384933  
0.7155451342  
-5.218129417  
-3.916436855  
4.502253694  
17.42788369  
30.79495482  
40.56044249  
44.09557468  
41.0383012  
33.35691867  
24.63220973  
18.79964406  
18.75229609  
25.25529834  
36.5451774  
48.79296848  
57.33102605  
58.26496018  
49.91102432  
33.50973968  
12.89623055  
-6.804630022  
-20.98931637  
-27.18826295  
-25.82494953  
-19.80864184  
-13.14598646  
-9.190915025  
-9.314572258  
-12.57899858  
-16.5220199  
-18.6287301  
-17.73744248  
-14.6700996  
-11.77641857  
-11.6379874  
-15.61538692  
-23.00831884  
-31.28477075  
-37.27879699  
-38.74077318  
-35.42536016  
-29.13132544  
-22.65465361  
-18.20125423  
-16.11419538  
-14.63265901  
-10.86835483  
-2.531805371  
10.4935156  
25.60578076  
38.3515004  
44.36782675  
41.48131125  
30.91006168  
16.91627987  
5.005104483  
-0.5076883341  
1.598638853  
8.99356218  
17.01259989  
20.95526286  
18.34057346  
10.02393949  
-0.3523896812  
-8.273514196  
-10.65658816  
-7.390426859  
-1.349754991  
3.104705503  
2.375073562  
-4.505187961  
-15.30796614  
-25.61912011  
-30.90950766  
-28.6525809  
-19.47979123  
-6.8620588  
4.467490782  
10.55139788  
9.743240802  
3.091994696  
-6.469131043  
-15.60138237  
-21.92185626  
-24.6288967  
-24.23509833  
-21.744919  
-17.86678004  
-12.74437151  
-6.311457641  
1.045993964  
8.047753991  
12.7044646  
13.15211236  
8.735573291  
0.7241569173  
-7.826602311  
-13.13241282  
-12.23202356  
-4.312564925  
8.843123549  
23.53078656  
35.62071343  
42.17685677  
42.45326131  
37.84742981  
30.91829595  
24.03017112  
18.33172712  
13.55255166  
8.630848724  
2.731397748  
-3.981719566  
-10.28814395  
-14.61196891  
-16.06951369  
-15.23007447  
-14.0883709  
-15.17101978  
-20.18604911  
-28.91050076  
-38.93348859  
-46.46257967  
-47.86703529  
-41.24894047  
-27.30466769  
-9.07950934  
9.244451377  
23.93046253  
32.8955146  
36.03419333  
34.62695429  
30.27261869  
23.99760471  
16.04230522  
6.398383305  
-4.29410122  
-14.12384719  
-20.0762397  
-19.08091576  
-9.516218258  
7.577113731  
28.26810889  
46.76928826  
57.41240529  
56.77045449  
45.01162481  
25.87754007  
5.273845414  
-10.93578487  
-19.00766589  
-18.43198761  
-11.70146951  
-2.953057555  
3.835392262  
6.289968579  
4.171853903  
-1.08105892  
-7.417068742  
-13.22318453  
-17.84722994  
-21.41431861  
-24.16357563  
-25.78414741  
-25.20742383  
-21.04227016  
-12.46374894  
-0.0827999615  
13.71940595  
25.28584344  
30.91125408  
