-7.356324283  
-11.87649232  
-16.01064706  
-15.52937682  
-8.218740205  
4.584751775  
18.31689826  
27.24299727  
27.24402336  
17.95018256  
3.148589868  
-10.77406542  
-17.64608482  
-14.27776682  
-1.907061567  
14.31712918  
27.53995385  
32.06335337  
25.5874903  
9.903488245  
-10.13585174  
-28.76212845  
-41.51187168  
-46.56195667  
-44.73985189  
-38.43650741  
-30.13102503  
-21.31379516  
-12.2723502  
-2.683712419  
7.474598138  
17.30980702  
25.08966924  
28.98054051  
28.03303064  
22.8580974  
15.60324566  
9.208807027  
6.295747278  
8.209288814  
14.6390445  
23.92651264  
33.82817261  
42.31589752  
48.04439182  
50.36037885  
49.0111048  
43.86815584  
34.92979957  
22.63758209  
8.287297517  
-5.81537675  
-16.71473335  
-21.67156688  
-19.22380384  
-9.958578279  
3.413209625  
16.79766757  
26.01908591  
28.16382124  
22.4273975  
10.15833276  
-5.839692976  
-22.36820622  
-36.76525595  
-47.35460377  
-53.35888603  
-54.51648527  
-50.76741356  
-42.27175015  
-29.76020269  
-14.94798533  
-0.6341493364  
9.770821211  
13.24475259  
8.318661142  
-4.119602625  
-20.8124383  
-37.01728882  
-47.9974459  
-50.54479838  
-43.9379295  
-29.98232447  
-12.17783057  
5.585731445  
20.24844631  
30.26392877  
35.5898728  
37.15216655  
36.14703716  
33.53428938  
29.89274302  
25.57418823  
20.94062263  
16.47410397  
12.68430543  
9.906878094  
8.17107566  
7.264696928  
6.970740351  
7.300081415  
8.505580748  
10.78054491  
13.76225807  
16.15125696  
15.78675929  
10.33560398  
-1.575979459  
-19.26776873  
-39.537878  
-57.22682094  
-66.78783712  
-64.34842096  
-49.43827566  
-25.60027602  
0.4913672788  
21.17010039  
30.39286879  
25.82410429  
9.580167524  
-12.62798374  
-33.56878459  
-46.93122675  
-49.20033171  
-40.34635387  
-23.2509027  
-2.307942882  
18.10558806  
34.68231327  
45.50339737  
49.77471292  
47.38530728  
38.6793313  
24.58941034  
6.964737574  
-11.26892409  
-26.43949356  
-35.01406715  
-34.76801605  
-25.73929472  
-10.48366373  
6.588541309  
20.61771926  
27.92860999  
27.25870811  
20.10397517  
10.06126134  
1.442760682  
-2.296811411  
0.2538305833  
8.05087422  
18.03797005  
26.2296482  
29.04848475  
24.50367011  
12.89386588  
-3.13341249  
-19.1808055  
-30.23615563  
-32.09888496  
-22.74644165  
-3.23261218  
22.24618132  
47.29089345  
65.10173539  
70.64365466  
62.4372719  
43.25615736  
19.33923462  
-1.722102901  
-13.70041477  
-14.01277569  
-4.624757695  
8.842295924  
19.479716  
21.96800935  
14.74334878  
0.5185324232  
-15.06738743  
-26.0655226  
-28.92267376  
-24.05334776  
-15.56943356  
-9.300744429  
-10.02266507  
-19.16826071  
-34.0712333  
-49.07496004  
-57.98488872  
-56.73820567  
-45.09448839  
-26.63181791  
-7.128890726  
7.860910307  
15.11706098  
14.6349211  
9.0089224  
1.761005856  
-4.479260389  
-9.043915116  
-13.09118904  
-18.45218014  
-26.15455768  
-35.4463356  
-43.84723824  
-48.20084065  
-46.18184488  
-37.48706451  
-24.11112851  
-9.574728753  
2.510764638  
9.851984353  
12.21271474  
11.19771015  
9.269774817  
8.535642607  
9.893428599  
12.89494799  
16.28304706  
18.83186377  
20.0097307  
20.1388992  
20.03722713  
20.41571249  
21.41566762  
22.55318888  
23.07705176  
22.49549854  
20.93359799  
19.09316395  
17.83476112  
17.636082  
18.26557122  
18.89109605  
18.587415  
16.96027536  
14.51301132  
12.50580203  
12.33475675  
14.7383998  
19.26234034  
24.30179697  
27.74780935  
27.93663613  
24.42629866  
18.19557532  
11.15399243  
5.212243744  
1.398392357  
-0.5148257463  
-1.680421558  
-3.339149335  
-5.955257645  
-8.840263282  
-10.52098267  
-9.693970005  
-6.252733384  
-1.779854898  
0.8692645244  
-1.195870996  
-9.386305996  
-22.59702932  
-37.24065164  
-48.46526711  
-52.09747714  
-46.46660458  
-33.26712833  
-17.02055003  
-3.32354785  
3.375650349  
1.511106989  
-7.097835119  
-18.15773722  
-26.77872552  
-29.46152727  
-25.33274734  
-16.15683972  
-5.236882032  
4.189165477  
10.27333885  
13.02812515  
13.833438  
14.35481494  
15.50594981  
17.00792495  
17.73617366  
16.60315706  
13.43488367  
9.308377785  
6.116414669  
5.555007235  
8.062682  
12.30463513  
15.54911624  
14.84802215  
8.518717576  
-2.76354921  
-15.8202462  
-25.93066547  
-28.57474526  
-21.2809139  
-4.833068016  
16.66802635  
36.95189552  
49.54141807  
49.84710055  
36.68055614  
12.69875679  
-16.3364308  
-43.22119092  
-61.3699974  
-66.6637535  
-58.56871349  
-40.22990572  
-17.52485175  
2.660418252  
14.45532626  
14.74962418  
4.126338242  
-13.34383129  
-31.43824143  
-43.86618462  
-46.42584697  
-38.47536837  
-23.1463858  
-6.155212374  
6.405270597  
10.48705633  
5.777231391  
-4.051874999  
-12.70291581  
-13.75272218  
-3.335330124  
18.06047505  
45.43179483  
70.85818932  
86.27763412  
86.3919499  
70.59863712  
43.23171246  
12.05622046  
-14.37339477  
-29.4829046  
-30.58017491  
-19.29254114  
-0.5371481949  
19.43982386  
35.14637054  
43.31608393  
43.37862726  
36.9816795  
26.95445016  
16.21677484  
7.019612123  
0.652056459  
-2.488509075  
-2.682303467  
-0.7076429931  
2.261243002  
4.768118947  
5.324160103  
2.833052495  
-2.918975015  
-10.94039512  
-19.11286653  
-24.76584307  
-25.61205982  
-20.70306382  
-10.99170512  
0.7947842902  
10.996443  
16.29415985  
14.92312525  
7.332514445  
-3.990634567  
-15.4718474  
-23.78823887  
-27.04972556  
-25.34868661  
-20.48312506  
-15.01451612  
-11.10104271  
-9.62392932  
-9.969936081  
-10.52255048  
-9.58961053  
-6.309016659  
-1.10398666  
4.510274963  
8.650503868  
9.951520457  
8.177465316  
4.268526677  
-0.1828353338  
-3.745656075  
-5.832334438  
-6.897688948  
-8.055448752  
-10.32058562  
-13.89167535  
-17.88523498  
-20.71079839  
-20.93910609  
-18.23156187  
-13.81842485  
-10.19537979  
-10.07868438  
-15.04928609  
-24.52663929  
-35.6260504  
-44.08302976  
-45.9335459  
-39.25041693  
-25.14701787  
-7.537435903  
8.324011814  
17.94399079  
19.43479543  
14.28464961  
6.693544594  
1.749405574  
3.242352332  
12.0794199  
25.98706741  
40.59610549  
51.37102478  
55.47290694  
52.70763019  
45.18025598  
35.91967737  
27.23917671  
19.70710069  
12.25946851  
3.365389889  
-7.431629703  
-18.51506963  
-26.4163753  
-27.30610655  
-19.10204747  
-3.122349591  
15.68431732  
30.28337322  
34.36987096  
25.26529583  
5.539835867  
-17.52177829  
-34.56556811  
-37.91165206  
-24.82650511  
1.112698207  
31.21228023  
54.96812512  
64.11645404  
55.74190385  
33.17468526  
4.379721039  
-21.37945117  
-37.1200073  
-40.45839317  
-33.80999715  
-22.59964583  
-12.47801729  
-6.89259277  
-6.06663521  
-7.679666819  
-8.701009615  
-7.31799777  
-3.944997115  
-0.8463898362  
-0.6565705549  
-4.647690158  
-11.70499006  
-18.58089828  
-21.32770931  
-17.20054834  
-6.083576771  
9.269071867  
24.30068466  
34.51948401  
37.29330082  
32.76628273  
23.54191551  
13.36693453  
5.489492331  
1.449672928  
0.779837554  
1.61539463  
1.797186581  
-0.1143369586  
-4.347050483  
-10.0437101  
-15.78067365  
-20.11625352  
-21.9085632  
-20.38303652  
-15.13544055  
-6.283286274  
5.196474166  
17.16077853  
26.39247717  
29.35979244  
23.56870595  
9.01200467  
-11.03272571  
-30.48478255  
-42.34808117  
-41.4408651  
-26.8638547  
-3.02258586  
21.48914937  
36.93934089  
36.32376098  
18.44091161  
-11.22011059  
-42.30828629  
-63.52053826  
-67.01621523  
-51.48870156  
-22.59081918  
9.453252386  
33.99895435  
44.0972643  
38.84007714  
23.03756563  
4.546133468  
-9.405723177  
-15.17672099  
-13.67953724  
-9.090964337  
-6.128760293  
