28.48194074  
28.80128383  
26.25983386  
20.13268309  
10.83537276  
0.157281354  
-9.135782629  
-14.23510203  
-13.38663572  
-6.664892475  
3.953935099  
15.29996576  
24.23068018  
28.85651292  
29.24493707  
27.29350393  
25.81811226  
27.23956411  
32.42190002  
40.14832132  
47.45136706  
50.66274098  
46.76732954  
34.54359549  
15.08069833  
-8.4820485  
-31.85785491  
-50.81191654  
-62.25180253  
-64.89037674  
-59.34418166  
-47.72395223  
-32.91300325  
-17.78206032  
-4.558408385  
5.514521021  
12.19161333  
15.96912182  
17.67546368  
18.05827718  
17.50581368  
15.99019704  
13.23796212  
9.043487381  
3.575971811  
-2.476939457  
-8.024376815  
-11.92829096  
-13.46331523  
-12.67550756  
-10.45703007  
-8.266095516  
-7.578436926  
-9.287606684  
-13.3100614  
-18.57413824  
-23.40779281  
-26.1646258  
-25.82285264  
-22.30902941  
-16.43112229  
-9.487313427  
-2.761384981  
2.851222305  
6.932495079  
9.358060789  
10.0055598  
8.577321373  
4.68841165  
-1.794023826  
-10.34447506  
-19.57172415  
-27.41333857  
-31.74907089  
-31.22532025  
-25.93382845  
-17.59862358  
-9.106517087  
-3.498543428  
-2.79471337  
-7.134396289  
-14.61693151  
-21.95430535  
-25.71261735  
-23.66301071  
-15.70169896  
-3.96018039  
7.95170311  
16.28007532  
18.51929279  
14.32404235  
5.600938319  
-4.232730322  
-11.51010696  
-13.5945535  
-9.693494193  
-0.9302053706  
10.29427947  
21.33866633  
30.30942722  
36.60391918  
40.82690631  
44.17765571  
47.62988104  
51.30257393  
54.31841395  
55.21412492  
52.70707606  
46.45114052  
37.40899687  
27.63469949  
19.52782327  
14.86971626  
14.06964455  
15.97285359  
18.34163242  
18.81683629  
15.9393925  
9.768710378  
1.806246661  
-5.751599382  
-11.08931902  
-13.66472397  
-14.47381224  
-15.52843597  
-18.76550118  
-24.90040356  
-32.80052032  
-39.74222892  
-42.51114416  
-38.89333679  
-28.88068774  
-14.99607737  
-1.512418847  
7.163972958  
8.276111191  
1.885644306  
-9.108803993  
-20.1458986  
-26.88048283  
-26.95756803  
-20.91062039  
-11.79875759  
-3.759410184  
-0.13343209  
-2.00168481  
-7.77296167  
-13.97736835  
-16.87373169  
-14.12433975  
-5.785227576  
5.801619201  
17.11185452  
24.9871707  
27.90159766  
26.38844969  
22.49309321  
18.58229159  
16.12812041  
15.06293584  
13.99388949  
11.13012195  
5.426004622  
-2.652312186  
-11.13556754  
-17.34863942  
-19.12525902  
-15.8677003  
-8.951305551  
-1.278057192  
3.829892887  
3.917679144  
-1.67570857  
-11.61538506  
-23.1314887  
-33.06508292  
-38.9511216  
-39.72691564  
-35.85806667  
-28.93437546  
-20.98444991  
-13.81377231  
-8.587714866  
-5.723902936  
-5.016041457  
-5.849230766  
-7.394999829  
-8.752973922  
-9.073955189  
-7.710694201  
-4.396702724  
0.6135668067  
6.543680437  
12.29964999  
16.85316578  
19.66908968  
20.98485742  
21.78154892  
23.40716219  
26.97034072  
32.74432297  
39.84372228  
46.34333812  
49.83430327  
48.23287167  
40.54845037  
27.32583622  
10.59718143  
-6.640838161  
-21.24361521  
-30.75822885  
-34.0285989  
-31.40660981  
-24.54602916  
-15.87899302  
-7.946225673  
-2.763492813  
-1.370150629  
-3.644667221  
-8.407509324  
-13.77361618  
-17.669059  
-18.39125642  
-15.07509671  
-7.940667404  
1.753924471  
12.051907  
20.83873801  
26.4261109  
28.00262261  
25.81644801  
21.04444068  
15.40548944  
10.652955  
8.105947216  
8.345099554  
11.12903576  
15.51351152  
20.10799311  
23.39407145  
24.0468367  
21.22313685  
14.78639371  
5.429134277  
-5.361097807  
-15.53819729  
-22.93728678  
-25.8430381  
-23.53317088  
-16.60753975  
-6.947726718  
2.737226275  
9.673392168  
11.85789909  
8.682359121  
1.117958675  
-8.611670031  
-17.7560391  
-23.90302454  
-25.68143167  
-23.07368041  
-17.27072188  
-10.17336847  
-3.759318695  
0.4525389543  
1.689576993  
-0.05858669027  
-4.21007039  
-9.819135905  
-15.76792303  
-20.90238509  
-24.15758457  
-24.72884218  
-22.29597058  
-17.22838228  
-10.64565624  
-4.225325785  
0.2554477161  
1.523551852  
-0.6668787936  
-5.329607206  
-10.49514693  
-13.86539168  
-13.6432229  
-9.211416958  
-1.381124509  
7.895832658  
16.23066686  
21.62184922  
23.06468455  
20.72254573  
15.64725413  
9.239307956  
2.736648848  
-3.034236775  
-7.585070973  
-10.50557092  
-11.26153659  
-9.253042031  
-4.162090664  
3.592353412  
12.5969595  
20.64091281  
25.40938223  
25.43297851  
20.85548959  
13.58960951  
6.672463071  
3.01095181  
4.042898861  
8.953638122  
14.89316077  
18.20063623  
16.15104727  
8.434918425  
-2.369102691  
-11.65648063  
-14.71610969  
-8.906014123  
4.899516292  
22.31008607  
36.96840466  
43.0503307  
37.66009783  
22.07105899  
1.246448645  
-18.17220343  
-30.54183035  
-33.39717685  
-28.20088865  
-19.38205102  
-12.15082026  
-10.11189121  
-13.754088  
-20.45563998  
-25.92557545  
-26.3468721  
-20.1991266  
-8.938950013  
3.709196321  
13.44013001  
17.19528328  
14.29089064  
6.405471441  
-3.435590621  
-12.2782207  
-18.33597759  
-21.29319738  
-21.81556551  
-20.69629912  
-18.22002946  
-14.13659079  
-8.221743242  
-1.007421027  
5.879596098  
10.13053232  
9.834607989  
4.701198368  
-3.283199604  
-10.26451071  
-11.98426079  
-5.714413847  
8.242037274  
26.27384625  
42.67017497  
51.87580108  
50.82274676  
40.27874866  
24.56884368  
9.761943199  
1.121479307  
0.9582777523  
7.829235978  
17.39191052  
24.45897207  
25.26707384  
18.92777803  
7.472806549  
-5.393691055  
-16.11867048  
-22.76697252  
-25.46159679  
-25.70987369  
-25.11889469  
-24.29183032  
-22.54477256  
-18.58506109  
-11.72295525  
-2.862578489  
5.386879197  
9.6664827  
7.47768238  
-1.369225212  
-14.26952953  
-26.65980158  
-33.87819578  
-33.21591734  
-25.18757912  
-13.38622233  
-2.947093029  
1.697942974  
-1.242511417  
-10.16273814  
-20.80057403  
-28.10377827  
-28.35690724  
-20.63182556  
-6.987973564  
8.551354648  
21.68230847  
29.37333395  
30.66314771  
26.51564894  
19.00664359  
10.37234311  
2.391650481  
-3.723574085  
-7.101470078  
-7.002362702  
-2.915421846  
5.025571306  
15.58441352  
26.32163923  
34.11136082  
36.19832638  
31.36929726  
20.65919938  
7.164982236  
-5.055588627  
-12.56608932  
-13.90906908  
-10.10445491  
-4.045749761  
0.9211258547  
2.554279331  
0.6615872336  
-3.002869318  
-5.803876847  
-5.685287945  
-2.270166124  
2.956315425  
7.458118221  
9.014990092  
6.920531909  
2.380112101  
-2.104053901  
-4.043486425  
-2.288906002  
2.321963138  
7.339039529  
9.915961474  
8.253680532  
2.539718563  
-5.091190992  
-11.55213742  
-14.24938515  
-12.25319402  
-6.620957765  
0.2593559772  
5.936906562  
9.106289436  
10.13416006  
10.65153183  
12.45357596  
16.31215254  
21.34963552  
25.32681248  
25.7165149  
21.01798399  
11.63066325  
-0.1806159194  
-11.23999016  
-18.87957908  
-22.12689446  
-22.0717896  
-21.22556769  
-22.18045099  
-26.22319141  
-32.58119495  
-38.67599459  
-41.27508609  
-38.00593499  
-28.52712475  
-14.81539089  
-0.4401135218  
10.84318406  
16.55221638  
16.36090351  
12.05463974  
6.626547405  
2.948727589  
2.606140251  
5.371498867  
9.493120089  
12.61441838  
12.89427223  
9.847436742  
4.573344253  
-0.6910451109  
-3.490606218  
-2.173060668  
3.375308849  
11.54542773  
19.43712246  
23.76372829  
21.93574573  
12.97417426  
-2.045431506  
-20.17803955  
-37.39085958  
-49.71766018  
-54.42905923  
-50.83739132  
-40.46064657  
-26.479539  
-12.67078503  
-2.192532415  
3.344583845  
4.197835353  
2.122584348  
-0.4956499051  
-1.623933418  
-0.2743993512  
3.344945421  
8.211617634  
13.15025999  
17.41245986  
20.88507602  
23.85503596  
26.5068948  
