160.6620963  
136.8711618  
88.12926152  
27.32015501  
-29.57095453  
-68.43168002  
-81.24942297  
-68.20325828  
-37.01177785  
0.1043987274  
30.68541485  
45.99897559  
43.38648534  
26.32306665  
2.389459938  
-19.90727617  
-34.18921691  
-38.03645318  
-33.07711583  
-23.56772926  
-14.27356119  
-8.634850308  
-7.930922478  
-11.58289534  
-18.16313857  
-26.38519946  
-35.47131074  
-44.75330049  
-52.89686069  
-57.4394694  
-55.20676194  
-43.66706702  
-22.64969751  
4.537260912  
31.44378115  
50.4894886  
55.99748157  
46.91989577  
27.84579107  
7.525820166  
-4.720974952  
-3.255432472  
10.94142553  
30.18532777  
43.19216079  
40.19776687  
17.85367696  
-18.42132837  
-55.93350631  
-79.63861442  
-78.46674113  
-50.25823103  
-3.03905645  
48.04341185  
86.84044012  
102.6847274  
94.35554296  
69.80059579  
41.85116315  
22.01611052  
15.29924661  
18.43941462  
22.2942372  
17.07965429  
-2.179582953  
-32.69522482  
-64.90327179  
-86.88958829  
-90.06360495  
-73.29758704  
-43.52782574  
-12.56410965  
8.295164496  
13.21262431  
3.973463237  
-11.55730227  
-23.75253129  
-26.04650709  
-17.83526677  
-4.091778576  
7.927748322  
13.00966138  
10.96361947  
6.635123283  
6.933848932  
16.48589182  
34.30971092  
53.44528416  
63.96434236  
58.00570184  
34.33854944  
0.04756073654  
-31.74009751  
-47.25514424  
-38.21494561  
-5.842879593  
39.14565712  
80.67172262  
103.731988  
100.3094398  
72.21060634  
29.73933858  
-12.98586899  
-43.82060279  
-56.91283529  
-53.84732303  
-41.50737497  
-28.05052415  
-19.11081788  
-15.97369197  
-16.29234764  
-16.57721861  
-14.86690421  
-12.06641576  
-11.29973806  
-15.77813181  
-26.49343677  
-41.11008383  
-54.7350672  
-62.20371711  
-60.67935523  
-51.18388663  
-38.22282542  
-27.65422049  
-23.84441248  
-27.50985257  
-35.28898671  
-41.22584152  
-39.42729691  
-26.63519457  
-3.568825491  
25.4610064  
54.33530954  
77.39099959  
91.15912012  
94.96966556  
90.43362492  
80.31533849  
67.45146689  
54.1458959  
42.06539474  
32.34988946  
25.6114096  
21.72264999  
19.5941965  
17.28632188  
12.65866077  
4.403925061  
-7.043731742  
-19.32312395  
-28.99128163  
-33.15520458  
-31.12008914  
-25.12306142  
-19.56971209  
-18.94297332  
-25.31905168  
-36.79274954  
-47.81118006  
-51.52874756  
-43.23064101  
-23.18121034  
2.650443614  
24.63177004  
33.57435918  
25.09455702  
2.105996549  
-25.94266248  
-46.99208477  
-51.81242812  
-38.45378363  
-13.51095133  
10.60814691  
21.35586888  
12.14814535  
-13.96136524  
-44.8992022  
-64.44237977  
-59.33724588  
-25.55802307  
29.12526935  
87.53536826  
129.5438275  
139.9287993  
114.3573551  
61.03441447  
-2.57766518  
-56.49827714  
-85.58753753  
-84.57661668  
-58.95385134  
-21.7038309  
12.42446721  
32.60688663  
35.3567566  
24.60401022  
8.858553678  
-3.001568601  
-5.43944183  
1.931053668  
14.84984979  
26.65594363  
31.11939824  
24.6994226  
7.527153075  
-16.96017921  
-43.31138652  
-65.66682929  
-79.16479927  
-80.88598228  
-70.29569975  
-49.2503496  
-21.62228546  
7.432761133  
32.52033822  
49.2117573  
55.13320753  
50.60911733  
38.61404526  
23.993314  
12.16244364  
7.666705877  
13.00435114  
27.99510753  
49.78340942  
73.40463534  
92.76573193  
101.8977645  
96.33826955  
74.45356804  
38.39555103  
-5.703323185  
-48.64652294  
-80.27862482  
-92.39980629  
-81.6379853  
-51.19056877  
-10.53779179  
27.12774032  
49.1163729  
47.68821773  
23.03197438  
-16.51215512  
-57.27691664  
-85.20852035  
-91.07954401  
-73.93038391  
-41.34891042  
-6.44546777  
17.27995217  
21.12649009  
4.383332431  
-25.68726787  
-56.95522809  
-77.25625126  
-78.96048178  
-61.49670112  
-30.98501405  
2.64829459  
29.72110307  
44.30583403  
45.87026066  
38.59800225  
28.91993148  
22.44874951  
21.62750589  
24.97915695  
28.12270182  
26.00621679  
15.38227034  
-3.471878737  
-26.44469002  
-46.81021309  
-57.55478052  
-54.01099876  
-35.88231018  
-7.900049359  
21.24463227  
41.51035196  
44.92098546  
28.6728445  
-3.236306012  
-40.66014123  
-70.3115952  
-80.3066352  
-64.70935369  
-26.32796471  
23.52759132  
68.56128442  
93.23045878  
88.6589869  
56.41642043  
8.526363194  
-36.53104335  
-60.46175897  
-51.96104023  
-11.03534359  
50.87252852  
115.0190313  
162.1239178  
179.0991799  
163.1558934  
121.8375145  
69.23575559  
20.16887449  
-15.18697912  
-34.10619757  
-40.70784405  
-42.61160892  
-46.6487326  
-55.65345925  
-67.66789305  
-77.64769167  
-80.57486445  
-74.30609819  
-60.74975957  
-44.8839169  
-32.23288757  
-26.15964657  
-26.36937076  
-29.36059767  
-30.55468225  
-26.98229472  
-19.11777189  
-10.86681771  
-7.618400991  
-13.23741864  
-27.43866006  
-44.88298288  
-56.60816571  
-53.37816137  
-29.65300138  
13.46103525  
67.58452182  
119.1776708  
153.7457898  
