38.00917033  
42.98052681  
41.13994425  
33.49057593  
21.84486428  
8.479224969  
-4.285718569  
-14.52633708  
-21.08233743  
-23.73774599  
-23.14610904  
-20.51613226  
-17.16870315  
-14.12938278  
-11.89997611  
-10.46720693  
-9.494760055  
-8.567971195  
-7.355857068  
-5.625951291  
-3.15106842  
0.3754976568  
5.297366262  
11.78391207  
19.5286386  
27.52670194  
34.10776024  
37.30446325  
35.47792463  
27.97547235  
15.54073311  
0.2692835906  
-14.91985196  
-27.12274839  
-34.28900791  
-35.74692047  
-32.23485641  
-25.46612161  
-17.44050754  
-9.796304699  
-3.44098424  
1.456892207  
5.20388636  
8.238562599  
10.89014376  
13.31448514  
15.55222603  
17.580758  
19.2589912  
20.17618159  
19.53800049  
16.26946178  
9.432417587  
-1.129022351  
-14.19756856  
-27.01592653  
-35.81185683  
-37.00129291  
-28.70471007  
-11.9601879  
8.98804118  
27.65482139  
37.36297101  
33.70234899  
16.44752332  
-9.912664191  
-37.39721418  
-57.18275436  
-62.74628113  
-52.30176431  
-29.54967105  
-2.392295877  
19.93082991  
30.19619686  
25.74471883  
9.255001874  
-12.51052796  
-31.42681496  
-41.06802723  
-38.8953587  
-26.76998615  
-9.71777484  
6.407487606  
17.30787155  
21.68187057  
21.2149857  
19.28216286  
19.073065  
22.04495066  
27.38086894  
32.61245053  
35.00957037  
33.00511373  
26.95343982  
18.88465102  
11.42464391  
6.456870353  
4.213278215  
3.255431171  
1.358536948  
-3.139962434  
-10.20350293  
-17.76088897  
-22.3938001  
-20.79140709  
-11.35019675  
4.792437117  
23.77734877  
40.14578924  
48.65941688  
46.13165067  
32.58643823  
11.3320377  
-12.04711511  
-31.39115678  
-41.75722459  
-40.72615514  
-28.86742611  
-9.31795175  
13.29009936  
34.15925258  
49.51107338  
57.32958785  
57.53605976  
51.63350767  
41.98721259  
30.97912383  
20.2890778  
10.51205217  
1.224013104  
-8.531500406  
-19.51253452  
-31.59217465  
-43.42224017  
-52.65118862  
-56.6920027  
-53.79669086  
-44.01968667  
-29.63519287  
-14.74198843  
-4.096252617  
-1.537740391  
-8.57826416  
-23.70462999  
-42.70241756  
-59.92411913  
-70.06065443  
-69.78375112  
-58.68545897  
-39.22560616  
-15.78092282  
6.789476772  
24.51860855  
35.20022286  
38.56602515  
35.87547622  
29.2140626  
20.81924551  
12.63254156  
6.098782937  
2.107792794  
0.9577972836  
2.304399548  
5.166889245  
8.110326953  
9.657926693  
8.843319651  
5.671546372  
1.224177163  
-2.736073628  
-4.567413672  
-3.623613874  
-0.7601576312  
1.858225086  
1.674019686  
-2.964421181  
-11.71161989  
-21.91549491  
-29.36217326  
-29.87398135  
-21.13229519  
-3.923966846  
17.80044794  
38.18244848  
51.57247094  
54.65222401  
47.66967399  
34.25672492  
19.90338771  
9.741248755  
6.577970246  
9.995650063  
16.83965419  
22.8088595  
24.39441924  
20.3070296  
11.81702993  
1.957042984  
-5.951423537  
-9.725005364  
-9.070976102  
-5.416001758  
-1.020946909  
2.098801214  
2.908042675  
1.456222952  
-1.560353275  
-5.407023676  
-9.671894985  
-14.1663072  
-18.47814249  
-21.54774546  
-21.66340477  
-17.04742671  
-6.839694781  
8.011614801  
24.49559918  
38.21589305  
44.85189397  
41.8362249  
29.50577769  
11.16312479  
-8.048321156  
-23.01254224  
-30.46111373  
-29.96992657  
-23.73939374  
-15.33048258  
-8.004721588  
-3.467960113  
-1.575210106  
-1.039685103  
-0.6689870479  
-0.3880058949  
-1.440867994  
-5.623043146  
-13.94649679  
-25.49207671  
-37.16276336  
-44.62279528  
-44.09603395  
-34.21106338  
-16.97667424  
2.677108509  
18.70245241  
26.34365167  
24.09152485  
14.2886666  
2.086561169  
-6.797178481  
-8.524273938  
-2.697448609  
7.636585238  
17.49805815  
22.26834315  
19.70310687  
10.77005573  
-1.004083318  
-11.28739057  
-16.91610169  
-17.15189226  
-13.68319005  
-9.466230882  
-7.061371124  
-7.332721743  
-9.153176074  
-10.21810001  
-8.497324093  
-3.534151673  
3.111750479  
8.534835  
9.948653297  
6.211347884  
-1.370549416  
-9.399740874  
-13.78418186  
-11.54091083  
-2.172450954  
12.02573008  
26.87183426  
38.00541018  
42.62646399  
40.50337836  
33.84196814  
26.13362971  
20.54658792  
18.59081265  
19.61431463  
21.27984108  
20.7292439  
15.87311486  
6.251089714  
-6.839769383  
-20.89917626  
-33.13476416  
-41.32036965  
-44.3081426  
-42.1241726  
-35.77315451  
-26.94648018  
-17.75813039  
-10.4955139  
-7.279196496  
-9.551031783  
-17.45496  
-29.34830815  
-41.76547811  
-50.06277783  
-49.71199478  
-37.8857868  
-14.75221548  
16.09845295  
48.39837652  
74.97555104  
89.97798897  
90.74331568  
78.60276107  
58.30072826  
36.24497027  
18.25413937  
7.652964138  
4.404967062  
5.544638498  
6.658282806  
3.779169864  
-5.046131512  
-19.07319322  
-35.22378436  
-49.25643594  
-57.23530538  
-56.75208156  
-47.52974062  
-31.31753556  
-11.2450681  
9.058651662  
26.28358284  
