56.05870504  
45.42934261  
29.14219226  
11.65315587  
-1.876010601  
-7.274667688  
-2.99428725  
9.057339126  
23.9696526  
35.53889618  
38.62773978  
31.21803358  
15.26273992  
-4.077410102  
-20.5333913  
-29.28592636  
-28.88525707  
-21.70528446  
-12.75155252  
-7.372858186  
-8.907540006  
-17.3067333  
-29.31376118  
-40.06342606  
-45.32371446  
-43.33716614  
-35.43957711  
-25.22922157  
-16.74246902  
-12.53786369  
-12.59978853  
-14.54846084  
-15.00145358  
-11.38359588  
-3.285562665  
7.28532649  
16.86483437  
22.21333941  
21.88841424  
16.94485998  
10.43443876  
5.9638275  
6.01895854  
10.85978277  
18.49528863  
25.71233291  
29.6228479  
28.95908443  
24.49693022  
18.43951278  
13.11847093  
9.705643275  
7.607784577  
4.856893586  
-0.7084967583  
-10.08716765  
-22.29851876  
-34.55492671  
-43.37634862  
-46.12221673  
-42.19567481  
-33.32525644  
-22.77806879  
-13.88109196  
-8.567750971  
-6.651847695  
-6.169599625  
-4.601091994  
-0.3478839311  
6.281346283  
13.07927546  
16.95057016  
15.43764406  
8.019069768  
-3.449525241  
-15.36715783  
-23.793616  
-25.97564681  
-21.30878592  
-11.34944732  
1.038924953  
12.92368513  
22.30979003  
28.48626855  
31.67373878  
32.31381728  
30.50739961  
25.9761768  
18.57265999  
8.996189101  
-0.8022896367  
-7.916163584  
-9.497396989  
-4.080286989  
7.436883281  
21.72098236  
34.0201368  
39.92357862  
37.1353506  
26.47488727  
11.63682975  
-2.210103926  
-10.38724693  
-10.39331393  
-2.626603745  
10.08585859  
23.83406548  
35.16453305  
42.11592477  
44.37504731  
42.65557311  
37.78615115  
30.09076671  
19.41503039  
5.736155992  
-10.07717688  
-25.90598134  
-38.76987405  
-45.89028379  
-45.94428343  
-39.85495301  
-30.63719438  
-22.26547115  
-18.02612107  
-19.1105772  
-24.13161989  
-29.82620092  
-32.64122913  
-30.46078541  
-23.64560908  
-14.87034366  
-7.816827212  
-5.337797501  
-7.975307007  
-13.56682885  
-18.16634608  
-17.8845217  
-10.80602063  
1.915316741  
16.32269186  
27.20980092  
30.30345043  
24.12622646  
10.7226225  
-5.076923646  
-17.55047117  
-22.34471854  
-18.1656185  
-7.219241546  
5.745821686  
15.36926153  
17.77998511  
12.02959947  
0.324132796  
-12.97748832  
-23.1414127  
-26.87625356  
-23.4773173  
-14.88945329  
-4.727512105  
3.297108028  
6.882339186  
5.969501033  
2.595379232  
-0.1387400809  
0.4751514354  
5.490290329  
13.77177689  
22.41432829  
27.93239246  
27.71617678  
21.1327506  
9.802195197  
-3.066312401  
-13.98256988  
-20.54867176  
-22.29212677  
-20.60135314  
-17.82223777  
-15.96854228  
-15.68302328  
-15.96719417  
-14.82128366  
-10.4776826  
-2.59385731  
7.241200826  
16.01743847  
20.65903152  
19.60283083  
13.81133853  
6.647892246  
2.558041693  
5.083119705  
15.09573681  
30.10583506  
45.03557515  
54.1992948  
53.65628384  
42.90141071  
25.12830776  
5.927674368  
-9.01732982  
-16.22675319  
-15.70915541  
-10.69819608  
-6.002316441  
-5.74298967  
-11.50419691  
-21.69579187  
-32.35953785  
-38.99611821  
-38.5606809  
-30.74943009  
-18.06538951  
-4.719053543  
5.083961966  
8.706230036  
5.876084544  
-1.499180897  
-10.28238182  
-17.31491556  
-20.3699638  
-18.55383467  
-12.16834117  
-2.281046894  
9.694539356  
22.22345925  
33.6896434  
42.40885161  
46.78690274  
45.67982892  
38.84476441  
27.25607942  
13.07264635  
-0.8205657005  
-11.58157823  
-17.22573796  
-17.18855722  
-12.43654269  
-5.101627306  
2.212908285  
7.210784377  
8.522224344  
6.006080152  
0.6863197575  
-5.625875437  
-10.90955889  
-13.56314777  
-12.92243057  
-9.51296351  
-4.924360745  
-1.290255293  
-0.4965526044  
-3.378671038  
-9.234603318  
-15.91414949  
-20.54123134  
-20.64951322  
-15.28700001  
-5.59458486  
5.45922907  
14.15110781  
17.47190417  
14.36331832  
6.160799055  
-3.978661048  
-12.41927078  
-16.54595794  
-15.72495  
-11.28729722  
-5.579829355  
-0.5974501412  
3.073448242  
6.428360343  
11.22514019  
18.59809107  
27.86493038  
36.23156573  
39.66926226  
34.64138262  
19.89185897  
-2.579376552  
-27.88118085  
-49.8451666  
-63.20903772  
-65.42543846  
-57.33895376  
-42.51493755  
-25.6237994  
-10.67522711  
0.1240442142  
6.511615777  
9.476176673  
10.28878911  
9.860944814  
8.724192905  
7.468941989  
7.154714587  
9.213863926  
14.71865927  
23.36423835  
32.83604766  
39.15787353  
38.14374728  
27.43472678  
8.144419645  
-14.84495335  
-34.34322945  
-43.62773067  
-39.36367859  
-23.28909186  
-1.751847208  
16.84912907  
25.6542567  
22.34529654  
10.14352859  
-3.712488629  
-11.34391099  
-7.905063061  
6.165870525  
25.37295541  
41.74160921  
48.50458923  
43.13421398  
28.2977285  
10.33912833  
-3.905598053  
-10.36562504  
-9.478152357  
-5.61850103  
-4.579712736  
-10.41663243  
-23.24518473  
-39.06661639  
-51.65201701  
-55.50394598  
-48.41870128  
-32.43039531  
-12.76942216  
4.54365975  
15.22308885  
18.15676903  
15.20050736  
9.650600518  
4.365396756  
0.5833014366  
-2.012756875  
-4.20908522  
-5.982243873  
-5.951669762  
-2.023388173  
7.075528299  
20.28774167  
33.76497467  
41.98455122  
40.1195267  
26.58094275  
4.413451267  
-19.3252025  
-36.1288777  
-39.50469175  
-27.77777853  
-4.92019559  
21.02721714  
41.25481117  
49.71974752  
45.33530683  
31.89084462  
15.86159569  
3.245798001  
-3.032786332  
-3.974425591  
-3.332796881  
-5.157110847  
-11.37348273  
-20.64388118  
-29.03781607  
-32.10959819  
-27.27470759  
-15.26140694  
0.0828508351  
13.50501092  
20.70093874  
20.14757364  
13.55225415  
4.775516481  
-2.162354658  
-4.968997222  
-3.954002129  
-1.539392025  
-0.7532836305  
-3.533673733  
-9.708468385  
-17.11975733  
-22.75830612  
-24.2772023  
-21.10753188  
-14.65057348  
-7.516344459  
-2.251695988  
-0.2168861417  
-1.140978213  
-3.505197311  
-5.482937768  
-5.916609179  
-4.843806988  
-3.354492853  
-2.908926946  
-4.494980124  
-8.041792467  
-12.34432486  
-15.49501244  
-15.60094193  
-11.48101113  
-3.096835637  
8.38765893  
20.88603909  
31.89854565  
39.12388159  
41.05550984  
37.44110243  
29.46989637  
19.56299106  
10.72468761  
5.572751726  
5.349935102  
9.325801035  
14.93054236  
18.70290926  
17.76533802  
11.23194439  
0.8815174199  
-9.328213067  
-14.83849526  
-12.56289635  
-2.548431632  
11.59503752  
23.83010798  
28.03244931  
20.59554094  
2.16756121  
-22.2939807  
-45.25975771  
-59.48622827  
-60.81529789  
-49.7475739  
-31.14417171  
-12.2158027  
0.3218643347  
2.730894559  
-4.610387258  
-17.76773631  
-31.1261978  
-39.68144491  
-40.77017966  
-34.61865728  
-23.67619821  
-11.22796968  
-0.01308643099  
8.56057175  
14.40336351  
18.15198484  
20.45816486  
21.58066463  
21.44656872  
20.03817345  
17.77362352  
15.57831564  
14.55300382  
15.40353179  
17.95416802  
21.0369002  
22.85546333  
21.67805059  
16.54938698  
7.712884508  
-3.414387505  
-14.66148583  
-23.70992353  
-28.65011503  
-28.34048451  
-22.55402475  
-11.98419562  
1.825801824  
16.63887729  
29.83934357  
38.96237617  
42.37289763  
39.87135738  
32.9174304  
24.24068938  
16.85338051  
12.79784386  
12.17812951  
12.99963431  
12.03163771  
6.428030089  
-4.583819298  
-18.78171185  
-31.37627461  
-36.7931919  
-31.1608496  
-14.43301216  
8.881142938  
30.88145704  
43.03026307  
39.45884388  
19.47490728  
-11.81652269  
-45.11695974  
-70.18445819  
-79.46769072  
-70.7085643  
-47.53787991  
-17.91954848  
8.846758045  
25.3393103  
28.24161678  
18.88756512  
2.162181374  
-15.58100836  
-28.66565619  
-33.54404841  
-29.24485778  
-16.98432608  
0.6133515958  
20.25738849  
38.50050186  
52.09786503  
58.42337192  
