24.84390223  
19.231294  
6.326421075  
-9.63272289  
-22.74257471  
-27.5393196  
-21.13839485  
-4.576793408  
17.23922077  
37.08774643  
48.00898562  
45.97716183  
31.61082443  
10.15852198  
-10.36839523  
-22.29391209  
-21.42214735  
-8.931488763  
8.855165344  
22.86491141  
24.96235852  
11.45392477  
-15.07787829  
-46.46475732  
-71.98846335  
-82.57369735  
-74.41333671  
-50.49321697  
-19.34771804  
8.445929942  
24.55088327  
26.1089069  
16.56932103  
3.80506838  
-3.597855444  
-0.2039515523  
13.96219247  
33.63521564  
50.87712098  
58.7651532  
54.50152229  
40.56207998  
23.43208261  
10.58715269  
7.145622181  
13.71012741  
26.31164105  
38.37644415  
43.7307333  
39.24874947  
26.00168953  
8.516513117  
-7.371267817  
-17.00486162  
-18.62354543  
-13.66779083  
-5.741369469  
1.108566228  
3.927084067  
1.577226266  
-5.463612104  
-15.86921026  
-28.21544819  
-41.28476404  
-53.87264016  
-64.41675916  
-70.90531626  
-71.34381972  
-64.67077416  
-51.65192736  
-35.17101214  
-19.56727548  
-9.144065973  
-6.440485316  
-11.06637317  
-19.70825641  
-27.39873432  
-29.54275815  
-23.81439683  
-11.07344419  
5.103470333  
20.03690663  
29.93502658  
33.33481749  
31.36183129  
26.76711025  
22.29547746  
19.24410614  
16.93837154  
13.35942559  
6.557385167  
-3.918178067  
-16.34407875  
-27.28894036  
-33.01859692  
-31.16227931  
-21.82388431  
-7.595394267  
7.531527378  
19.82525707  
27.25130909  
30.02520584  
30.07327848  
29.73684621  
30.4145789  
31.84061398  
32.34889756  
29.95957101  
23.70159756  
14.46679596  
4.926433807  
-1.489197802  
-2.082560615  
3.848217217  
14.5696524  
26.50389551  
35.58418756  
38.77368241  
35.1044012  
25.84342919  
13.8048321  
2.190327601  
-6.504398847  
-11.08996326  
-11.65728095  
-9.104725869  
-4.574301808  
0.8859411761  
6.321450451  
10.66844713  
12.6256656  
10.83490462  
4.403001263  
-6.450345633  
-19.98136786  
-33.06846216  
-42.00502731  
-43.71753054  
-36.94710685  
-22.88897182  
-4.972632749  
12.1927326  
24.33256605  
28.90882413  
25.8755148  
17.51440902  
7.44495564  
-0.7817787416  
-4.955174868  
-4.881077072  
-2.258576758  
0.1292810716  
-0.4432583991  
-5.604402596  
-15.29079645  
-27.74350155  
-40.02412106  
-48.8318995  
-51.36041385  
-45.98014416  
-32.62499233  
-12.8479849  
10.4354587  
33.46825358  
52.36606158  
63.9155589  
66.2978665  
59.54752385  
45.58003936  
27.71868979  
9.805430901  
-4.860492309  
-14.42002454  
-18.87916188  
-19.90415516  
-20.05776215  
-21.76069241  
-26.36962586  
-33.71538288  
-42.25558456  
-49.74573146  
-54.12640903  
-54.25255555  
-50.18159497  
-42.94731705  
-33.97809458  
-24.46494295  
-14.98274673  
-5.522524007  
4.123151912  
13.85796617  
22.95632654  
30.11374813  
33.87857742  
33.26952275  
28.2785403  
20.00228595  
10.31693967  
1.228849362  
-5.810152795  
-10.31671308  
-12.74329653  
-14.04005193  
-15.04599532  
-16.02333145  
-16.56927868  
-15.94209005  
-13.62028842  
-9.784120883  
-5.4359567  
-2.050633746  
-0.8863893333  
-2.275141015  
-5.249737915  
-7.733787409  
-7.268721608  
-2.001080922  
8.482865291  
22.84167654  
38.33608537  
51.73025101  
60.37828237  
63.06530948  
60.28590957  
53.88710802  
46.26835549  
39.49835996  
34.71025609  
31.97981295  
30.65704299  
29.91953022  
29.23841053  
28.5243587  
27.90730417  
27.30777228  
26.07785063  
22.96816325  
16.52106301  
5.77102184  
-9.046549518  
-26.13036532  
-42.33797273  
-54.01541023  
-58.18710868  
-53.67798951  
-41.72008437  
-25.75670032  
-10.44558604  
-0.1719657347  
2.411512566  
-2.718612771  
-12.97156393  
-24.08770461  
-31.68290592  
-32.82572951  
-27.05918259  
-16.48317194  
-4.873167139  
3.81628903  
6.974787526  
4.29139559  
-2.219817819  
-9.108185631  
-12.90464307  
-11.48198363  
-4.813815015  
5.139127585  
15.30955896  
22.74805724  
25.65201231  
23.78844101  
18.20789945  
10.48496576  
1.923047521  
-6.860344815  
-15.78841572  
-24.76321909  
-33.07367956  
-39.19299372  
-41.18230273  
-37.57836061  
-28.34032328  
-15.3295953  
-1.969392276  
7.89243045  
11.48598887  
8.323316772  
0.5138272203  
-8.032076507  
-13.23042356  
-12.59614104  
-6.366658986  
2.561794432  
9.903811002  
11.93180736  
7.243900869  
-2.450126882  
-12.91033134  
-19.10198115  
-17.35741105  
-7.040620008  
9.002524948  
25.40930281  
36.2849187  
37.39754578  
27.71257765  
9.697695418  
-11.64979305  
-30.59820109  
-42.56511098  
-45.39604959  
-39.65739095  
-27.98385966  
-13.8684553  
-0.4211551281  
10.46575164  
18.34618259  
23.90479774  
28.33238358  
32.66669239  
37.30557927  
41.78986849  
44.86595465  
44.7937908  
39.84894783  
28.94084405  
12.21570809  
-8.546880103  
-29.95160024  
-47.55248839  
-56.92553414  
-54.99048609  
-41.15420787  
-17.82530779  
9.984535591  
35.94381109  
54.19843012  
61.08625531  
56.16878784  
42.21512484  
24.15673971  
7.41022049  
-3.818112375  
-7.659949326  
-4.811783223  
2.10973794  
9.738436083  
15.16161659  
16.72705801  
14.2496999  
8.682993441  
1.514275445  
-5.808784431  
-12.20803068  
-17.01699806  
-19.84184796  
-20.41126444  
-18.54389473  
-14.25531102  
-7.918724443  
-0.3457382637  
7.312346618  
13.8492152  
18.37524053  
20.61952511  
21.01806791  
20.52622661  
20.20698282  
20.74264257  
22.05888939  
23.2174056  
22.64272315  
18.62927781  
9.970540325  
-3.502116146  
-20.66617521  
-39.24982443  
-56.34874386  
-69.16522605  
-75.73153332  
-75.37448108  
-68.76599723  
-57.55653034  
-43.74931828  
-29.0760367  
-14.628001  
-0.8793427979  
11.94891746  
23.40491121  
32.49539972  
37.77129701  
37.8403319  
32.11041056  
21.41140063  
8.146702156  
-4.199984981  
-12.09794021  
-13.17958195  
-7.149446642  
3.99524362  
16.55256016  
26.30649897  
29.8720714  
25.6969215  
14.38395632  
-1.708151237  
-19.34175846  
-35.35871024  
-47.36448956  
-53.97675519  
-54.71186642  
-49.73608013  
-39.70749722  
-25.79723027  
-9.797115968  
5.890937528  
18.55823111  
25.7996138  
26.24351632  
20.09061025  
9.18267568  
-3.489914846  
-14.68341587  
-21.85306976  
-23.79284866  
-20.74585768  
-14.0172023  
-5.338976026  
3.691630326  
11.88150941  
18.40845205  
22.66615562  
24.22201621  
23.01062325  
19.66912645  
15.74383802  
13.48109439  
15.10226986  
21.77044833  
32.71701996  
45.04543775  
54.49482499  
57.0089034  
50.51770118  
36.1306112  
18.10038853  
2.413487917  
-5.51503074  
-3.104566407  
8.168160909  
23.18833324  
35.17032273  
38.3916671  
30.55110309  
13.74744012  
-6.338461641  
-22.70432209  
-29.76716047  
-25.44466974  
-11.76279053  
6.162058085  
22.22818875  
31.59573537  
32.16814813  
24.83019367  
12.5551506  
-1.042915908  
-13.00125732  
-21.65139781  
-26.53750421  
-27.91435436  
-26.27820851  
-22.24754637  
-16.79601782  
-11.54829222  
-8.757165274  
-10.74931002  
-18.96093751  
-32.99458059  
-50.22536522  
-66.29542625  
-76.43665837  
-77.14800703  
-67.53975632  
-49.75724135  
-28.27724198  
-8.353357476  
5.755006781  
12.0649846  
11.20358045  
5.761391309  
-0.9535289709  
-6.179536887  
-8.480269765  
-7.828571197  
-5.131002765  
-1.550547892  
2.005987727  
5.049159165  
7.37419951  
8.856497556  
9.396214079  
9.080752198  
8.437123565  
8.532126726  
10.72808882  
16.0953102  
24.71511006  
35.24038058  
45.02358099  
50.88351557  
50.26871419  
42.34539293  
28.51420421  
12.07273286  
-2.898729672  
-13.00245842  
-16.74150463  
-14.97952817  
-10.44378493  
-6.477566177  
-5.567927387  
-8.271724532  
-12.9974916  
-16.74216334  
-16.48225687  
-10.64085214  
-0.007498492797  
12.30595922  
21.91347968  
