26.07452271  
11.89066554  
-3.987752097  
-18.50789701  
-29.50175166  
-35.96000877  
-37.80155015  
-35.42512105  
-29.370866  
-20.27611918  
-9.080781957  
2.740742405  
13.17953661  
20.05832725  
21.68847374  
17.55844653  
8.734453402  
-2.253817939  
-12.0658559  
-17.54520617  
-16.71846295  
-9.452839456  
2.45228461  
15.76889736  
26.77533571  
32.33161444  
30.7752662  
22.38175446  
9.264883511  
-5.249928399  
-17.59922559  
-25.01976797  
-26.33950777  
-22.26896152  
-15.0851279  
-7.795886164  
-3.060124383  
-2.245007771  
-4.974163569  
-9.350333294  
-12.77887178  
-13.07229656  
-9.38865749  
-2.612737437  
4.984065409  
10.66330019  
12.32577904  
9.331546649  
2.691924915  
-5.42225902  
-12.6044303  
-17.13043835  
-18.4603447  
-17.13570581  
-14.19409038  
-10.46113434  
-6.128859897  
-0.8580627103  
5.659299633  
13.01945785  
19.75083425  
23.58793129  
22.35922703  
15.12610253  
3.015774394  
-10.7360503  
-21.69160669  
-25.78884099  
-20.96842398  
-8.148172913  
8.91952637  
24.9120921  
34.84658056  
35.87399187  
28.23898437  
15.03787792  
0.9127322229  
-9.746851528  
-14.34831629  
-12.79345882  
-7.131685443  
-0.426173515  
4.603757839  
6.568005442  
5.656684852  
3.167307743  
0.6454933827  
-0.8907029975  
-1.280452156  
-1.015438947  
-0.7030917597  
-0.5590867434  
-0.2437197363  
0.8603363165  
3.098175311  
6.061055273  
8.497827298  
8.745717399  
5.526307782  
-1.266187907  
-10.19744308  
-18.5929194  
-23.44967784  
-22.6100228  
-15.6995962  
-4.408907026  
8.032793482  
17.99797317  
22.75790248  
21.41323788  
15.09672848  
6.399501713  
-1.702407486  
-6.953046712  
-8.504107085  
-6.94984838  
-3.775731294  
-0.53746048  
1.825477721  
3.243133292  
4.274181883  
5.55844431  
7.289288089  
8.998670584  
9.764132198  
8.713009416  
5.53597933  
0.71537791  
-4.671795152  
-9.48010623  
-13.06284689  
-15.54944723  
-17.64463292  
-20.02222578  
-22.63588153  
-24.36685601  
-23.30529371  
-17.65358169  
-6.888328907  
7.398673556  
21.5088348  
30.69074324  
30.95045084  
20.90916941  
2.858383969  
-17.59482922  
-33.34137514  
-38.44251647  
-30.61029438  
-12.41941066  
9.376288441  
26.28634294  
31.38701332  
22.16448437  
1.699441246  
-22.36366037  
-40.71245409  
-45.99001806  
-35.6831025  
-13.09979181  
13.95318875  
36.23358125  
46.59930803  
42.58610111  
27.03691492  
6.636731148  
-10.92365112  
-19.91073626  
-18.43252778  
-8.589669717  
4.968519541  
17.27814855  
25.0277317  
27.44605316  
25.88950852  
22.54151474  
19.00919736  
15.55616224  
11.29963956  
5.155130997  
-3.081475016  
-12.17297316  
-19.75182419  
-23.36458828  
-21.69996556  
-15.33620736  
-6.582675877  
1.540683604  
6.689323864  
8.246411325  
7.499426395  
6.837295061  
8.365088574  
12.64018949  
18.19014625  
22.09427261  
21.3842474  
14.60206703  
2.754498252  
-10.82929029  
-21.72082135  
-26.17543105  
-22.6913905  
-12.6608521  
0.1628648  
11.13509074  
16.48619067  
14.65102397  
6.657359901  
-4.500174599  
-15.15112896  
-22.3230343  
-24.65714042  
-22.58627917  
-17.83514749  
-12.55884097  
-8.513916539  
-6.554212355  
-6.548094087  
-7.631640878  
-8.623546141  
-8.439960521  
-6.41678727  
-2.509280681  
2.642471648  
7.807789179  
11.44950476  
12.1836672  
9.309372385  
3.212818743  
-4.568977211  
-11.74342043  
-16.04126882  
-16.0989838  
-12.05953997  
-5.580600011  
0.8164349169  
4.811229158  
5.293204155  
2.833589713  
-0.6287929486  
-2.762422628  
-2.015291761  
1.600514038  
6.525455317  
10.48801808  
11.74943741  
10.11003151  
7.118725683  
5.316396266  
6.847724231  
12.13860921  
19.35700748  
25.02148878  
25.55314583  
19.06305429  
6.492710299  
-8.512010589  
-21.02079497  
-26.92072896  
-24.72178485  
-16.19057683  
-5.477856961  
2.869587066  
6.065755456  
4.360778138  
0.7967839636  
-0.454601988  
3.633201479  
13.18354674  
25.07333229  
34.22381551  
35.94372047  
28.21249252  
12.7988023  
-5.34541957  
-20.15117115  
-26.99615137  
-24.5699064  
-15.19079306  
-3.478552163  
5.92394257  
10.44903247  
10.51574564  
8.86607558  
8.734482372  
11.83690026  
17.23629572  
21.67933196  
21.23794938  
13.41990038  
-1.331650107  
-19.52552158  
-35.97927021  
-45.99531086  
-47.30403328  
-40.84910153  
-30.07733799  
-19.1427073  
-10.96064698  
-6.092877166  
-2.985606891  
0.6340227543  
6.008997896  
12.24185273  
16.47895314  
15.35845923  
7.003379472  
-7.492877393  
-23.93931198  
-36.48237858  
-40.02782588  
-32.55015898  
-16.18717266  
3.451456499  
19.51446398  
26.71341015  
23.46216424  
12.41124415  
-0.8345815784  
-10.20943441  
-11.75956967  
-5.167431338  
6.390692654  
17.90006101  
24.85572795  
25.21980414  
20.14267158  
13.20847298  
8.639688749  
9.328603925  
15.57636827  
25.03807714  
33.80064592  
38.03324785  
35.46102416  
