25.90945207  
13.48531209  
1.403093915  
-7.797540163  
-12.39471411  
-11.81482436  
-6.734023037  
1.092822351  
9.286793245  
15.52044791  
18.2529853  
17.28610231  
13.9018359  
10.45545561  
9.496547124  
12.70741698  
20.07486909  
29.67205155  
38.21068957  
42.20680393  
39.32116711  
29.32361787  
14.25806756  
-2.290077415  
-16.53326998  
-25.8638718  
-29.686798  
-29.35190958  
-27.24247207  
-25.46230752  
-24.75048595  
-24.1448741  
-21.56202394  
-15.02333671  
-3.939952415  
10.17587627  
23.95556903  
33.32490948  
35.09459944  
28.31462648  
14.80542137  
-1.374984082  
-15.32481194  
-23.00258804  
-22.58418204  
-14.98208718  
-3.386919098  
7.931846835  
15.08151136  
15.73843325  
9.718698894  
-1.166022978  
-13.81237056  
-24.79051035  
-31.26109121  
-31.62199951  
-25.78604665  
-15.09613704  
-1.947703624  
10.78208831  
20.3822368  
24.90370281  
23.57074558  
16.90387728  
6.518436505  
-5.340608991  
-16.37994992  
-24.77263551  
-29.46167133  
-30.20688346  
-27.43772885  
-22.03899893  
-15.18070028  
-8.222476936  
-2.629383885  
0.2061650476  
-0.7073961693  
-5.544518986  
-13.34332914  
-22.00974516  
-28.78156257  
-31.08925117  
-27.52768063  
-18.52977358  
-6.392175739  
5.45204937  
13.68614134  
16.39368841  
13.81870732  
8.241576177  
2.988770781  
0.989705514  
3.515840463  
9.674145602  
16.89262064  
22.1809705  
23.58575406  
21.16003036  
16.9874922  
14.23802528  
15.68402871  
22.3598059  
32.97974633  
44.3804008  
52.77921372  
55.27684856  
50.93650671  
40.99121049  
28.14727575  
15.36438318  
4.706655562  
-3.219746505  
-9.048166234  
-13.85318122  
-18.25064122  
-21.89686794  
-23.6570427  
-22.34821362  
-17.65037294  
-10.67552255  
-3.839676587  
-0.02180236739  
-1.350543782  
-8.162693168  
-18.62899669  
-29.26311892  
-36.14668719  
-36.38970531  
-29.24035087  
-16.40226273  
-1.444352674  
11.4486677  
18.88878529  
19.3299237  
13.39350808  
3.426136814  
-7.462867659  
-16.46843195  
-21.86035783  
-23.23094541  
-21.23571337  
-17.0462866  
-11.81474592  
-6.383686297  
-1.311553513  
2.897970889  
5.58017674  
5.908299472  
3.177917844  
-2.732002571  
-10.96595007  
-19.63020086  
-26.20430179  
-28.35096386  
-24.83493347  
-16.15411293  
-4.554370166  
6.668439021  
14.36728981  
16.78301817  
14.29666215  
9.332404976  
5.392636818  
5.5861494  
11.25842985  
21.32341192  
32.61771197  
41.16151264  
43.80482081  
39.5515677  
29.97941876  
18.56486005  
9.208204418  
4.609985743  
5.214465863  
9.172439685  
13.30686026  
14.60928857  
11.56607735  
4.716728808  
-3.771020755  
-11.25157838  
-15.88402118  
-17.41684695  
-17.11619849  
-16.91883662  
-18.27628622  
-21.29660751  
-24.62056005  
-26.08240944  
-23.80396923  
-17.15841394  
-7.122483869  
4.137639632  
14.20537218  
21.37889557  
25.17594865  
26.16182636  
25.2607048  
22.98930847  
19.08123909  
12.73522744  
3.351108933  
-8.682921786  
-21.64752271  
-32.86885394  
-39.70023578  
-40.6456741  
-36.04792543  
-27.95780894  
-19.21165309  
-12.15942266  
-7.683228275  
-5.0112238  
-2.424066544  
1.523419656  
6.932551936  
12.255231  
14.97814776  
12.99529477  
5.972032499  
-4.046566874  
-13.19181653  
-17.32953289  
-13.93645251  
-3.40523993  
10.8855608  
23.8398169  
30.72425684  
29.14187982  
20.01526707  
7.147271182  
-4.423517056  
-10.51566426  
-9.413209868  
-2.317009742  
7.473821243  
16.18065795  
21.16572247  
21.82277253  
19.41430925  
16.06252549  
13.48871971  
12.1622913  
11.25240446  
9.330805662  
5.387374706  
-0.4179752257  
-6.67498996  
-11.35213102  
-12.79822672  
-10.59368383  
-5.815927318  
-0.5878439393  
2.862431237  
3.171425832  
0.3845670059  
-4.156540176  
-8.493761659  
-10.95320414  
-10.8467372  
-8.682412156  
-5.840746356  
-3.915186772  
-4.036198982  
-6.459587399  
-10.54435448  
-15.06206668  
-18.66023366  
-20.28473089  
-19.43516629  
-16.22559705  
-11.29417663  
-5.627604355  
-0.3479392015  
3.511751282  
5.218237919  
4.493850106  
1.564193334  
-2.933420514  
-8.155297345  
-13.28079469  
-17.6504231  
-20.7414235  
-22.01233906  
-20.75569587  
-16.13659183  
-7.518549015  
4.994266486  
20.05572536  
34.95795381  
46.13775345  
50.2853552  
45.70009262  
33.31415937  
16.8284651  
1.714724866  
-6.676532544  
-5.211108168  
5.608344008  
21.57692922  
36.22584343  
43.26532058  
39.06236766  
24.11738369  
2.89775153  
-17.9225539  
-32.08204651  
-36.10544562  
-30.44784131  
-18.97765472  
-7.102074025  
0.5844009667  
2.084060337  
-1.516648784  
-6.957399321  
-10.57509779  
-10.0489069  
-5.320384124  
1.652422055  
8.06168132  
11.66941906  
11.75147294  
9.143572413  
5.468040056  
2.04453302  
-0.8758416543  
-4.126766343  
-8.904318906  
-15.73843482  
-23.7727613  
-30.81116749  
-34.18002583  
-32.00719936  
-24.27046412  
-13.05327023  
-1.825742826  
5.946257744  
8.219501143  
5.150732326  
-1.126055649  
-7.592504967  
-11.7564038  
-12.6822618  
-11.15132533  
-8.913370754  
-7.463439026  
-7.025179421  
-6.318988833  
-3.285226369  
3.579799827  
13.97400332  
25.33976035  
33.57680187  
34.7195247  
26.8754509  
11.5194661  
-6.546112386  
-20.70261563  
-24.9811479  
-16.50676926  
3.110605062  
28.07999221  
50.39038679  
62.70827668  
61.0920234  
46.45864891  
24.22631043  
2.275426035  
-11.97354926  
-14.23889513  
-4.809723666  
11.7591028  
28.49644182  
38.63717983  
37.99952426  
26.25943103  
6.747042626  
-15.02113017  
-33.40456107  
-44.47348856  
-46.97971049  
-42.24012055  
-33.16203869  
-22.93639307  
-13.96449543  
-7.381368476  
-3.213683966  
-0.9264864447  
0.008144103393  
-0.1900450644  
-1.560949796  
-4.138936793  
-7.709912988  
-11.7801286  
-15.78272981  
-19.37365139  
-22.59312778  
-25.74069242  
-28.99443216  
-31.99352284  
-33.67780845  
-32.58007488  
-27.52702142  
-18.44590022  
-6.840291068  
4.413969917  
12.00684924  
13.54783858  
8.749901637  
-0.1493136251  
-9.0368096  
-13.48153699  
-10.59405848  
-0.3848567176  
14.02250248  
27.4964578  
34.91641347  
33.27654515  
22.97788774  
7.743202607  
-6.822848898  
-15.4221418  
-15.07927334  
-6.15757359  
7.999427174  
22.57408812  
33.22594786  
37.64425529  
36.09679749  
30.85802396  
24.8983855  
20.49810897  
18.40110054  
17.8017656  
17.0375706  
14.55268643  
9.63923188  
2.650339977  
-5.30928945  
-12.94966866  
-19.2738048  
-23.74316557  
-26.13634924  
-26.2994807  
-24.03183556  
-19.22728034  
-12.18529631  
-3.850227344  
4.262290182  
10.5239817  
13.86609661  
14.31811193  
13.07762339  
11.98843653  
12.61868414  
15.37940592  
19.15849983  
21.72637706  
20.78872994  
15.21086646  
5.80233412  
-4.780080071  
-13.04453782  
-16.17086124  
-13.31721331  
-6.08846213  
2.100090251  
7.50997118  
7.748743675  
2.845584009  
-4.778934746  
-11.44740059  
-13.94432185  
-11.02065316  
-3.986164952  
3.880769259  
8.822833288  
8.295908005  
2.085121683  
-7.650177169  
-17.38954964  
-23.82304293  
-25.24297937  
-22.13254301  
-16.72765457  
-11.81640908  
-9.381541273  
-9.732913616  
-11.51255609  
-12.52178554  
-10.93196192  
-6.274816448  
0.2632076165  
6.372742987  
9.7147486  
9.051924627  
4.887097174  
-0.6893300647  
-4.879142368  
-5.397572343  
-1.506629522  
5.582173346  
13.10672384  
17.79592741  
17.14071774  
10.40065322  
-1.03449827  
-14.05866677  
-24.88307135  
-30.3177397  
-28.85334375  
-21.17699254  
-9.955512257  
1.032806485  
8.125523097  
8.959279211  
3.227870545  
-7.221470766  
-18.97291279  
-28.10775457  
-31.40240295  
-27.28008229  
-16.23322879  
-0.6185142083  
16.06905372  
30.18355189  
38.86661608  
40.68244798  
35.82423121  
