-4.558686533  
0.3516036907  
7.626369292  
13.85333154  
16.04639721  
12.90244611  
5.434992786  
-3.345296052  
-9.624188759  
-10.37495246  
-4.671634935  
5.849483318  
17.59209917  
26.41469447  
29.25388803  
25.27032123  
16.05371633  
4.846603427  
-4.827858692  
-10.51334174  
-11.57721087  
-9.118098505  
-5.169377661  
-1.651531851  
0.4039599511  
1.023387399  
0.8553081651  
0.449148817  
-0.3005504608  
-2.203063934  
-6.264646325  
-12.89722157  
-21.29467175  
-29.37365951  
-34.4064781  
-34.12173469  
-27.78810049  
-16.76194322  
-4.195813607  
6.024175478  
10.69067276  
8.446377133  
0.2199961538  
-11.24759515  
-22.56477064  
-31.02246148  
-35.52578551  
-36.74800045  
-36.49010557  
-36.58215478  
-37.85120855  
-39.62699757  
-39.99453035  
-36.65994393  
-28.02894912  
-14.02158403  
3.717293846  
22.27795767  
38.40155899  
49.4715491  
54.21112186  
52.8777579  
46.9682746  
38.62545875  
30.00192859  
22.78184791  
17.93952747  
15.70195609  
15.63366935  
16.78582633  
17.90570745  
17.73446501  
15.38979634  
10.75090689  
4.684421705  
-1.057545506  
-4.34241922  
-3.462182713  
2.044439947  
10.92054823  
20.35761071  
26.84979074  
27.47989696  
21.14402956  
9.17984421  
-4.940341282  
-16.81671398  
-22.80013768  
-21.47076407  
-14.28418387  
-5.068611071  
1.46960321  
1.647573611  
-5.662290914  
-18.51029761  
-32.58391649  
-42.86913863  
-45.57530838  
-39.53843474  
-26.55207836  
-10.53760771  
4.048288404  
13.87412843  
17.78257958  
16.85503973  
13.56814747  
10.50232814  
9.213749089  
9.746199603  
10.92046022  
11.16717068  
9.439995353  
5.758190374  
1.155108929  
-2.874008303  
-5.091151696  
-5.016271502  
-2.978391959  
0.2500654576  
3.972686971  
7.908541668  
12.1399081  
16.7027948  
21.08718002  
24.00063495  
23.63350049  
18.39737048  
7.828191338  
-6.800220229  
-22.52650042  
-35.5101295  
-42.3358328  
-41.2944598  
-33.08940556  
-20.64069732  
-8.038752264  
0.9345215459  
4.117115544  
1.592732261  
-4.580226662  
-11.36179857  
-15.98118326  
-16.91357635  
-14.2224484  
-9.221245555  
-3.708960716  
0.8170893928  
3.626598536  
4.768884406  
4.748468145  
4.127641305  
3.303767227  
2.551996263  
2.229147169  
2.918475421  
5.327440838  
9.91417117  
16.41749819  
23.58045983  
29.31021645  
31.31761123  
28.02391929  
19.34495977  
6.967012566  
-6.072118125  
-16.37572368  
-21.36395368  
-20.14551618  
-13.72609557  
-4.490578158  
4.781325951  
11.91164308  
15.9044445  
16.90972562  
15.68431119  
12.90296412  
8.720725007  
2.82326473  
-5.083784315  
-14.65215295  
-24.53108188  
-32.54210052  
-36.38266784  
-34.56520798  
-27.14936351  
-15.89653985  
-3.734599428  
6.258438389  
11.91992967  
12.66848815  
9.517216968  
4.487637538  
-0.2565663563  
-3.143043931  
-3.492750983  
-1.345617233  
2.981588008  
9.277265736  
17.50241408  
27.50812919  
38.6057575  
49.31130272  
57.51294409  
61.07977118  
58.66341176  
50.29385981  
37.42924226  
22.37379648  
7.304466885  
-6.623987005  
-19.6249803  
-32.85304129  
-47.36575241  
-62.97366398  
-77.58974911  
-87.50432236  
-88.59778941  
-78.04874364  
-55.81576982  
-25.20866296  
7.782181754  
36.21298812  
54.33330503  
59.33266475  
52.0327986  
36.31052929  
17.54963994  
0.7838127571  
-10.74467301  
-16.13127271  
-16.40534817  
-13.52265011  
-9.302134791  
-4.78681353  
-0.229049315  
4.436452206  
8.996939722  
12.62791395  
14.02744201  
11.95338493  
5.878368398  
-3.584768337  
-14.71699576  
-25.19080311  
-32.817501  
-36.22676748  
-35.21141029  
-30.63836806  
-24.01856366  
-16.9529967  
-10.67935688  
-5.849868291  
-2.540354743  
-0.3969542069  
1.188826934  
2.933620206  
5.530925403  
9.488700694  
14.921005  
21.35222805  
27.65553392  
32.2422126  
33.52744844  
30.55463871  
23.5369137  
14.04792586  
4.698150944  
-1.661694954  
-2.949311529  
1.318676169  
9.732569785  
19.39730664  
26.92803656  
29.67279766  
26.69493453  
19.13099899  
9.779447309  
2.072352675  
-1.184233038  
1.162412404  
8.181926553  
17.16539955  
24.53817405  
27.05543797  
22.88137432  
12.21433523  
-2.720274204  
-18.29204752  
-30.51197479  
-36.20175985  
-33.9539867  
-24.60141231  
-11.03623305  
2.605616002  
12.18818426  
14.88291489  
10.1106588  
-0.2375592523  
-12.4420192  
-22.29621767  
-26.70167994  
-24.91937524  
-18.95462468  
-12.84844414  
-11.07277568  
-16.61323531  
-29.50328476  
-46.44881148  
-61.78102924  
-69.44577762  
-65.29675522  
-48.80022158  
-23.45957833  
4.241535392  
26.99749719  
39.12928579  
38.40982242  
26.61861578  
8.692788349  
-9.115497004  
-21.32205738  
-24.76519915  
-19.15734849  
-6.61103292  
9.483363377  
25.67008731  
39.26330209  
48.61970101  
52.97444156  
52.1476539  
46.40314476  
36.54666062  
24.11883567  
11.40987269  
1.083696727  
-4.580403435  
