48.33719011  
30.4129156  
5.733861465  
-15.8432792  
-25.67010073  
-19.6626202  
0.1717523584  
26.61052898  
50.08811559  
62.37086682  
59.57057823  
43.36215745  
20.03786293  
-2.103516441  
-15.92345045  
-17.92934701  
-9.205606569  
5.41404082  
19.45647917  
27.29792375  
26.08998956  
16.49929726  
2.141530917  
-11.93189591  
-21.05693237  
-22.44049915  
-15.86678875  
-3.511027265  
10.95355362  
23.58219345  
31.30688132  
32.68601023  
28.09943227  
19.41363445  
9.285159289  
0.347920415  
-5.469581158  
-7.321663836  
-5.456289121  
-0.9210615048  
4.884589388  
10.63418567  
15.34250477  
18.43505001  
19.66939164  
19.01282638  
16.56887165  
12.58322091  
7.485652792  
1.886411803  
-3.529557023  
-8.194768473  
-11.84439671  
-14.57512689  
-16.71006629  
-18.51326788  
-19.90706949  
-20.3815272  
-19.21173216  
-15.93392675  
-10.86081701  
-5.334606759  
-1.491824691  
-1.531038809  
-6.738361982  
-16.70277457  
-29.13409523  
-40.46767928  
-47.08884136  
-46.7036364  
-39.27408468  
-27.09486739  
-13.95489408  
-3.730703464  
0.9886145812  
-0.3265651409  
-6.257463264  
-14.29575101  
-21.98214555  
-27.77043209  
-31.25472266  
-32.76355265  
-32.6624091  
-30.83814891  
-26.69852463  
-19.68767826  
-9.987593266  
1.067235209  
11.1970569  
17.9953454  
19.98179887  
17.33833988  
11.90506624  
6.389829483  
3.173201627  
3.329310502  
6.38788189  
10.96391694  
15.88650824  
21.14125918  
27.99706195  
38.11837041  
52.0597016  
67.97786353  
81.41815927  
86.57068636  
78.6501655  
56.391704  
23.43519208  
-12.24930304  
-40.89673084  
-54.51627684  
-50.00757551  
-30.44111532  
-3.877224548  
19.82517414  
32.85749373  
32.31925492  
20.88999156  
5.116869732  
-7.80786173  
-13.26032809  
-10.94374294  
-4.488481511  
0.7700520644  
0.6632455569  
-5.706618925  
-15.60594596  
-24.14466695  
-26.79231671  
-21.67936796  
-10.58997201  
1.775427255  
9.85724995  
9.618906819  
0.182547743  
-15.92878656  
-33.90931107  
-48.52936007  
-55.88721038  
-54.39802193  
-44.81963334  
-29.5681254  
-11.79966229  
5.338489635  
19.14870755  
27.63053805  
29.72573322  
25.62241421  
16.95949042  
6.648502786  
-1.871148366  
-5.82545328  
-4.289763394  
1.243793752  
7.344581133  
10.12516252  
7.14408304  
-1.167931168  
-11.33849049  
-18.1754721  
-17.0869701  
-6.353885579  
11.75579076  
31.65566109  
46.68371782  
51.93413946  
46.3695209  
33.21215355  
18.42219955  
7.985619673  
5.303633235  
9.909079438  
18.06168293  
24.83821896  
26.60486863  
22.61087156  
14.9440029  
6.972810979  
1.203135762  
-2.227476149  
-5.559482984  
-11.90180442  
-23.03781227  
-37.7982666  
-51.9934326  
-60.08236079  
-57.81068928  
-44.47387907  
-23.58144739  
-1.474522638  
15.50371892  
23.90450422  
24.66415874  
22.38139038  
22.68160456  
28.96273592  
40.18538058  
50.90678097  
53.67152518  
42.69355554  
17.07628956  
-18.02685432  
-52.97326426  
-77.30501067  
-83.93077111  
-71.96581615  
-46.99367054  
-18.68558899  
3.117046047  
12.12856162  
7.608938401  
-6.060349248  
-21.78902374  
-32.93529656  
-35.78527472  
-30.41384368  
-19.8356736  
-8.131364925  
1.42354358  
7.395051421  
10.12629449  
10.89877991  
10.96294716  
10.99124436  
11.12607077  
11.38160878  
11.96268441  
13.18939801  
15.05535238  
16.7724681  
16.74278154  
13.17371634  
5.143652194  
-6.433133411  
-18.55889797  
-26.94407594  
-27.63324391  
-18.77819594  
-1.707096289  
19.29340879  
38.47628093  
50.78543566  
53.70180285  
47.96087153  
36.86221021  
24.57046006  
14.27717868  
7.114627451  
2.280998921  
-1.818512288  
-6.142068338  
-10.14793569  
-12.01332866  
-9.825578589  
-3.065465047  
6.503265583  
15.14493611  
18.64234562  
14.29685567  
2.44217342  
-13.3440594  
-27.53719512  
-34.94044612  
-32.91098993  
-22.51000518  
-8.047172726  
4.759663648  
11.15321879  
9.165881304  
0.1415686497  
-12.16949517  
-23.3966493  
-30.31608133  
-31.80661647  
-28.68972621  
-22.74060239  
-15.5408146  
-7.83451113  
0.322114022  
8.835906564  
16.84928887  
22.58657859  
23.99967311  
19.93748921  
11.19045415  
0.7401894533  
-7.095050551  
-8.361412687  
-1.279845051  
12.70495477  
29.20729012  
42.48567458  
47.68726345  
42.78546288  
29.3681875  
11.94933878  
-3.865856011  
-13.54139946  
-15.17813958  
-9.891724352  
-0.9724165256  
7.66786216  
13.00350138  
13.72661211  
10.17739148  
3.612405612  
-4.66673259  
-13.82304981  
-23.41687109  
-32.92018004  
-41.22394887  
-46.54785377  
-46.91514147  
-41.01087407  
-28.98959723  
-12.78177478  
4.323577384  
18.68740205  
27.49350639  
29.57702885  
25.57119752  
17.36825542  
7.212283695  
-3.110679883  
-12.61667554  
-20.9137145  
-27.66193845  
-32.10481716  
-33.02148107  
-29.20066917  
-20.22186703  
-7.118516078  
7.494143079  
20.01173433  
26.99445344  
26.43406086  
18.59606631  
6.057128517  
-7.110515856  
-16.69945579  
-19.7464513  
-15.41710344  
-5.106295309  
8.206559121  
21.02918675  
30.41867224  
34.67404405  
33.50955927  
27.78987633  
19.05450519  
9.066763568  
-0.4802848834  
-8.108071264  
-12.64405837  
-13.35481865  
-10.13313232  
-3.651656323  
4.649732559  
12.83292338  
18.95882487  
21.65733098  
20.54961598  
16.34212403  
10.54671923  
4.943129191  
1.011189156  
-0.4405144985  
0.6671649681  
3.892359387  
8.571511273  
14.01113143  
19.46672912  
23.96867914  
26.18791578  
24.55991319  
17.76433275  
5.443834444  
-11.15408831  
-28.99868882  
-43.81811827  
-51.32814459  
-48.77295706  
-36.17953889  
-16.74663801  
3.926052143  
19.60418651  
25.57991685  
20.40371318  
6.475931425  
-10.79143025  
-24.9640985  
-30.97009965  
-26.94785454  
-14.83321653  
0.5259050076  
13.33876398  
19.10275759  
16.19351597  
6.212740058  
-6.963088947  
-18.94285077  
-26.59190153  
-29.0675273  
-27.74992906  
-25.21351559  
-23.79795923  
-24.47176457  
-26.48697584  
-27.91615869  
-26.74115178  
-21.93049145  
-13.99384342  
-4.790889876  
3.253165619  
8.109473918  
8.830289593  
5.695281759  
-0.1405100896  
-7.21075519  
-14.16721372  
-19.87345993  
-23.21841301  
-22.91586643  
-17.59076443  
-6.279926528  
10.81527749  
31.72704311  
52.71120811  
69.05320856  
76.5261502  
72.96699351  
59.28092895  
39.35296366  
18.78469074  
2.898600852  
-5.18895525  
-5.61168302  
-1.45807302  
2.739246201  
3.068896004  
-2.046366772  
-11.23083543  
-20.87250012  
-26.808911  
-26.18796567  
-18.6564966  
-6.371667765  
7.100756994  
18.41768132  
25.81140288  
29.53106068  
31.21939594  
32.61493023  
34.30776226  
35.23942202  
33.24681351  
26.39687978  
14.42378714  
-0.5170317466  
-14.26385524  
-22.15849175  
-21.02523046  
-10.71875666  
5.511964645  
22.08777329  
33.19148445  
35.01291504  
27.18417205  
12.79255505  
-3.013659437  
-15.19342672  
-20.79201172  
-19.88221185  
-15.110943  
-10.14183909  
-7.780236563  
-8.685888128  
-11.27142546  
-12.79717083  
-11.08853618  
-5.993851858  
0.182993225  
3.552908184  
0.4619951432  
-10.57009206  
-27.72340156  
-46.15776598  
-59.67266947  
-63.09389069  
-54.38663428  
-35.58889167  
-12.15308485  
9.039636113  
22.17108529  
24.46985736  
16.92049229  
3.500791413  
-10.62361174  
-21.1130334  
-25.82868831  
-25.08588782  
-20.85334159  
-15.44028059  
-10.38434753  
-6.063723069  
-2.116000988  
1.707312527  
4.852578284  
5.933390357  
3.454220387  
-3.080530491  
-12.32838256  
-21.13262444  
-25.59547432  
-22.82904237  
-12.58466975  
2.100018245  
15.72310213  
22.43278019  
18.60718098  
4.754552302  
-14.21440583  
-30.63157066  
-37.07617375  
-29.52765487  
-9.304881899  
17.12052251  
40.47267063  
52.28866306  
