31.5351756  
14.21397099  
-4.657113405  
-21.46117186  
-33.73151237  
-40.6998247  
-42.9764427  
-41.64029261  
-37.31013734  
-29.75270825  
-18.26827572  
-2.643584864  
15.88661775  
34.29004069  
48.34847524  
54.10192661  
49.54269664  
35.77842164  
17.05065027  
-0.5321955434  
-11.12121901  
-11.28355591  
-1.310390316  
14.86949054  
31.14491597  
41.46104797  
41.95113733  
32.14510266  
14.8492809  
-5.151765848  
-22.96093767  
-35.2194932  
-40.92803121  
-41.23267644  
-38.42574708  
-34.71031642  
-31.30381581  
-28.22612877  
-24.75718442  
-20.23607624  
-14.74479292  
-9.319583555  
-5.594052961  
-5.066837551  
-8.364223053  
-14.85986233  
-22.83436037  
-30.1013448  
-34.8152119  
-36.10403891  
-34.26344413  
-30.45269197  
-26.05563502  
-22.00761789  
-18.39004329  
-14.46477014  
-9.123292516  
-1.547360165  
8.209981857  
18.98101027  
28.70141065  
35.03494989  
36.19398848  
31.66679212  
22.58411957  
11.56899301  
2.076789568  
-2.601255629  
-0.3799740158  
8.859678334  
23.05741265  
38.42357184  
50.46876823  
55.33672997  
51.03869824  
38.1833705  
19.92574835  
1.096952923  
-13.24920168  
-19.42214296  
-16.28929472  
-5.664862491  
8.259452509  
20.26511355  
25.78753433  
22.35967627  
10.34099586  
-7.284453593  
-25.92376459  
-40.81360269  
-48.37668133  
-47.0736317  
-37.5575881  
-22.21016867  
-4.334687212  
12.6676392  
25.90836693  
33.35096073  
33.96652242  
27.83714269  
16.26339436  
1.796514528  
-11.98230528  
-21.09177953  
-22.18134011  
-13.71539661  
3.130406939  
24.32346718  
43.83797122  
55.40611478  
54.63024892  
40.68410552  
16.88846342  
-10.18250764  
-32.84571093  
-44.96308851  
-44.10491872  
-32.36492698  
-15.47514064  
-0.5422039484  
6.708696094  
4.085041708  
-6.384263592  
-19.48141868  
-29.10401844  
-30.87153091  
-23.95263819  
-11.37223938  
1.298163747  
8.292430693  
6.053351739  
-5.29289182  
-21.96088547  
-37.96740991  
-47.39723007  
-46.55571434  
-35.19858401  
-16.44958519  
4.444824229  
21.95249019  
31.9646895  
32.81106898  
25.36305109  
12.37840905  
-2.526257992  
-15.86206912  
-24.94745913  
-28.22524758  
-25.31876195  
-16.96495482  
-4.892793844  
8.388460139  
19.97521142  
27.16473915  
28.16750644  
22.71658597  
12.3103766  
-0.08762753215  
-10.87241507  
-16.90501952  
-16.52328027  
-10.08498917  
0.1647125524  
10.85895454  
18.6347381  
21.22549882  
18.16106431  
10.87306351  
2.213896077  
-4.42569463  
-6.12436254  
-1.291156107  
9.823237349  
25.07341967  
40.84133711  
52.86408433  
57.3129263  
51.88387559  
36.60309449  
14.0628276  
-11.07789851  
-33.27612383  
-47.66362036  
-51.48486248  
-44.89561055  
-30.79393425  
-13.7086407  
1.849875783  
12.93136123  
18.95930674  
21.49515771  
23.08918246  
25.76723875  
29.87661047  
33.85426624  
35.04835975  
31.21269186  
21.94651447  
9.342272068  
-2.548671455  
-9.271983693  
-7.889483505  
1.601476817  
16.01733723  
30.06267  
38.29225882  
37.12475926  
26.05743327  
7.604542986  
-13.93422642  
-34.2535219  
-50.54270128  
-62.07105262  
-69.70535511  
-74.73739855  
-77.71291947  
-77.90471513  
-73.69722349  
-63.64972065  
-47.63935395  
-27.44044801  
-6.390644015  
11.72905256  
24.06458288  
29.64476445  
29.47515746  
25.76901947  
20.75600669  
15.71222216  
10.71243298  
5.192085332  
-1.056357228  
-7.090365996  
-10.77736056  
-9.654864821  
-2.324054415  
10.34159205  
24.88294888  
36.160681  
39.21485438  
31.31426118  
13.27548429  
-10.5854011  
-33.90836806  
-50.55858909  
-56.75145281  
-52.1540665  
-39.56644128  
-23.43594433  
-7.963684783  
4.316862879  
12.91426057  
18.69724088  
22.67990323  
25.02897824  
24.87206114  
21.00353433  
13.0590745  
2.438914418  
-7.638311349  
-13.12521845  
-10.79431863  
0.2203853696  
17.75664973  
37.21181953  
53.17584328  
61.4037234  
60.26400916  
51.06007944  
37.16402645  
22.45642662  
9.853621853  
0.591406033  
-5.509234926  
-9.102918152  
-10.35917303  
-8.605012951  
-2.817238356  
7.31326624  
20.40488736  
33.17964631  
41.34545981  
41.30354332  
31.92355071  
15.48726574  
-2.78771079  
-16.59785671  
-21.06754596  
-14.8510794  
-0.8677051807  
14.71527055  
24.87380266  
24.50570757  
12.43717827  
-8.163239479  
-31.09260528  
-49.54654377  
-58.64339094  
-57.03587241  
-47.06273131  
-33.5405589  
-21.83381588  
-16.04115637  
-17.94857378  
-26.96114443  
-40.77479557  
-56.30266938  
-70.41621445  
-80.32170283  
-83.68984014  
-78.80584143  
-64.93058337  
-42.81988117  
-15.10367245  
13.84965819  
38.79045173  
55.02459203  
59.93948955  
53.97728138  
40.56906671  
24.96005247  
12.34748108  
6.082061328  
6.679549505  
12.03932444  
18.72658606  
23.69829538  
25.66603862  
25.48259348  
25.41846718  
27.72878726  
33.24312181  
40.68328733  
47.0473167  
48.87373482  
43.77817214  
