41.02495656  
26.21442507  
8.038290058  
-7.951691022  
-16.31625334  
-13.8320924  
-0.9682169693  
17.96005893  
36.15921401  
46.82015681  
45.75600621  
33.15847209  
13.71410429  
-5.050332704  
-15.6148039  
-13.4255988  
1.19146936  
22.94244875  
43.38045491  
53.96767339  
49.24056091  
28.89075789  
-2.013057238  
-34.73822926  
-59.89097203  
-70.60488409  
-64.7692295  
-45.53404824  
-19.9755625  
3.533212785  
18.26271447  
21.32979092  
14.42394172  
2.873274184  
-6.539801538  
-8.182954165  
0.3441743982  
17.37085373  
37.81676504  
55.07569817  
63.42037359  
60.0599361  
46.12017482  
26.20838138  
6.731572795  
-6.419683595  
-9.983697208  
-4.472092225  
6.070011588  
15.60349536  
18.37625982  
11.11485101  
-5.675924715  
-27.78321619  
-48.70479936  
-61.90319963  
-63.08190502  
-51.67347488  
-31.02756426  
-7.26702682  
12.7447944  
23.58803012  
22.86986842  
11.71842834  
-5.887552252  
-24.61551049  
-39.51603259  
-47.40030504  
-47.46245418  
-41.07045541  
-30.94772514  
-20.13730807  
-11.13440249  
-5.425399723  
-3.46355513  
-4.940165744  
-9.137961234  
-15.19125076  
-22.18635312  
-29.14930287  
-35.03064757  
-38.7829562  
-39.55275519  
-36.92007483  
-31.06429048  
-22.74755941  
-13.08188293  
-3.151068017  
6.357758282  
15.33962365  
24.1640295  
33.29039319  
42.761305  
51.81723828  
58.86519906  
61.911284  
59.36975939  
50.96305519  
38.31945869  
24.92212669  
15.27320993  
13.44793855  
21.50650305  
38.37586896  
59.72267467  
79.01441509  
89.51437088  
86.55158461  
69.22901537  
40.8799331  
8.027773817  
-21.8165551  
-42.70584142  
-52.17348156  
-51.76719576  
-46.00534349  
-40.21730757  
-38.19873956  
-40.69021105  
-45.32378599  
-48.02859727  
-45.2305088  
-35.81510568  
-21.92356747  
-8.177939278  
0.3436545521  
0.4699475474  
-7.458029562  
-19.51942111  
-29.78113756  
-32.85547617  
-26.33468521  
-12.0155847  
4.661821841  
16.7641726  
18.71465476  
8.650133435  
-10.6961881  
-32.94071547  
-50.4177557  
-56.9969183  
-50.23881912  
-32.10103447  
-8.026393452  
15.11823877  
31.39661207  
37.58509739  
33.84376035  
23.21946736  
10.34248797  
-0.1231855023  
-4.7672123  
-2.165838705  
6.987382174  
20.23924968  
34.0624399  
44.73164958  
49.27028887  
46.31317644  
36.6643105  
23.3042348  
10.69319315  
3.442543773  
4.71262416  
14.90581704  
31.22155047  
48.37542645  
60.33453099  
62.46934562  
53.28527367  
35.00773901  
12.73744829  
-7.510068562  
-21.08159517  
-26.32998629  
-24.94451319  
-20.863976  
-18.29431551  
-19.74269706  
-24.95335748  
-31.20126192  
-34.76658905  
-32.87139668  
-25.15851319  
-14.01961716  
-3.622189371  
1.914290371  
0.3616344516  
-7.578811478  
-18.48894159  
-27.58081113  
-30.57609258  
-25.32256426  
-12.51712313  
4.67367094  
21.8345868  
34.79792767  
40.8238292  
39.10183649  
30.55285414  
17.19082221  
1.403879646  
-14.57542416  
-28.93459925  
-40.37067812  
-48.14511489  
-52.16757489  
-53.04486946  
-51.95619511  
-50.26371702  
-48.92467596  
-47.94529686  
-46.19277387  
-41.77840962  
-32.97069869  
-19.29845552  
-2.324491226  
14.37579576  
26.19787051  
29.19025649  
21.80504339  
5.962854007  
-13.11751649  
-28.40587406  
-33.40321598  
-24.49485555  
-2.414007091  
27.77368653  
58.20179236  
80.7167688  
89.47844218  
82.74174993  
63.24057283  
37.12120689  
11.87856385  
-5.949374681  
-12.56918517  
-7.703756311  
5.754401669  
22.94014625  
38.57815972  
48.40714573  
50.10540866  
43.57720905  
30.65981268  
14.43819186  
-1.607371022  
-14.41896509  
-21.99337377  
-23.73113314  
-20.4548614  
-14.10347061  
-7.173307532  
-2.040690321  
-0.3425222513  
-2.586436152  
-8.099239058  
-15.31786632  
-22.31566799  
-27.38411825  
-29.48364771  
-28.44039673  
-24.86798632  
-19.89045216  
-14.79452229  
-10.72874444  
-8.510803536  
-8.534978017  
-10.73200142  
-14.54001939  
-18.89186566  
-22.27725019  
-22.95609323  
-19.36262245  
-10.64704618  
2.801707884  
19.0727443  
34.88868836  
46.27807447  
49.65675999  
43.02372795  
26.87086182  
4.438202284  
-18.87770972  
-36.87845005  
-44.31987722  
-38.53058911  
-20.35207004  
5.948942595  
33.82045808  
56.29022338  
67.97710419  
66.61157155  
53.58489915  
33.37064207  
12.0324493  
-4.675202765  
-12.99618358  
-12.13468066  
-4.238840229  
6.514453319  
15.37756334  
18.54072768  
14.23336436  
3.132698839  
-11.97092157  
-27.0866076  
-38.2117277  
-42.45896556  
-38.83515531  
-28.49202013  
-14.40023082  
-0.5289499572  
9.267958382  
12.37348166  
8.219990676  
-1.474087648  
-13.16909053  
-22.58603355  
-26.10077363  
-21.99862181  
-11.13917606  
3.245634539  
16.59219078  
24.53616436  
24.37724855  
15.92833241  
1.43444984  
-15.37916783  
-30.71245628  
-41.95212648  
-48.27492532  
-50.39371207  
-49.65264932  
-46.98324457  
-42.2891691  
-34.59963135  
-22.92522298  
-7.359899656  
10.20055288  
26.21131019  
36.58333087  
38.33467465  
31.05559512  
17.45789068  
2.637958462  
-7.75272388  
-9.719528345  
-2.586468148  
10.63479701  
24.37992845  
32.73737584  
31.82278371  
21.34107862  
4.701085875  
-12.33519966  
-23.87337743  
-26.0456492  
-18.25358612  
-3.079827357  
14.95732907  
31.16963141  
42.20705751  
46.75328777  
45.30105176  
39.34070514  
30.51324731  
20.18388315  
9.560997165  
0.1091882188  
-6.199008777  
-7.168134497  
-1.247552116  
11.37222432  
28.0362006  
43.81922598  
52.81191469  
50.15558169  
34.05929252  
6.925551237  
-25.00214663  
-53.47944211  
-70.97133642  
-73.22183984  
-60.68684549  
-38.26851757  
-13.45971605  
6.366685999  
16.46814788  
16.10111034  
8.294737952  
-1.772731361  
-9.061278058  
-10.67157399  
-6.796201878  
-0.3266829135  
4.620377916  
4.585438185  
-1.72489047  
-12.87682001  
-25.25765824  
-34.45628926  
-36.90772481  
-31.18137082  
-18.47596335  
-2.201963357  
13.14381129  
23.39111342  
25.9275325  
20.38467402  
8.619848371  
-5.942434363  
-19.36944057  
-28.34822797  
-31.06028269  
-27.56949344  
-19.63619466  
-10.03440778  
-1.592401283  
3.739545421  
5.495138655  
4.771291471  
3.750754807  
4.829330342  
9.653875465  
18.42031851  
29.69643095  
40.84719887  
48.91615931  
51.64045021  
48.22178033  
39.56491929  
27.89960133  
15.93912494  
5.907110337  
-1.189857641  
-5.770921873  
-9.307953418  
-13.54136874  
-19.61311033  
-27.46989067  
-35.77217803  
-42.33589419  
-44.9245343  
-42.07712131  
-33.6576859  
-20.93346395  
-6.178461566  
8.023238774  
19.50450863  
27.01901738  
30.38203015  
30.26049595  
27.75419797  
23.96040509  
19.68046086  
15.33199157  
11.02697638  
6.714941113  
2.292859298  
-2.357628272  
-7.373181836  
-12.87739621  
-18.85723871  
-24.96120098  
-30.31749153  
-33.51857998  
-32.88648909  
-27.02207327  
-15.4888608  
0.6376676915  
18.64474663  
34.65624849  
44.66017855  
45.797531  
37.45408127  
21.70097383  
2.824703722  
-13.98024303  
-24.34069021  
-26.22892064  
-20.67881039  
-11.36350976  
-3.134143875  
-0.04373204614  
-3.620740332  
-12.10398368  
-21.002508  
-24.82808908  
-19.36440671  
-3.584523637  
19.57426937  
43.95195646  
62.20698372  
68.41974738  
60.27441405  
39.9732808  
13.51517267  
-11.40437391  
-28.08075137  
-33.06525077  
-27.17297492  
-14.89802495  
-2.523634036  
4.297932672  
2.55179786  
-7.277960844  
-21.7317398  
-35.96502235  
-45.69291803  
-48.69717651  
-45.35317754  
-38.08620404  
-30.11350021  
-24.08236028  
-21.17976083  
-21.00769986  
-22.13825967  
-22.96662259  
-22.40121379  
-20.08558773  
-16.14245522  
-10.70412068  
-3.601294415  
5.530013194  
16.73639558  
29.12565347  
40.56731228  
48.04331464  
48.66823214  
