6.787013265  
9.215541718  
9.66004032  
6.489568549  
-0.7497541491  
-10.92607537  
-21.55415572  
-29.61687672  
-32.66994912  
-29.79133088  
-21.98609133  
-11.86689656  
-2.718078888  
2.703528867  
3.170871911  
-0.5913517005  
-6.22355492  
-10.65893933  
-11.30134156  
-7.001940756  
1.530961331  
12.03010601  
21.54137888  
27.51834927  
28.71167845  
25.51913972  
19.68580203  
13.50669748  
8.881338299  
6.618658004  
6.273361364  
6.558270124  
6.122307063  
4.320122768  
1.601616165  
-0.6790886594  
-0.9652413189  
1.610090733  
6.574326766  
12.0591326  
15.43434483  
14.40958923  
8.140220797  
-2.172329081  
-13.51075804  
-22.08079432  
-24.77355502  
-20.45116831  
-10.49411094  
1.66112679  
11.8407125  
16.77902115  
15.4033286  
9.207662514  
1.548000807  
-3.84622888  
-4.507253771  
-0.3069625841  
6.485870167  
12.18979582  
13.30625872  
8.036639958  
-2.925297029  
-16.64650169  
-29.11850059  
-36.81237702  
-37.96092692  
-33.05363102  
-24.39719004  
-15.00459223  
-7.344445338  
-2.498353086  
-0.04375236901  
1.374811813  
3.132843371  
5.842149816  
9.061864935  
11.59953405  
12.20300892  
10.2656134  
6.184902024  
1.207168493  
-3.146458604  
-5.774522383  
-6.465526122  
-5.923815763  
-5.356233762  
-5.836719128  
-7.763166354  
-10.66115572  
-13.41142626  
-14.77199105  
-13.93472215  
-10.85550892  
-6.220685782  
-1.09244795  
3.576653022  
7.322931411  
10.27598094  
12.96181532  
15.92333085  
19.35443968  
22.92538622  
25.87651063  
27.32989731  
26.67190302  
23.83510436  
19.36021423  
14.21642988  
9.458536625  
5.859070659  
3.656930401  
2.51265266  
1.68202541  
0.3404570291  
-2.060842707  
-5.538476589  
-9.519597203  
-13.01744105  
-14.98899918  
-14.75149112  
-12.29644275  
-8.361446338  
-4.201453524  
-1.121815536  
0.05157809246  
-0.6633112232  
-2.391561784  
-3.787959848  
-3.690512004  
-1.760370535  
1.206299337  
3.497272121  
3.20863695  
-0.7990875437  
-8.140049566  
-16.73169126  
-23.38398202  
-24.98655971  
-19.83563823  
-8.526860716  
6.021281651  
19.5002998  
27.77149513  
28.42933113  
21.71352177  
10.37541302  
-1.450816893  
-9.889256644  
-12.77155793  
-10.28512032  
-4.581572386  
1.417689157  
5.424130948  
6.72581294  
6.251173989  
5.775917971  
6.721329387  
9.191188492  
11.76807561  
12.2005031  
8.650987661  
0.8721317832  
-9.313995523  
-18.53575706  
-23.21135069  
-21.1191731  
-12.47632588  
-0.01139402559  
12.02730765  
19.50216551  
19.94587851  
13.38915396  
2.147069459  
-10.26566745  
-20.54385204  
-26.68103013  
-28.30857421  
-26.25898934  
-21.71216564  
-15.4544857  
-7.661072608  
1.723793201  
12.29874997  
22.69621813  
30.65707293  
33.77386386  
30.59758484  
21.55133147  
9.12602803  
-2.853377867  
-10.65259182  
-12.14300168  
-7.717078273  
-0.1562013091  
6.531626389  
8.812899374  
5.124239328  
-3.493877781  
-13.89094942  
-22.18504898  
-25.39478944  
-22.60276047  
-15.1712864  
-5.981341876  
1.893179028  
6.439244997  
7.333490117  
5.731670638  
3.417581932  
1.797864452  
1.256743343  
1.1580434  
0.4262890635  
-1.657271404  
-4.899284257  
-8.183660899  
-10.00533916  
-9.252950615  
-5.814343155  
-0.6751639384  
4.548397753  
8.401636893  
10.29363011  
10.739098  
11.00665817  
12.34964377  
15.21781861  
18.8689104  
21.60556291  
21.55135469  
17.60415447  
10.10305697  
0.868248282  
-7.436848102  
-12.3545694  
-12.63202728  
-8.728324162  
-2.609496364  
3.072839549  
6.057450061  
5.345973066  
1.521773111  
-3.581568037  
-7.68217655  
-8.963780809  
-6.732888073  
-1.594593693  
4.857968814  
10.65613445  
14.10257005  
14.22658517  
10.94562862  
4.964089047  
-2.480168236  
-9.909431866  
-15.87953573  
-19.22930192  
-19.31985128  
-16.24540254  
-10.94219716  
-5.093340455  
-0.7631808049  
0.2039343818  
-3.143337421  
-10.36917776  
-19.57563183  
-27.85966456  
-32.21231502  
-30.57143284  
-22.63746186  
-10.11291095  
3.776035913  
15.34350436  
21.72098971  
21.87096226  
16.94181669  
9.812028272  
3.98300941  
2.237716631  
5.580091731  
12.8671536  
21.2787997  
27.44266786  
28.77412971  
24.50500377  
15.99679579  
6.215102282  
-1.425653358  
-4.389544112  
-1.992451962  
4.361267685  
11.76730562  
16.9919099  
17.74907664  
13.56948819  
5.916220852  
-2.487004959  
-8.825430528  
-11.36814887  
-10.15802953  
-6.933790434  
-4.326722446  
-4.680166969  
-8.997663378  
-16.46665701  
-24.75692295  
-30.96072436  
-32.7710794  
-29.39898158  
-21.85122447  
-12.4711819  
-3.96158998  
1.678211953  
3.848619267  
3.406612333  
2.101204489  
1.67743967  
3.070023431  
6.043226927  
9.411222761  
11.69854168  
11.90290998  
9.990580481  
6.897390111  
4.053992602  
2.682750504  
3.217193337  
5.127341367  
7.229768573  
8.32147151  
7.815951857  
6.057728951  
4.146765841  
3.345268763  
4.349215626  
