51.61609267  
46.0230026  
30.5256705  
9.605944962  
-10.68780481  
-24.83913363  
-29.6896891  
-25.33845791  
-14.84266361  
-2.911182219  
5.860909394  
8.545253062  
4.687796098  
-3.838333722  
-13.77628832  
-21.7968378  
-25.66581431  
-24.86821151  
-20.5329973  
-14.77301075  
-9.751494575  
-6.84948168  
-6.230619632  
-6.925088809  
-7.35355066  
-6.057445922  
-2.342857953  
3.40421711  
9.838185003  
15.14824061  
17.72578207  
16.74413386  
12.43175541  
5.946658442  
-1.078856119  
-7.123766534  
-11.25016587  
-13.27795819  
-13.61906786  
-12.88522325  
-11.48436321  
-9.417563665  
-6.379836411  
-2.104883059  
3.243022696  
8.866534739  
13.47447269  
15.74311183  
14.9026757  
11.16227487  
5.736864218  
0.4169130871  
-3.156001244  
-4.185166855  
-3.053188215  
-1.116367232  
-0.03275782946  
-0.9292822667  
-3.806650821  
-7.483133398  
-10.12643415  
-10.13584784  
-6.953529491  
-1.401188145  
4.644507101  
9.105414927  
10.68546532  
9.503770428  
7.049495904  
5.450042573  
6.38077632  
10.1354592  
15.32214894  
19.36966623  
19.65030045  
14.72609524  
5.148494243  
-6.571708503  
-16.84234073  
-22.3566267  
-21.37510964  
-14.39053091  
-3.918328088  
6.468417871  
13.43511493  
14.98563621  
10.96986558  
2.889263013  
-6.811408893  
-15.60518196  
-21.55123128  
-23.59288317  
-21.5220569  
-15.78861239  
-7.337662312  
2.456993474  
11.84097338  
18.86167812  
21.78366926  
19.67660568  
12.94394104  
3.489406376  
-5.685539734  
-11.42169671  
-11.57150115  
-5.921478868  
3.568686225  
13.38960297  
19.77886082  
20.18623828  
14.29689453  
4.165724364  
-6.610994452  
-14.34472402  
-16.7106995  
-13.59737129  
-7.006582828  
-0.08230339982  
4.277964809  
4.611288821  
1.376368282  
-3.425668808  
-7.270199743  
-8.272822523  
-5.975328006  
-1.440556573  
3.321266605  
6.276556694  
6.200706715  
3.070172157  
-2.090176431  
-7.744763878  
-12.45937392  
-15.29967226  
-15.89514698  
-14.25296029  
-10.53404196  
-4.986106297  
1.915589416  
9.248099769  
15.57043719  
19.18511561  
18.73159053  
13.88998603  
5.837415589  
-2.858162269  
-8.99758091  
-9.943366126  
-4.776116697  
5.109083219  
16.30037695  
24.52954147  
26.27999253  
20.2008687  
7.730755165  
-7.35730106  
-20.33201777  
-27.25559419  
-26.404344  
-18.79280968  
-7.616129551  
3.120087272  
10.18372464  
12.25106092  
10.15200734  
6.188589123  
2.891856091  
1.806675356  
2.848418736  
4.490652068  
4.654277884  
1.854373839  
-3.942694985  
-11.15213447  
-17.17116453  
-19.4761775  
-16.72764868  
-9.398217711  
0.3432758222  
9.432356062  
15.04604003  
15.60216165  
11.22940215  
3.561676073  
-4.998657123  
-12.19697378  
-16.6317088  
-17.99441807  
-16.82510208  
-13.98477143  
-10.15267985  
-5.604495332  
-0.3527866875  
5.474543219  
11.27615849  
15.89297935  
17.9096987  
16.24581317  
10.76706503  
2.60072469  
-6.054898447  
-12.61626269  
-15.05164515  
-12.68593773  
-6.516782471  
1.125823618  
7.469773297  
10.3928885  
9.267999791  
5.201679881  
0.5535854962  
-2.075994388  
-0.9750180444  
3.906216028  
10.86589798  
17.09585156  
19.8080064  
17.39020387  
10.12629103  
0.1899779379  
-9.088763436  
-14.40312966  
-13.64783192  
-6.66444481  
4.700590632  
17.21540392  
27.3084183  
32.15939219  
30.47544077  
22.73789969  
10.90809315  
-2.243075723  
-13.92640332  
-22.00261899  
-25.37375577  
-24.0602294  
-19.02312528  
-11.83745528  
-4.319895622  
1.818150325  
5.255814747  
5.270713283  
1.856661494  
-4.266380217  
-11.76668818  
-18.94059223  
-24.05116573  
-25.70781009  
-23.20718355  
-16.75183668  
-7.480094679  
2.723594726  
11.62065406  
17.14296643  
17.9342845  
13.76548852  
5.687892254  
-4.160839318  
-13.09125907  
-18.61792149  
-19.22007813  
-14.85346832  
-7.009745839  
1.74207763  
8.613478168  
11.57084827  
10.07272404  
5.2780095  
-0.380085035  
-4.116626176  
-3.872275416  
0.8709158519  
8.859643267  
17.52064803  
23.91631113  
25.82609422  
22.53137755  
15.01310882  
5.519932221  
-3.279826141  
-9.198800587  
-11.13489069  
-9.194031412  
-4.374431939  
1.962491447  
8.555295019  
14.44947431  
18.93357496  
21.35193368  
21.00436145  
17.27288537  
9.956703287  
-0.3638267885  
-12.17720293  
-23.27384713  
-31.3481867  
-34.75600013  
-33.1033795  
-27.38952522  
-19.61472908  
-12.00990608  
-6.22397128  
-2.827440943  
-1.338432346  
-0.7226943455  
-0.0881532898  
0.7962538933  
1.428588761  
0.9797618037  
-1.052888634  
-4.318950458  
-7.540177901  
-8.98387114  
-7.287664096  
-2.229928289  
4.96925579  
12.02575155  
16.52659477  
17.00966904  
13.66952023  
8.318889374  
3.576265005  
1.627177117  
3.136836019  
6.854342677  
10.14734518  
10.27251568  
5.821632644  
-2.338022587  
-11.11875652  
-16.32428491  
-14.40079826  
-4.097467149  
12.69449196  
31.33545949  
45.96864006  
