49.03799386  
36.50678181  
18.62841493  
-0.9849515642  
-18.8757368  
-32.73196836  
-41.74111645  
-46.28486013  
-47.26121305  
-45.45363797  
-41.27333251  
-34.94677082  
-26.9480699  
-18.33293541  
-10.68988811  
-5.650732896  
-4.170866815  
-5.954849353  
-9.370461886  
-11.97485747  
-11.47589557  
-6.722243966  
1.725793717  
11.7201788  
20.31264128  
24.87937301  
24.11141981  
18.46856485  
9.940371681  
1.2588341  
-5.077614507  
-7.570368385  
-6.019256065  
-1.330192028  
4.983521531  
11.33663343  
16.43477128  
19.40665037  
19.79173508  
17.52442265  
12.99668223  
7.157802136  
1.509550824  
-2.145768094  
-2.231617089  
1.950102894  
9.722361474  
18.97819043  
26.70032308  
29.93579231  
26.87404709  
17.58604511  
4.08991787  
-10.32001649  
-22.22969177  
-29.28362824  
-30.91287912  
-28.33991221  
-23.90305202  
-20.02629404  
-18.28424131  
-18.92731624  
-20.99358931  
-22.86492997  
-22.95667663  
-20.23317303  
-14.39241033  
-5.766763034  
4.877820768  
16.46249732  
27.58114307  
36.45854033  
41.0773946  
39.61307904  
31.12983829  
16.27662432  
-2.392974199  
-20.77586904  
-34.28726876  
-39.34185257  
-34.69936815  
-22.10107714  
-5.860989725  
8.513044999  
16.18541164  
14.64527011  
4.520025135  
-10.73721353  
-26.12087087  
-36.77667071  
-39.48261719  
-33.41105702  
-20.0209658  
-2.290354783  
16.28939456  
32.55058105  
44.10931867  
49.49117343  
48.12263166  
40.373817  
27.6797388  
12.58077362  
-1.554954449  
-11.26262457  
-14.05040033  
-9.429851085  
0.5871344542  
11.89068553  
19.58784524  
19.81800527  
11.36174356  
-3.663448133  
-20.40202328  
-33.00580805  
-36.87606483  
-30.50627715  
-16.16308616  
0.8936723033  
14.3534333  
19.19119972  
13.48396292  
-0.9700189189  
-19.40492262  
-35.8483979  
-45.1698799  
-44.66104263  
-34.65534422  
-18.11187354  
0.5357350438  
16.77279969  
27.18256661  
30.14400231  
26.00353668  
16.82009073  
5.814940615  
-3.377535225  
-7.587436547  
-5.002569581  
4.130105555  
17.27479266  
30.08431075  
37.61747288  
36.0177431  
24.09436692  
4.152291172  
-18.39218188  
-36.63441629  
-44.54517029  
-39.20588887  
-22.01494942  
1.677493464  
24.42850724  
39.3588486  
42.56513213  
34.34008716  
18.75151251  
1.821005187  
-10.88375016  
-16.22384805  
-14.25976021  
-7.620067831  
0.09933081005  
6.078059876  
9.3405265  
10.7270227  
11.90981479  
14.05935578  
16.90454539  
18.69118492  
17.05910616  
10.37784021  
-1.156432928  
-15.2432788  
-28.19473294  
-36.33423267  
-37.4385715  
-31.57125012  
-20.95507014  
-8.986122774  
1.124367174  
7.461694099  
9.822866629  
9.353504722  
7.698203  
6.150038634  
5.215771566  
4.73775169  
4.390898946  
4.178610241  
4.583946534  
6.263542966  
9.466352104  
13.54921372  
16.93687631  
17.64405594  
14.16220211  
6.285337334  
-4.564484466  
-15.73217342  
-24.31817616  
-28.33222021  
-27.48380229  
-23.23761207  
-18.10250613  
-14.48175501  
-13.6149814  
-15.0919295  
-17.1418653  
-17.53918983  
-14.68977823  
-8.402911967  
-0.02558738016  
8.074550781  
13.40344668  
14.20554838  
9.964763376  
1.423758245  
-9.761217638  
-21.48341664  
-31.55278814  
-37.90326873  
-38.73838381  
-32.7740952  
-19.65397561  
-0.4277308599  
22.17964686  
44.00615892  
60.33133665  
67.22866688  
62.93628947  
48.67155887  
28.46009161  
7.922427282  
-7.590630677  
-14.80954198  
-13.57855526  
-6.685812784  
1.430922699  
6.546094923  
6.284270877  
0.8612095582  
-7.32541544  
-14.98626084  
-19.45956336  
-19.74454779  
-16.61216411  
-11.83504959  
-7.017827854  
-2.692556613  
1.819095931  
7.701052022  
15.49127487  
24.15396321  
30.97437101  
32.48003788  
26.05919103  
11.5400819  
-8.075225412  
-27.20607264  
-39.51960366  
-40.31150597  
-28.46167495  
-7.109234552  
17.29911618  
37.25735184  
46.86889932  
43.88419141  
30.32497875  
11.50486126  
-6.092506147  
-17.18484079  
-19.38254883  
-13.62042053  
-3.312166354  
7.273719939  
14.66681857  
17.22313955  
15.24106067  
10.31597817  
4.388970476  
-1.012505323  
-5.048275956  
-7.379112019  
-7.8021043  
-6.050131164  
-1.945843779  
4.167010547  
11.01705498  
16.37375455  
17.5758402  
12.50495728  
0.6135028394  
-16.4871292  
-35.22966903  
-51.10511415  
-60.13783689  
-60.24117267  
-51.89941014  
-37.89943145  
-22.24053666  
-8.695322702  
0.3784429576  
4.5206235  
4.835537315  
3.105082692  
0.8363428019  
-1.291771253  
-3.367656227  
-5.69932987  
-8.16515885  
-9.891235527  
-9.492201194  
-5.787536849  
1.381275307  
10.70290811  
19.63299806  
25.29734069  
25.69317426  
20.6346087  
11.96768298  
2.901228084  
-3.287802392  
-4.608113206  
-1.151152055  
5.042742959  
10.99838968  
14.23871056  
13.97330387  
11.4851333  
9.524631421  
10.97863076  
17.41817887  
28.18775659  
40.45393301  
50.19883063  
53.72674825  
