60.61159088  
39.76841806  
14.53979622  
-6.751447196  
-17.42972925  
-14.70729382  
-0.431320506  
19.84393825  
39.00367704  
50.86786459  
52.11835375  
43.04176146  
26.97090479  
8.7893917  
-6.849591213  
-16.93312477  
-20.70324516  
-19.40534088  
-15.41901084  
-11.19596226  
-8.420534596  
-7.651629906  
-8.482432066  
-10.05662526  
-11.67129857  
-13.19902968  
-15.15802119  
-18.40722888  
-23.59315862  
-30.57965738  
-38.11892996  
-43.95751566  
-45.42556691  
-40.37131111  
-28.13622933  
-10.18916585  
9.902022638  
27.2800371  
37.21898955  
36.71545618  
25.6718637  
7.17241066  
-13.35542805  
-29.88565903  
-37.85754408  
-35.79171735  
-25.8084101  
-12.78904867  
-2.449369242  
0.9558675174  
-3.607551175  
-13.45604478  
-23.19727701  
-26.88698346  
-20.49930308  
-3.725841375  
19.63377916  
42.87841675  
58.76632079  
62.13198671  
51.7620566  
30.83022461  
5.755707787  
-16.04885438  
-28.67567416  
-29.55423692  
-20.00846343  
-4.442772903  
11.43046437  
22.60145017  
26.28377175  
22.48172821  
13.54358625  
3.009312027  
-5.738075107  
-10.52774958  
-10.8659113  
-7.775339254  
-3.192756367  
0.7905213159  
2.581787363  
1.47484158  
-2.265459371  
-7.57139008  
-12.90482004  
-16.66374156  
-17.58341452  
-15.05637624  
-9.2991816  
-1.309913975  
7.393132454  
15.19237196  
20.82335214  
23.7022613  
24.00722327  
22.4870094  
20.08757618  
17.56958545  
15.2933133  
13.26244724  
11.38166233  
9.762327291  
8.872215908  
9.396847634  
11.83566296  
16.02039601  
20.82832304  
24.31409208  
24.30633277  
19.28441193  
9.175635127  
-4.312362113  
-18.05233097  
-28.49519657  
-32.95490861  
-30.66489125  
-23.13830403  
-13.62598572  
-5.839464045  
-2.435538887  
-3.894710657  
-8.296817952  
-12.14206816  
-11.92667936  
-5.83985149  
5.142692741  
17.28553047  
25.32075173  
24.46293828  
12.44930269  
-9.215331992  
-35.35967161  
-58.64573741  
-71.98054609  
-70.98454839  
-55.61012564  
-30.29552083  
-2.567334169  
19.42782687  
29.59141232  
25.79936504  
10.42421569  
-10.69196914  
-30.39441234  
-42.68786063  
-44.6252344  
-36.96750115  
-23.45652929  
-9.071796888  
1.991569977  
7.818509207  
9.190698218  
8.831749175  
9.870888343  
14.22286238  
21.59282433  
29.5313603  
34.50726158  
33.52803677  
25.60328888  
12.41199621  
-2.129071961  
-13.23520589  
-17.00826099  
-11.86499762  
0.9285125479  
17.80593998  
34.27350655  
46.51998035  
52.60841442  
52.80533698  
48.99434848  
43.51440956  
37.98781863  
32.66654424  
26.55441499  
18.19107533  
6.681435978  
-7.541736349  
-22.59039041  
-35.68768  
-44.16373366  
-46.42693932  
-42.48694844  
-33.82779694  
-22.7339043  
-11.40923475  
-1.294537415  
7.143709837  
14.12919395  
20.01538942  
24.78322071  
27.87017485  
28.40775141  
25.71885541  
19.79047273  
11.45646249  
2.185350683  
-6.421477216  
-13.16556589  
-17.55839686  
-19.77026958  
-20.29414992  
-19.55365461  
-17.70846278  
-14.78353669  
-11.0395584  
-7.326963969  
-5.130839603  
-6.152409407  
-11.5267872  
-21.01614827  
-32.61061198  
-42.8451604  
-47.83777455  
-44.70546667  
-32.78843269  
-14.13228601  
7.044656193  
25.74807595  
37.93455409  
41.87163379  
38.57390022  
31.14756901  
23.34474817  
17.96613885  
15.8043302  
15.56526666  
14.75905515  
11.11708276  
3.866465816  
-5.726511446  
-14.7881948  
-20.04420851  
-19.25803644  
-12.27048442  
-1.201304322  
10.25036627  
18.09134014  
19.37402468  
13.08890856  
0.3444663661  
-16.11636139  
-32.77433556  
-46.20992554  
-53.74562703  
-53.79280047  
-45.99544847  
-31.29473084  
-11.94646624  
8.612115638  
26.21743947  
36.84878533  
37.79125493  
28.7287863  
12.27603023  
-6.443101743  
-21.23216126  
-26.89371584  
-21.20002193  
-5.946927311  
13.45026583  
29.80875038  
36.8594495  
31.73693183  
16.26005744  
-3.580346185  
-19.80494322  
-25.49000353  
-17.48478073  
2.282440089  
27.44316707  
49.5325383  
61.1215705  
58.52092559  
43.03288158  
20.32470603  
-1.759879893  
-16.05154501  
-18.47367811  
-9.178822553  
7.890069425  
26.68965324  
41.26758174  
47.61863163  
44.61488548  
33.85260901  
18.67814329  
2.893178655  
-10.36343544  
-19.25368517  
-23.35054231  
-23.36739136  
-20.71884323  
-17.07574024  
-13.98423626  
-12.55801435  
-13.25759104  
-15.8152192  
-19.38664359  
-22.95890478  
-25.91724242  
-28.53517046  
-32.09481635  
-38.43903635  
-48.99890034  
-63.63575842  
-79.83789634  
-92.78722176  
-96.52236711  
-85.96051908  
-59.09406837  
-18.46623235  
28.81311463  
72.74341887  
103.3612149  
113.9214735  
103.1446269  
75.63180914  
40.23101005  
6.938329015  
-16.49060903  
-26.92089919  
-26.31988912  
-20.22627084  
-14.91494974  
-14.48736888  
-19.11715483  
-25.16370636  
-27.05458261  
-20.08002337  
-2.861231669  
21.5950569  
46.73217535  
64.84143537  
70.03991126  
