-17.87791756  
-18.48480167  
-20.05511631  
-22.06387154  
-23.10824378  
-21.6880785  
-17.07942978  
-9.853717899  
-1.765147433  
4.961523788  
8.611532506  
8.756423378  
6.440917231  
3.674046912  
2.454271206  
3.791005215  
7.196118959  
10.9020076  
12.71658681  
11.11706541  
6.060906194  
-0.8822056924  
-7.158031302  
-10.33701386  
-9.197287516  
-4.280499875  
2.338486409  
7.964967395  
10.46495318  
9.179691951  
5.170191413  
0.6987732637  
-1.80031534  
-0.7906443986  
3.724191012  
10.239803  
16.41136935  
20.00807339  
19.73677672  
15.61061434  
8.775326803  
0.9538248718  
-6.189266272  
-11.48342012  
-14.36213116  
-14.71182322  
-12.6478183  
-8.400302228  
-2.376571014  
4.685685967  
11.64874403  
17.13502622  
19.92667668  
19.44898932  
16.08635078  
11.12009616  
6.246928465  
2.85522589  
1.388523432  
1.121966299  
0.5045457344  
-2.048712732  
-7.265249068  
-14.45529311  
-21.58911945  
-26.03347351  
-25.65711936  
-19.8237358  
-9.815079946  
1.53435061  
10.86412795  
15.5523976  
14.6862569  
9.3346412  
2.027913208  
-4.308682843  
-7.496081411  
-6.839419798  
-3.190703262  
1.621169654  
5.676860439  
7.74320152  
7.609348344  
5.893645007  
3.496401295  
1.030335104  
-1.460781959  
-4.362284475  
-8.033199987  
-12.31523748  
-16.30974085  
-18.58797973  
-17.77273407  
-13.22680209  
-5.509615123  
3.645501481  
11.86542929  
16.97834918  
17.8110432  
14.60393401  
8.869529468  
2.759667758  
-1.786295163  
-3.757407332  
-3.367754794  
-1.83876381  
-0.7895384802  
-1.509453587  
-4.414783372  
-8.892760459  
-13.56542419  
-16.83840818  
-17.50498239  
-15.18020765  
-10.42923747  
-4.577247951  
0.7038862478  
3.883935757  
3.993969168  
0.8793546658  
-4.755583279  
-11.50534676  
-17.58585948  
-21.26249036  
-21.30247826  
-17.35049845  
-10.11780343  
-1.297160881  
6.823513742  
11.98298667  
12.64310935  
8.540529246  
0.8881135003  
-7.885745492  
-14.82036206  
-17.33383653  
-14.06684444  
-5.365634181  
6.779202147  
19.33635005  
29.18516066  
34.09155863  
33.37242189  
28.02323648  
20.2778527  
12.77462784  
7.642073206  
5.836790687  
6.960683468  
9.595034794  
11.99065035  
12.82291492  
11.70874524  
9.290982007  
6.879321121  
5.819350916  
6.868716521  
9.84798699  
13.71076174  
16.99454686  
18.450788  
17.57693825  
14.81839685  
11.3534582  
8.556852733  
7.377549896  
7.903402875  
9.303132993  
10.17127793  
9.127018194  
5.40936306  
-0.7833483828  
-8.347793958  
-15.69048044  
-21.31825246  
-24.35358498  
-24.76975701  
-23.27306681  
-20.91544377  
-18.62929143  
-16.89186285  
-15.6475941  
-14.48698429  
-12.96282612  
-10.87461407  
-8.386362225  
-5.940070141  
-4.03213801  
-2.982519442  
-2.816210601  
-3.306306269  
-4.13702249  
-5.08462881  
-6.113118993  
-7.337925529  
-8.890123957  
-10.77027723  
-12.78344689  
-14.59512874  
-15.87200943  
-16.41799613  
-16.21650122  
-15.34765507  
-13.83158975  
-11.50751301  
-8.054278358  
-3.185294077  
3.055428019  
10.05299485  
16.60107816  
21.18180258  
22.48235032  
19.95013938  
14.13279736  
6.613403722  
-0.4851773533  
-5.256531441  
-6.723112629  
-5.194950535  
-2.102565483  
0.6441346452  
1.506075901  
0.006746966875  
-3.043379748  
-5.899658423  
-6.66997206  
-4.196960624  
1.350850158  
8.445124286  
14.74908443  
18.03224438  
17.07181321  
12.17120308  
5.086915019  
-1.601885626  
-5.426926172  
-4.905618851  
-0.03685183243  
7.739368861  
16.06655252  
22.46018211  
25.07197278  
23.18648718  
17.3305597  
9.017162737  
0.2520279743  
-7.027049861  
-11.42636772  
-12.38938634  
-10.26673358  
-6.170203849  
-1.651450823  
1.726111688  
2.827330338  
1.284391052  
-2.372582384  
-6.857596178  
-10.52788145  
-11.93050376  
-10.31660568  
-5.933850009  
0.0262790609  
5.824950714  
9.779866101  
10.85126243  
8.985340158  
5.084127329  
0.6214546425  
-2.931948346  
-4.637105506  
-4.360196915  
-2.697871282  
-0.6143089829  
1.030533574  
1.84672815  
2.02236214  
2.148896816  
2.870495184  
4.538041951  
7.03331136  
9.835716239  
12.28043379  
13.8646003  
14.43986564  
14.19506047  
13.44550036  
12.35066997  
10.72518552  
8.066490394  
3.814110452  
-2.269058551  
-9.781516449  
-17.61401501  
-24.20862516  
-28.08075512  
-28.40692237  
-25.42680696  
-20.46185489  
-15.49941392  
-12.47209621  
-12.50237461  
-15.4175709  
-19.75051583  
-23.25459389  
-23.75404344  
-20.0042379  
-12.2186496  
-2.0407787  
8.041990636  
15.61840402  
19.24083542  
18.92010894  
16.02458607  
12.62703653  
10.57780634  
10.70282599  
12.47748563  
14.32427323  
14.40947403  
11.58750289  
6.064677064  
-0.5350003224  
-5.762174189  
-7.359610026  
-4.271779368  
2.799781581  
11.55705288  
18.9367924  
22.27384106  
20.30801906  
13.61139025  
4.265338435  
-5.053731982  
-12.16505589  
-16.16810854  
-17.59154703  
