-0.4149556291  
-9.884622452  
-16.18824269  
-17.80595043  
-14.23331304  
-6.171426382  
4.667756801  
16.03806832  
25.73497279  
32.09019036  
34.26848518  
32.33379964  
27.11841343  
19.96026931  
12.37636443  
5.732330622  
0.9632719943  
-1.599778745  
-2.252466072  
-1.772269006  
-1.140445393  
-1.218627303  
-2.4975015  
-5.015756727  
-8.478109008  
-12.50699836  
-16.88930086  
-21.6695092  
-27.01050083  
-32.86774925  
-38.64473446  
-43.05034118  
-44.32189604  
-40.82073534  
-31.81299089  
-18.10859594  
-2.225349889  
12.10332193  
20.99609113  
21.71994502  
13.72059373  
-1.055605541  
-18.73961194  
-34.85216653  
-45.8669766  
-50.4068837  
-49.57506679  
-46.26374779  
-43.70803957  
-43.88501999  
-46.44818418  
-48.68660174  
-46.57865454  
-36.54488248  
-17.18984357  
9.703834985  
39.38398375  
65.5181995  
82.26433073  
86.24441883  
77.67589217  
60.24368208  
39.78349184  
22.29176353  
12.00477524  
10.21968601  
15.21013291  
23.16243727  
29.70228923  
31.42580482  
26.92835858  
17.07400404  
4.5430505  
-7.086573606  
-14.39157327  
-15.01005583  
-8.240377656  
4.72640385  
20.9493436  
36.25509906  
46.11203773  
46.76975827  
36.44330213  
16.19252965  
-9.890249247  
-35.44277359  
-53.50769506  
-58.70646429  
-49.20391579  
-27.6956473  
-0.9052983947  
22.41040549  
34.36334808  
30.73871237  
12.64408459  
-13.68658241  
-38.95207736  
-54.00644969  
-53.07491503  
-35.77205547  
-7.178740047  
24.02364781  
48.62662654  
60.00550434  
56.13326286  
39.83885075  
17.3576084  
-4.139559461  
-19.03133753  
-24.842734  
-22.49712968  
-15.34142562  
-7.510901218  
-2.356785412  
-1.497567131  
-4.693551332  
-10.37346468  
-16.42866259  
-20.90119436  
-22.3746842  
-20.09947268  
-14.01447521  
-4.804684295  
6.007071262  
16.08479868  
22.61376346  
23.02312831  
15.94849437  
2.069150072  
-15.6158138  
-32.36083474  
-43.05431225  
-43.98850105  
-34.3577405  
-16.84519314  
3.036271663  
18.70560972  
24.77967492  
19.01161692  
3.163062137  
-17.53772902  
-36.16700284  
-46.461986  
-44.91273494  
-31.86088627  
-11.26327793  
10.73075196  
27.83748897  
35.60722547  
32.67384107  
20.95524294  
4.84842486  
-10.23164067  
-19.4687971  
-19.94407053  
-11.30047058  
4.325258611  
23.00329052  
40.10539012  
51.49384936  
54.51498125  
48.57333731  
35.17076152  
17.42566756  
-0.7803542598  
-15.78420303  
-24.97549697  
-27.26306062  
-23.0809214  
-14.00110307  
-2.148790301  
10.33966231  
21.63479838  
30.26216153  
34.98185354  
34.68658474  
28.48683652  
16.03267352  
-2.038819194  
-23.76267715  
-45.85787553  
-64.22634611  
-74.87792206  
-75.02429155  
-63.97788518  
-43.52516299  
-17.60904599  
8.612024079  
30.0529272  
42.95706177  
45.76417459  
39.37733589  
26.80457327  
12.32086767  
0.3966513905  
-5.341088248  
-2.894110693  
7.719256715  
24.53066873  
44.11604282  
62.40815714  
75.64446303  
81.21705384  
78.19452566  
67.36085072  
50.76088369  
30.91473639  
9.996541783  
-10.69835774  
-30.78079726  
-50.28630352  
-68.9171768  
-85.3927359  
-97.28026114  
-101.4909899  
-95.33204076  
-77.73035312  
-50.11741798  
-16.55165463  
17.06729582  
44.48113226  
60.75847961  
63.60128873  
53.83573536  
34.96459486  
12.00480843  
-9.93317385  
-26.83629312  
-36.42689192  
-38.19295293  
-32.9960045  
-22.55151428  
-9.022036159  
5.199057639  
17.60491609  
25.76128036  
27.67555977  
22.31256333  
10.06734506  
-7.058349085  
-25.75388323  
-42.16381944  
-52.90110792  
-55.96441571  
-51.23383466  
-40.38064748  
-26.25506649  
-12.00566562  
-0.2524751792  
7.437228224  
10.68606855  
10.13750102  
7.146433331  
3.470228637  
1.002133438  
1.492674361  
6.184518604  
15.3634248  
27.95986788  
41.43404027  
52.15844938  
56.34963353  
51.34655047  
36.80605346  
15.30763598  
-7.998092646  
-26.72969727  
-35.23847788  
-30.53405378  
-13.45766989  
11.37968967  
36.9399182  
55.95276407  
63.21329561  
57.19044505  
40.40942075  
18.51291832  
-1.634671436  
-14.13279849  
-15.80302666  
-7.000893745  
8.689524527  
25.6883458  
38.13852537  
41.58489976  
34.16569035  
17.04832218  
-5.945428479  
-29.38880368  
-47.6959878  
-56.60399289  
-54.31500259  
-41.98442092  
-23.38767796  
-3.818004662  
11.48903199  
18.92208165  
17.52427148  
9.105140915  
-2.636510316  
-13.67284846  
-21.292342  
-25.15910512  
-27.31776955  
-31.09410447  
-39.31512803  
-52.5997364  
-68.49581522  
-81.93148836  
-86.91519706  
-78.87917098  
-56.74470301  
-23.84212662  
12.76452335  
44.37882163  
63.46222609  
66.09234888  
53.18818635  
30.07387699  
4.584358007  
-15.54997105  
-25.07474102  
-22.52898128  
-10.15320096  
7.413524506  
25.02242421  
38.72423049  
46.70711746  
49.25684124  
47.94897809  
44.55673146  
40.19236396  
35.01319492  
28.5211562  
20.21417807  
10.21862059  
