51.24223704  
61.6400314  
60.386345  
45.81843667  
21.26495236  
-5.809104426  
-26.66442932  
-34.94133048  
-29.41758038  
-14.52190107  
1.725199832  
11.44665111  
10.59026531  
0.8074264012  
-11.39454704  
-17.86245235  
-12.87249016  
3.855375657  
26.64440677  
46.11810122  
53.20170583  
43.04207809  
17.08713411  
-17.54987147  
-51.052922  
-74.77362969  
-84.26833378  
-80.26519709  
-67.37185985  
-51.38930262  
-36.65371338  
-24.64968987  
-14.36709763  
-3.93941592  
7.513654644  
18.91908842  
27.66870564  
31.12382207  
28.30158874  
20.75061587  
12.08125292  
6.357749892  
6.179705145  
11.45089945  
19.47142715  
26.29694886  
28.65742063  
25.45789209  
18.12781295  
9.70143687  
3.168018663  
-0.0172003882  
-0.4965333633  
-0.4036972884  
-1.97345973  
-6.153598223  
-11.97473977  
-17.0026086  
-18.60676877  
-15.35112931  
-7.766455492  
1.884300283  
10.68982168  
16.42316167  
18.41667811  
17.55163929  
15.43396482  
13.27060013  
11.10734546  
7.864322466  
2.142711321  
-6.668676777  
-17.63664518  
-28.34469925  
-35.79604658  
-37.72116938  
-33.62396574  
-25.02623544  
-14.78368859  
-5.821583565  
0.07466267507  
2.829662936  
3.776159081  
4.705736116  
6.813551675  
10.09177822  
13.44384641  
15.38059586  
14.85270424  
11.73752421  
6.740566701  
0.8424474707  
-5.302265713  
-11.59048418  
-18.15103002  
-24.68490135  
-29.93762865  
-31.76068425  
-27.90622719  
-17.25081072  
-0.8133850321  
18.06926488  
34.6821527  
44.69340832  
45.96758492  
39.54358175  
29.22552191  
19.88535436  
15.22599423  
16.06769868  
20.01744085  
22.73588378  
20.23225869  
11.08297484  
-2.539361627  
-15.59867276  
-22.41995713  
-19.39858031  
-6.915169606  
10.48603594  
25.80634832  
32.46621058  
27.07676411  
10.88604543  
-10.72230881  
-30.426441  
-41.87286856  
-42.03918191  
-32.1033493  
-16.5756428  
-1.212275941  
9.299067309  
12.90120837  
10.43855813  
4.728081803  
-0.9716361826  
-4.328685293  
-4.587598261  
-2.378050449  
1.022595649  
4.478402948  
7.425974751  
9.819785693  
11.76386981  
13.15402777  
13.59309039  
12.62740684  
10.12644782  
6.527281688  
2.74518591  
-0.2413629767  
-1.916078996  
-2.561589723  
-3.196615948  
-5.11615824  
-9.251862631  
-15.66978848  
-23.45131574  
-31.00406983  
-36.6342496  
-39.09617719  
-37.87859028  
-33.15409625  
-25.51019116  
-15.68194581  
-4.465507933  
7.164261957  
17.87880737  
25.98578312  
29.73287799  
27.88466734  
20.33411689  
8.423194944  
-5.264423413  
-17.64007979  
-26.11322749  
-29.44176397  
-28.05459889  
-23.70366013  
-18.61308249  
-14.52715567  
-12.09619606  
-10.86006372  
-9.784041327  
-8.024669126  
-5.497235279  
-2.934637368  
-1.406373293  
-1.562776409  
-3.027377664  
-4.297823217  
-3.262875156  
1.872426319  
11.67938054  
25.0526662  
39.44509161  
51.70758933  
59.17605229  
60.54297968  
56.16315781  
47.70847003  
37.3752732  
27.02332978  
17.61694287  
9.163594389  
1.101950437  
-7.103832175  
-15.46851714  
-23.31123238  
-29.45466362  
-32.6815246  
-32.23893743  
-28.18841464  
-21.48329911  
-13.76243704  
-6.932516031  
-2.653590939  
-1.851072819  
-4.373464173  
-8.905013799  
-13.21326809  
-14.74227843  
-11.44709024  
-2.634759922  
10.50586497  
24.97217949  
36.72612552  
42.01915362  
38.82883105  
27.83872293  
12.48999412  
-2.042613297  
-10.65951407  
-10.27332353  
-1.098447523  
13.27422442  
27.11577326  
34.66776313  
32.30048423  
19.86211739  
0.6858048745  
-19.72201674  
-35.74794478  
-43.63688633  
-42.58658511  
-34.61353204  
-23.37602538  
-12.56610803  
-4.60155773  
-0.1291105026  
1.586751245  
1.743987921  
1.121777698  
-0.2838771601  
-2.962134134  
-7.170115712  
-12.28073222  
-16.64563564  
-18.13783264  
-15.15280046  
-7.565381177  
2.883964322  
13.04911135  
19.5500065  
20.16220872  
14.79620133  
5.604729082  
-3.854823112  
-10.04939334  
-10.87258751  
-6.425082085  
1.133386562  
8.549604492  
12.80393869  
12.22149096  
6.934323118  
-1.413017834  
-10.48421942  
-18.17038341  
-23.20545769  
-25.28261509  
-24.74735646  
-22.13316853  
-17.83237714  
-12.0619708  
-5.081491705  
2.53401957  
9.789968179  
15.45024637  
18.43837411  
18.26408478  
15.25393316  
10.46360103  
5.311565104  
1.110932988  
-1.290690312  
-1.630298411  
-0.1172921584  
2.782422632  
6.509544225  
10.43883897  
13.8138381  
15.72378357  
15.25430377  
11.83298539  
5.638472752  
-2.162178314  
-9.559315251  
-14.28142693  
-14.6379552  
-10.27568872  
-2.481463498  
6.171511571  
12.74884884  
15.09282014  
12.689834  
6.880928246  
0.310604889  
-4.153956872  
-4.567854127  
-0.6349359838  
6.263500637  
13.69424211  
19.12534861  
20.77209058  
18.00738106  
11.26236033  
1.60038931  
-9.726072562  
-21.49067169  
-32.43926095  
-41.13941965  
-45.99564615  
-45.59597081  
-39.32361265  
-27.93542923  
-13.72717641  
-0.04601543991  
9.774507525  
13.6524902  
11.60229603  
5.738093491  
-0.6429418975  
-4.528952335  
-4.540943796  
-1.503013416  
2.073431329  
3.371409159  
0.8481528062  
-4.789403838  
-10.74860087  
-13.43533614  
-10.26468158  
-1.101609199  
11.42788752  
22.98597033  
29.49013929  
29.07313494  
23.06689731  
15.4796819  
11.1548097  
13.45289175  
22.56265213  
35.27438616  
46.36601191  
50.97688447  
46.85811576  
35.42976725  
21.13341145  
9.377061592  
4.039000633  
5.705719397  
11.46479965  
16.33319796  
15.62942305  
7.168970855  
-7.728637534  
-24.84791337  
-38.95989509  
-46.06126074  
-44.93294717  
-37.35922462  
-27.01558376  
-17.65820988  
-11.52456151  
-8.674203682  
-7.47661541  
-5.868857981  
-2.657785015  
1.815204301  
5.9385766  
7.805415791  
6.318130848  
1.810992968  
-4.125681171  
-9.488329925  
-12.88316073  
-14.16801189  
-14.38344515  
-15.04465353  
-17.21260397  
-20.86684961  
-24.91665969  
-27.82020597  
-28.44218447  
-26.65463178  
-23.34067992  
-19.80617705  
-16.94463385  
-14.6470454  
-11.81603451  
-7.007499213  
0.6346777686  
10.66331566  
21.24505189  
29.79458318  
34.03117035  
32.93606166  
27.1385525  
18.55713812  
9.507498986  
1.754891399  
-4.008874003  
-8.039589092  
-10.91281624  
-12.81936866  
-13.23931665  
-11.21548167  
-6.078245836  
1.817327999  
10.82716649  
18.47256442  
22.46071365  
21.77699731  
17.26493871  
11.33740567  
6.898557336  
5.97723264  
8.74886181  
13.4536278  
17.27640887  
17.7647702  
14.07747221  
7.429870516  
0.5043979384  
-3.882292858  
-4.18351914  
-0.8895395878  
3.727040203  
6.752219389  
6.075380382  
1.411443778  
-5.598314808  
-12.22559696  
-15.9761386  
-15.70492339  
-11.97265587  
-6.510575283  
-1.137907199  
3.241943374  
7.004468488  
11.33266845  
17.19284882  
24.35909887  
31.08150612  
34.65704412  
32.6720002  
24.3029285  
10.99137727  
-3.905555893  
-16.38616864  
-23.43144323  
-24.2346432  
-20.46079493  
-15.42198427  
-12.56355059  
-13.96418608  
-19.51917027  
-27.12862467  
-33.73542605  
-36.68470878  
-34.77901987  
-28.60427217  
-20.07706471  
-11.51873364  
-4.726862936  
-0.4390225075  
1.663938726  
2.537605194  
3.216087703  
4.383998524  
6.208454731  
8.402790709  
10.4060082  
11.57780555  
11.38166707  
9.580570425  
6.44823582  
2.916119412  
0.506170028  
0.9257724552  
5.351924063  
13.64797121  
23.90889131  
32.69769727  
36.07840437  
31.15965221  
17.53128209  
-2.103430444  
-22.53197401  
-37.77873882  
-43.34714183  
-38.00981081  
-24.32970213  
-7.627805579  
6.183362629  
12.94665644  
11.74105614  
4.860086469  
-3.622735159  
-9.931689678  
-12.24817255  
-11.14238021  
-8.639204573  
-6.522781542  
-4.904434647  
-1.940932335  
5.04666354  
17.61331302  
34.4940339  
