13.23096226  
6.659899713  
-0.3495821051  
-6.479401795  
-10.92996441  
-13.48764638  
-14.37988251  
-14.0184182  
-12.75471767  
-10.74557799  
-7.968993274  
-4.365423707  
-0.029728736  
4.641139183  
8.925423534  
11.91562384  
12.79384606  
11.156835  
7.265638884  
2.099597719  
-2.851080534  
-6.025519795  
-6.334391123  
-3.60640455  
1.254026756  
6.502218608  
10.13794482  
10.64396847  
7.595337185  
1.880419976  
-4.586486834  
-9.576463443  
-11.41136117  
-9.631445081  
-5.179774009  
-0.01290844282  
3.708708559  
4.511255377  
2.197943098  
-2.115176804  
-6.529777257  
-9.222729687  
-9.24532006  
-6.907882645  
-3.584429118  
-1.038876504  
-0.5929556978  
-2.524281804  
-5.968931255  
-9.360709  
-11.18424513  
-10.67310202  
-8.117292891  
-4.640491166  
-1.570860728  
0.2684410671  
0.9817641968  
1.511717688  
3.071528535  
6.380844714  
11.10137698  
15.78912474  
18.4377496  
17.3963961  
12.24382769  
4.191034718  
-4.221809602  
-10.05403231  
-11.14730623  
-7.05742763  
0.6802044337  
9.089271128  
14.88924241  
15.76622433  
11.25594475  
2.883240473  
-6.482055205  
-13.76747207  
-16.85828705  
-15.31093004  
-10.36403815  
-4.296965765  
0.5502900436  
2.668894081  
1.834960036  
-1.005892004  
-4.30042041  
-6.599003885  
-7.093494574  
-5.77978836  
-3.240793878  
-0.2214023798  
2.759100316  
5.565206906  
8.325656197  
11.14292844  
13.82657171  
15.82452767  
16.41264083  
15.05647944  
11.75728602  
7.188140298  
2.521316127  
-1.002891477  
-2.584120236  
-2.216242213  
-0.7164719576  
0.6016957217  
0.4841285947  
-1.71133196  
-5.699684327  
-10.32651354  
-13.97799494  
-15.17816373  
-13.13682577  
-8.040048943  
-0.9859598341  
6.389148594  
12.43654729  
15.97477998  
16.56571017  
14.52437478  
10.70319322  
6.161317458  
1.844259529  
-1.634310563  
-4.073530662  
-5.643375919  
-6.759890281  
-7.918861874  
-9.52038157  
-11.71216474  
-14.28579069  
-16.66726737  
-18.03605462  
-17.57291247  
-14.78167585  
-9.775886701  
-3.400306458  
2.906874259  
7.514271482  
9.14784987  
7.391535399  
2.924071378  
-2.640786633  
-7.291577207  
-9.351321965  
-8.12144311  
-4.16717798  
0.8926862405  
5.027302878  
6.615614181  
5.111506176  
1.27146761  
-3.15583199  
-6.150946018  
-6.252847148  
-3.147514572  
2.226195018  
8.084759242  
12.5330605  
14.30094532  
13.17571769  
9.971459266  
6.088130516  
2.888598329  
1.18218559  
1.026501933  
1.890215266  
3.04413638  
3.952875198  
4.466249618  
4.738240534  
4.95919633  
5.089572328  
4.776647668  
3.524414063  
1.032660808  
-2.490886209  
-6.246586016  
-9.079002696  
-9.95408084  
-8.455798678  
-5.045054297  
-0.9221456613  
2.476211577  
4.125601624  
3.898481097  
2.634772537  
1.737996114  
2.466810913  
5.251353649  
9.369961063  
13.16558757  
14.7317192  
12.77224673  
7.246850108  
-0.4997876244  
-8.198439034  
-13.51467773  
-14.93910609  
-12.33147579  
-6.902375642  
-0.6689282362  
4.354005573  
6.869695855  
6.636105878  
4.331611601  
1.077762819  
-2.114298228  
-4.70831307  
-6.68162683  
-8.282887053  
-9.692119482  
-10.79522147  
-11.19771965  
-10.45443291  
-8.36676801  
-5.165010218  
-1.463893487  
1.98682044  
4.61658584  
6.236069961  
7.015902668  
7.261951895  
7.128847249  
6.454900583  
4.836879618  
1.923367654  
-2.231211153  
-6.966220162  
-11.11971898  
-13.43593356  
-13.10422648  
-10.16828956  
-5.585401836  
-0.8764705663  
2.490380726  
3.699441052  
2.883819994  
0.9751360045  
-0.8167696558  
-1.629547203  
-1.358359883  
-0.63646433  
-0.3947180397  
-1.233049623  
-2.947994757  
-4.494516799  
-4.444637506  
-1.743740542  
3.608458955  
10.31871637  
16.17498976  
18.91425428  
17.21126937  
11.33334305  
3.138373295  
-4.614800972  
-9.359293034  
-9.741256686  
-6.121250178  
-0.3413195021  
5.12504225  
8.248285147  
8.260594532  
5.865038797  
2.773594241  
0.8191213668  
1.069375774  
3.349751612  
6.373494027  
8.38908943  
8.02220498  
4.919047013  
-0.08777614791  
-5.335587485  
-9.017980978  
-9.879857314  
-7.628846021  
-2.929969362  
2.94893292  
8.631057941  
13.03135006  
15.52435818  
15.8856947  
14.12944654  
10.39143081  
4.94129162  
-1.706204023  
-8.698088876  
-14.89473386  
-19.11553378  
-20.50946765  
-18.88928223  
-14.85863298  
-9.64574184  
-4.694357957  
-1.182254521  
0.3253717732  
-0.05444619491  
-1.734993641  
-4.023053883  
-6.434588162  
-8.803697419  
-11.14827556  
-13.39667549  
-15.16263206  
-15.73414826  
-14.32482745  
-10.48386485  
-4.454645954  
2.727935916  
9.498315313  
14.3023597  
16.19514916  
15.22204878  
12.39461629  
9.252546123  
7.194368003  
6.872558106  
7.926670789  
9.179483514  
9.21291807  
7.068668836  
2.760772313  
-2.630289457  
-7.329331583  
-9.550129571  
-8.206820014  
-3.363339617  
3.75291555  
11.16489637  
16.81131261  
19.20289156  
17.83425461  
