63.60097104  
59.50091161  
45.25044593  
24.04691368  
1.308659904  
-17.24174495  
-27.59824149  
-28.79290897  
-23.01055025  
-14.4917019  
-7.714318632  
-5.6230612  
-8.623634654  
-14.7097441  
-20.59752228  
-23.32152389  
-21.57389996  
-16.2114975  
-9.742513026  
-5.061785424  
-4.030721617  
-6.555474871  
-10.58544312  
-13.03799853  
-11.24070628  
-4.248008217  
6.561249663  
17.89133462  
25.79264051  
27.25897727  
21.48741974  
10.26591215  
-2.682422177  
-13.13239385  
-17.97811932  
-16.37915491  
-9.972378907  
-2.084656682  
3.703331228  
5.03041127  
1.653884904  
-4.580385452  
-10.65147504  
-13.74425876  
-12.49636729  
-7.583697078  
-1.412273153  
2.931265121  
3.009561927  
-1.919932845  
-10.57169234  
-20.12709886  
-27.32800753  
-29.70498196  
-26.44783034  
-18.60150809  
-8.56476486  
0.852527995  
7.40855382  
10.07343025  
9.147763528  
5.902629893  
1.970807169  
-1.225705897  
-2.804754318  
-2.459470788  
-0.2977495511  
3.347859702  
8.010017153  
13.05284837  
17.60140015  
20.56730783  
20.86004598  
17.76039232  
11.31576394  
2.560091914  
-6.59500113  
-13.82284594  
-17.06648368  
-15.20449002  
-8.447227964  
1.688719115  
12.81773194  
22.3700506  
28.28036994  
29.46027995  
25.94169448  
18.7144483  
9.379958111  
-0.2310475172  
-8.375072945  
-13.62255575  
-15.02997171  
-12.29739412  
-5.904744444  
2.842627162  
11.9571544  
19.16045113  
22.48049532  
20.89195951  
14.76210014  
5.886409139  
-2.973872902  
-8.950057038  
-10.04204449  
-5.855687435  
2.193329569  
11.31594906  
18.29102762  
20.57677031  
17.18497447  
8.997455691  
-1.584531295  
-11.51464033  
-18.16419432  
-20.18022226  
-17.83979797  
-12.80494771  
-7.410048357  
-3.776455415  
-3.089460943  
-5.284419729  
-9.216293864  
-13.20295374  
-15.70727113  
-15.89711131  
-13.89403704  
-10.65375019  
-7.557685252  
-5.886969164  
-6.370012189  
-8.94759191  
-12.80991162  
-16.66693522  
-19.14679101  
-19.19420668  
-16.35967154  
-10.91558789  
-3.789067852  
3.655988748  
9.927819451  
13.73862609  
14.29334311  
11.4808429  
5.92614171  
-1.116619197  
-8.023219519  
-13.16715068  
-15.31790691  
-13.96715204  
-9.482178784  
-3.02188887  
3.78269698  
9.30235717  
12.39366356  
12.72960984  
10.85460906  
7.935020667  
5.292068838  
3.894114003  
4.011572518  
5.178945997  
6.484078424  
7.061718882  
6.570634084  
5.427433458  
4.668812399  
5.477850094  
8.573087591  
13.74157108  
19.75628973  
24.76099073  
26.99570319  
25.56611525  
20.91256113  
14.73960013  
9.390280141  
6.894867719  
8.084446393  
12.15543106  
16.89782459  
19.52407608  
17.77673203  
10.864722  
-0.1592367478  
-12.73887283  
-23.73351409  
-30.54021559  
-31.96847321  
-28.5349607  
-22.10076782  
-15.04887875  
-9.376843191  
-6.082372679  
-5.05848316  
-5.469157417  
-6.364985832  
-7.21340408  
-8.093271736  
-9.491379978  
-11.84490242  
-15.09601531  
-18.50965406  
-20.8642538  
-20.93393411  
-18.0333598  
-12.36505101  
-5.004466878  
2.469039928  
8.523985621  
12.16403066  
13.14871311  
11.88392928  
9.079217127  
5.371807798  
1.114862425  
-3.574806023  
-8.561391342  
-13.39505255  
-17.17246166  
-18.67357506  
-16.75623075  
-10.85491637  
-1.363794443  
10.28160368  
21.89091967  
31.09154872  
35.991331  
35.70330336  
30.56276942  
21.9847664  
12.03531531  
2.873480935  
-3.761813446  
-6.890618894  
-6.403216526  
-2.964264651  
2.224068685  
7.722321206  
12.15241706  
14.45050136  
14.04574859  
10.94607185  
5.718540007  
-0.6355806031  
-6.89249441  
-11.86475666  
-14.65411866  
-14.84472131  
-12.59704414  
-8.625125183  
-4.061838627  
-0.2335316101  
1.622711908  
0.6550343272  
-3.35084936  
-9.829485322  
-17.46675542  
-24.43840789  
-28.83425729  
-29.17528332  
-24.87369861  
-16.47349274  
-5.560057853  
5.665441697  
15.02488993  
21.00005895  
23.13824177  
22.07751188  
19.18975991  
15.99422458  
13.58642997  
12.3148788  
11.82157157  
11.39577972  
10.44823811  
8.865606715  
7.072496239  
5.780663196  
5.565218774  
6.497639537  
8.037125732  
9.249239938  
9.24925134  
7.645166876  
4.746875487  
1.420770157  
-1.349565679  
-2.979801174  
-3.610669169  
-4.062607197  
-5.421898322  
-8.453216696  
-13.13241405  
-18.54717695  
-23.23650473  
-25.82089619  
-25.62119716  
-22.95933157  
-18.9837231  
-15.0997444  
-12.28847476  
-10.66375211  
-9.5040347  
-7.756384636  
-4.758342893  
-0.7918413402  
2.856000374  
4.41465764  
2.524995785  
-2.918548222  
-10.42076765  
-17.27209609  
-20.568257  
-18.44631567  
-10.98258386  
-0.314702255  
10.11846211  
16.92764122  
18.14092837  
13.98762887  
6.744266783  
-0.2940060202  
-4.256935436  
-3.904462911  
-0.0461021759  
5.013732834  
8.738929117  
9.731324427  
8.54184253  
7.505909561  
9.634734475  
17.04338142  
29.63727783  
44.6970854  
57.6242513  
