44.34826053  
33.44205576  
22.52933501  
15.31214519  
13.12330805  
14.46242114  
15.90158744  
13.91666781  
6.765327166  
-4.482211449  
-16.24533522  
-23.92708212  
-23.90945956  
-15.14638512  
0.3412239503  
18.24731906  
33.64493626  
42.77848191  
44.22958043  
39.04104275  
29.87567309  
19.69426545  
10.58425305  
3.211247599  
-2.98131815  
-9.057889407  
-15.78729358  
-23.13827148  
-30.24681831  
-35.76961908  
-38.3763293  
-37.1326726  
-31.6605287  
-22.12504462  
-9.189321232  
5.958885164  
21.5310079  
35.15908248  
44.1878575  
46.29887293  
40.32729431  
26.95102855  
8.886550936  
-9.632746685  
-24.03297261  
-30.86356665  
-29.00432663  
-20.12035348  
-8.139510359  
2.092713355  
6.494515957  
3.14457641  
-7.111938553  
-21.04082735  
-34.19629047  
-42.43481564  
-43.2179167  
-36.28923048  
-23.57806918  
-8.466289898  
5.258410247  
14.40312001  
17.05928427  
12.87599401  
2.954489296  
-10.51873033  
-24.77530788  
-37.00985216  
-44.90009516  
-47.04107979  
-43.21747934  
-34.43544698  
-22.6666299  
-10.33518562  
0.328346244  
7.871590746  
11.94491818  
13.2459233  
13.09847684  
12.82579994  
13.16455062  
13.9623125  
14.29597734  
12.98034436  
9.272778905  
3.47994899  
-2.813761238  
-7.052879642  
-6.509568989  
0.6707301988  
14.55312168  
33.00469087  
52.0288548  
66.82694247  
73.29373376  
69.45235613  
56.29664723  
37.67136964  
19.14519547  
6.207755644  
2.407662827  
8.116936544  
20.40937128  
34.13384093  
43.79723987  
45.5382605  
38.42029723  
24.53914906  
7.930862698  
-7.227157618  
-18.32408244  
-25.17859939  
-29.6872155  
-34.44942239  
-41.04953134  
-48.85727979  
-54.99137029  
-55.55325168  
-47.62362235  
-31.10435692  
-9.488263227  
10.93209831  
23.22353562  
22.51322657  
8.110268544  
-15.88679618  
-41.82785605  
-61.16615014  
-67.50931857  
-58.87934322  
-38.32140346  
-12.67396396  
9.957860802  
23.01033575  
23.49392204  
12.58202276  
-5.295224323  
-24.32813732  
-39.35318291  
-47.27752541  
-47.51276309  
-41.48815151  
-31.65454709  
-20.4901703  
-9.875005602  
-0.9285077944  
5.836895872  
10.29601992  
12.60738633  
13.25001265  
13.08087485  
13.25689673  
14.95010859  
18.93187498  
25.21726147  
32.96613741  
40.72747876  
46.9417732  
50.48294921  
50.99755718  
48.90193259  
45.07144773  
40.40475243  
35.49286896  
30.54250126  
25.54683931  
20.55337841  
15.83071267  
11.81088592  
8.8365234  
6.881262571  
5.451973976  
3.789459085  
1.306463533  
-1.963897336  
-5.188192924  
-6.994365106  
-6.125182437  
-2.203387413  
3.781845714  
9.575601829  
12.39907693  
10.0739072  
2.051054521  
-10.14117763  
-23.29039169  
-33.63063015  
-38.26583862  
-36.28850095  
-29.10743268  
-19.8332562  
-11.97925912  
-8.033713996  
-8.512334399  
-11.88142856  
-15.3550644  
-16.18928015  
-12.89321212  
-5.838768675  
2.960700518  
10.75348897  
15.19280336  
15.20177504  
11.20484082  
4.688721045  
-2.628022862  
-9.571221263  
-15.84579926  
-21.7882151  
-27.70837999  
-33.21631644  
-36.95273586  
-36.95249073  
-31.54922169  
-20.43210056  
-5.331919848  
10.07991068  
21.18379086  
24.00946044  
16.8500079  
1.229543453  
-18.24003496  
-35.17215814  
-43.48925365  
-39.55217322  
-23.55131765  
0.383310579  
25.43837312  
44.32397062  
51.66236644  
45.72014296  
28.88853128  
6.774510617  
-13.73240565  
-26.70268245  
-28.92999742  
-20.64716271  
-5.046380892  
13.10230959  
29.14340156  
39.9046679  
44.31245799  
43.17119019  
38.36170979  
31.89722574  
25.24869881  
19.14850807  
13.81433493  
9.338067989  
5.943570413  
3.941213828  
3.41814007  
3.886849127  
4.168672347  
2.683509084  
-1.898587166  
-9.905762633  
-20.17902606  
-30.15091041  
-36.56262569  
-36.61227558  
-29.11284283  
-15.19030061  
1.798153549  
17.16091658  
26.30870111  
26.24680835  
16.61059835  
-0.111243546  
-19.24247421  
-35.25867165  
-43.37937318  
-40.93361509  
-28.11215819  
-7.91657788  
14.65252843  
33.92506803  
45.0444036  
45.21542197  
34.40054728  
15.29238281  
-7.421413348  
-28.29853765  
-42.54688209  
-47.20517874  
-41.7758278  
-28.1530854  
-9.908637733  
8.804757002  
24.36616428  
34.47665971  
38.43448598  
36.9059457  
31.37795335  
23.55542731  
14.92216091  
6.555574507  
-0.8561697309  
-6.924143928  
-11.50957681  
-14.73929686  
-17.01267631  
-18.89278052  
-20.83476413  
-22.83089049  
-24.16466897  
-23.48540957  
-19.29696668  
-10.74147791  
1.648462611  
15.63422402  
27.67514329  
34.03814231  
32.24776933  
22.2810179  
6.931558726  
-8.931851354  
-20.02181088  
-22.58406259  
-15.84208428  
-2.301648751  
13.24906996  
25.64114701  
31.31818947  
29.56133434  
22.42853272  
13.47852176  
5.911555224  
1.029072288  
-2.240895542  
-6.522126915  
-14.2769966  
-26.06032586  
-39.64520332  
-50.53691385  
-53.73812754  
-46.01773743  
-27.65749178  
-2.840092307  
21.57735085  
38.45447715  
42.95984653  
34.31029263  
15.971581  
-5.714074073  
-23.86725355  
-33.42054397  
-32.59364581  
-23.0441644  
-8.817453725  
5.329808501  
15.51167008  
19.66036727  
17.67362117  
10.95910256  
1.752776662  
-7.4658785  
-14.34796764  
-16.93167261  
-13.94463471  
-5.212457064  
7.965996238  
22.76066446  
35.32291922  
41.8882142  
40.15778258  
30.40009776  
15.70838745  
1.141275324  
-8.049662377  
-8.450798087  
0.07059380644  
14.17377955  
28.25887666  
36.63251294  
35.73480501  
25.48625555  
9.186632632  
-7.97006051  
-21.09364334  
-27.53532962  
-27.73194889  
-24.63616849  
-22.05878951  
-22.72651268  
-26.95535807  
-32.52091044  
-35.7365691  
-33.2024219  
-23.41186004  
-7.514386098  
11.04700325  
27.78826435  
38.72974469  
41.58051462  
36.15559365  
24.02150722  
7.70444586  
-10.08434196  
-26.88711087  
-40.566891  
-49.22320744  
-51.25504405  
-45.72940491  
-32.94929221  
-14.88785772  
4.882205766  
21.9395191  
32.28089473  
33.63372836  
26.24573168  
12.76701821  
-2.767168932  
-16.43030391  
-25.72401063  
-30.15338641  
-30.84880773  
-29.48946667  
-27.1221857  
-23.50763841  
-17.34147973  
-7.230949437  
7.106752331  
24.10066622  
40.50863162  
52.53531516  
57.40517762  
54.6413609  
46.39697929  
36.61162573  
29.32181564  
26.87172983  
28.84408406  
32.21720202  
32.70016473  
26.66166987  
12.80179468  
-7.159452966  
-29.05260769  
-47.80439217  
-59.2660301  
-61.55450013  
-55.40677743  
-43.51900686  
-29.28184771  
-15.53156374  
-3.837007814  
5.486187743  
12.81737819  
18.54442736  
22.65375313  
24.78084174  
24.61101673  
22.31959389  
18.73471161  
15.08595909  
12.45729731  
11.24535269  
10.93442527  
10.33355875  
8.174029483  
3.773741729  
-2.559240217  
-9.574349855  
-15.53792161  
-18.86953174  
-18.66005121  
-14.87351212  
-8.222345835  
0.1311282473  
8.846878426  
16.54130401  
21.82554515  
23.40124454  
20.34758542  
12.58183063  
1.281925237  
-11.04626335  
-21.09002453  
-25.80606953  
-23.68701819  
-15.64152336  
-4.965882532  
3.767599104  
6.574570224  
1.918056299  
-8.309923272  
-19.25921675  
-25.00531141  
-21.13990597  
-6.960477494  
13.76624319  
33.92960808  
45.73271696  
43.82323442  
27.57681059  
1.532640165  
-26.24315923  
-47.20399799  
-55.51361656  
-50.07112238  
-34.58821381  
-15.78961194  
-0.5997193506  
6.450297882  
4.551057064  
-3.724693027  
-14.06691138  
-22.48197427  
-26.78991979  
-26.98923216  
-24.53399498  
-21.09658711  
-17.5681245  
-13.81693564  
-9.234045037  
-3.625034083  
2.185002127  
6.483928791  
7.543112115  
4.763258633  
-0.5825759896  
-5.524802614  
-6.541896572  
-1.194245653  
10.54252481  
25.94994607  
40.49420318  
49.64990197  
50.8035905  
