91.07211187  
104.0032743  
102.4139946  
87.28844165  
61.86234383  
30.74853268  
-1.005206767  
-28.75173649  
-48.89898512  
-59.37096412  
-59.86881522  
-51.89782878  
-38.50629753  
-23.70825353  
-11.64086452  
-5.611551736  
-7.270631821  
-16.15497468  
-29.76775031  
-44.20775864  
-55.19160686  
-59.18545098  
-54.32773155  
-40.89232884  
-21.18559393  
1.061821824  
21.61376982  
36.70240869  
43.8204603  
42.17484831  
32.74687896  
17.99733754  
1.313933324  
-13.6748798  
-23.79514709  
-26.91840035  
-22.35328263  
-10.9675919  
4.991563879  
22.3590485  
37.71288686  
48.09954699  
51.65942414  
48.00007046  
38.21973476  
24.56950656  
9.837551488  
-3.383799449  
-13.34920437  
-19.5456585  
-22.69505689  
-24.36249462  
-26.27901896  
-29.5885553  
-34.27760247  
-39.01631183  
-41.52551374  
-39.40762133  
-31.19199752  
-17.21782136  
0.02859063864  
16.35943202  
27.08307705  
28.61790255  
19.96339773  
3.436832676  
-15.71422564  
-30.82453771  
-36.00834093  
-28.28381581  
-8.820596762  
17.2217695  
42.28982084  
58.93890467  
62.34211581  
51.87609538  
31.19708175  
6.805586343  
-14.31343661  
-27.04225339  
-29.5845746  
-23.54370145  
-12.74051469  
-1.401073349  
7.448400164  
12.72219262  
14.96501374  
15.33066392  
14.51391898  
12.26752637  
7.769995881  
0.6014604541  
-8.296868864  
-16.35047236  
-20.10464589  
-16.78555686  
-5.951617337  
9.653462775  
24.65569542  
32.99288849  
30.52484156  
17.16936986  
-2.492560621  
-20.6026047  
-28.99376925  
-22.58414904  
-1.759296939  
27.34358837  
54.88762746  
70.97277102  
69.41163455  
50.11408401  
19.11817702  
-13.71766709  
-38.3870116  
-48.27123847  
-42.16037383  
-24.07810806  
-1.176705256  
19.26170194  
32.40910985  
37.06781245  
35.16205421  
30.03646445  
24.51704262  
19.66914138  
14.73179123  
8.076452303  
-1.452611881  
-13.58050501  
-26.51665859  
-37.7307831  
-45.12323402  
-47.94359152  
-46.98523406  
-43.99810983  
-40.68765926  
-37.87537471  
-35.28325079  
-32.03756539  
-27.57274702  
-22.37797139  
-18.10015356  
-16.86261918  
-20.09813392  
-27.49509892  
-36.65119189  
-43.71334743  
-44.80388834  
-37.63201117  
-22.56591549  
-2.663250875  
17.38086677  
32.92491084  
40.99391791  
41.15339328  
35.33755087  
26.79601014  
18.69017574  
12.96613392  
9.936730851  
8.631955068  
7.622381516  
5.848073644  
3.063359717  
-0.2360932293  
-3.250333315  
-5.35980404  
-6.37166934  
-6.429546493  
-5.710938348  
-4.161247687  
-1.473740479  
2.649657025  
8.119736522  
14.22676235  
19.75110756  
23.42061305  
24.4998194  
23.18893504  
20.58123219  
18.15308641  
17.01986315  
17.3429345  
18.22116174  
18.16299005  
15.92662347  
11.30166082  
5.403974416  
0.2829857287  
-2.013163975  
-0.4767719612  
4.234948512  
9.930829784  
13.75432213  
13.41077442  
8.190657198  
-0.6845471488  
-10.54790147  
-18.36682786  
-21.91185121  
-20.49313698  
-14.98250097  
-7.200614213  
0.9515846525  
8.156407503  
13.84238021  
17.8666849  
20.02007664  
19.75058486  
16.35151248  
9.548360621  
0.1287964478  
-9.837026084  
-17.46584957  
-20.13531797  
-16.70685374  
-8.277302358  
2.007727622  
10.12244735  
12.86120991  
9.305690304  
1.337564048  
-7.118231679  
-11.84248848  
-10.29251458  
-2.877725094  
7.087124453  
14.77541396  
15.97894716  
9.005129545  
-4.533514137  
-20.40004436  
-33.55835409  
-40.2842712  
-39.58269708  
-33.28288232  
-24.83437404  
-17.45673408  
-12.59657427  
-9.466333449  
-5.871463352  
0.1405532039  
8.715371574  
17.59703695  
22.910423  
21.02231532  
10.59881039  
-6.188097667  
-24.00121959  
-36.21153369  
-37.55293999  
-26.39865598  
-5.623858557  
18.37236053  
38.09673222  
47.80905074  
45.57523807  
33.6849566  
17.33298076  
2.230477561  
-7.747429692  
-11.84892698  
-12.18163693  
-12.15219284  
-14.45089707  
-19.58830921  
-25.67334676  
-29.48929967  
-28.2871611  
-21.37718445  
-10.71205705  
-0.1540478316  
6.24245579  
6.127791952  
0.03826550097  
-8.702592066  
-15.3391433  
-15.70125142  
-7.997621465  
6.392274759  
23.45426807  
38.14992682  
46.39854103  
46.5982586  
40.08453817  
30.39507541  
21.70662296  
17.1220088  
17.4979558  
21.23745104  
25.05825699  
25.37106566  
19.70311664  
7.639520753  
-9.017413838  
-26.86454757  
-42.01995183  
-51.34537487  
-53.37636072  
-48.69718949  
-39.68149894  
-29.69951716  
-22.0280419  
-18.77334873  
-20.12036623  
-24.15390908  
-27.35928783  
-25.72059556  
-16.13375806  
2.296861998  
27.53917694  
54.82297989  
77.79693695  
90.37153701  
88.68295945  
72.50290274  
45.55168842  
14.52165961  
-12.92994146  
-30.57081467  
-35.54876023  
-29.22034113  
-16.54866061  
-4.272885125  
1.507777738  
-2.51166068  
-15.69309606  
-33.68396638  
-49.90380797  
-57.73973813  
-52.69055861  
-33.76614078  
-3.751007604  
31.65300948  
65.43414805  
