16.19222949  
13.78450159  
13.79482043  
15.20746247  
16.68333162  
17.30247157  
16.87208508  
15.69968747  
14.0668904  
11.8157113  
8.376056924  
3.266482158  
-3.232121418  
-9.698425339  
-13.84400019  
-13.44421746  
-7.530277847  
2.781297187  
14.34643301  
23.06221953  
25.55255737  
20.71232635  
10.34394666  
-1.498605066  
-10.23843396  
-12.82373407  
-9.145462064  
-2.132693304  
3.566225243  
3.744697294  
-3.340588481  
-16.02219085  
-29.79984575  
-39.1981695  
-40.07831867  
-31.38087873  
-15.54946037  
2.51145109  
17.44266682  
25.5024327  
25.8304378  
20.43744713  
13.03908826  
7.335481763  
5.515848929  
7.584436525  
11.68275885  
15.13644453  
15.6862301  
12.36868614  
5.748785671  
-2.467424574  
-10.16148892  
-15.51730115  
-17.46544986  
-15.78842685  
-10.98156172  
-4.028964641  
3.79125155  
11.05453619  
16.346318  
18.48542678  
16.80632313  
11.40947439  
3.248421503  
-6.039294567  
-14.54858503  
-20.64740778  
-23.45250151  
-23.06736937  
-20.4998068  
-17.29574532  
-15.02103943  
-14.75955396  
-16.77066012  
-20.38899097  
-24.18256184  
-26.33229281  
-25.15570925  
-19.66067341  
-9.983715193  
2.443465065  
15.11733655  
25.08856798  
29.8538759  
28.23409108  
20.90162972  
10.30047949  
-0.08576911728  
-6.893247334  
-8.033846539  
-3.382836874  
5.29351636  
15.14119344  
23.39883083  
28.42880446  
30.14416578  
29.66954955  
28.45064615  
27.30182876  
25.91151767  
23.08589857  
17.61721249  
9.31220635  
-0.4063556248  
-8.730419229  
-12.52683682  
-9.788524656  
-0.7946803809  
11.61906129  
22.89692986  
28.41557686  
25.27285001  
13.45027735  
-4.147859894  
-22.7857069  
-37.63989824  
-45.4634732  
-45.51600094  
-39.46681238  
-30.43488662  
-21.66632989  
-15.42693899  
-12.49756525  
-12.33096113  
-13.63512248  
-15.02737618  
-15.48213454  
-14.49142184  
-12.03581162  
-8.52153359  
-4.760964559  
-1.938380787  
-1.421676446  
-4.333962407  
-10.96714646  
-20.30019736  
-29.94761061  
-36.73037267  
-37.77179264  
-31.71161404  
-19.48259738  
-4.212947058  
9.816671742  
18.7847409  
20.82624432  
16.7373292  
9.548726722  
3.15015982  
0.5997580644  
2.903653466  
8.817396748  
15.71355521  
21.03168179  
23.54877753  
23.82388317  
23.62289602  
24.68037569  
27.51401112  
30.9789382  
32.84198963  
31.08485764  
25.21525113  
16.82068575  
8.977688108  
4.745687008  
5.503386628  
10.03367347  
14.92908014  
16.22242189  
11.48418981  
1.31890757  
-10.57561499  
-18.94204286  
-19.43947883  
-10.88785485  
3.852391638  
18.88877922  
27.81566548  
26.61359695  
15.56916647  
-0.7208576053  
-15.31174327  
-21.96353891  
-17.88607554  
-4.917071465  
11.39223395  
24.3314111  
29.01891094  
24.44441747  
13.66474125  
2.142021568  
-4.921245038  
-4.965524138  
0.9154611302  
8.727256729  
13.62757866  
12.2311751  
4.065500817  
-8.444882028  
-21.33850769  
-31.05744125  
-35.98138839  
-36.84741434  
-35.9557885  
-35.67779393  
-37.09408129  
-39.46259109  
-40.73679068  
-38.79357189  
-32.67891877  
-23.20955067  
-12.64315483  
-3.634466179  
1.941650145  
3.68365119  
2.552355513  
0.0902962062  
-2.532683329  
-5.078179626  
-8.083157473  
-12.10005524  
-16.81467003  
-20.62537491  
-21.03698487  
-15.77753592  
-4.119147755  
12.28926978  
29.58803683  
42.92189201  
48.24059223  
43.9124601  
31.43033651  
14.88731145  
-0.5511262478  
-10.51163656  
-12.82503906  
-7.942155541  
1.708253283  
13.00255406  
23.38442341  
31.53795005  
37.26766552  
40.81713292  
42.13569647  
40.58677127  
35.30011396  
25.96762233  
13.58932762  
0.654033094  
-9.491369745  
-13.90293654  
-11.38444045  
-3.258802485  
6.87586722  
14.39983058  
15.45615737  
8.517817338  
-4.944953034  
-21.00199224  
-34.79050163  
-42.39353501  
-42.28986647  
-35.79741186  
-26.3768033  
-18.14412477  
-14.24947683  
-15.78410183  
-21.60221339  
-29.02431123  
-35.02470386  
-37.3524258  
-35.14086006  
-28.85258487  
-19.72881982  
-9.113379797  
1.98433714  
12.91076617  
23.05750072  
31.49665435  
36.87015705  
37.69666503  
33.01733617  
23.08651765  
9.737584098  
-3.840833056  
-13.93753448  
-17.50497078  
-13.261872  
-2.270740221  
12.27134803  
25.99776359  
34.77325766  
36.04022856  
29.63272142  
17.7707051  
4.241189879  
-6.937681666  
-12.89268998  
-12.8250838  
-8.16889332  
-1.930178079  
2.547163013  
2.932506199  
-1.129810905  
-7.823551586  
-13.83020863  
-15.64271147  
-11.04284257  
-0.1705284559  
14.26393554  
27.76771514  
35.61250059  
34.58333705  
24.2567995  
7.283456154  
-11.48067863  
-26.69422483  
-34.44693495  
-33.61721147  
-26.12574694  
-15.9886591  
-7.574463387  
-3.809577523  
-5.098560235  
-9.410347064  
-13.46110962  
-14.42698215  
-11.37571997  
-5.732416641  
-0.5445542687  
1.117434202  
-2.139977726  
-9.074223147  
-16.10666061  
-18.81783278  
-13.9965274  
-1.304829516  
16.24661749  
33.30297661  
44.27037224  
45.62711356  
37.42635594  
23.31498871  
9.043055283  
0.1034480887  
-0.4784964512  
6.735104413  
18.01069373  
28.15847451  
32.75391604  
29.89080065  
20.74934493  
8.827449988  
-1.720577925  
-7.837871404  
-8.643941603  
-5.450548853  
-0.846672436  
2.60680091  
3.422781688  
1.536805821  
-2.07748006  
-6.191225806  
-10.01279127  
-13.42164842  
-16.68693321  
-19.92808326  
-22.71962956  
-24.13915493  
-23.27357335  
-19.89844167  
-14.9023399  
-10.13486501  
-7.658553569  
-8.727867522  
-13.01035776  
-18.49377431  
-22.21040674  
-21.50515943  
-15.2832505  
-4.646620327  
7.409590419  
17.14052905  
21.54514493  
19.55537401  
12.4068391  
3.049877576  
-5.111385076  
-9.583393116  
-9.669653698  
-6.546749248  
-2.575090754  
-0.2121900534  
-1.024794592  
-5.187566892  
-11.5915446  
-18.40548669  
-23.77263185  
-26.33981632  
-25.4693809  
-21.1732597  
-13.9286897  
-4.533305587  
5.941068366  
16.15497697  
24.58548133  
29.76503798  
30.64418238  
26.94023947  
19.30125249  
9.18114996  
-1.546063422  
-11.0790098  
-18.08951336  
-21.88888521  
-22.34645976  
-19.67174193  
-14.22264495  
-6.454256507  
2.992152332  
13.16850502  
22.81129279  
30.52662021  
35.12920214  
35.988697  
33.21199694  
27.56727194  
20.19076634  
12.23189792  
4.613591632  
-2.000873436  
-7.085794511  
-10.13717603  
-10.72337722  
-8.742999554  
-4.756216871  
-0.1386389025  
3.162334411  
3.298964941  
-0.608864905  
-7.827441299  
-15.98694715  
-21.83773204  
-22.55708396  
-17.05165293  
-6.615981142  
5.456598313  
15.23802187  
19.9370438  
19.24911407  
15.58608693  
12.98097541  
15.10100906  
23.27725856  
35.51984932  
47.07635231  
52.38036322  
47.55877393  
32.35316358  
10.53123691  
-11.46757125  
-27.09796656  
-32.36340675  
-27.38326084  
-16.18844951  
-4.867880989  
1.072896853  
-1.046530912  
-10.19604988  
-22.40056028  
-32.68732474  
-37.24572511  
-34.81841733  
-26.79537665  
-16.14985538  
-5.892949906  
2.125313712  
7.526553087  
10.82680909  
12.46800315  
12.13926189  
8.853223328  
1.75977151  
-8.79690616  
-20.66980371  
-30.24353326  
-33.71052699  
-28.75430857  
-15.82442625  
1.682587976  
18.52876398  
29.60668287  
31.92771691  
25.7477703  
14.3392055  
2.532581618  
-5.302375041  
-6.949032204  
-3.017007131  
3.597937219  
9.116498259  
10.45551457  
6.31011394  
-2.618987526  
-14.17967429  
-25.70548756  
-34.86377428  
-40.11492407  
-40.76681316  
-36.82771141  
-28.89588108  
-18.18299779  
-6.563453675  
3.572029772  
9.815471557  
10.52977795  
5.619676472  
-3.126781816  
-12.41623909  
-18.52094811  
-18.66145935  
-12.11622182  
-0.5454095567  
12.64971827  
23.67232831  
29.79234203  
30.28785617  
26.48298926  
20.93203761  
