104.8901921  
84.52038891  
50.01312419  
8.573478755  
-31.08004755  
-61.41016623  
-78.12697711  
-80.9241777  
-72.77486027  
-58.26544478  
-41.77581717  
-26.2567027  
-12.97246415  
-2.073315534  
6.514953328  
12.47357634  
15.10037535  
13.89453214  
9.308131725  
3.134606576  
-1.81735939  
-2.733690816  
1.932500729  
11.5387179  
23.18472422  
32.63030451  
35.87460234  
30.7471486  
17.82716243  
0.2861683823  
-17.28488461  
-30.56441401  
-36.99255027  
-36.46332902  
-30.98490793  
-23.53719802  
-16.69242465  
-11.62835163  
-7.938315124  
-4.242328245  
0.7733172566  
7.441693325  
14.78525237  
20.91815421  
23.95563471  
22.95604503  
18.41213158  
12.04051922  
5.972821583  
1.754163379  
-0.3449422925  
-1.34967495  
-2.91258877  
-6.284089338  
-11.44609447  
-16.8768686  
-20.12192365  
-18.95323659  
-12.58909355  
-2.374200828  
8.471613969  
16.02037726  
17.27539394  
11.58865512  
1.206569674  
-9.368572233  
-15.02344309  
-12.06744152  
0.1560370856  
18.75456042  
38.12041251  
51.83342685  
54.92613793  
45.65876125  
26.14268047  
1.599464568  
-21.43876768  
-37.2982201  
-42.91014684  
-38.54974181  
-27.39474118  
-14.1766376  
-3.497480559  
1.563798423  
0.1241473149  
-6.651993342  
-16.30306514  
-26.02503974  
-33.44724123  
-37.01788102  
-36.01326488  
-30.35212545  
-20.4324961  
-7.115913098  
8.173330501  
23.39208113  
36.04650338  
43.66786798  
44.5105717  
38.23105893  
26.25118516  
11.588185  
-1.875232712  
-10.48583768  
-11.92433196  
-5.937839328  
5.561244193  
19.07151917  
30.56176653  
36.66152852  
35.60089603  
27.62047126  
14.75988373  
0.1367725432  
-13.02351409  
-22.29446533  
-26.62644125  
-26.45339229  
-23.33866395  
-19.30593115  
-16.08878503  
-14.54741264  
-14.44387922  
-14.64971815  
-13.71407402  
-10.58664614  
-5.216144888  
1.235162218  
6.696875165  
8.957832722  
6.636868314  
-0.02431722577  
-8.911966909  
-16.52707553  
-19.12266141  
-14.12364366  
-1.297699798  
16.81849995  
35.48718814  
49.20870361  
53.55276666  
46.71433591  
30.19595021  
8.331936698  
-13.18817326  
-29.24878597  
-36.96191814  
-36.43144293  
-30.372631  
-22.79261128  
-17.3037006  
-15.76519644  
-17.77853619  
-21.17851856  
-23.2351172  
-21.99436135  
-17.15888423  
-10.14506277  
-3.338384967  
1.071161016  
2.118772796  
0.4868357598  
-1.859184441  
-2.633418313  
-0.3327785676  
5.03223815  
11.91216359  
17.90431782  
20.83232418  
19.72907031  
15.28290768  
9.554560639  
5.097750854  
3.876297388  
6.448540819  
11.75993248  
17.60965344  
21.56607066  
21.9257841  
18.31723995  
11.72863098  
4.003532336  
-2.926451155  
-7.714265378  
-9.896831452  
-9.745160293  
-7.812004928  
-4.461526121  
0.345010915  
6.883083591  
15.20684861  
24.65911048  
33.65260669  
39.91595338  
41.18146855  
36.06769124  
24.78432333  
9.324486477  
-6.998032226  
-20.54021171  
-28.49339816  
-29.77483786  
-25.29945348  
-17.52914563  
-9.487805596  
-3.643805256  
-1.107020976  
-1.443925917  
-3.146800359  
-4.515377329  
-4.54329966  
-3.4156611  
-2.409436086  
-3.258722043  
-7.282164051  
-14.66529068  
-24.21102711  
-33.65682276  
-40.40964936  
-42.38342728  
-38.606767  
-29.4008325  
-16.13395915  
-0.738322609  
14.76192844  
28.53186593  
38.99466192  
44.8142373  
44.97093711  
39.03088927  
27.54307855  
12.33846407  
-3.542713451  
-16.45614775  
-23.21050455  
-22.23555962  
-14.37830207  
-2.912439242  
7.375334848  
11.77721244  
7.371518465  
-5.81816928  
-24.69627166  
-44.08715757  
-58.48261526  
-63.8756473  
-58.98657919  
-45.4542764  
-27.00430755  
-8.017670221  
7.87311163  
18.62201263  
23.82427196  
24.15932812  
20.65637183  
14.23093587  
5.712415613  
-3.756748665  
-12.32974899  
-17.48500127  
-16.66752052  
-8.365819662  
6.868397327  
26.0354195  
44.29502714  
56.4833766  
58.99840568  
51.26807963  
36.12283976  
18.82975777  
5.124948946  
-0.9620726544  
1.419406827  
9.794341256  
19.58867016  
26.17715136  
26.84720694  
21.82917807  
13.98050548  
7.325209602  
5.156050851  
8.574567763  
16.10522471  
24.49717413  
30.27405288  
31.26880882  
27.4306247  
20.5761009  
13.27925531  
7.499115061  
3.638484972  
0.4803840319  
-4.007207827  
-11.44061493  
-22.00376328  
-34.16015709  
-45.23112872  
-52.54594671  
-54.59676084  
-51.64729991  
-45.52986395  
-38.76797835  
-33.47743599  
-30.57372436  
-29.62425951  
-29.33890532  
-28.37592399  
-26.0139626  
-22.35841531  
-18.03740976  
-13.63543968  
-9.250075171  
-4.466619196  
1.219365072  
7.789782542  
14.30463279  
19.02987825  
20.12264736  
16.57440416  
8.919653484  
-0.7171859117  
-9.356705226  
-14.39550855  
-14.75492146  
-11.35251448  
-6.595013584  
-3.067043433  
-2.019624111  
-2.423231137  
-1.141212518  
5.723541687  
20.8276457  
43.81814145  
70.657331  
94.47534963  
107.7330499  
