19.23861564  
26.05376029  
33.06520296  
36.11030699  
33.1327862  
25.07922828  
15.13229044  
6.800694296  
1.975600391  
0.03572149401  
-1.527743994  
-5.351248832  
-12.32305077  
-20.68201915  
-26.65575274  
-26.36298593  
-18.0029947  
-3.16732586  
13.46250304  
25.94809192  
29.59366156  
22.9136986  
8.149107988  
-9.849114721  
-25.74635863  
-35.78740504  
-38.84301712  
-36.09223593  
-29.73425147  
-21.5966917  
-12.46245223  
-2.421912414  
8.117991846  
17.572183  
23.20317974  
22.23395123  
13.53678066  
-1.077175806  
-16.86558676  
-27.73680717  
-28.82845029  
-18.87833797  
-1.151634377  
17.68418088  
30.34705478  
32.13647783  
23.01309505  
7.528486737  
-7.394861554  
-15.77050634  
-15.32732981  
-8.399204679  
-0.5054783716  
2.637222506  
-1.860064709  
-12.54208601  
-24.37262168  
-31.37969135  
-29.81732462  
-20.20980344  
-7.211900715  
2.666177555  
4.329031436  
-3.289097664  
-16.5866527  
-28.95921783  
-33.93771938  
-28.24740737  
-13.29908603  
5.56965356  
21.659824  
29.97140614  
29.26456247  
22.19944605  
13.63784652  
8.097116085  
7.696797849  
11.57687187  
16.9208907  
20.8571873  
22.09767423  
21.40824946  
20.73140242  
21.57926877  
23.7337929  
25.09902405  
22.86148424  
15.32180663  
3.318776493  
-9.662753141  
-18.902738  
-20.7200351  
-14.42049252  
-2.833197437  
8.939840948  
15.98568629  
15.99996522  
10.38355517  
3.400416614  
-0.1990592869  
2.153384766  
9.322781933  
16.96563204  
19.84781716  
14.79720927  
2.705518585  
-11.56755891  
-21.46246684  
-22.07404548  
-12.86814476  
1.718891821  
14.24304747  
17.90591506  
10.10142499  
-5.980072443  
-22.62371254  
-31.25127803  
-26.75179748  
-10.34282694  
10.54118269  
25.4337436  
25.69516457  
8.783009657  
-20.11811593  
-49.96457586  
-68.45462053  
-67.32001605  
-45.93741993  
-11.6557232  
23.26993543  
46.73375315  
51.58463575  
38.14409862  
13.50410038  
-11.86927463  
-28.57134519  
-31.76998611  
-22.42029291  
-5.9584839  
10.62095999  
21.8070969  
25.39712548  
22.52255666  
16.21889609  
9.508940378  
4.033652137  
-0.1946137373  
-4.029079265  
-8.059224494  
-11.87474344  
-14.16297123  
-13.54138534  
-9.582034912  
-3.376929697  
2.737134167  
6.193960728  
5.431165686  
0.6898602125  
-6.04688793  
-11.9540492  
-14.64887745  
-13.22062979  
-8.5145739  
-2.575210672  
2.422042936  
5.183611321  
5.75267003  
5.221797137  
4.91261442  
5.496062765  
6.532518847  
6.669882576  
4.387215687  
-1.106473188  
-9.2758433  
-18.2629704  
-25.49446224  
-28.62080599  
-26.38891056  
-19.1113819  
-8.592520677  
2.407670854  
10.94745195  
14.66864663  
12.37687404  
4.355534713  
-7.607528657  
-20.48764647  
-30.59073012  
-34.38818124  
-29.48951715  
-15.50292153  
5.535559559  
29.42525687  
50.81198808  
64.7110611  
68.05344191  
60.68535831  
45.40792984  
26.99672241  
10.54888801  
-0.2126480497  
-4.025773629  
-2.171084886  
2.421719221  
6.608619113  
8.368803097  
7.489560848  
5.36628634  
4.091350064  
5.306948905  
9.362001031  
15.12929739  
20.50867157  
23.33104937  
22.22783043  
17.09507463  
9.008735187  
-0.2908128016  
-9.057306274  
-16.04521712  
-20.70266016  
-23.07262072  
-23.55600571  
-22.7062696  
-21.13887512  
-19.51796059  
-18.51167621  
-18.63355433  
-19.9907841  
-22.07293261  
-23.75413019  
-23.60795238  
-20.47586297  
-14.06716252  
-5.300351727  
3.82702444  
10.85194899  
13.72325693  
11.57790358  
5.07385537  
-3.873442985  
-12.8342353  
-19.74984427  
-23.56436568  
-24.33995823  
-22.85541477  
-19.94672295  
-15.97120008  
-10.69878803  
-3.690742988  
5.057061981  
14.6022614  
23.03675616  
28.08100515  
28.08203824  
22.94966139  
14.52598933  
6.101825235  
1.18153643  
1.979871869  
8.319470922  
17.48026527  
25.16347946  
27.23512106  
21.53358012  
8.946078836  
-6.764846841  
-20.37735925  
-27.31140563  
-25.53108334  
-16.41761188  
-4.206359839  
5.801359983  
9.498464523  
5.72822816  
-3.236832606  
-12.71749869  
-17.71827709  
-15.17563542  
-5.37260154  
8.114544593  
19.9307122  
25.2647363  
21.96505287  
11.51595131  
-1.562839888  
-11.63889889  
-14.37773312  
-8.59150654  
3.275714595  
16.22924311  
24.8901546  
25.79560659  
18.83545488  
7.215404493  
-4.012459547  
-10.19073669  
-9.086556467  
-1.839822765  
7.554575664  
13.97796701  
13.37021294  
4.438239231  
-10.80037118  
-27.81342689  
-41.30410691  
-47.16582398  
-43.86419062  
-32.76474152  
-17.38937717  
-2.008174246  
9.818360716  
16.20310749  
17.13934529  
14.03361143  
8.894680848  
3.569636839  
-0.7025351366  
-3.361574563  
-4.347085121  
-3.869958934  
-2.280947863  
-0.05914754369  
2.166791674  
3.681001839  
3.878920686  
2.542349537  
0.04430176314  
-2.665817726  
-4.354785468  
-3.99167341  
-1.225657213  
3.371993364  
8.443219892  
12.33271537  
13.74317977  
12.27997918  
8.642094738  
4.361027498  
1.180016287  
0.3224217337  
1.951274777  
5.049406704  
7.784169726  
8.227448109  
5.159605144  
-1.352688582  
-9.836568105  
-17.81803456  
-22.62817431  
-22.33655038  
-16.48166307  
-6.325977857  
5.479822907  
15.73419797  
21.74897145  
22.26803734  
17.90017181  
10.88610284  
4.261629124  
0.7130192105  
1.556434111  
6.246185827  
12.6221092  
17.8142218  
19.44634624  
16.64059365  
10.39069317  
3.129098291  
-2.341842653  
-4.098286761  
-1.971927724  
2.347419484  
6.051881394  
6.488796698  
2.408296331  
-5.378625829  
-14.24411563  
-20.80481326  
-22.34920526  
-18.01149643  
-9.181065264  
1.026399161  
8.998586742  
12.02105061  
9.247488407  
1.868549348  
-7.529179956  
-16.06941648  
-21.64043806  
-23.45723426  
-21.96574808  
-18.25471646  
-13.35704546  
-7.830360956  
-1.807931722  
4.577075517  
10.71260957  
15.33108542  
16.82252568  
13.94121636  
6.561129515  
-3.940747053  
-14.9439414  
-23.45244822  
-27.22149545  
-25.63463512  
-19.90677771  
-12.48935119  
-5.931265677  
-1.720920239  
0.3367592697  
1.89456631  
5.076484389  
11.19482422  
19.80267393  
28.58238869  
34.192452  
33.73781232  
26.20837724  
13.20177561  
-1.46271496  
-13.14353485  
-18.22703749  
-15.63364872  
-7.303901745  
2.584061379  
9.360845634  
9.837477243  
3.647826636  
-6.631516002  
-16.64650714  
-22.2099083  
-21.16594055  
-14.34175506  
-5.151440597  
1.981264295  
3.679181579  
-0.7838300854  
-9.073044401  
-16.79286201  
-19.47530121  
-14.67732745  
-3.235194167  
10.91822863  
22.33605316  
26.37502816  
21.24247778  
8.869730256  
-5.786954825  
-16.73175098  
-19.35644716  
-12.27773062  
2.179267777  
19.01853884  
32.64490033  
39.05947915  
37.26075992  
29.32330911  
19.22759046  
11.04312722  
7.292516414  
8.165981011  
11.81225796  
15.43455754  
16.59938334  
14.15849146  
8.455614771  
0.8783340233  
-6.886905768  
-13.4723243  
-18.06291569  
-20.27397651  
-19.91687207  
-16.92751367  
-11.56438505  
-4.733314364  
1.86750326  
6.047810199  
5.891999447  
0.6988948043  
-8.395399541  
-18.53744982  
-26.119587  
-28.24854483  
-24.06363224  
-15.24117272  
-5.362849736  
1.630928589  
3.206833366  
-0.6243728215  
-7.374575418  
-13.34065558  
-15.44816696  
-12.74729969  
-6.787696346  
-0.6651662132  
2.76968568  
2.584809869  
0.3906248845  
-0.4917875517  
3.048755546  
11.89313966  
23.69088454  
33.53784847  
36.14744619  
28.5226222  
11.78857637  
-8.830179104  
-26.03785829  
-33.65238668  
-29.4696857  
-16.40611005  
-1.290720278  
8.206454397  
7.110015668  
-4.519551536  
-21.55746755  
-36.12930833  
-41.18735768  
-33.67207267  
-15.79473438  
6.111230347  
24.55917602  
34.24364375  
34.16498888  
27.61327692  
20.15340136  
16.71151657  
