1.724479462  
-18.94784773  
-28.06373117  
-22.8508651  
-6.177088484  
14.96165887  
32.52072306  
40.66464633  
37.83531518  
26.88009154  
13.38753334  
3.130408235  
-0.2033639209  
3.915979821  
13.24637927  
24.20567976  
33.54047753  
39.46043475  
41.85660268  
41.72594364  
40.27670609  
38.23772802  
35.66448731  
32.1939471  
27.45669573  
21.33245211  
13.91726457  
5.317667727  
-4.470478273  
-15.39889719  
-26.94399753  
-37.69296246  
-45.30506866  
-47.07652738  
-41.01467851  
-26.9893437  
-7.373486104  
13.27189277  
29.51060831  
36.904204  
33.68833645  
21.5140173  
4.881834226  
-10.54373372  
-20.05957662  
-21.61302471  
-16.37222479  
-7.988040882  
-0.9187035638  
1.435474497  
-1.990831712  
-9.709285261  
-18.503078  
-24.84725205  
-26.28116475  
-22.19300363  
-13.79597808  
-3.441839127  
6.338990924  
13.64646835  
17.59712333  
18.24912496  
16.22272026  
12.25080235  
6.853910612  
0.2284778454  
-7.664954762  
-16.88332846  
-27.23537242  
-38.04853952  
-48.0519957  
-55.46384426  
-58.34420356  
-55.19432735  
-45.65009508  
-30.9981991  
-14.21504812  
0.649817532  
9.665657212  
10.41447487  
3.03179278  
-9.608805163  
-22.76414114  
-31.49107656  
-32.47502852  
-25.24682872  
-12.24116418  
2.34986245  
14.42190081  
21.66025303  
24.31439072  
24.70464395  
25.74197469  
29.23591308  
34.87538867  
40.42332386  
43.03211117  
40.98139559  
34.88411187  
27.64865606  
23.12207162  
24.05249294  
30.42453246  
39.10363276  
45.10202989  
43.94977841  
34.03657992  
17.71974477  
0.538589544  
-11.20882347  
-13.42866983  
-6.301227846  
5.611328481  
15.37334476  
16.92094795  
8.021577355  
-8.496846101  
-25.90484219  
-36.64479782  
-35.91030199  
-24.04303747  
-6.581303597  
8.117956103  
12.62379465  
3.83349381  
-15.52730697  
-37.99166474  
-54.5275593  
-58.3687498  
-47.80646831  
-26.7657652  
-3.018079856  
15.07450227  
21.80899057  
16.03137279  
1.029337459  
-17.27682198  
-32.8512491  
-41.61094568  
-42.28092634  
-35.96098004  
-24.94445925  
-11.56792417  
2.337876607  
15.31338864  
25.83113709  
32.09879319  
32.44583445  
26.19244113  
14.49857129  
0.5818602711  
-11.03864348  
-16.10174058  
-12.31748233  
-0.4152209208  
16.0368421  
32.03450009  
43.15633146  
47.27394009  
45.16503984  
39.77288256  
34.51847011  
31.53056644  
30.67940057  
29.872736  
26.41806263  
18.70704035  
7.319647484  
-5.045992937  
-14.79662394  
-19.19475512  
-17.73238955  
-12.40946932  
-6.75784634  
-4.093842489  
-5.880609851  
-11.03094269  
-16.50774622  
-18.92400068  
-16.33807688  
-9.338986419  
-0.8687808218  
5.143200599  
5.669480876  
0.0751329938  
-9.515987945  
-19.15669644  
-24.86280411  
-24.39971479  
-18.23356156  
-9.224169413  
-1.237870206  
2.645393168  
1.492598295  
-3.157761493  
-8.110025179  
-10.04633271  
-7.063013472  
0.4676564898  
10.04533769  
18.07322449  
21.28271718  
17.94441874  
8.411954066  
-5.131034962  
-19.52034965  
-31.66112564  
-39.37952026  
-41.83158091  
-39.43834412  
-33.48727238  
-25.61289959  
-17.34419562  
-9.825847537  
-3.736974086  
0.6296707237  
3.19642258  
3.921768447  
2.701342862  
-0.5815180003  
-5.83964619  
-12.47186443  
-19.12090337  
-23.69877182  
-23.81788216  
-17.59898391  
-4.610664732  
13.46248377  
32.82443152  
48.43841239  
55.60151983  
51.70450576  
37.47348041  
17.10449864  
-2.904438828  
-15.88523005  
-17.32048577  
-6.448083435  
13.49963046  
36.51983151  
56.01902083  
67.05233512  
67.73410932  
59.33341675  
45.1713881  
28.95777514  
13.39571863  
-0.335676691  
-12.1197467  
-21.89311194  
-28.80102226  
-31.11350818  
-27.04567197  
-16.07524344  
0.00191373634  
16.9904195  
29.45398591  
32.74613894  
25.04176981  
8.394118102  
-11.78244574  
-28.70709371  
-36.91171794  
-34.45577107  
-23.69250617  
-10.22706265  
-0.5097826947  
0.884933287  
-6.888528135  
-20.74099717  
-35.11950911  
-44.44343212  
-45.39632075  
-38.08637553  
-25.65098603  
-12.60788651  
-2.801293145  
2.090960556  
2.863116016  
1.887046338  
1.580908873  
3.068983895  
5.702045523  
7.625238354  
7.028829855  
3.37331024  
-2.089859422  
-6.80365395  
-8.170669396  
-4.960109467  
1.872115969  
9.406361238  
13.97807664  
12.85831384  
5.621763805  
-5.448687458  
-16.14621586  
-22.00725646  
-20.16029385  
-10.57218441  
3.83545843  
18.24819736  
27.76198126  
29.2010135  
22.24317384  
9.449385335  
-4.761558808  
-15.74933763  
-20.25691797  
-17.40248825  
-8.754001626  
2.452546293  
12.58448339  
18.86719553  
20.1799227  
17.16854466  
11.72756887  
6.128291548  
2.165246994  
0.6364403572  
1.301596689  
3.252625718  
5.4695161  
7.283255516  
8.541789171  
9.436464504  
10.12152199  
10.36616048  
9.465718949  
6.508166322  
0.9007335601  
-7.097103779  
-16.13354923  
-24.01121852  
-28.39755392  
-27.74150259  
-22.00151907  
-12.82932849  
-3.06568044  
4.293020752  
7.246784385  
5.571369683  
0.8766373387  
-4.094789838  
-6.62823906  
-5.148136172  
0.2036441359  
7.755394384  
15.13243887  
20.30373073  
22.34466082  
21.57937726  
19.0984451  
15.97306557  
12.63664595  
8.79483974  
3.913151792  
-2.01924729  
-7.94551364  
-11.832814  
-11.48636753  
-5.754743961  
4.486702992  
16.16645048  
24.91024315  
26.72895784  
19.79412405  
5.467759674  
-11.9711507  
-26.88965339  
-34.53230708  
-32.95313636  
-23.77454145  
-11.40939436  
-1.080801056  
3.469883829  
1.547117749  
-4.364639173  
-9.931118002  
-11.11582425  
-6.125987561  
3.748009218  
14.76432736  
22.49493028  
23.8610542  
18.47650043  
8.699697229  
-1.566758253  
-8.696811251  
-10.88744576  
-8.721885732  
-4.562494128  
-1.173712699  
-0.3264454844  
-2.089188109  
-5.103738727  
-7.60275115  
-8.541079883  
-8.180880019  
-7.801061883  
-8.711913853  
-11.16404442  
-13.82769473  
-14.22488381  
-9.979980342  
-0.2815031028  
13.22349741  
26.64705715  
35.20459705  
35.13406394  
25.32449515  
7.891135239  
-12.59035815  
-30.85711601  
-42.94467918  
-47.50696172  
-45.92647873  
-41.24915334  
-36.51905674  
-33.33235449  
-31.27173344  
-28.4188919  
-22.6103493  
-12.76601726  
0.3716607995  
14.42041326  
26.32723554  
33.62144053  
35.35234397  
32.31312733  
26.52356533  
20.28945399  
15.30754985  
12.19159994  
10.53604158  
9.363974181  
7.666071565  
4.777581644  
0.5061451838  
-4.908852268  
-10.85946499  
-16.37649948  
-20.13735952  
-20.62111591  
-16.51836247  
-7.336995975  
6.051625058  
21.27169656  
34.94350622  
43.77171932  
45.83140196  
41.46794979  
33.31108994  
25.26808406  
20.85000871  
21.55780298  
26.10312056  
30.90310758  
31.70475166  
25.63634819  
12.73343114  
-3.812405875  
-18.85623045  
-27.44290504  
-26.91946833  
-18.04327785  
-4.579183187  
8.406560055  
16.73402619  
18.74747984  
15.66647177  
10.56494042  
6.570418866  
5.238436046  
5.926001394  
6.435078431  
4.515754745  
-0.6377377319  
-7.753277901  
-14.09277241  
-17.00550224  
-15.58013772  
-11.45419066  
-8.245787688  
-9.786564756  
-17.98968411  
-31.44216388  
-45.51657884  
-54.08492151  
-52.13316442  
-38.10414275  
-14.8808827  
11.07698299  
32.09531657  
42.13097152  
38.89630097  
24.42067209  
3.932916748  
-16.32459226  
-31.34417678  
-38.75577921  
-38.97370634  
-34.29199334  
-27.55970736  
-21.11298884  
-16.34262809  
-13.83713413  
-13.7298775  
-15.85966067  
-19.60750139  
-23.61555229  
-25.78408119  
-23.83941394  
-16.40329675  
-4.086212413  
10.06565963  
21.25314783  
24.69600081  
17.84249024  
1.994622806  
-17.56020646  
-33.22127198  
-38.02265285  
-28.65484266  
-7.196837453  
19.32906896  
41.53722035  
51.38564586  
45.45198713  
26.36029492  
