31.36220674  
17.37559521  
-1.118807549  
-20.01602555  
-35.17908263  
-43.68642084  
-44.53987547  
-38.64388766  
-28.17771482  
-15.71135566  
-3.464758072  
7.02731594  
14.82956253  
19.30868482  
19.92374115  
16.31404434  
8.677057358  
-1.798275209  
-12.78279282  
-21.19464295  
-24.11965725  
-19.9581524  
-9.299155089  
4.943924493  
18.32767293  
26.3891507  
26.30460839  
18.00471692  
4.239865077  
-10.47815193  
-21.6385618  
-26.45261896  
-24.79045335  
-18.93593781  
-12.29887832  
-7.706897942  
-6.093953665  
-6.210901836  
-5.485277317  
-1.590460019  
6.078482081  
15.79518516  
24.11452415  
27.45133048  
23.86389189  
14.13911044  
1.585357759  
-9.434696485  
-15.55733737  
-16.04747862  
-13.15213449  
-10.9220074  
-13.00904924  
-20.50407856  
-30.93726321  
-39.06409427  
-39.2134875  
-28.17633643  
-7.257795099  
17.59519856  
37.84535324  
45.83663691  
38.20583498  
17.67990955  
-7.654755274  
-27.43355229  
-33.20938438  
-21.9851081  
2.458189575  
31.05070044  
53.13935571  
60.84290206  
52.20608267  
31.82705136  
8.730344257  
-7.557458142  
-11.02285363  
-1.569487668  
15.15151745  
30.31823632  
35.73957836  
27.2354587  
6.211910539  
-21.1132787  
-46.3586976  
-62.27721356  
-65.30813583  
-56.42513843  
-40.12778645  
-22.21855616  
-7.442865186  
2.008430218  
6.640023331  
8.60386755  
10.1338321  
12.27352677  
14.45838611  
15.03645129  
12.35530967  
5.815819398  
-3.624849446  
-13.70277806  
-21.67828833  
-25.3304028  
-23.67499004  
-17.15069695  
-7.289073826  
3.89650204  
14.5014905  
23.0879979  
28.77041335  
31.13722293  
30.16629498  
26.226692  
20.14129448  
13.19229374  
6.950366707  
2.900096477  
1.966961343  
4.145004279  
8.417863153  
13.05382184  
16.18818059  
16.46948625  
13.50683031  
7.939352836  
1.113885223  
-5.473328696  
-10.72154605  
-14.22989015  
-16.25718694  
-17.39515887  
-18.13719949  
-18.55821576  
-18.25457123  
-16.56524955  
-12.96642178  
-7.458157726  
-0.7683376104  
5.724599208  
10.3398796  
11.60564336  
8.769282654  
2.141879883  
-6.843693628  
-15.90433414  
-22.46235503  
-24.35455324  
-20.50384879  
-11.34556098  
1.156227039  
13.96050704  
23.77982838  
28.05528178  
25.75912524  
17.73161922  
6.400519693  
-5.050320136  
-13.78099038  
-18.26018194  
-18.72244409  
-16.93242276  
-15.34294906  
-15.98237928  
-19.52478971  
-24.9290963  
-29.80348258  
-31.35454667  
-27.53941334  
-17.95715464  
-4.124252122  
10.96990948  
23.84590352  
31.6722397  
33.13506949  
28.7441707  
20.51129453  
11.17180757  
3.266136337  
-1.591810467  
-3.041823884  
-1.853525037  
0.5378998943  
2.635044638  
3.413073042  
2.63719282  
0.9001550836  
-0.6005482842  
-0.4691855588  
2.408767602  
8.438839497  
17.06215492  
26.7648662  
35.38594348  
40.67214588  
40.9375255  
35.6259601  
25.57826867  
12.8861916  
0.3505226554  
-9.296552697  
-14.15546896  
-13.66256525  
-8.681936895  
-1.18497428  
6.343405215  
11.55930013  
12.78085126  
9.268552545  
1.265479098  
-10.12941843  
-23.17137462  
-35.72112907  
-45.54608256  
-50.69511775  
-49.92938213  
-43.11518561  
-31.42332152  
-17.18693532  
-3.36767277  
7.260620188  
12.95223801  
13.53598619  
10.42735186  
6.063029655  
2.953117461  
2.719009892  
5.506092902  
10.01219803  
14.11334013  
15.81277167  
14.10333006  
9.378044066  
3.229216045  
-2.253330474  
-5.362496373  
-5.45053967  
-3.131946754  
0.03559540064  
2.214016079  
1.990030352  
-1.157250412  
-6.763358825  
-13.6185127  
-20.17312711  
-24.92363847  
-26.67137752  
-24.6606266  
-18.67246074  
-9.138165067  
2.747251923  
15.02271405  
25.20547318  
30.83871862  
30.24113472  
23.19989161  
11.28990458  
-2.404220668  
-14.15933091  
-20.8085093  
-20.81248822  
-14.77013499  
-5.139574978  
4.732941348  
11.88152833  
14.7624658  
13.64774809  
10.24299559  
6.748510669  
4.823498381  
4.933113171  
6.353796051  
7.7808317  
8.189976858  
7.490651611  
6.627228179  
7.073999805  
9.984194448  
15.43641825  
22.18072026  
28.04266405  
30.81653006  
29.2315576  
23.52870945  
15.36634353  
7.090918836  
0.7117052619  
-2.942731872  
-4.496497297  
-5.61066877  
-8.087623965  
-12.92455523  
-19.75890051  
-26.95561905  
-32.28290236  
-33.85519649  
-30.91618646  
-24.13011896  
-15.29286096  
-6.639837759  
-0.08948636939  
3.252190421  
3.167502148  
0.05224260093  
-5.475378801  
-12.82341317  
-21.39737514  
-30.3556076  
-38.36922822  
-43.63625635  
-44.27636573  
-39.01764471  
-27.88881099  
-12.56139677  
3.906728061  
17.92672879  
26.55512223  
28.5349424  
24.76053818  
17.93869417  
11.5468971  
8.490838625  
10.00315045  
15.23775756  
21.72930357  
26.5249122  
27.50914783  
24.35753552  
18.70694875  
13.46089734  
11.51453572  
14.43338952  
21.6454623  
30.49786685  
37.17332394  
38.10975377  
