-28.09596906  
-56.74797988  
-93.43809336  
-125.2820659  
-138.874497  
-125.5209464  
-84.98176571  
-26.14768696  
35.74650406  
84.38992308  
108.1570363  
104.1508129  
78.96638283  
45.88643677  
19.6035879  
10.51292219  
20.76410255  
43.55518718  
65.88704826  
73.67821737  
57.27648665  
15.31489519  
-44.45526932  
-107.5562483  
-157.4256816  
-180.5905297  
-170.5906381  
-129.4567533  
-66.50469552  
4.856590676  
71.03509214  
121.5761229  
151.0094715  
159.0006242  
149.1836126  
127.3810873  
99.90520843  
72.36431237  
49.05807705  
32.79218383  
24.87559329  
25.15463529  
32.08847845  
42.97290248  
54.4020993  
62.94949652  
65.91217313  
61.89612678  
51.06045084  
34.96901246  
16.15032479  
-2.449371121  
-17.94879345  
-27.88192013  
-30.46145106  
-24.85301799  
-11.50757783  
7.52841252  
28.52357324  
46.42181453  
55.76161163  
52.03745686  
33.13920033  
0.3682105084  
-41.41140164  
-84.6728715  
-120.9945635  
-143.1867376  
-147.1141495  
-132.6502979  
-103.5029823  
-66.04381486  
-27.59460532  
5.253761476  
27.81431192  
37.76334022  
34.97652662  
21.03488904  
-1.283146795  
-28.3434947  
-55.8593917  
-79.14400849  
-93.61892614  
-95.6522415  
-83.571534  
-58.49932506  
-24.5992707  
11.545388  
42.40390739  
61.46318376  
65.08281329  
53.6056101  
31.30401166  
5.133227423  
-17.31158691  
-29.94968226  
-29.7617715  
-17.25057293  
4.243005249  
29.99444538  
55.48089881  
77.46667587  
94.23784145  
105.0526459  
109.2524041  
105.6294023  
92.50855817  
68.62056663  
34.40032136  
-6.951905284  
-49.30717953  
-84.67555369  
-105.3177637  
-106.2184803  
-87.00064665  
-52.49327982  
-11.63501349  
24.98677803  
48.15176766  
52.56941227  
38.17384318  
9.818601852  
-24.39232794  
-55.47885317  
-75.88086628  
-81.06297375  
-70.16527769  
-45.78070365  
-13.14067044  
20.99859131  
49.58200737  
66.51264012  
67.86547423  
52.8857138  
24.48039537  
-11.10816483  
-45.58960877  
-70.69060709  
-80.45336024  
-73.01672185  
-51.20980429  
-21.66675  
7.283785795  
28.22783939  
36.84848038  
32.9354379  
19.95089721  
3.441465022  
-11.00894383  
-19.50987314  
-20.74090529  
-15.85615904  
-7.680142363  
0.3632279124  
5.207306562  
4.816070723  
-1.401670077  
-12.35594384  
-25.23258936  
-35.79908547  
-39.24553811  
-31.5776348  
-11.24522735  
19.61830815  
55.04673035  
86.58542787  
105.9269132  
107.9740807  
93.08698233  
67.42431636  
40.99129422  
23.98642908  
22.86053509  
37.74460512  
62.40511431  
86.81869089  
101.2938963  
100.3502544  
84.64989703  
60.15842166  
34.98677352  
15.44396557  
3.188585076  
-5.171558598  
-15.86815175  
-34.25226273  
-61.40151961  
-92.73989645  
-119.3912516  
-131.6828022  
-123.2010517  
-93.56280142  
-48.70240976  
1.34481194  
46.04157537  
77.66601417  
92.96834552  
92.72317697  
79.81079253  
57.12429583  
26.52666487  
-10.65910938  
-52.12446861  
-93.19049841  
-126.7363291  
-144.9148085  
-142.1052165  
-117.7478642  
-77.57301793  
-32.37725934  
5.377078712  
25.81344386  
24.96818512  
5.799885712  
-23.47157627  
-52.85914305  
-74.33041336  
-84.16291291  
-83.09683716  
-74.55258985  
-62.07345784  
-47.40591514  
-30.15013761  
-8.988030817  
16.37813367  
43.8075455  
68.73749113  
85.73788034  
90.84344919  
83.44976856  
66.75373981  
46.4555976  
28.33089986  
15.86038972  
9.075549772  
5.155760701  
0.4238511596  
-7.312557908  
-17.28448652  
-25.90397536  
-28.45214383  
-21.46523663  
-4.633963188  
18.70795746  
42.72792395  
61.3073413  
70.28545565  
68.74973493  
58.90912401  
44.78891179  
30.50249514  
18.94570095  
11.41103336  
8.05489034  
8.689729863  
13.26110776  
21.65252703  
32.95813695  
44.78369689  
53.22396398  
53.85242284  
43.49583821  
22.04673177  
-6.617485155  
-35.26468002  
-55.50013029  
-60.81106782  
-49.28515348  
-24.84339561  
3.652594227  
25.24043972  
30.68300867  
15.89686775  
-16.30223115  
-56.82789514  
-93.1702151  
-113.5098646  
-110.6955582  
-84.72003692  
-42.83720354  
2.740490567  
38.81035329  
55.49441981  
49.45228386  
24.89899534  
-7.932333257  
-36.37219707  
-49.70887355  
-42.85854581  
-18.00935487  
16.34639607  
48.62444291  
68.40549902  
70.14243258  
54.94843666  
29.85198845  
4.904085732  
-10.64985442  
-11.60655055  
1.753747305  
24.40933465  
48.98274341  
68.59130578  
78.92309057  
78.80157747  
69.31199398  
52.26168453  
28.99364001  
0.259181375  
-32.84345155  
-67.5538043  
-98.7634454  
-119.7068556  
-124.0564815  
-108.6317248  
-75.44646303  
-31.95953578  
10.87497935  
42.15179653  
54.75466614  
47.71386173  
26.15148715  
-1.167023044  
-25.59420111  
-42.01034469  
-50.39491838  
-54.92936698  
-61.13912659  
-72.47819274  
-87.99438863  
-102.1990236  
-107.2393024  
-96.42040809  
-67.51505283  
-24.39265809  
23.76708012  
65.39176376  
90.41452608  
93.65436875  
76.44662804  
46.01900023  
12.96265372  
-12.2184421  
-22.27874824  
-15.1527652  
5.837245274  
33.37765107  
58.61058268  
73.86018258  
74.87323974  
61.99394645  
39.98044387  
16.51966648  
-0.1599729412  
-3.897883044  
7.366765417  
30.82545325  
59.61677938  
85.0220929  
99.32480023  
98.32963535  
82.62868803  
57.16097828  
29.2742529  
6.088410217  
-7.790310037  
-11.35116936  
-6.770500647  
2.109638025  
11.58282482  
19.29020617  
24.36607778  
26.64281312  
25.55528319  
19.52993295  
6.36035002  
-15.50639256  
-45.40819741  
-79.51357592  
-111.1504019  
-132.5130478  
-137.179602  
-122.4371228  
-90.43952469  
-47.6924805  
-3.058641953  
34.91988184  
60.3543493  
71.18709999  
68.95102752  
57.44451005  
41.03274009  
23.30283711  
6.489818067  
-8.341756152  
-20.71815292  
-30.22779798  
-36.34153668  
-38.60558146  
-37.0032859  
-32.21952142  
-25.64201339  
-19.11316457  
-14.57142418  
-13.72835368  
-17.82978178  
-27.43992756  
-42.16790769  
-60.35299084  
-78.88483355  
-93.42772897  
-99.24278832  
-92.54571246  
-72.00569362  
-39.77165121  
-1.45426207  
35.15905958  
62.35612464  
74.95238723  
72.00834108  
57.1120516  
37.0857702  
19.61231276  
10.70361752  
12.95294463  
25.12941515  
43.08230434  
61.40820287  
75.13019627  
80.80492705  
76.87794054  
63.50683186  
42.2427677  
15.84325546  
-11.81659715  
-36.02284259  
-51.99796904  
-56.20436287  
-47.78886304  
-29.4780326  
-7.275172365  
11.24655029  
19.59613024  
14.94321026  
-0.5250253005  
-20.19379051  
-35.45762615  
-39.05345619  
-27.88635526  
-4.133199798  
25.8183306  
54.04919305  
74.12947005  
83.10419141  
81.64510208  
72.53388718  
58.49642501  
40.69665473  
18.77371585  
-7.628021879  
-36.81843006  
-63.91316845  
-81.61673718  
-82.96693643  
-64.92480073  
-31.0066134  
8.641867116  
40.26724579  
51.69155586  
37.55062326  
2.21472597  
-41.14674735  
-75.2717477  
-85.51343649  
-65.79979406  
-21.30900854  
33.3391634  
79.68558914  
102.5299788  
95.61695983  
63.63764454  
19.86996216  
-19.39521662  
-41.22690387  
-40.62723518  
-21.62335128  
5.251265981  
27.73186567  
36.72136041  
29.36512062  
9.331957585  
-15.41361283  
-36.09702231  
-46.33021448  
-43.87112141  
-30.60087555  
-11.15802379  
8.921906175  
24.7766574  
33.11541264  
32.50717281  
23.35952077  
7.827982866  
-10.3532119  
-26.34019336  
-35.16417189  
-33.18044347  
-19.55419338  
2.89142885  
28.05363541  
48.29567617  
57.07183466  
51.43494894  
33.33475517  
9.027241796  
-13.29949728  
-26.77001465  
-28.57291291  
-21.00148682  
-10.27983986  
-3.64914134  
-5.994550501  
-17.54315724  
-33.72366125  
-47.32061572  
-52.00171699  
-45.62269181  
-31.73933044  
-18.49837192  
-15.22628188  
