87.13593758  
89.4051133  
80.68176265  
64.40315505  
44.87132824  
25.79948039  
9.420146276  
-3.599604729  
-13.57664705  
-20.9868055  
-25.87369259  
-27.78936035  
-26.24848132  
-21.38987614  
-14.41862096  
-7.508653217  
-3.122286664  
-3.014785643  
-7.382489324  
-14.58559433  
-21.63764637  
-25.31131117  
-23.42241435  
-15.75610543  
-4.239423919  
7.718891703  
16.44914293  
19.30188983  
15.48299387  
6.148837722  
-6.203580659  
-18.72502456  
-29.12955184  
-36.17523091  
-39.59603219  
-39.64961483  
-36.61541507  
-30.56083383  
-21.5052865  
-9.858297712  
3.17640811  
15.55031969  
24.82047655  
28.97495752  
27.27573408  
20.69524852  
11.67251402  
3.218774091  
-2.278171959  
-4.026703929  
-3.120850462  
-1.973863007  
-3.111323936  
-7.848411952  
-15.45865597  
-23.24735089  
-27.55300945  
-25.28359294  
-15.34101549  
0.6871246421  
18.8909831  
34.33867628  
42.803325  
42.23499806  
33.41118402  
19.54635216  
5.062074758  
-5.96644275  
-11.08876429  
-10.04912038  
-4.536029347  
2.673266185  
8.764336587  
11.72646662  
10.74409961  
6.132045372  
-1.013036187  
-9.217576118  
-16.9354154  
-22.72491358  
-25.37623906  
-24.08321392  
-18.68209388  
-9.871038689  
0.743617392  
10.90281568  
18.26043742  
21.10990813  
19.00841536  
13.03233123  
5.518148011  
-0.6594579508  
-3.032822323  
-0.3753814624  
6.871240818  
16.71976278  
26.25297731  
32.51244082  
33.37017823  
28.12976128  
17.71268778  
4.415159981  
-8.675451233  
-18.45709501  
-22.61207357  
-20.25641772  
-12.27702585  
-1.228957251  
9.256473365  
15.47117142  
14.79951902  
6.697684203  
-6.892769424  
-21.93873884  
-33.49269803  
-37.31878973  
-31.40854106  
-16.80218837  
2.651291978  
21.56859296  
34.89483086  
39.64675553  
35.84923882  
26.29137588  
15.21236662  
6.476934491  
2.016764127  
1.195909382  
1.352077998  
-0.7525290335  
-7.23628559  
-17.92758972  
-30.24663632  
-40.19475717  
-44.01458108  
-39.79380142  
-28.32202467  
-12.849813  
2.119551645  
12.47061001  
15.86289574  
12.33456946  
3.965652812  
-6.146866484  
-15.09249152  
-21.01637771  
-23.36969074  
-22.58428627  
-19.47626116  
-14.75519914  
-8.885098231  
-2.293136499  
4.297852173  
9.71353981  
12.54016211  
11.6683227  
6.911845447  
-0.6424096415  
-8.799622335  
-14.94243884  
-16.97981523  
-14.15241314  
-7.330485279  
1.339642385  
9.290406326  
14.51265884  
16.23391672  
15.01710852  
12.27800472  
9.487428514  
7.459601752  
6.066632157  
4.498342733  
1.912625339  
-1.870693225  
-6.0027706  
-8.778408394  
-8.303856306  
-3.376111119  
5.819104081  
17.51683189  
28.80578878  
36.54260648  
38.41018144  
33.72852999  
23.7267125  
11.18887298  
-0.3903853948  
-7.850188177  
-9.273944665  
-4.503757421  
4.861246618  
15.94514912  
25.39331069  
30.26405428  
28.7888542  
20.82321194  
7.888909102  
-7.198610298  
-21.02969242  
-30.45956128  
-33.4126877  
-29.42100584  
-19.74416689  
-7.028864693  
5.406824014  
14.46654016  
18.09424319  
15.78574211  
8.652381201  
-0.9713117576  
-10.25156296  
-16.69434388  
-18.85578733  
-16.72262172  
-11.65699212  
-5.923278353  
-1.933031116  
-1.429469852  
-4.861662113  
-11.15833484  
-18.00373342  
-22.56516425  
-22.46540092  
-16.68502108  
-6.068865984  
6.783166615  
18.25821272  
24.88958792  
24.54125239  
17.18585701  
4.970615938  
-8.478050376  
-19.26980505  
-24.53807097  
-23.32179624  
-16.7265535  
-7.343630441  
1.796586298  
8.287484677  
11.00360826  
10.14221819  
6.733079586  
1.937019572  
-3.479306898  
-9.236558295  
-15.20744691  
-20.90950217  
-25.19347387  
-26.40169744  
-23.01354175  
-14.50382372  
-1.969249476  
11.87108437  
23.42883642  
29.51828263  
28.62782945  
21.61575996  
11.47054686  
2.178525041  
-2.851630341  
-2.139353939  
3.330289533  
10.61778214  
16.15852298  
17.31398777  
13.45438532  
6.105398225  
-1.871591518  
-7.651851678  
-9.713554235  
-8.409221043  
-5.599862539  
-3.565242992  
-3.748677876  
-5.965393034  
-8.467540094  
-8.834257126  
-5.248064998  
2.473586451  
12.60824047  
22.17165688  
28.18780939  
28.99736708  
24.99469579  
18.44966448  
12.49554621  
9.745773804  
11.16313103  
15.67520694  
20.67878429  
23.17481713  
21.01023167  
13.69051218  
2.457141629  
-10.32503673  
-22.12670971  
-31.10447831  
-36.5012449  
-38.51728399  
-37.84010154  
-35.15884257  
-30.9375435  
-25.5236554  
-19.44382665  
-13.61521709  
-9.248315693  
-7.409433186  
-8.439814673  
-11.56178108  
-14.95594932  
-16.37691609  
-14.09244443  
-7.728721019  
1.402840939  
10.71262973  
17.35184288  
19.4152792  
16.77899124  
11.15953975  
5.32525375  
1.787670786  
1.566494015  
3.621652896  
5.267088325  
3.440603724  
-3.701867419  
-15.58135425  
-28.96287784  
-38.87830204  
-40.39434715  
-30.53858947  
-9.60672407  
18.68869514  
48.30281135  
72.75908194  
