-9.452559725  
-1.985655212  
5.052658844  
10.55130272  
12.88630956  
11.38231316  
7.359257507  
3.990087636  
4.912161128  
12.29945145  
25.46617762  
40.83704262  
53.39921328  
58.94967728  
55.99875857  
46.34424171  
34.00952403  
23.09345309  
15.6542642  
10.73568115  
5.054318873  
-5.000985463  
-21.09080226  
-41.55602684  
-61.68196538  
-75.49338608  
-78.21007004  
-68.18548978  
-47.44489158  
-20.67468885  
6.712243398  
30.3979599  
47.99623299  
58.6593708  
61.94841741  
56.88693949  
41.9953186  
16.47790114  
-18.04162267  
-56.33693975  
-89.94285342  
-109.3650969  
-107.4684143  
-82.62931671  
-40.13580856  
9.04369278  
51.86502902  
77.8314345  
82.73888295  
69.95306505  
48.66394463  
29.86876195  
21.8129089  
26.823629  
40.81561572  
55.54143569  
62.46402524  
56.48167814  
37.90974248  
12.00146866  
-13.57030691  
-31.9784078  
-39.75148265  
-37.52013664  
-28.91120122  
-18.37453206  
-9.141790771  
-2.301812617  
2.708639018  
6.684115982  
9.257224019  
8.427073161  
1.352699661  
-13.97518431  
-37.09469045  
-64.42039235  
-90.06669547  
-107.8989346  
-113.9220716  
-107.9047773  
-93.4543602  
-76.46731695  
-62.63412094  
-55.1145024  
-53.41154162  
-53.90892467  
-51.7621816  
-43.22708753  
-27.3431956  
-6.239383825  
15.990968  
35.21787872  
49.02730764  
57.45622838  
62.41713066  
66.19597931  
69.88347193  
72.62633387  
72.15420583  
66.35436427  
55.07380028  
41.13011805  
29.82954305  
26.99487356  
36.27403806  
56.95891393  
83.44517657  
106.8194958  
118.120107  
112.0097254  
89.29051654  
57.07324867  
26.33588556  
7.718187968  
7.201147842  
23.46456451  
48.09463501  
68.67697322  
73.61247648  
56.75387293  
19.98685439  
-27.30866801  
-71.72562803  
-100.8471265  
-107.8171229  
-93.67021523  
-66.55866547  
-38.28593979  
-19.62323608  
-16.32178688  
-27.36670952  
-46.0364418  
-63.15799103  
-71.08888016  
-66.74449946  
-52.49607824  
-34.71840038  
-20.76178767  
-15.72526143  
-20.39861412  
-31.15773837  
-41.73127238  
-45.98200976  
-40.48901825  
-25.87888463  
-6.440309143  
11.72009786  
23.15670776  
25.18368429  
18.79671021  
8.124258105  
-1.311860657  
-4.825603485  
-0.4425165812  
10.25975062  
22.6490942  
30.71457113  
29.36122157  
16.53859863  
-5.562755585  
-30.75337232  
-50.58052915  
-57.09653943  
-45.77506091  
-17.53094737  
20.99997374  
59.20950247  
85.84531657  
92.8059536  
77.99898733  
46.10533765  
6.847689819  
-28.64956131  
-51.99278183  
-60.44758288  
-57.40531343  
-50.15116539  
-45.8892985  
-47.81131617  
-53.06895981  
-53.73061206  
-40.48258667  
-7.536865234  
43.46135915  
102.4432324  
153.5770786  
180.7392059  
173.6691821  
132.279231  
67.26396306  
-3.352265294  
-60.43049545  
-90.27023894  
-88.97354368  
-63.03518448  
-26.13299891  
6.41272316  
23.23561153  
20.46986262  
2.150767899  
-22.2942777  
-42.1414374  
-49.32683055  
-40.87607485  
-19.24893001  
9.087214661  
35.99878896  
54.02823461  
58.13432821  
46.64184812  
21.47673136  
-12.20787633  
-47.0121081  
-74.90922864  
-89.36585999  
-87.47623138  
-71.31899312  
-47.74567785  
-26.26764374  
-15.51387876  
-19.53287875  
-35.56899732  
-54.56134834  
-64.54659615  
-55.80875829  
-25.64072196  
19.50601514  
65.75158641  
97.00732015  
101.6575033  
77.84191373  
34.89596087  
-9.919324748  
-38.20809504  
-37.94092356  
-8.445907211  
39.30662791  
87.28409551  
117.8593733  
120.9283808  
97.62948004  
59.17249908  
21.48220431  
-1.810061137  
-4.867382113  
8.688744863  
28.41846224  
42.48687172  
43.16236801  
29.83064359  
8.314251773  
-12.84924997  
-27.07569771  
-32.90611785  
-34.12682279  
-36.91608098  
-45.64785458  
-59.67052803  
-72.87044754  
-76.39680201  
-63.28197924  
-32.66548176  
8.572493235  
47.77709579  
71.39513957  
70.66592306  
45.58579661  
5.327090836  
-35.16083171  
-60.97893036  
-63.11304232  
-41.88878301  
-6.703487651  
27.74686114  
47.1378643  
42.82083079  
14.78632596  
-28.6561526  
-74.13173358  
-108.0094896  
-120.9779729  
-110.8648769  
-82.92156687  
-47.69039052  
-17.30276642  
-1.446035894  
-4.236657206  
-22.91720912  
-48.75706367  
-69.90906423  
-75.38094762  
-58.88323593  
-21.24536482  
29.53846588  
80.81775716  
119.590589  
137.0797821  
131.8044989  
109.8374047  
82.02024307  
59.20218735  
47.50904388  
45.7708758  
46.39169922  
39.43380928  
18.16170451  
-16.53855308  
-55.12513425  
-82.59577656  
-84.82917384  
-55.41509959  
0.1425061544  
65.0173851  
116.6186305  
135.0856056  
111.287485  
50.94297345  
-26.99167989  
-97.14595477  
-137.0695266  
-135.3401128  
-95.26419055  
-32.87297999  
29.71431382  
72.67003206  
85.18113518  
68.05998217  
31.69110285  
-9.280431747  
-41.94557165  
-59.3073555  
-61.27242203  
-52.68131765  
-39.85859909  
-27.55309855  
-17.58967743  
