94.48246264  
93.03060491  
82.67360166  
67.42222384  
51.15533286  
36.31682805  
23.60778335  
12.64486288  
3.068038909  
-4.611789687  
-8.949256893  
-8.351705657  
-2.292995837  
7.742205194  
18.19224752  
24.4298597  
22.51489543  
10.95124583  
-8.358547767  
-30.46130736  
-48.95659227  
-58.26365145  
-55.66275004  
-42.30395865  
-22.79602821  
-3.561374935  
9.381047908  
12.35642503  
5.017329018  
-9.887933999  
-27.7330612  
-43.64931425  
-53.93937455  
-56.82578465  
-52.4313892  
-42.21011273  
-28.207922  
-12.49315832  
3.092526172  
16.92913714  
27.55573429  
33.7340843  
34.69184478  
30.43828849  
21.95160557  
11.06671404  
0.03060358437  
-9.133978145  
-15.20199381  
-18.00990929  
-18.29430624  
-17.18155965  
-15.56503858  
-13.65658258  
-10.91662369  
-6.391663577  
0.6978207447  
10.38708965  
21.67230516  
32.62828769  
40.90375744  
44.41236906  
41.97446447  
33.70015429  
21.0092873  
6.307692632  
-7.569249265  
-17.99394084  
-23.12250757  
-22.29839109  
-16.20943365  
-6.757070004  
3.360961374  
11.29462112  
14.77757933  
12.76078353  
5.73558818  
-4.394150991  
-14.89190231  
-23.05122148  
-27.04620497  
-26.45556311  
-22.25950831  
-16.31873959  
-10.56136589  
-6.229644332  
-3.506289869  
-1.662028534  
0.3834675685  
3.390610752  
7.368826527  
11.60340881  
15.11094744  
17.25647567  
18.16515397  
18.66080764  
19.72144539  
21.72965992  
23.95709704  
24.65342612  
21.82273013  
14.39180522  
3.200127882  
-8.774894506  
-17.24916653  
-18.32404235  
-10.37604137  
4.722664126  
21.73795725  
33.71156757  
34.5883804  
21.81421779  
-2.205538619  
-30.50577004  
-53.80236095  
-63.78468073  
-56.19362387  
-32.46262574  
0.7438490191  
33.91800183  
58.07299892  
67.76198275  
62.60735099  
46.8436669  
27.19969883  
10.09501608  
-0.671935786  
-4.867162429  
-5.171641327  
-5.404124583  
-8.515952174  
-15.255212  
-24.01011645  
-31.76095389  
-35.58559666  
-33.97680778  
-27.40430746  
-17.9668332  
-8.414921798  
-1.077190688  
2.813743569  
3.169943029  
0.5954988585  
-4.206914264  
-10.78972206  
-18.89060157  
-28.03874086  
-37.15302116  
-44.46874002  
-47.95306956  
-46.08647745  
-38.65299514  
-27.12522782  
-14.38658042  
-3.832152954  
1.815913188  
1.494229135  
-3.826674008  
-11.53221069  
-18.34906094  
-21.51628814  
-19.67774078  
-13.17653923  
-3.700970351  
6.504569296  
15.50168025  
22.25166635  
26.75466846  
29.7595414  
32.23449402  
34.84994979  
37.67427014  
40.1664067  
41.42542957  
40.57563084  
37.14296915  
31.30289395  
23.92639346  
16.40303004  
10.27354367  
6.75869883  
6.322250215  
8.430234625  
11.64206413  
14.0714925  
14.10951921  
11.15735364  
6.053732241  
0.9465828816  
-1.439938038  
1.072612004  
9.035634052  
20.81308727  
32.86010704  
40.83018866  
41.13856436  
32.37901129  
16.00928905  
-4.003255753  
-22.46116614  
-34.64305435  
-37.76895009  
-31.68190104  
-18.56189697  
-1.911934533  
14.65849859  
28.30948399  
37.21549156  
40.26402571  
36.59735707  
25.44946648  
6.518529752  
-19.26054123  
-49.00894022  
-77.81770334  
-99.6110446  
-108.8333937  
-102.373012  
-80.90970026  
-49.02506246  
-13.90214534  
16.94741747  
38.04251031  
47.43082755  
46.74833963  
39.89957117  
31.02795718  
22.73632107  
15.3542702  
7.50819308  
-2.399711584  
-14.6436407  
-27.4130707  
-37.2821789  
-40.71266725  
-35.85090384  
-23.70278437  
-8.054834996  
5.886241671  
13.53689789  
12.72900851  
4.436899246  
-7.859267044  
-19.81909877  
-28.07704014  
-31.39833924  
-30.67170433  
-27.86735503  
-24.61480304  
-21.22004996  
-16.66668085  
-9.575379057  
0.4615232262  
11.99897112  
21.92805822  
26.78057833  
24.55582067  
16.11235366  
5.291610011  
-2.478356154  
-2.582366513  
6.466797259  
21.95344749  
37.77549472  
46.93883035  
44.69321511  
30.89517317  
10.45334283  
-8.465388934  
-17.78127269  
-12.97835476  
4.817693399  
29.11117824  
50.59286539  
60.91806888  
56.11004868  
38.15805196  
14.16541531  
-6.5491135  
-16.14813572  
-11.23847344  
6.053381505  
29.20436682  
50.01006992  
61.69075675  
61.14261994  
49.56480697  
31.43267423  
12.44873534  
-2.589349696  
-11.19066044  
-13.47146563  
-11.49302684  
-8.119865583  
-5.938804921  
-6.589499213  
-10.57101363  
-17.37592362  
-25.75641567  
-34.01909099  
-40.37231888  
-43.39051831  
-42.5721352  
-38.80410364  
-34.43724256  
-32.73251363  
-36.68773229  
-47.59613326  
-63.94658207  
-81.27652226  
-93.27581417  
-93.91102187  
-79.82657015  
-52.03626597  
-16.10050862  
19.44637153  
45.92181149  
57.50673078  
53.23784378  
37.1559048  
16.54049991  
-1.03411649  
-10.5883944  
-11.37476315  
-6.620513114  
-1.567858083  
-0.739553675  
-5.673602274  
-14.12744231  
-21.07126831  
-20.98393261  
-10.39929083  
10.42894688  
37.44870339  
64.29926433  
84.66870037  
