82.60915899  
54.96093406  
31.22465463  
20.9326589  
26.86413352  
44.18913089  
62.87833795  
72.19955969  
65.30267387  
41.99493378  
8.706131746  
-24.12487125  
-46.00772078  
-50.08065446  
-35.20411837  
-5.925831589  
29.38522529  
61.36618757  
82.43317818  
88.69933857  
80.63744524  
62.47911679  
40.6290503  
21.54883016  
9.664847374  
5.88978068  
7.267758361  
7.999523867  
1.670409267  
-15.99295236  
-44.86305824  
-79.65949479  
-111.2441115  
-129.6988896  
-128.1039689  
-105.4928371  
-67.65670846  
-25.29005246  
9.906913637  
29.62439385  
32.00065291  
22.02383314  
9.086406699  
2.737101566  
8.462179927  
25.2991634  
46.26251993  
61.32184911  
61.59115609  
42.94307665  
7.619461635  
-36.64238686  
-79.38366909  
-110.8240123  
-124.5620739  
-118.7799217  
-95.92058454  
-61.40699945  
-22.13907452  
14.75025348  
42.82601458  
57.20309885  
55.50254365  
38.76429317  
11.81678988  
-17.46728066  
-40.23476059  
-49.57355105  
-43.20411083  
-24.6757946  
-2.267402847  
14.22845723  
17.61239481  
6.478574386  
-14.0338115  
-34.43471626  
-45.14579636  
-40.90855789  
-23.25136356  
0.2208669422  
19.45214677  
26.78057421  
20.65879551  
6.391429841  
-6.543345589  
-9.338579582  
1.494621531  
22.01389175  
42.41432723  
51.6397321  
42.87577397  
17.27132659  
-15.97439741  
-43.30954174  
-52.65542549  
-38.68080819  
-5.101332987  
37.00856239  
74.03037451  
95.45502862  
97.78504676  
85.03784305  
65.8923664  
49.11087872  
39.57946551  
36.82848425  
36.5105071  
33.76369537  
26.47317964  
16.61145689  
8.969208636  
8.060008943  
15.00498464  
26.23404261  
34.86116355  
34.12574301  
21.11784212  
-1.236778764  
-25.11902644  
-41.37127877  
-43.9553718  
-33.05571879  
-15.17229905  
-0.02836522541  
4.263952479  
-4.598722647  
-21.68914798  
-37.02282653  
-40.3833649  
-26.52263378  
1.783485859  
34.36268885  
57.76107123  
61.0036169  
40.38635578  
1.152749803  
-44.63426945  
-82.97657614  
-103.3429504  
-102.2485226  
-83.64563351  
-56.29740289  
-29.63811471  
-10.13642992  
0.3085276715  
3.575430359  
2.981122154  
0.8896015657  
-2.425536267  
-8.218899136  
-17.57979398  
-29.7927985  
-41.84248149  
-49.43822157  
-49.02261919  
-39.63565346  
-23.56289814  
-5.360289277  
10.25276182  
20.50685186  
25.56635245  
27.86505674  
30.19067305  
33.62366108  
36.54264775  
35.34384693  
26.5749199  
9.365248969  
-13.21029458  
-34.71285594  
-47.76703421  
-47.26095637  
-32.78645826  
-9.092847437  
15.73965415  
33.60407187  
39.63381951  
33.947  
21.13268474  
7.833907179  
-0.3336684059  
-1.043206223  
4.292142995  
11.91016069  
18.0438114  
20.9128125  
21.33547798  
21.7382547  
24.22849068  
28.89837716  
33.38409671  
34.00115217  
27.89512718  
15.05210254  
-0.9707496875  
-14.11733651  
-18.31979918  
-10.27662256  
8.794433851  
33.29328816  
55.25901678  
67.40635167  
65.86215283  
51.45503479  
29.09177719  
5.60512181  
-12.92020498  
-23.20553265  
-25.45953454  
-22.58722737  
-18.45666459  
-16.07175268  
-16.41359836  
-18.32414817  
-19.33075875  
-16.96072041  
-9.984124931  
0.8646557954  
12.90171082  
22.21559635  
24.87759294  
18.30164812  
2.35151443  
-20.19871716  
-44.13250328  
-63.21778925  
-72.26222769  
-69.12051815  
-55.81887642  
-38.15048237  
-23.63807434  
-18.48440186  
-24.71570126  
-38.83942028  
-52.84007821  
-57.35886303  
-45.85705761  
-17.95434186  
19.68127361  
55.53091993  
77.76295249  
79.21318751  
60.57061659  
30.23684007  
0.7990071151  
-16.37098251  
-15.95875932  
-0.7725302421  
19.90985801  
34.89982912  
36.36743538  
23.30290997  
1.560041453  
-19.42806637  
-31.51850068  
-31.80742373  
-23.66665992  
-14.41465418  
-10.94092267  
-15.68943344  
-25.22155632  
-32.20212818  
-29.78377193  
-15.99578674  
4.37435584  
21.67216387  
26.29648008  
14.18207222  
-10.12911143  
-34.74507358  
-45.77432617  
-34.35330244  
-1.858336818  
39.53106668  
71.59958345  
78.24330396  
53.23981179  
3.85597998  
-51.65128322  
-91.71440848  
-100.8640751  
-76.49697147  
-29.80111634  
19.6205349  
52.89296417  
60.43962631  
45.92487894  
23.75558935  
11.44739245  
20.6375046  
51.15340797  
91.02099034  
122.3710784  
130.3105811  
110.3839564  
70.95391595  
29.32488895  
3.488887456  
3.49633283  
26.62048587  
58.63140031  
80.54388365  
77.5953836  
46.19159295  
-4.40704181  
-56.34031763  
-91.22167797  
-98.18852767  
-78.2353689  
-43.01664066  
-8.958349254  
10.34610131  
9.851355974  
-5.620305762  
-24.74499837  
-35.81942807  
-32.54514126  
-16.75710538  
2.974767152  
15.8989031  
14.3821079  
-2.635845691  
-29.54840452  
-57.14171917  
-77.09751704  
-85.66359058  
-84.78553941  
-80.34471535  
-78.57248201  
-82.51878024  
-90.30817673  
-95.95561868  
-92.26034113  
-74.35467736  
-42.26829732  
-1.407869597  
39.17160501  
69.8896631  
83.8520343  
78.94737434  
58.19255029  
28.41451476  
-2.075585245  
-25.93831371  
-38.63393125  
-39.20184071  
-29.94899548  
-15.30088713  
-0.2354075114  
11.23480726  
17.11566415  
17.74243868  
15.28536855  
12.65042295  
12.20490822  
14.84969637  
19.83606195  
25.4026368  
29.90869771  
32.86381178  
35.26328813  
38.97026693  
45.40397239  
54.23014905  
62.85828967  
67.21605339  
63.62339128  
50.9424271  
31.88323008  
12.61347497  
0.5724721556  
1.294430993  
15.64790649  
38.85524441  
61.93875492  
75.14207281  
71.9191138  
51.73905662  
20.4249817  
-12.17226332  
-36.16290115  
-45.52023903  
-40.20758923  
-25.67935171  
-10.11319904  
-0.728207339  
-0.8740093944  
-9.106659134  
-20.46743414  
-29.15861859  
-31.25399926  
-26.22232925  
-16.74556958  
-7.178113405  
-1.572545279  
-2.233897115  
-9.310467694  
-21.29791202  
-35.89563036  
-50.63741243  
-63.0741528  
-70.73859253  
-71.35068834  
-63.5473354  
-47.95042284  
-27.92740612  
-9.295442405  
1.369538625  
-0.6034816128  
-15.47791849  
-38.11204945  
-59.30544723  
-69.26595719  
-61.84794796  
-37.62980141  
-4.225165969  
26.59832783  
43.91036029  
42.52904587  
25.5456447  
3.15618625  
-11.81802073  
-9.752714267  
11.28302368  
44.47314442  
77.1824883  
96.54644401  
95.15130296  
74.19571065  
42.72149536  
13.35095933  
-3.416806644  
-3.690548231  
8.546801464  
23.80842923  
31.81966917  
26.27336532  
7.448666154  
-18.32917099  
-41.85685382  
-55.14033405  
-54.44133344  
-41.04428215  
-19.75446624  
3.757744879  
25.25274394  
42.78185314  
56.00463975  
64.76866854  
68.10794396  
64.43311033  
52.83237494  
34.59817111  
13.83658125  
-3.529317552  
-12.12246017  
-9.727915794  
1.255325799  
14.46431393  
22.22038149  
19.00814701  
4.110880001  
-17.92755486  
-39.29993283  
-52.45900108  
-53.47424713  
-43.62130861  
-28.50113664  
-15.22314247  
-9.116608233  
-11.59026378  
-20.0758399  
-29.86120416  
-36.6542644  
-38.43443088  
-35.67508517  
-30.0369792  
-22.55208754  
-12.60389618  
1.504408557  
20.63580809  
42.75041451  
62.16427135  
71.02304989  
62.66667022  
35.37470577  
-5.499891333  
-48.438266  
-79.73163133  
-88.98397931  
-73.6765331  
-40.57629103  
-3.139558234  
24.07312642  
31.50391026  
18.45157972  
-7.079534554  
-32.41207471  
-46.16047026  
-43.29631889  
-26.97113784  
-6.366961032  
8.21981327  
10.55198818  
1.334434385  
-12.52446962  
-21.76153431  
-19.67086794  
-5.566438911  
14.90894764  
32.6869583  
39.81888738  
33.30644246  
16.29786552  
-3.862765093  
-19.60874989  
-27.00249498  
-27.43444011  
-26.30821382  
-29.45912682  
-39.26284633  
-52.5773247  
-61.72530133  
-58.15236367  
-36.98308295  
-0.170221333  
43.44002157  
81.32955052  
102.422624  
101.7641812  
