10.83998319  
11.23229005  
1.490285498  
-14.30656024  
-29.3022368  
-36.90147276  
-33.63219657  
-20.57189053  
-2.735107764  
13.256876  
22.13311495  
22.20102458  
15.84763531  
8.124504122  
4.112482148  
6.313548616  
13.28908899  
20.17754833  
20.86084955  
10.80687693  
-10.67162838  
-39.71950821  
-69.07954564  
-90.55798413  
-97.78057312  
-88.16037964  
-63.41430783  
-28.61656756  
9.645602905  
45.19181386  
73.55474165  
92.39118735  
101.1633219  
100.5267423  
91.85078354  
77.05990257  
58.68954788  
39.86907735  
23.98059602  
13.9557498  
11.43410065  
16.15828756  
25.92884187  
37.21521103  
46.22404748  
50.02568306  
47.32265607  
38.61843318  
25.81241125  
11.47063803  
-1.896454  
-12.30825014  
-18.48271107  
-19.81384924  
-16.33562851  
-8.780349227  
1.304892302  
11.54502674  
19.00197339  
20.78289365  
14.8673103  
0.8709856152  
-19.57772706  
-43.05976439  
-65.17285112  
-81.68071292  
-89.619834  
-88.00149451  
-77.90603199  
-61.9988052  
-43.69346565  
-26.27550193  
-12.25759594  
-3.09660564  
0.753599135  
-0.4029599017  
-5.772705154  
-14.24312721  
-24.42838051  
-34.65068153  
-42.96334988  
-47.31428164  
-45.88824076  
-37.58414662  
-22.49810488  
-2.231778554  
20.14949626  
40.61036527  
55.05247622  
60.43285731  
55.75776738  
42.58560664  
24.78008143  
7.492589085  
-4.356097799  
-7.598148194  
-1.794563628  
10.7146629  
25.72075881  
38.66511218  
46.16066415  
46.90894818  
41.67714278  
32.42690355  
21.07785342  
8.551993953  
-5.405713706  
-21.53771152  
-39.88755517  
-58.7840217  
-74.6333834  
-82.79729933  
-79.30695879  
-62.71775044  
-35.26567695  
-2.727575463  
27.08785866  
46.71527591  
51.40604523  
40.63208925  
18.21057729  
-8.922176744  
-32.78042735  
-46.50934957  
-46.03041783  
-30.80876331  
-3.745356353  
29.58119586  
62.05546382  
86.36428235  
96.43044594  
88.81600693  
63.84233695  
26.03938479  
-16.45345298  
-53.67126035  
-76.4881698  
-79.40473157  
-62.46710032  
-31.49068914  
3.67650511  
32.36058989  
46.61628453  
43.80634977  
27.22633302  
4.562878447  
-15.16088807  
-24.91792774  
-21.99966797  
-8.530881637  
9.83283012  
26.31005516  
35.43954151  
34.65587622  
24.59602334  
8.334088291  
-9.879362651  
-25.77752123  
-35.82120236  
-37.57280367  
-29.95154475  
-13.55604537  
9.027770076  
33.26993485  
53.45467195  
64.23204045  
62.56301877  
49.26071444  
29.28328827  
10.35089551  
0.1974391966  
3.481916728  
19.69748315  
43.10407903  
64.87059469  
76.601961  
73.73726468  
57.29649154  
33.16705902  
9.250745465  
-8.201013846  
-17.33656564  
-21.23414111  
-25.96496656  
-37.12822139  
-56.54457679  
-80.73391855  
-101.9629024  
-111.42891  
-103.137562  
-76.7108145  
-37.87186498  
3.564992995  
37.2511233  
55.82280007  
56.93085375  
43.11592736  
19.89377055  
-6.826830383  
-32.72770883  
-55.68774058  
-75.05130668  
-90.29860645  
-100.085482  
-102.295491  
-95.08000568  
-78.24481387  
-54.1102742  
-27.24659621  
-3.09804668  
13.88380695  
21.71005999  
21.25259449  
15.45763633  
7.86427454  
1.226314265  
-3.103194238  
-4.859112983  
-4.014431715  
-0.08150619631  
7.879845417  
20.47556245  
36.88993678  
54.26008488  
68.10551657  
73.84914881  
68.81685662  
53.72861737  
32.83106511  
12.43574667  
-1.575485541  
-6.153906356  
-2.249170132  
5.847215142  
12.68700263  
14.32867679  
10.18312477  
3.147570022  
-2.014830966  
-1.215479726  
6.786662821  
19.66799967  
32.62055052  
40.65401326  
40.93785734  
34.00419458  
23.24381276  
13.02102215  
6.441323815  
3.961136967  
3.551487499  
2.274938824  
-1.640444933  
-7.430254593  
-11.95832814  
-11.41850538  
-3.711921632  
9.794481591  
24.18286514  
32.8142155  
30.32869295  
15.4144996  
-8.041164532  
-32.10185404  
-47.84975775  
-49.07400801  
-34.9571882  
-10.56266876  
15.10114404  
32.60051907  
35.67631927  
23.44542742  
0.3965648032  
-25.64767785  
-46.60097101  
-56.89553111  
-54.93926231  
-42.90638365  
-25.26200386  
-6.867310328  
8.501085245  
18.7744517  
23.42775431  
22.95081541  
18.41361202  
11.33936875  
3.760284865  
-1.870362119  
-3.174944618  
1.267660242  
11.01972719  
23.39029233  
33.95078757  
37.96645761  
32.28183292  
16.89155818  
-4.537766491  
-25.54664582  
-38.94303757  
-39.31572404  
-25.06016435  
0.8533319278  
31.65783049  
58.82483519  
74.62787588  
74.36815061  
57.58215491  
27.95066707  
-7.931675557  
-42.45088091  
-68.94056631  
-83.20625012  
-84.28476368  
-74.34281509  
-57.82001038  
-40.07307556  
-25.8805762  
-18.20555124  
-17.56922442  
-22.2375944  
-29.17457555  
-35.43584758  
-39.47104679  
-41.77954884  
-44.57710882  
-50.52639044  
-61.01710095  
-74.75446786  
-87.3833833  
-92.5072414  
-83.8851812  
-58.04206246  
-16.24990607  
35.01266912  
85.48025918  
124.0290878  
142.1263978  
136.5642905  
110.4775094  
72.2749222  
32.88778746  
2.344094719  
-13.12026779  
-12.46494033  
0.5786484821  
19.41425276  
37.13042073  
48.72272774  
52.2702303  
48.83666842  
41.3756583  
33.23887117  
26.92172713  
23.45821768  
22.53121339  
23.06121851  
23.89497466  
24.27068455  
23.92251377  
22.89885788  
21.29632839  
19.10882443  
16.28035251  
12.90008784  
9.381488522  
6.46470277  
4.97886478  
5.438075843  
7.651522913  
10.54940172  
12.34537131  
11.01771088  
4.951715621  
-6.484096388  
-22.63167324  
-41.60482217  
-60.67955076  
-76.86976001  
-87.50760456  
-90.69009423  
-85.53419701  
-72.261485  
-52.16571557  
-27.49707895  
-1.252385603  
23.17173743  
42.48333346  
54.10786319  
56.76784097  
50.83426778  
38.28396165  
22.21323982  
6.029167619  
-7.422330124  
-16.48620067  
-20.87202587  
-21.34856766  
-19.14367034  
-15.36042196  
-10.69270831  
-5.554455962  
-0.4990320467  
3.375591373  
4.363505876  
0.5995230965  
-9.089217223  
-24.29455889  
-42.57125543  
-59.75461637  
-71.0747823  
-72.7188553  
-63.24287102  
-44.24122989  
-19.95521186  
4.065342577  
22.73756747  
32.96972659  
34.36938281  
28.93793575  
19.99106802  
10.84642945  
3.849364443  
0.06535838947  
-0.4097393501  
2.116992305  
7.314126502  
14.7552611  
23.48008124  
31.57012977  
36.19963767  
34.4070348  
24.4197689  
6.965631508  
-14.14775377  
-32.69421665  
-41.92026969  
-37.05749116  
-17.45756441  
12.61616658  
45.02433017  
70.35633959  
81.16384968  
74.57273215  
53.23974214  
24.27950693  
-3.389546592  
-22.20541189  
-28.39089127  
-22.77392796  
-9.832696706  
4.465837238  
15.02864287  
19.22604118  
17.18791792  
10.9234582  
2.89363787  
-5.170816077  
-12.6555187  
-19.5916562  
-25.75246432  
-29.96957831  
-30.18702214  
-24.35139015  
-11.74215931  
5.956915632  
24.50850527  
38.17360956  
41.69059421  
32.43520119  
11.84792121  
-14.55439519  
-38.72974592  
-52.74097036  
-51.52444967  
-34.76113332  
-7.123702749  
23.23089991  
47.40463203  
58.75869227  
55.10013458  
39.28035684  
18.00946023  
-0.6696697651  
-10.32991244  
-8.472489229  
2.617428689  
16.76964728  
26.25454194  
24.70479202  
9.593097505  
-16.61716967  
-47.06746557  
-72.65819392  
-85.03481969  
-79.3974075  
-56.18877003  
-21.10223035  
16.58682305  
46.81246639  
61.73198194  
58.01719331  
37.73829486  
7.615674425  
-23.08286595  
-45.33107094  
-52.98169171  
-44.49201447  
-23.26267563  
3.48310661  
26.94380522  
39.45397832  
36.87307525  
19.92097781  
-5.984122035  
-32.39598408  
-50.55043665  
-54.27214295  
-42.10595595  
-17.89630174  
10.46556189  
33.75900398  
44.68155015  
40.43696727  
23.6675229  
1.335827458  
-18.04108936  
-27.72934004  
-25.35184697  
-13.65096896  
0.8689618312  
