29.7438747  
11.36964551  
-6.893889711  
-20.29494434  
-25.53248316  
-21.65230998  
-10.21787129  
5.2202783  
20.15189012  
30.34165879  
32.9744346  
27.44861213  
15.6105915  
1.312911585  
-10.67657227  
-16.18663966  
-13.14706923  
-2.550866437  
11.57783415  
23.36273098  
27.11593384  
19.54919009  
1.288395975  
-22.99923764  
-46.05149179  
-60.57143584  
-61.93288032  
-49.93442672  
-28.8491953  
-5.710223707  
12.47775229  
21.437747  
21.09755768  
15.24097824  
9.531464207  
8.818648955  
14.93944574  
25.97783351  
37.26965461  
43.64441505  
41.84994818  
32.05388073  
17.76702525  
4.269446257  
-3.708523623  
-3.993289232  
2.208548033  
10.97389015  
17.44755086  
17.91620179  
11.27806135  
-0.6514538619  
-14.01191541  
-24.46919744  
-28.78365643  
-25.78223545  
-16.48640071  
-3.532933652  
9.73532677  
20.1213649  
25.15075101  
23.37411312  
14.52120433  
-0.3906456768  
-19.02270195  
-37.90610569  
-53.0104046  
-60.69290629  
-58.79877386  
-47.50460771  
-29.49760251  
-9.299559664  
8.102755475  
18.83678537  
21.32003374  
16.56695416  
7.52521859  
-2.241559784  
-9.935517169  
-14.38331581  
-16.05733382  
-16.35244809  
-16.55289611  
-17.03745524  
-17.10873254  
-15.48852539  
-11.17427505  
-4.177298529  
4.257419388  
12.06931099  
17.22641781  
18.57489889  
16.28710449  
11.72020077  
6.798131768  
3.250715079  
2.076404881  
3.434282614  
6.917311071  
11.95835773  
18.08259964  
24.85875406  
31.62815406  
37.26478892  
40.2326734  
39.04007617  
32.93499434  
22.4895589  
9.708326763  
-2.504925449  
-11.36647981  
-15.28487487  
-14.47703122  
-10.80177055  
-6.851848761  
-4.718320686  
-5.026249411  
-6.731362883  
-7.801142487  
-6.456907761  
-2.346718749  
2.981180917  
6.61403813  
5.633542488  
-1.321232359  
-13.05523213  
-25.9323485  
-35.15411596  
-36.70473876  
-29.12684028  
-14.33038089  
2.959298137  
16.9195107  
22.8140731  
18.74733456  
6.290863531  
-10.22236343  
-25.3837211  
-34.64693081  
-35.751709  
-29.1541318  
-17.44399649  
-4.139204436  
7.569214614  
15.64241244  
19.39967332  
19.23027402  
16.11948803  
11.27696984  
5.97998244  
1.540588695  
-0.7938174211  
-0.13289808  
3.628755819  
9.485503823  
15.38216648  
18.80895541  
17.8002621  
11.93980837  
2.870946267  
-6.040980968  
-10.8894089  
-8.83304535  
0.5502391244  
14.80564035  
29.33699038  
39.11523191  
40.68299216  
33.60130075  
20.68588247  
6.8863346  
-2.74731619  
-5.154577078  
-0.5150737544  
7.881109876  
15.08649449  
16.64208878  
10.48980274  
-2.162658269  
-17.37256633  
-30.12902326  
-36.41645179  
-34.79107707  
-26.8292408  
-16.31510504  
-7.576010386  
-3.709276677  
-5.440861499  
-11.03660147  
-17.21238237  
-20.57847924  
-18.97850842  
-12.19931762  
-1.853377824  
9.39563509  
18.84958585  
24.59382266  
25.84748135  
22.8379917  
16.4041557  
7.599762424  
-2.516937518  
-12.89233323  
-22.4150129  
-29.9487936  
-34.54349349  
-35.75661517  
-33.90212312  
-30.03594096  
-25.60542788  
-21.87479899  
-19.38595778  
-17.7370975  
-15.82912893  
-12.50090699  
-7.258961944  
-0.723421801  
5.48401523  
9.427403663  
9.841996761  
6.954989339  
2.70239397  
0.1442907827  
2.243118848  
10.48769111  
23.96969258  
39.37577756  
51.99487069  
57.40695649  
53.20498589  
40.04844197  
21.59012616  
3.260874125  
-9.641314276  
-13.82527733  
-9.122218295  
1.576484652  
13.50893896  
21.86906504  
23.5455595  
18.11312331  
7.741147895  
-3.87045652  
-13.04137464  
-17.49979528  
-17.07537416  
-13.48382872  
-9.378014413  
-7.127978166  
-7.864992014  
-11.16693402  
-15.45415433  
-18.85002594  
-20.0746281  
-18.95850828  
-16.36764038  
-13.61909809  
-11.70717473  
-10.74045407  
-9.880256914  
-7.821071594  
-3.58311417  
2.777970579  
9.919987865  
15.59628425  
17.55328623  
14.57087321  
7.177737059  
-2.314357302  
-10.53416425  
-14.28084109  
-11.77597526  
-3.419338624  
8.279447399  
19.58895303  
26.91975727  
28.12241367  
23.20717906  
14.21607818  
4.331882504  
-3.381331985  
-7.076183612  
-6.623370481  
-3.360666275  
0.7332623367  
4.021659135  
5.888760057  
6.824342499  
7.919736977  
10.06680792  
13.28986779  
16.57035809  
18.27876686  
17.02171111  
12.49408479  
5.89612514  
-0.3423129245  
-3.476143206  
-1.640041513  
5.189682784  
14.91242941  
23.87920125  
28.15020166  
24.96447207  
13.84677109  
-3.093407493  
-21.80474243  
-37.64671647  
-46.94710162  
-48.1869462  
-42.38771062  
-32.58621585  
-22.62582232  
-15.73700487  
-13.43509754  
-15.11986766  
-18.48417725  
-20.5378873  
-18.84142964  
-12.49158283  
-2.516458577  
8.434383672  
16.96829522  
20.07372046  
16.10778928  
5.337223909  
-10.11001996  
-26.82771207  
-41.03809184  
-49.53892632  
-50.43261125  
-43.47573841  
-30.01394493  
-12.57741722  
5.72337613  
21.84843251  
33.3985877  
39.01839915  
38.58292231  
33.14802845  
24.66996013  
15.53398163  
7.97577928  
3.525157465  
2.623040463  
4.54041468  
7.651148292  
9.99668013  
9.970109039  
6.886828216  
1.234738776  
-5.493246482  
-11.3234928  
-14.48305118  
-13.97700235  
-9.849398736  
-3.053692696  
4.975116631  
12.83496322  
19.53182493  
24.58151972  
27.85787341  
29.33996124  
28.95338793  
26.6296681  
22.55738884  
17.45504426  
12.63902464  
9.737418325  
10.08142514  
14.00500619  
20.39311306  
26.76582822  
29.97810298  
27.3340239  
17.69546746  
2.1159968  
-16.30692679  
-33.35650682  
-45.06666435  
-49.01118703  
-45.01562928  
-35.03667683  
-22.3018424  
-10.09729558  
-0.7071033887  
5.101080312  
7.920207647  
9.053042447  
9.730931419  
10.56770303  
11.44647646  
11.79818948  
11.0477134  
8.95979993  
5.720468498  
1.767436908  
-2.472262082  
-6.746078426  
-10.93982396  
-14.89155072  
-18.21919824  
-20.33107655  
-20.67305795  
-19.10192377  
-16.15811504  
-13.0248253  
-11.11154612  
-11.4129912  
-13.95294579  
-17.62585288  
-20.57882543  
-21.00792668  
-18.01167362  
-12.08159871  
-4.959649522  
1.105839891  
4.369719656  
4.379862578  
2.154186056  
-0.3518176253  
-1.227881111  
0.4504611403  
4.201477015  
8.452707845  
11.42761819  
12.13531342  
10.93115728  
9.331761935  
9.158651109  
11.45105951  
15.73439412  
20.07156121  
21.93143112  
19.47622772  
12.62464382  
3.322243251  
-5.177354905  
-9.728048655  
-8.748532224  
-3.01727651  
4.600366976  
10.39330524  
11.44829687  
6.933334315  
-1.571584495  
-10.83436304  
-17.44408336  
-19.294792  
-16.39662854  
-10.67672184  
-4.926524839  
-1.448842473  
-1.064721556  
-2.92173375  
-5.122175058  
-5.785986168  
-3.980074365  
-0.06135276395  
4.679680476  
8.816468027  
11.55634489  
13.06819385  
14.22700159  
15.96748519  
18.64762996  
21.79540001  
24.37365573  
25.38894493  
24.46847295  
22.05047394  
19.064559  
16.28812137  
13.77207631  
10.71142439  
5.891724315  
-1.494774445  
-11.1125556  
-21.27667543  
-29.47199556  
-33.40608797  
-32.09162152  
-26.39348497  
-18.71511283  
-11.92705809  
-8.040286691  
-7.284279256  
-8.071215953  
-7.89114731  
-4.706793496  
1.855268753  
10.13860425  
17.13603642  
19.90659181  
17.03936118  
9.430821293  
-0.03174352065  
-7.749344639  
-11.04295057  
-9.347478247  
-4.390474928  
0.7218548603  
3.052850512  
1.251447612  
-3.852414312  
-9.745747307  
-13.5509349  
-13.49142509  
-9.774566284  
-4.468405013  
-0.4603067932  
-0.0387197142  
-3.8103761  
-10.47439638  
-17.5286857  
-22.51414338  
-24.14654407  
-22.76802911  
-19.918953  
-17.29161274  
-15.64364604  
-14.26336112  
-11.28999302  
-4.750527447  
6.196251737  
20.43508743  
34.9277326  
45.64682625  
49.04114344  
43.42769606  
