32.14517388  
19.46750976  
3.741436909  
-10.61177137  
-19.00841703  
-18.6907522  
-9.998734038  
3.700819011  
17.41513888  
26.6118155  
29.03160814  
25.41630633  
18.86979645  
13.21529389  
11.15893125  
13.11527519  
17.18993736  
20.24378338  
19.46466244  
13.68208662  
3.84360503  
-7.485864459  
-17.27472784  
-23.2362037  
-24.55782169  
-21.90758445  
-16.85040783  
-11.06310817  
-5.754271329  
-1.501015906  
1.558037019  
3.423651799  
4.086095115  
3.619561867  
2.403759194  
1.234129424  
1.133034962  
2.87104309  
6.429702212  
10.74122273  
13.94481545  
14.13851497  
10.31523395  
3.016357865  
-5.678327631  
-12.90647275  
-16.23302319  
-14.76950156  
-9.663480088  
-3.694559896  
-0.1300228622  
-1.344154991  
-7.817418024  
-17.94642817  
-28.71117878  
-36.85494438  
-40.02975382  
-37.4368752  
-29.78934769  
-18.77321481  
-6.393547717  
5.441231124  
14.98278034  
20.52734694  
20.44696242  
13.6037866  
0.09295349921  
-18.06117359  
-36.77504412  
-50.70175767  
-54.88709054  
-46.72826935  
-27.38296303  
-1.873167461  
22.37830833  
38.14732397  
41.14293883  
31.71982271  
14.77867108  
-2.181441178  
-12.0853602  
-11.11378825  
-0.1419823542  
15.8159215  
29.88699171  
36.32615984  
32.90665459  
21.71061837  
8.051373219  
-1.915442291  
-3.793946073  
3.359395328  
16.9018013  
31.94987181  
43.49218317  
48.29531644  
45.8301235  
37.9699969  
27.78785181  
18.12993679  
10.63317329  
5.529407024  
2.141208057  
-0.3477019205  
-2.322091728  
-3.639340816  
-3.963225381  
-3.233579458  
-1.929285227  
-0.9428448834  
-1.144154709  
-2.90958436  
-5.915352382  
-9.332530798  
-12.31571687  
-14.49510314  
-16.1725027  
-18.09209274  
-20.90991149  
-24.67385146  
-28.6363579  
-31.54329004  
-32.26913572  
-30.45811908  
-26.80208572  
-22.76908921  
-19.89384673  
-18.99413431  
-19.74152394  
-20.84391219  
-20.77696501  
-18.69460019  
-15.0276855  
-11.41463402  
-9.9418724  
-12.03660122  
-17.55891151  
-24.57517891  
-29.97940244  
-30.72123387  
-25.09628655  
-13.51264774  
1.614249469  
16.78333866  
28.72125534  
35.50502967  
37.03246135  
34.71022995  
30.59698681  
26.46356207  
23.21252389  
20.86456808  
19.00582663  
17.3642962  
16.15855543  
16.03175791  
17.64547187  
21.20645928  
26.22961575  
31.68912886  
36.4717661  
39.86165568  
41.76219372  
42.51627543  
42.43044096  
41.30285583  
38.27995069  
32.198164  
22.28974489  
8.894997799  
-6.23397545  
-20.28584679  
-30.32751091  
-34.44329433  
-32.55339526  
-26.50419579  
-19.34821608  
-14.11186302  
-12.59788828  
-14.75955241  
-18.91671439  
-22.68641537  
-24.16767162  
-22.81189439  
-19.57853772  
-16.33390272  
-14.82085539  
-15.72771082  
-18.32044654  
-20.8110471  
-21.2655376  
-18.5908715  
-13.10924735  
-6.440754972  
-0.759729256  
2.204016574  
1.931385087  
-0.7174862611  
-4.000722869  
-6.204426721  
-6.519899685  
-5.468462505  
-4.677000743  
-6.112565107  
-11.128047  
-19.74298549  
-30.46232392  
-40.69148489  
-47.5562897  
-48.79381055  
-43.3925716  
-31.80255353  
-15.72440391  
2.369766631  
19.7845698  
34.07036381  
43.35922951  
46.59063364  
43.66587168  
35.53036869  
24.12709005  
12.1426946  
2.511108043  
-2.262378377  
-0.7879608458  
6.736714732  
18.46390843  
31.3177214  
41.8121597  
47.03195524  
45.475518  
37.49642976  
25.20536326  
11.86477312  
0.9606981262  
-4.773535896  
-4.102953858  
2.397498768  
12.54227936  
23.18052076  
31.10182976  
33.94656599  
30.86028703  
22.69960813  
11.72175062  
0.8436487631  
-7.303989391  
-11.225794  
-11.0288736  
-8.339356009  
-5.683883473  
-5.540456093  
-9.390250772  
-17.11169061  
-26.94442662  
-36.04901885  
-41.47224288  
-41.18052513  
-34.79771679  
-23.79055806  
-11.04153987  
0.03813932562  
6.550867317  
6.965521504  
1.515274349  
-7.961585021  
-18.65498626  
-27.66141047  
-32.8176601  
-33.23473773  
-29.38861215  
-22.77469739  
-15.27090049  
-8.444198221  
-3.044614825  
1.137700158  
5.007507143  
9.597740834  
15.42735443  
22.05426191  
28.03559659  
31.35957533  
30.22184001  
23.85894526  
13.09209284  
0.3131820673  
-11.15362017  
-18.13049461  
-18.7195244  
-13.04783034  
-3.301476138  
7.009378948  
14.30509664  
16.23937809  
12.54085438  
5.054424673  
-3.040755677  
-8.526575343  
-9.434255267  
-5.807865652  
0.3578752589  
5.967056955  
8.100510377  
5.197982667  
-2.325544263  
-12.25349425  
-21.42704254  
-26.91722227  
-27.03553786  
-21.80990341  
-12.79812839  
-2.388115346  
7.078948738  
14.00054564  
17.78890355  
18.71441368  
17.49064578  
14.85950851  
11.38275263  
7.497499993  
3.730536095  
0.8729335587  
-0.06031210524  
1.862257035  
7.022641502  
14.850815  
23.7157015  
31.23215186  
34.9295394  
33.06185877  
25.25738852  
12.75032281  
-1.914434649  
-15.61429476  
-25.5706055  
-30.1449791  
-29.25025925  
-24.26208377  
-17.49102794  
-11.41509554  
-7.928096204  
-7.825912964  
-10.6542965  
-14.92213113  
-18.58741177  
-19.66866316  
-16.82682312  
-9.784022942  
0.5164427424  
12.05945722  
22.21111101  
28.4006488  
28.87951957  
23.34622563  
13.21480961  
1.371783006  
-8.587091737  
-13.46081  
-11.54510636  
-3.330104629  
8.517712873  
19.96720843  
27.0036594  
27.10327138  
20.23680589  
8.973811972  
-2.414327202  
-9.554837744  
-9.671641399  
-2.699492359  
8.661476712  
20.00582672  
26.98730749  
27.06527413  
20.49752856  
10.14834229  
0.1835493896  
-5.7885445  
-6.317051114  
-2.734381069  
1.487021165  
2.380966384  
-2.585548629  
-13.17036561  
-26.22330336  
-36.86158931  
-40.47399991  
-34.70096678  
-20.5376383  
-2.083314227  
14.95629369  
25.37678571  
26.31326871  
18.07799774  
3.726951499  
-12.357658  
-26.18408961  
-35.41633886  
-39.71611051  
-40.16357585  
-38.19217741  
-34.65897159  
-29.53470084  
-22.320158  
-12.88288588  
-2.172952709  
7.660648229  
13.90508284  
14.40623473  
8.625700993  
-1.925229923  
-14.14338216  
-24.51237654  
-30.46196967  
-31.26423907  
-28.04167163  
-22.90316275  
-17.66458494  
-12.82753739  
-7.364202937  
0.5559901846  
12.25910919  
27.36938499  
43.39656629  
56.41877932  
62.62540738  
60.02792603  
49.5112455  
34.66753759  
20.41266329  
10.96871735  
8.121729884  
10.56335977  
14.63535329  
16.14238621  
12.39202509  
3.505417678  
-7.619120421  
-16.67201317  
-19.97934042  
-16.25571072  
-7.227148281  
3.175134696  
10.66607609  
12.6193963  
9.278703694  
3.585159159  
-0.3002325038  
0.9211555939  
7.990396736  
18.59435615  
28.31621148  
32.60266053  
28.84484942  
17.61985268  
2.531865122  
-11.26462593  
-19.18765242  
-19.05611717  
-11.85029279  
-1.136508431  
8.514256542  
13.37263966  
11.87093413  
4.911793761  
-4.827324562  
-14.15490257  
-20.57406916  
-22.95351622  
-21.51210017  
-17.31910233  
-11.69411569  
-5.833622252  
-0.7585117139  
2.572398557  
3.247451592  
0.6565707546  
-5.051595131  
-12.59914601  
-19.64052371  
-23.42583413  
-21.90289438  
-14.78536588  
-4.015964232  
6.739675465  
13.49195905  
13.67133597  
7.418426777  
-2.253324404  
-10.61726565  
-13.28406142  
-8.244246956  
3.06414773  
16.22694894  
25.72836097  
27.41457911  
20.41091779  
7.56852178  
-5.819647871  
-14.47570141  
-15.63061514  
-10.36528707  
-3.125372325  
0.4076182513  
-3.883700632  
-16.40197609  
-33.37894115  
-48.38120318  
-55.12592239  
-50.32805572  
-35.26794281  
-15.34761368  
2.173007268  
11.23826174  
9.483756878  
-0.9376118199  
-14.4956828  
-24.79521456  
-27.27306173  
-20.87439431  
-8.043963933  
6.80731757  
19.50033115  
27.84422875  
32.1507964  
34.38631161  
36.54169468  
39.17129837  
40.91501087  
39.26332906  
