-56.81054825  
-81.81697061  
-104.6748656  
-116.9416264  
-112.2307716  
-88.97347899  
-51.26134266  
-7.486667604  
32.56879208  
60.96166048  
73.87673909  
72.22378927  
60.53240444  
44.7910533  
30.17892561  
19.52057764  
12.87509442  
8.1761208  
2.486401716  
-6.675153537  
-20.35629355  
-37.7389564  
-56.24169495  
-72.03701929  
-80.84770042  
-78.89999475  
-63.90064702  
-35.85101821  
2.539378916  
46.05946566  
87.91031446  
121.1860214  
140.5450435  
143.5642248  
131.3223872  
108.0030661  
79.64984956  
52.50570907  
31.4960852  
19.31407066  
16.28969339  
20.90302656  
30.57733946  
42.36988457  
53.34109362  
60.64560042  
61.58942159  
53.93026879  
36.53423544  
10.21973051  
-21.62050418  
-53.09397484  
-76.8622258  
-86.07162734  
-76.63219167  
-49.04359219  
-8.999420216  
33.64503252  
67.38386365  
82.3323495  
73.20419025  
40.98675129  
-7.274567781  
-60.52401891  
-106.8859046  
-136.9360393  
-146.0053954  
-134.8631306  
-108.7272565  
-75.13260523  
-41.52077889  
-13.39690194  
6.434696938  
17.54000133  
20.84431042  
17.5626538  
8.600160943  
-5.366074534  
-23.29688699  
-43.1376029  
-61.58179813  
-74.5305563  
-78.1776114  
-70.32999658  
-51.41750958  
-24.73028054  
4.288453616  
29.50315845  
45.8172455  
50.59423104  
44.31088898  
30.27074172  
13.53319929  
-0.5476290858  
-7.702769456  
-5.67072212  
5.51086914  
23.79883992  
45.82355693  
67.70344809  
85.78626313  
97.19606255  
100.1527249  
94.08238508  
79.55905623  
58.11774696  
31.98226579  
3.759609869  
-23.84321164  
-48.23675604  
-67.09761689  
-78.49066792  
-81.03788168  
-74.18572803  
-58.55006413  
-36.2159698  
-10.79394251  
12.95788374  
30.02115388  
36.38572194  
30.3592809  
13.45256011  
-9.582866229  
-31.75665832  
-45.72258753  
-46.02785193  
-31.00865191  
-3.647249851  
28.99556005  
57.69441264  
73.76976826  
71.74334717  
51.07590475  
16.41306121  
-23.74135027  
-59.48973566  
-82.34729524  
-87.51802867  
-74.98410896  
-49.17052122  
-17.40899459  
12.2374109  
33.10549648  
41.45034816  
37.04439728  
22.85154315  
4.001000776  
-13.61018199  
-24.75800012  
-26.11203211  
-17.03251812  
0.2114641805  
20.90754535  
39.05543856  
49.04234752  
47.45507215  
34.47165909  
14.26502928  
-5.929857309  
-18.00061389  
-15.79620297  
2.353911424  
32.4638715  
65.70428336  
91.14481468  
99.5804067  
87.0586243  
56.70437448  
17.99516591  
-16.39874874  
-35.10917321  
-32.20430834  
-9.34107324  
24.93407971  
58.47056576  
80.06735565  
83.46263345  
69.18111219  
43.58103852  
15.63720195  
-7.059859306  
-21.32327919  
-29.13830124  
-35.95386866  
-47.38864904  
-65.93234682  
-89.1815912  
-110.4169696  
-121.2510981  
-115.1561142  
-90.32435668  
-50.66215438  
-4.579286358  
37.81014731  
67.84344697  
80.57311838  
75.42311575  
55.30961795  
24.94306351  
-10.76290629  
-47.52536451  
-81.68398559  
-109.7852668  
-128.3881326  
-134.5028369  
-126.5914222  
-105.6049778  
-75.37754019  
-41.94967135  
-11.92302895  
9.528443075  
20.13931488  
20.88340999  
15.05515757  
6.60665738  
-1.416002737  
-7.596104488  
-11.78207238  
-14.00696357  
-13.46817471  
-8.307106533  
3.542196336  
22.82337823  
47.61660502  
73.07829773  
92.67147769  
100.5316349  
93.95802615  
74.83053931  
49.16249168  
24.84103118  
8.477790286  
2.763618341  
5.537657322  
11.01514722  
12.62207154  
6.13667367  
-8.301036837  
-26.21424974  
-40.79720558  
-45.94331141  
-38.89433121  
-21.34103995  
1.425335845  
22.80046408  
37.46393395  
43.11548407  
40.69893837  
33.24591689  
24.11690296  
15.60430245  
8.534177373  
2.868221584  
-1.274641005  
-2.963948006  
-0.6925901918  
6.563536264  
18.08880855  
30.82137642  
39.97465946  
40.82865204  
30.96165499  
11.8431065  
-11.10456894  
-30.21221441  
-38.44827984  
-32.29721577  
-13.38092856  
11.92132203  
34.74495831  
46.98820428  
44.22098496  
27.12349984  
0.9770051446  
-26.45021511  
-47.6704049  
-57.79218496  
-55.60354465  
-43.24757604  
-24.898937  
-5.156017084  
12.20194465  
24.7807277  
31.54356417  
32.51603295  
28.54098478  
21.19534143  
12.73846041  
5.849950119  
3.010378257  
5.62892251  
13.27157053  
23.43333974  
32.13929227  
35.30950073  
30.43614273  
17.89377386  
1.264469634  
-13.59639109  
-20.52753796  
-15.39707557  
2.060634586  
27.63541209  
53.56908522  
70.78365986  
71.70443906  
52.75243109  
15.67809444  
-32.71246597  
-82.36718672  
-122.7701988  
-145.8312386  
-147.996542  
-130.9572484  
-100.7921592  
-65.88629834  
-34.3563015  
-11.84729741  
-0.4005991233  
1.320946578  
-3.323665089  
-10.80116484  
-18.94224503  
-27.54125626  
-37.81759746  
-51.05208107  
-67.08932305  
-83.46584962  
-95.65685496  
-98.43365304  
-87.82030724  
-62.84863723  
-26.36817496  
15.4523948  
54.77235492  
84.26866926  
99.0931549  
97.97117809  
83.1980335  
59.70761273  
33.65948116  
11.02635859  
-3.502729786  
-7.212326613  
0.295163589  
17.0394216  
38.92499345  
60.44677594  
75.90607958  
80.98683638  
74.26119881  
58.01703783  
37.89335106  
21.20042325  
14.36269802  
20.39755083  
37.47375074  
59.26440435  
77.1080774  
83.21750256  
73.67459601  
49.98098808  
18.50896319  
-11.92443915  
-33.34300038  
-41.39906376  
-36.56413305  
-23.36206961  
-8.149055994  
3.468484427  
8.433681929  
6.598869653  
-0.2611209671  
-10.04230947  
-21.55487295  
-34.75025491  
-49.89255702  
-66.25640623  
-81.21825843  
-90.41682818  
-89.08808159  
-74.04001254  
-45.34820945  
-6.930773784  
34.34316882  
70.69069497  
95.76652062  
106.3898908  
103.030701  
89.01880341  
68.98085905  
47.25649741  
26.91729774  
9.606886796  
-4.013377548  
-13.67655258  
-19.19465296  
-20.55680996  
-18.27039191  
-13.60933586  
-8.507135721  
-5.074456993  
-4.97504569  
-8.990768625  
-16.98690301  
-28.23036248  
-41.78123803  
-56.63581804  
-71.48505953  
-84.26832362  
-91.94667646  
-90.91472139  
-78.17253356  
-52.91353773  
-17.80922571  
20.78448192  
54.1143794  
73.58182311  
73.69369784  
54.24161186  
20.74716787  
-17.1256806  
-48.65798752  
-65.50443663  
-64.17814446  
-46.72864947  
-19.51852971  
9.242438673  
32.14426189  
44.44365511  
44.68659041  
34.23506813  
16.25335962  
-5.251695023  
-26.0388664  
-41.98412848  
-49.50100361  
-46.27189073  
-32.19147541  
-10.06029944  
14.55916931  
34.65268254  
44.00485169  
39.59316553  
23.06724437  
0.5073252992  
-19.64631838  
-29.76137135  
-25.98346554  
-9.724228325  
12.99490902  
34.05338306  
46.47121294  
46.94844209  
36.64542043  
20.01144563  
2.401355071  
-12.25560606  
-22.59622615  
-29.34335028  
-33.67888534  
-35.56436944  
-33.11423922  
-23.50934564  
-5.031940325  
20.9184435  
49.08926744  
71.61371634  
80.92174279  
73.096599  
50.08591916  
19.58151586  
-7.595700449  
-21.61609576  
-17.53875636  
2.698498445  
31.06778822  
56.68087363  
70.07255068  
66.74150511  
48.53805552  
22.47194591  
-2.385356527  
-18.4987504  
-22.49715174  
-15.92233151  
-4.061084543  
6.414147042  
9.937617068  
3.778196057  
-11.40476081  
-32.06523066  
-52.91537142  
-68.27630115  
-73.37132461  
-65.46103776  
-44.73955116  
-14.78478137  
17.76395537  
44.56435224  
57.89270007  
53.35011843  
31.95733994  
0.5993553763  
-29.74305262  
-47.66445953  
-45.68271603  
-23.53311085  
11.10684837  
45.04116836  
64.40253797  
60.09366374  
31.60687717  
-12.42804597  
-57.30862274  
-87.7666254  
-93.70352185  
-73.83431139  
-35.80719699  
7.137038179  
41.46015189  
58.31210534  
56.18691128  
40.33430537  
19.46328638  
1.410797425  
-10.21813569  
-17.01068069  
-24.06293192  
-36.63189752  
