28.15864902  
33.4159954  
33.75083615  
26.90432157  
12.78290788  
-6.049899178  
-24.90155278  
-38.42897771  
-42.56426663  
-36.1278624  
-21.42614507  
-3.509081141  
11.68547794  
19.58214191  
18.69049827  
11.06831914  
1.315288787  
-5.481856115  
-5.96848312  
0.05952350086  
9.656604219  
18.13715806  
21.25250662  
17.14683143  
7.202783741  
-4.606535806  
-13.55723307  
-16.35238471  
-12.62345809  
-5.049085675  
1.974681166  
4.499505458  
1.009205272  
-6.72670794  
-14.37044819  
-17.01761307  
-11.58778341  
1.500245477  
18.17743586  
32.23548144  
37.887857  
32.28161158  
16.85577775  
-3.07240063  
-20.35074084  
-28.81949742  
-25.74168331  
-12.82983619  
4.534386509  
19.52796054  
26.60866592  
23.60550043  
12.35598122  
-2.294183775  
-14.63015837  
-20.40596513  
-18.41746471  
-10.72336544  
-1.52309133  
4.74858983  
5.271899281  
-0.1124957615  
-9.023130993  
-17.67786241  
-22.50908448  
-21.56620763  
-15.16730705  
-5.612443049  
3.839597196  
10.26286994  
12.10369162  
9.604054555  
4.522115014  
-0.6634688415  
-3.712534401  
-3.382832903  
0.2494590087  
5.955726859  
11.87874584  
16.18390095  
17.60526877  
15.73158822  
10.9933584  
4.418665011  
-2.713633341  
-9.192002285  
-14.0762591  
-16.77073854  
-17.00989783  
-14.82624538  
-10.55380742  
-4.870677445  
1.17227225  
6.219606144  
8.840633579  
7.91418818  
3.068586716  
-4.996622283  
-14.48691346  
-22.88510513  
-27.66581998  
-27.13593496  
-21.08642887  
-10.96860845  
0.5333600064  
10.41990005  
16.44951089  
17.93453474  
15.91220364  
12.59140898  
10.290677  
10.32262537  
12.33193482  
14.41576941  
14.01564661  
9.212961984  
-0.1492970909  
-12.05315083  
-22.84644195  
-28.56655592  
-26.51877641  
-16.44442553  
-0.7700852866  
16.18776161  
29.74409085  
36.46917271  
35.26065132  
27.46484226  
16.07051258  
4.391904416  
-5.154053008  
-11.66692848  
-15.592732  
-17.96649359  
-19.53414262  
-20.23838031  
-19.32624742  
-15.98575224  
-10.12716742  
-2.838683537  
3.787910539  
7.435710909  
6.591737806  
1.319051128  
-6.634641678  
-14.48546245  
-19.54184709  
-20.29138305  
-16.93287483  
-11.10230124  
-4.933426244  
0.07638688159  
3.820895613  
7.565783519  
13.14188695  
21.73684207  
32.89401137  
44.25916075  
52.27933963  
53.60834628  
46.61903827  
32.33537781  
14.32409302  
-2.47082385  
-13.50390447  
-16.29400817  
-11.29686752  
-1.634629792  
8.189913309  
14.05060455  
13.7079105  
7.485028286  
-2.106032473  
-11.56386461  
-17.87732261  
-19.66581318  
-17.54882194  
-13.66364401  
-10.60526908  
-10.27267297  
-13.09860828  
-17.93912877  
-22.60772173  
-24.78569816  
-22.92381216  
-16.79832639  
-7.556011604  
2.708286549  
11.63916197  
17.31257589  
18.71675201  
15.91518768  
9.903629542  
2.257113902  
-5.303969842  
-11.31196033  
-14.83221989  
-15.58428944  
-13.89735773  
-10.52672259  
-6.386070118  
-2.274979212  
1.311875202  
4.227638548  
6.552716014  
8.36205123  
9.488878542  
9.411402724  
7.350717387  
2.582271285  
-5.140012661  
-15.22039127  
-26.10025819  
-35.48796795  
-40.91979754  
-40.49414136  
-33.5334658  
-20.92881526  
-5.017906487  
10.99386077  
23.89787191  
31.35648198  
32.50573259  
28.09974779  
20.16987633  
11.33572257  
4.015049259  
-0.2056686763  
-0.8552469137  
1.528738886  
5.79789276  
10.68935337  
15.21512795  
18.81061369  
21.22863511  
22.28474362  
21.62500682  
18.67382366  
12.82956503  
3.849522465  
-7.743910632  
-20.4452938  
-31.89588712  
-39.39258214  
-40.65070581  
-34.57231396  
-21.7387481  
-4.421088175  
13.93474623  
29.60396062  
39.57417356  
42.30934149  
38.04579339  
28.5495614  
16.45481824  
4.438148163  
-5.484240026  
-12.32808575  
-16.11995521  
-17.57459544  
-17.65271902  
-17.18527024  
-16.67444562  
-16.27794849  
-15.90069018  
-15.29885683  
-14.14187876  
-12.04555449  
-8.635426279  
-3.690274616  
2.647645965  
9.691410092  
16.19573384  
20.6155847  
21.62558199  
18.74113342  
12.77242894  
5.845634785  
0.8621417163  
0.4987517717  
6.083467685  
16.80333494  
29.63742759  
40.1595932  
44.00937653  
38.52460727  
23.90527295  
3.405387495  
-17.60095129  
-33.39342299  
-39.87959624  
-36.01784649  
-24.125314  
-8.933275418  
4.250509276  
11.54876409  
11.88981217  
7.199760893  
1.342423047  
-1.74522172  
0.06555418578  
6.001093205  
12.56526576  
14.9542923  
9.149702563  
-6.163583572  
-28.65768725  
-52.82536297  
-71.71751342  
-79.31909639  
-72.67443398  
-52.96893609  
-25.17889445  
3.555898568  
26.21579129  
38.0125753  
37.61530307  
27.15424457  
11.13621864  
-5.222447026  
-17.60027155  
-23.59044968  
-22.91771806  
-16.96890783  
-7.977535008  
1.76050766  
10.39474691  
16.70996713  
20.11889042  
20.61918587  
18.79636975  
15.82022928  
13.29620257  
12.86202265  
15.56388541  
21.22887212  
