38.62816096  
30.96689414  
25.58547883  
22.56944014  
20.18121844  
16.02212372  
8.539183599  
-1.866125167  
-12.68599073  
-20.22427898  
-21.19644077  
-14.29671978  
-1.013709798  
14.70404677  
27.8305519  
34.1339036  
31.76550144  
21.91693631  
8.291461076  
-4.369215407  
-12.0841346  
-13.03535686  
-8.050635893  
-0.0480160802  
7.250481344  
10.76376547  
9.077176526  
2.706526012  
-6.38885647  
-15.72641944  
-23.20617959  
-27.63787387  
-28.76267474  
-26.90410068  
-22.54083913  
-16.08126534  
-7.955576585  
1.076323262  
9.656709929  
15.86156278  
17.64349633  
13.56878117  
3.54143294  
-10.84502047  
-26.56073778  
-39.97915255  
-48.01754436  
-49.13926498  
-43.81048788  
-34.21917947  
-23.36847459  
-13.91811881  
-7.250423519  
-3.13493976  
-0.1049599724  
3.64844139  
9.274617379  
16.59952132  
24.08676745  
29.43472251  
30.54578715  
26.45235002  
17.81162738  
6.771160828  
-3.731607934  
-10.95038277  
-13.21327535  
-10.39348631  
-3.832177385  
4.20881555  
11.32863237  
15.71701322  
16.60591948  
14.34543731  
10.1424261  
5.594611937  
2.183219367  
0.8640681822  
1.845310358  
4.58439445  
7.989026667  
10.76681172  
11.83290183  
10.66000657  
7.454319304  
3.080484678  
-1.260439521  
-4.496107743  
-6.110077651  
-6.340637074  
-6.038844533  
-6.219012305  
-7.487114354  
-9.616779023  
-11.50518282  
-11.58363518  
-8.541559067  
-2.049325418  
6.873632941  
16.06891636  
22.99680433  
25.74569395  
23.85013147  
18.52672803  
12.18145662  
7.373482265  
5.686063021  
7.02237397  
9.668676054  
11.12093619  
9.311238912  
3.668795365  
-4.490198723  
-12.44842922  
-17.24689318  
-16.99564386  
-11.73322685  
-3.436245648  
4.826271636  
10.20060368  
11.21344564  
8.265111561  
3.248282022  
-1.491630913  
-4.329836446  
-5.095762275  
-5.024423718  
-5.97776085  
-9.349697345  
-15.21901646  
-22.1810585  
-27.94216104  
-30.37611107  
-28.51235741  
-22.9658635  
-15.60451828  
-8.63623012  
-3.586378482  
-0.6829615289  
1.051912324  
3.074171705  
6.353755867  
10.69582863  
14.71883354  
16.51700404  
14.67385914  
9.1012281  
1.25597644  
-6.403486466  
-11.47360239  
-12.66361521  
-10.33544178  
-6.260876023  
-2.719850275  
-1.390700804  
-2.582170965  
-5.17995208  
-7.316143392  
-7.405627541  
-5.010979659  
-1.092113365  
2.484831327  
3.92375483  
2.455994664  
-1.215076239  
-5.214130553  
-7.390782  
-6.363035412  
-2.183748131  
3.69947912  
9.162426013  
12.42908339  
12.88323485  
11.26184988  
9.146993934  
8.032353661  
8.458100526  
9.670166316  
9.990277269  
7.718573449  
2.116508758  
-6.028329164  
-14.5509228  
-20.71754952  
-22.32280923  
-18.5703089  
-10.34708051  
0.20194669  
10.56439076  
18.78422218  
24.01041667  
26.48066453  
27.04358739  
26.53769899  
25.37833131  
23.54941867  
20.94916851  
17.8336326  
15.04968804  
13.87037169  
15.47266427  
20.30346908  
27.65582602  
35.68433361  
41.88012659  
43.8113816  
39.82548081  
29.45352547  
13.42157647  
-6.638979235  
-28.58019187  
-50.04391264  
-68.62855111  
-82.00060636  
-88.09930742  
-85.52292364  
-74.0321419  
-54.95316826  
-31.21436394  
-6.855131107  
13.92758267  
27.89321968  
33.60915358  
31.69241718  
24.34264656  
14.37951257  
4.217516919  
-4.773345633  
-12.27754478  
-18.49552799  
-23.41954366  
-26.37746422  
-26.14761184  
-21.62694099  
-12.70945555  
-0.8734501706  
10.92105804  
19.10038136  
20.79758968  
15.05418527  
3.341326967  
-10.87641777  
-23.38231439  
-30.73250322  
-31.41476734  
-26.16605969  
-17.36731906  
-7.855578199  
0.2625653135  
6.257375588  
10.64818469  
14.46940823  
18.39408488  
22.21836543  
24.98331169  
25.63837314  
23.83871918  
20.38028775  
16.96661134  
15.37036339  
16.40900825  
19.30110568  
21.81874868  
21.26448029  
15.8653676  
5.916150689  
-5.938519647  
-15.52470795  
-18.79075616  
-13.60038948  
-0.862250368  
15.55567378  
30.16100048  
37.90548624  
36.13836165  
25.63139289  
10.25251539  
-4.566041979  
-13.92143445  
-15.23990175  
-9.080943719  
1.315953295  
11.4803926  
17.51199558  
17.49850263  
12.03152424  
3.706522874  
-4.095551058  
-8.597874388  
-8.636696753  
-4.947978781  
0.2958846067  
4.445118047  
5.425269673  
2.498028217  
-3.508932679  
-10.54153734  
-16.08392928  
-18.08758734  
-15.76917245  
-10.02233916  
-3.289416926  
1.115666391  
0.07723457382  
-8.164394735  
-23.1516466  
-41.99359672  
-59.97111922  
-71.86617512  
-73.62986017  
-63.82046086  
-44.25874834  
-19.59041231  
4.157963601  
21.54173075  
29.45854184  
28.03269284  
20.28052739  
10.70282613  
3.392219537  
0.4469188464  
1.347655529  
3.534164523  
3.890000552  
0.4440734437  
-6.496248422  
-14.30626931  
-19.12763097  
-17.59060443  
-8.396974822  
6.956140462  
24.64635584  
39.98830446  
49.24330581  
50.9828564  
46.42411042  
