64.05306574  
54.81200924  
39.72521021  
21.53545277  
3.246868652  
-12.47340889  
-23.67788665  
-29.27396776  
-28.98095999  
-23.22632634  
-13.07613982  
-0.216634426  
13.08557669  
24.16398111  
30.36222983  
29.65658393  
21.33678781  
6.491590252  
-11.95624564  
-29.80066136  
-42.61624182  
-47.04581791  
-41.89077103  
-28.60390808  
-10.96614886  
5.991274947  
17.48358024  
20.39478811  
14.15509488  
0.7986056614  
-15.7808885  
-31.08438705  
-41.32774079  
-44.40132501  
-40.21267461  
-30.39717017  
-17.59542244  
-4.605095267  
6.307232858  
13.7697833  
17.33462423  
17.27917711  
14.32828262  
9.410997305  
3.494213503  
-2.527913853  
-7.931292394  
-12.26426465  
-15.42842073  
-17.68024053  
-19.50529599  
-21.36799449  
-23.40960184  
-25.21855211  
-25.79863861  
-23.80286476  
-18.00056557  
-7.841274223  
6.08663631  
21.90028404  
36.68767874  
47.17843496  
50.65843996  
45.85994687  
33.52944422  
16.44467455  
-1.192979844  
-14.86659741  
-21.04710601  
-18.28902598  
-7.744715149  
7.114902195  
21.53259645  
30.94754383  
32.44989767  
25.71221302  
13.06520346  
-1.321119886  
-12.86981067  
-18.13749986  
-15.91901507  
-7.539532006  
3.733535404  
13.8992195  
19.57848179  
19.02498042  
12.47651121  
1.818673775  
-10.20191116  
-20.84555082  
-28.00641604  
-30.45969245  
-27.80456586  
-20.30873071  
-8.843061317  
5.049388037  
19.08339057  
30.38877655  
36.05973565  
34.05392403  
24.14680082  
8.493034542  
-8.59901926  
-21.7992821  
-26.51708569  
-20.67488253  
-5.766413609  
13.32691836  
29.83120425  
37.42156628  
32.56280501  
15.94616883  
-7.56673432  
-30.51833507  
-45.38612408  
-47.14194267  
-34.90978825  
-12.15383957  
14.6053826  
38.01129436  
52.19256294  
54.38780571  
45.40429622  
28.90494242  
9.919771199  
-6.821483412  
-18.18429797  
-23.22528399  
-23.04845724  
-20.1078028  
-17.24976924  
-16.78093271  
-19.7748961  
-25.74927428  
-32.77513874  
-38.01599817  
-38.60827862  
-32.68463345  
-20.23877328  
-3.49776229  
13.43935335  
25.71174078  
29.27564418  
22.42743141  
6.6767043  
-13.45246775  
-31.73824387  
-42.29919199  
-41.63440648  
-29.8934245  
-10.86538313  
9.339845347  
24.43510214  
30.11631976  
25.43323538  
12.88888095  
-2.701580242  
-16.08221464  
-23.39568577  
-23.30040609  
-17.02016713  
-7.438234481  
2.283383844  
9.944911859  
14.93059976  
18.05067691  
20.7900891  
24.3746101  
29.08645839  
34.09742839  
37.8342124  
38.66764948  
35.61380474  
28.77170698  
19.35866107  
9.365365463  
0.9729036921  
-4.078201008  
-4.992632417  
-2.174944525  
2.829377624  
7.709993114  
10.02283824  
7.940143908  
0.9165929729  
-9.957582896  
-22.09494199  
-32.08191487  
-36.73050866  
-34.18349042  
-24.67210763  
-10.60672244  
4.093972748  
15.24010643  
19.74567392  
16.64130381  
7.354132782  
-4.833642151  
-15.92046996  
-22.47408004  
-22.60795221  
-16.34631187  
-5.349107065  
7.786522333  
20.31648623  
29.95188193  
35.15790387  
35.21175192  
30.16877052  
20.848854  
8.832225927  
-3.659103231  
-14.13124189  
-20.46003677  
-21.63367398  
-18.2735136  
-12.60831177  
-7.764535361  
-6.548341696  
-10.18562137  
-17.59540607  
-25.61167933  
-30.18000717  
-28.10206162  
-18.59700797  
-3.957445391  
11.07604698  
21.04919509  
21.9574077  
12.93019077  
-3.299899784  
-21.37266335  
-35.32482342  
-40.81220408  
-36.59823127  
-24.71463764  
-9.298673164  
5.304157812  
16.2820304  
23.17131307  
27.44526104  
31.17766056  
35.51974487  
39.79751974  
41.70815535  
38.53149066  
28.75058516  
13.24838541  
-4.571884632  
-19.89098396  
-28.36219867  
-27.95055159  
-19.87994413  
-8.227970527  
1.691741553  
5.479038189  
1.410566622  
-8.928066195  
-21.38734388  
-31.02443044  
-34.11940686  
-29.58110971  
-19.1845149  
-6.607708626  
4.248659082  
10.89668422  
13.15385468  
12.95722549  
13.25009304  
16.4839399  
23.41435403  
32.70528482  
41.48267028  
46.56575502  
45.83066808  
39.1294947  
28.39758445  
16.9284702  
8.130782746  
4.271887142  
5.693276616  
10.77672914  
16.63931029  
20.260823  
19.59948712  
14.27739073  
5.596889847  
-4.09061439  
-12.39801132  
-17.89235667  
-20.66836409  
-22.271378  
-24.98631388  
-30.75901083  
-40.17467353  
-51.92000789  
-62.99190913  
-69.63839997  
-68.72606103  
-59.0350407  
-41.97037905  
-21.3649631  
-2.376015848  
10.17699583  
13.45186185  
7.598951201  
-4.241034173  
-16.98401221  
-25.33573865  
-25.59547899  
-16.88657749  
-1.38435229  
16.51675675  
31.76790747  
40.37958206  
40.67212263  
33.64851792  
22.41502513  
10.92338858  
2.53361381  
-1.075474518  
-0.2864899235  
2.863278869  
5.665039178  
5.897891048  
2.732585751  
-2.929720184  
-8.773935506  
-11.90116129  
-9.866066494  
-1.565053695  
12.31079736  
29.38743081  
46.22742192  
59.2467386  
65.64110382  
