50.05365073  
52.85474631  
51.10080176  
46.72961338  
41.44761617  
35.96688382  
29.82115773  
21.81726685  
10.90070477  
-2.96751389  
-18.33601122  
-32.44135239  
-42.01815071  
-44.45215171  
-38.83012392  
-26.46160116  
-10.63977864  
4.304441414  
14.33195553  
16.94186428  
11.90369123  
1.241277966  
-11.48977706  
-22.34644849  
-28.15914776  
-27.34390345  
-20.16545766  
-8.462202655  
4.989080632  
17.22516621  
25.75779153  
29.03385531  
26.67299324  
19.50346327  
9.407584965  
-1.035780182  
-9.11322271  
-12.67877702  
-10.82851073  
-4.306545223  
4.579104432  
12.60969846  
16.72814352  
15.16482652  
8.161368759  
-2.054700395  
-12.10410437  
-18.80436892  
-20.47964827  
-17.65179953  
-12.7731692  
-9.08041514  
-9.059623229  
-13.21897682  
-19.75614654  
-25.31441228  
-26.51832242  
-21.60061346  
-11.3626082  
1.00369614  
11.1872893  
15.57022648  
12.76709601  
4.195855147  
-6.574240537  
-15.3904352  
-19.27902955  
-17.60804683  
-12.15428813  
-6.101679404  
-2.489950839  
-2.861631684  
-6.717646568  
-11.97079529  
-16.09521308  
-17.355656  
-15.50846179  
-11.67734421  
-7.54988195  
-4.380661033  
-2.354317021  
-0.6314030727  
1.993060561  
6.228166043  
11.73551345  
17.21350238  
21.07525806  
22.33238968  
21.16951757  
18.86024682  
17.04649462  
16.77717251  
17.86495576  
18.97015182  
18.42513273  
15.37991579  
10.62019342  
6.526131584  
6.067558316  
11.25643868  
21.82636351  
34.87601131  
45.78682223  
50.09855804  
45.50826225  
33.02710944  
16.67496975  
1.771802599  
-7.425546154  
-9.636986422  
-7.089459679  
-4.366788091  
-6.08858614  
-14.51408623  
-28.23833578  
-42.65245115  
-52.0038863  
-52.11321717  
-42.46148253  
-26.63125015  
-10.84643823  
-1.252916669  
-1.184662158  
-9.679884035  
-21.93448685  
-31.48085032  
-33.08407826  
-25.03135712  
-9.795703988  
7.171598478  
19.8991439  
24.43605999  
20.32608651  
10.42371529  
-0.7306020567  
-9.09784142  
-12.81003155  
-12.57654752  
-10.76209298  
-9.743780798  
-10.4811627  
-12.06129536  
-12.41661979  
-9.762577665  
-3.906402319  
3.352550151  
9.015228354  
10.49068551  
7.164014895  
1.035224543  
-4.017364093  
-4.089810628  
2.649774059  
14.68675852  
27.43917099  
35.09433703  
33.23649644  
21.06497707  
2.129001247  
-16.84957954  
-28.6236466  
-28.40966967  
-15.90993779  
4.520501419  
25.62830519  
40.1574815  
43.62451626  
35.80973686  
20.41665463  
3.18538973  
-10.59308425  
-18.02527278  
-19.23204451  
-16.52826631  
-12.7436293  
-9.619599527  
-7.091224933  
-3.742306052  
1.911947889  
10.08745399  
19.12119921  
25.97145452  
27.6158981  
22.64968729  
12.25732477  
0.02131607732  
-9.407026396  
-12.19664746  
-6.93470765  
4.781555707  
19.00202911  
31.00182954  
37.0566577  
35.65218337  
27.68204204  
15.68797024  
2.623231579  
-9.22662357  
-18.70730088  
-25.57307496  
-29.88778702  
-31.53036241  
-30.16333131  
-25.69069414  
-18.88160108  
-11.67622038  
-6.820508335  
-6.839470492  
-12.76469875  
-23.25663897  
-34.6650948  
-42.17476435  
-41.66481548  
-31.52416096  
-13.60829862  
7.154686931  
24.43434981  
32.81193351  
29.81113751  
16.8231857  
-1.438442865  
-18.71285016  
-29.46653872  
-30.77387388  
-23.1186147  
-9.905882417  
4.008730075  
14.12413421  
17.73908062  
14.57859593  
6.519040949  
-3.32714188  
-11.7308868  
-16.26303352  
-15.77636989  
-10.43365946  
-1.411744027  
9.540311055  
20.54658181  
29.97358363  
36.68721207  
40.17425588  
40.50811166  
38.16576196  
33.75710386  
27.78615864  
20.57586073  
12.4208118  
3.901421253  
-3.840732738  
-9.111776683  
-10.1093392  
-5.729955512  
3.578983837  
15.3788681  
25.5882107  
29.69048245  
24.45882669  
9.522274221  
-11.96291415  
-33.99069851  
-49.64440014  
-53.63378841  
-44.43011331  
-25.07489338  
-2.238510432  
16.17585841  
23.95765594  
18.86715875  
3.345435077  
-16.60875564  
-33.88638804  
-42.98975885  
-41.90510449  
-32.42410685  
-18.92248749  
-6.271072384  
2.124761324  
5.318754829  
4.54581958  
2.004157621  
-0.548933804  
-2.619565374  
-4.832378285  
-7.996612222  
-12.00878593  
-15.31491038  
-15.35021805  
-9.82837627  
1.752324751  
17.21092213  
31.98682597  
40.67995847  
39.24558223  
26.89008741  
6.77609458  
-14.86843357  
-30.95048846  
-36.15115003  
-28.92416538  
-12.03645018  
8.555009617  
26.00536034  
35.11221712  
34.07250978  
24.83021496  
11.98533575  
0.808118732  
-4.790750978  
-3.550268781  
2.999398722  
11.45575198  
18.03432714  
19.98945367  
16.44786647  
8.447158155  
-1.690298375  
-11.29136142  
-18.17682003  
-21.14491991  
-20.02718234  
-15.43287253  
-8.385587973  
-0.03080222038  
8.505363166  
16.13691498  
21.81636637  
24.60692895  
23.86431745  
19.48162052  
12.08782589  
3.07817312  
-5.599602363  
-11.89122635  
-14.20376253  
-11.91678667  
-5.648544383  
2.848161851  
11.16536755  
16.96192226  
18.69171201  
16.08064813  
10.17381308  
2.930260979  
-3.480892721  
-7.410794936  
-8.207411712  
-6.272042737  
-2.716242943  
1.185590915  
4.474480376  
6.701178476  
7.788997105  
7.707917936  
6.21272299  
2.862471859  
-2.632743634  
-9.911185636  
-17.6238275  
-23.55843897  
-25.31440655  
-21.32316647  
-11.77057756  
1.064854548  
13.34006086  
20.94506177  
21.09097357  
13.51357149  
0.7244092713  
-12.87359935  
-22.69025935  
-25.77107202  
-21.95767882  
-13.87697777  
-5.762341104  
-1.627640938  
-3.597900118  
-11.11558595  
-21.33059234  
-30.44023587  
-35.32907644  
-34.75987989  
-29.62162207  
-22.21371407  
-14.99972974  
-9.480272856  
-5.719035508  
-2.683471973  
0.8667093999  
5.474517792  
10.56649365  
14.72948497  
16.50160388  
15.21682296  
11.42307501  
6.637659294  
2.575150841  
0.2766078998  
-0.3749352026  
-0.4797958361  
-1.381076699  
-3.770978413  
-7.153691408  
-9.991256913  
-10.48810693  
-7.610273342  
-1.782338887  
5.150077556  
10.7292018  
13.08816259  
11.93766879  
8.802693455  
6.336138226  
7.003470537  
11.76928546  
19.44807004  
27.0809918  
31.21049783  
29.48285585  
21.833212  
10.68609186  
0.0526191177  
-6.090373791  
-5.43108865  
1.73866073  
12.65856384  
23.2133928  
29.52080614  
29.32794929  
22.68737456  
11.73030645  
-0.2646203399  
-10.06517977  
-15.47731323  
-15.84102107  
-11.98340196  
-5.780504439  
0.448509113  
4.535490632  
4.957885542  
1.205869839  
-6.012428073  
-14.80471416  
-22.45757436  
-26.14535193  
-23.84819416  
-15.18045472  
-1.765954045  
13.09627278  
25.46555584  
32.15948534  
31.96858814  
26.14589245  
17.90154557  
11.05915359  
8.420314104  
10.54881628  
15.52864042  
19.82889276  
19.91019355  
13.86221986  
2.338785704  
-11.63069282  
-23.86744112  
-30.75627875  
-30.68657093  
-24.60436072  
-15.47662567  
-6.959772403  
-1.89983337  
-1.322349651  
-4.299398004  
-8.654563729  
-12.09347784  
-13.20205515  
-11.88355376  
-9.124378774  
-6.312751777  
-4.517390998  
-4.08988628  
-4.728399916  
-5.870658113  
-7.118059385  
-8.414121886  
-9.883767787  
-11.47063559  
-12.65177892  
-12.4772897  
-9.993045354  
-4.863311378  
2.146983527  
9.145614447  
13.65472162  
13.5475208  
7.986253907  
-2.072056224  
-14.06567423  
-24.67388636  
-30.98578677  
-31.51580756  
-26.66172556  
-18.45050541  
-9.721413663  
-3.116342148  
-0.283806426  
-1.559801374  
-6.145901473  
-12.5902532  
-19.29035222  
-24.80416629  
-27.9248445  
-27.63823347  
-23.14921203  
-14.09569996  
-0.9097758417  
14.87057995  
30.59279504  
42.9475677  
48.85227491  
46.49269734  
36.12320841  
20.26191503  
3.121740562  
-10.58616593  
-17.08120125  
-14.66699615  
-4.192497172  
11.33929403  
27.85306795  
41.55500985  
