81.89098371  
75.35740657  
64.09381815  
49.39155065  
31.92497242  
12.04443279  
-9.522792477  
-30.99726059  
-49.36134239  
-60.91691006  
-62.48126468  
-52.77126374  
-33.36185137  
-8.714061804  
14.88309726  
31.16447756  
35.88909392  
28.2434427  
11.1067832  
-9.933498912  
-28.45108625  
-39.24189885  
-39.83884366  
-30.98883344  
-16.02537163  
0.5106724883  
14.40943899  
22.92012296  
25.15253567  
21.78431789  
14.38512997  
4.759603423  
-5.407607529  
-14.56545564  
-21.15931584  
-23.6232006  
-20.68544862  
-11.94399338  
1.562882791  
17.16330697  
31.00147058  
39.11713729  
38.81643817  
29.78688281  
14.43532923  
-2.796558545  
-16.96455488  
-24.44343673  
-24.30968001  
-18.69202092  
-11.89587621  
-8.609791083  
-11.89719326  
-21.79096211  
-35.086643  
-46.45812913  
-50.48815142  
-43.83318293  
-26.67788962  
-2.904229325  
21.1091845  
38.62409427  
44.83880646  
38.5215576  
22.41525768  
2.297919572  
-14.94813605  
-23.5837244  
-20.8293931  
-7.682996977  
11.47893187  
30.33961649  
42.63468378  
44.07369785  
33.61958033  
13.77099242  
-10.20435599  
-31.83390681  
-45.32942513  
-47.24535074  
-37.42708515  
-18.98374035  
2.687311541  
21.51254758  
32.49020084  
33.04331634  
23.58864221  
7.197682517  
-11.47608319  
-27.60704943  
-37.47724967  
-39.25919825  
-33.15418069  
-20.98107829  
-5.475370978  
10.41256096  
24.03014697  
33.3145114  
36.95802966  
34.56623844  
26.84532038  
15.72276555  
4.21551637  
-4.113269304  
-6.10533781  
-0.1333933985  
13.01487872  
29.93425955  
45.33370809  
53.60667816  
50.77114254  
36.07957659  
12.6350559  
-13.33181527  
-34.37593702  
-44.31486656  
-40.38357746  
-24.25691222  
-1.527871072  
20.19965871  
33.92232845  
35.60501291  
25.44913236  
7.622525244  
-11.41401469  
-25.33501639  
-30.22627129  
-25.88390142  
-15.69504375  
-5.187650281  
0.1834948457  
-2.810920134  
-13.86855689  
-29.16362062  
-42.66863583  
-48.32897175  
-42.33389392  
-24.68841295  
0.4826367521  
26.04869871  
44.0808689  
48.44852583  
36.94409063  
12.20128812  
-18.94989976  
-47.53180992  
-65.22759946  
-67.0247887  
-52.79958445  
-27.29478865  
1.504193719  
25.02919319  
36.89434472  
34.80935169  
21.00995443  
1.130540871  
-17.98499158  
-30.67342764  
-34.16281236  
-29.04504568  
-18.47274846  
-6.542817239  
3.396489954  
9.827874983  
13.18222773  
15.08761326  
17.21353928  
20.30025682  
23.81272243  
26.32110271  
26.35492377  
23.27080066  
17.70024991  
11.37365239  
6.425412464  
4.522106831  
6.212586323  
10.76613189  
16.52090136  
21.53902088  
24.2607596  
23.9052207  
20.52927614  
14.8305324  
7.871760241  
0.8747532222  
-4.882812661  
-8.151016996  
-7.892732282  
-3.620066452  
4.208620079  
13.94259589  
22.87077204  
27.8344724  
26.20459057  
16.896743  
1.010828763  
-18.2225621  
-36.25235584  
-48.53204218  
-51.89733383  
-45.50154285  
-30.98595062  
-11.86224388  
7.620459291  
23.68729985  
33.91700325  
37.56377347  
35.34098353  
28.8746945  
20.09455871  
10.75955996  
2.18430793  
-4.877637397  
-10.26476686  
-14.3766639  
-18.03667825  
-22.18799444  
-27.43256308  
-33.54984643  
-39.23540427  
-42.29151911  
-40.34628712  
-31.92083197  
-17.42862915  
0.3896855222  
16.93816343  
27.13097278  
27.22330783  
16.40069167  
-2.571430599  
-24.00880519  
-41.12587645  
-48.35634368  
-43.27949081  
-27.39032435  
-5.420062653  
16.48543197  
32.95577782  
41.05951338  
40.82043619  
34.5057469  
25.15411473  
15.11619855  
5.301824966  
-4.580898797  
-15.0413672  
-25.7106797  
-34.81870236  
-39.61773128  
-37.61268323  
-28.0004194  
-12.55564379  
4.579961976  
18.24187267  
24.20457679  
20.91678535  
10.22606072  
-3.26156436  
-13.94030479  
-17.34107813  
-11.74847274  
1.350183984  
18.099371  
33.94604626  
45.36519068  
50.90002978  
51.15545868  
47.90333467  
42.86418688  
36.83149582  
29.56713835  
20.4539717  
9.474388867  
-2.09503018  
-11.7365229  
-16.55907228  
-14.6063582  
-5.965445194  
6.911652002  
19.91380361  
28.76413879  
30.67857698  
25.4664501  
15.58094126  
5.084073704  
-2.036294291  
-3.485275661  
0.4544129109  
7.111267014  
12.56352377  
13.21880518  
7.178715825  
-5.128085524  
-21.21996865  
-37.54061144  
-50.68873607  
-58.41625407  
-60.08289875  
-56.52466856  
-49.52398855  
-41.16861927  
-33.33552582  
-27.39534801  
-24.0965585  
-23.53077771  
-25.11719673  
-27.63226272  
-29.37300673  
-28.52545524  
-23.7080029  
-14.52887508  
-1.918198711  
11.96787435  
24.3176062  
32.5442643  
35.14721158  
32.19647835  
25.22177393  
16.53949554  
8.304287456  
1.705094169  
-3.332195807  
-7.801957378  
-12.80298612  
-18.64659644  
-24.33531267  
-27.698356  
-26.16896489  
-17.88484197  
-2.6293122  
17.81454882  
40.07192013  
60.18675154  
74.81258062  
82.09214625  
