20.60512561  
20.27902316  
16.99857446  
11.14824737  
3.623842764  
-4.266985883  
-11.03144121  
-15.32218731  
-16.29431964  
-13.87646209  
-8.850533468  
-2.687676915  
2.830782414  
6.100699675  
6.142526417  
2.871448745  
-2.887642529  
-9.635956002  
-15.60825012  
-19.23129383  
-19.51169493  
-16.26380894  
-10.13631067  
-2.443217181  
5.157033867  
11.06339001  
14.12555663  
13.93247661  
10.91112292  
6.189057282  
1.239294597  
-2.598175498  
-4.56377547  
-4.728928064  
-3.937324291  
-3.434903274  
-4.313495411  
-6.985395344  
-10.91489508  
-14.74506003  
-16.79976662  
-15.7775229  
-11.3554868  
-4.440546405  
3.062760876  
8.899725355  
11.28244269  
9.551432195  
4.413775766  
-2.337754967  
-8.506575238  
-12.29413652  
-12.89969997  
-10.69201063  
-6.916234948  
-3.094486278  
-0.3954102275  
0.7628058386  
0.7367715797  
0.3484855902  
0.4249063629  
1.417504566  
3.267516174  
5.545572677  
7.754600866  
9.613760276  
11.16808541  
12.67559366  
14.35026907  
16.11997449  
17.54990579  
17.99252546  
16.89929651  
14.13724624  
10.14110786  
5.809318451  
2.178240645  
0.02144732147  
-0.4394139504  
0.4209098917  
1.844631395  
3.049609719  
3.554240535  
3.313651925  
2.617236758  
1.825086119  
1.10589729  
0.3335773361  
-0.7922747636  
-2.47008388  
-4.532621424  
-6.375752373  
-7.167484705  
-6.272948171  
-3.694777935  
-0.2841564003  
2.441633874  
2.861675745  
-0.01428254426  
-5.962464957  
-13.40776519  
-19.85551088  
-22.76980397  
-20.56522593  
-13.30281447  
-2.781958383  
8.039104675  
16.08249859  
19.24232098  
17.09649425  
10.96537757  
3.314511737  
-3.232880571  
-6.861357792  
-7.125880835  
-4.922436685  
-1.935364706  
0.1581775069  
0.3723677465  
-1.283901271  
-3.960035428  
-6.442864915  
-7.707592953  
-7.292453083  
-5.368362413  
-2.537316569  
0.4850296235  
3.122562024  
5.021271766  
5.976216512  
5.814471034  
4.362905172  
1.559622287  
-2.345456165  
-6.64329928  
-10.21836871  
-11.85760938  
-10.72911738  
-6.82429899  
-1.131972716  
4.593109466  
8.426370335  
9.01354061  
6.143599621  
0.8925442377  
-4.748259336  
-8.621841707  
-9.226287028  
-6.266170841  
-0.7132242697  
5.627822996  
10.83966622  
13.57878486  
13.44755785  
10.93671902  
7.029084064  
2.700363835  
-1.429289253  
-5.150269688  
-8.456525973  
-11.25066947  
-13.17167437  
-13.66958848  
-12.29460405  
-9.028742884  
-4.44814703  
0.4123575461  
4.455506682  
6.986000306  
7.993431616  
8.084828165  
8.080903304  
8.480312928  
9.088594726  
9.043943866  
7.272328492  
3.167759137  
-2.856282797  
-9.27158577  
-13.92017862  
-14.91270456  
-11.54093165  
-4.753730008  
3.081934496  
9.089204512  
11.08643304  
8.550090477  
2.88014315  
-3.181665697  
-6.740405657  
-6.014354243  
-1.104066098  
6.08675276  
12.73667254  
16.38176238  
15.98624519  
12.31979971  
7.489654691  
3.880553381  
3.030618125  
4.984528986  
8.412880105  
11.39776362  
12.4539736  
11.2497613  
8.660782927  
6.148124047  
4.812142382  
4.65069152  
4.44996389  
2.405444377  
-2.822131201  
-11.16371193  
-20.83541769  
-28.89465847  
-32.45498506  
-30.00908684  
-22.22193473  
-11.78254353  
-2.338470062  
3.024443802  
3.069926928  
-1.121024226  
-6.710078747  
-10.41921402  
-9.989598416  
-5.115671178  
2.545644637  
10.24268476  
15.4172019  
16.78350038  
14.70880152  
10.77686097  
6.827767041  
4.009072545  
2.330420551  
0.9173610352  
-1.228098516  
-4.425472658  
-7.952933438  
-10.35373094  
-10.26219459  
-7.293353612  
-2.478059326  
2.054095439  
4.044451581  
2.262865574  
-2.74997118  
-8.783131376  
-12.91600805  
-12.91083523  
-8.360445741  
-0.9981720585  
6.032494937  
9.639515358  
8.285645201  
2.792770002  
-3.978122274  
-8.457795313  
-8.094319899  
-2.641112242  
5.638616229  
12.98776424  
15.9370277  
13.00980002  
5.519181849  
-2.960053594  
-8.234652266  
-7.499825666  
-0.7630926818  
9.010050356  
17.13823128  
19.31517624  
13.60528784  
1.428395657  
-12.92918533  
-24.07338113  
-27.75401099  
-22.61616437  
-10.69386477  
3.538889591  
15.10162586  
20.54862313  
19.22843481  
13.25936356  
6.313178903  
1.825051836  
1.467385864  
4.555576373  
8.590230787  
10.61078402  
8.684811748  
2.836104589  
-4.986456475  
-11.83438229  
-15.1090235  
-13.69955053  
-8.408575625  
-1.518423558  
4.253336547  
6.905071129  
5.896691459  
2.199509878  
-2.305294769  
-5.751282792  
-7.094721316  
-6.462813935  
-4.938962711  
-3.94244488  
-4.521237608  
-6.877643922  
-10.30578493  
-13.51853972  
-15.17816503  
-14.38690992  
-10.95204281  
-5.367450837  
1.418012725  
8.30644853  
14.30196889  
18.64486505  
20.84417397  
20.66847561  
18.15017955  
13.61618226  
7.712130475  
1.367986339  
-4.328136583  
-8.335832552  
-9.891384572  
-8.685603772  
-4.933381971  
0.6794879007  
7.143474091  
13.31448131  
18.09804108  
