28.25901813  
29.63029256  
27.21777652  
21.22582342  
13.26764025  
5.971738641  
1.930606513  
2.421855567  
6.557430704  
11.40677431  
13.20692818  
9.206888797  
-0.7139627023  
-13.5211149  
-24.01807367  
-27.0618371  
-20.05445864  
-4.521529827  
14.08365025  
28.4271658  
32.3832284  
23.79739399  
5.623571162  
-15.16934698  
-30.50687029  
-34.65630318  
-26.648939  
-10.56322955  
6.458282749  
17.52445273  
19.08328623  
12.33759808  
2.351735569  
-4.673930492  
-4.603696165  
2.534383517  
12.57948926  
19.37860628  
17.97830942  
7.289759402  
-9.10138524  
-24.41095063  
-31.74305187  
-27.33349931  
-12.41665037  
7.165171283  
23.42939158  
29.65843688  
23.19782334  
6.425632874  
-14.45312613  
-32.13995438  
-41.21380015  
-40.03783816  
-30.88647413  
-18.44316026  
-7.537533962  
-1.231026995  
-0.05282300599  
-2.531079827  
-6.515809021  
-10.46987933  
-14.04425138  
-17.73722318  
-21.97999045  
-26.29868741  
-29.12363153  
-28.41472034  
-22.78126225  
-12.46924359  
0.3677194703  
12.3312385  
20.10346726  
21.81152175  
17.77668012  
10.29666188  
2.583880715  
-2.613978457  
-4.055349144  
-2.250661755  
1.131594652  
4.331156955  
6.462580908  
7.902403662  
9.94197382  
13.93093508  
20.37884881  
28.47582268  
36.2606051  
41.33938694  
41.80802166  
36.9694335  
27.57241503  
15.53836805  
3.355644735  
-6.589676921  
-12.52974243  
-13.59283024  
-9.876101969  
-2.385719212  
7.123176122  
16.43457467  
23.32499432  
26.14610068  
24.37764705  
18.90665036  
11.8223246  
5.691746677  
2.533586053  
2.908243155  
5.5679805  
7.911542961  
7.131468579  
1.590306679  
-8.205468158  
-19.54220682  
-28.47164441  
-31.46619123  
-27.05324573  
-16.68066746  
-4.366803672  
4.788306881  
6.642015057  
-0.2545809467  
-13.96743379  
-29.84462373  
-42.27093456  
-46.79419792  
-41.76674555  
-28.87081867  
-12.37399113  
2.526714383  
11.58353411  
12.88464688  
7.293534221  
-2.109264545  
-11.26331073  
-16.53450631  
-15.8103518  
-8.998392004  
2.112964101  
14.48047927  
24.68283319  
29.81833421  
28.24344831  
20.0194592  
6.968664067  
-7.713699309  
-20.26070721  
-27.38910724  
-27.3193645  
-20.41090831  
-9.132826958  
2.701568872  
11.22581104  
13.88962037  
10.38229241  
2.727595925  
-5.51530052  
-10.64528344  
-10.25431825  
-4.128812587  
5.735073444  
15.97938571  
23.21431986  
25.26343087  
21.82529531  
14.33464566  
5.166782025  
-3.399106844  
-9.977600788  
-14.31635002  
-16.95440877  
-18.56015682  
-19.34463523  
-18.87511591  
-16.38238701  
-11.38353274  
-4.266839165  
3.508414967  
9.762449229  
12.3915411  
10.28057802  
3.923162275  
-4.550732256  
-11.99674656  
-15.31354662  
-12.53912017  
-3.571309162  
9.755441339  
24.25701036  
36.42526137  
43.51864878  
44.34053679  
39.46288351  
30.86285758  
21.14567908  
12.65420059  
6.778022575  
3.676776143  
2.46846633  
1.765175469  
0.3258657605  
-2.426872993  
-6.207394522  
-10.03218249  
-12.65440572  
-13.07436915  
-10.91802054  
-6.546556624  
-0.883917637  
4.928677412  
9.878590268  
13.27700651  
14.74947255  
14.08864391  
11.1172135  
5.702982412  
-2.029540705  
-11.38845993  
-20.91142901  
-28.48308098  
-31.86498717  
-29.52317121  
-21.44142406  
-9.527297239  
2.682595802  
11.04757936  
12.28071204  
5.2974154  
-8.121116114  
-23.70790668  
-36.08974019  
-40.69835683  
-35.48566619  
-21.74727077  
-3.688792169  
13.12819004  
23.85775435  
26.13091274  
20.79750849  
11.36265523  
2.379020993  
-2.504564984  
-2.001157766  
2.460948091  
7.610653152  
10.01213357  
7.777334698  
1.532676376  
-5.800353336  
-10.31628256  
-8.941025211  
-0.9323331054  
11.61890027  
24.53164783  
33.21504328  
34.56214245  
28.2335628  
16.77155279  
4.495251355  
-4.34095286  
-7.323816578  
-4.824794074  
0.2889086272  
4.032446149  
3.151954234  
-3.375841014  
-13.85234535  
-24.58389741  
-31.49911591  
-31.93907862  
-25.83187826  
-15.74021017  
-5.769547308  
0.1756674636  
0.02068349876  
-5.670896939  
-14.04126788  
-21.25487496  
-24.18185907  
-21.69633732  
-15.02786629  
-7.045071058  
-0.8350136134  
1.746975811  
0.8845924193  
-1.395024146  
-2.307281614  
0.243079712  
6.549573802  
14.86162019  
22.13813608  
25.45125145  
23.38483044  
16.76468144  
8.360999589  
1.676409545  
-0.6410704378  
1.960985327  
7.618280652  
12.81295854  
13.89931411  
8.728402082  
-2.336672161  
-16.45284071  
-29.35525867  
-36.97984458  
-36.9612058  
-29.39863352  
-16.62273731  
-2.134802154  
10.77291874  
20.11621462  
25.61692595  
28.33086349  
29.78520368  
31.09330277  
32.4660332  
33.29545765  
32.68276034  
30.0688261  
25.60611699  
20.07941046  
14.44612285  
9.28122488  
4.465006122  
-0.6819764492  
-6.863882532  
-14.15624358  
-21.60905815  
-27.37667252  
-29.38808891  
-26.28821569  
-18.21289878  
-7.001336164  
4.312947719  
12.56123616  
15.61210067  
13.1495226  
6.711221488  
-1.029953196  
-7.418738663  
-10.88536234  
-11.45462374  
-10.48697181  
-9.804708516  
-10.64556927  
-12.96281054  
-15.41884667  
-16.07756181  
-13.45369298  
-7.392227359  
0.6776581345  
8.273579159  
12.95151373  
13.44775727  
10.31651018  
5.731374115  
2.512650264  
2.81775878  
7.108679651  
13.89634276  
20.40156627  
23.83667187  
22.70542256  
17.49718108  
10.43037639  
4.354820901  
1.335128772  
1.606611449  
3.431270641  
3.95390156  
0.6694154619  
-7.203054646  
-18.12356  
-28.74266244  
-35.32375  
-35.43066682  
-29.08584726  
-18.83353971  
-8.651297894  
-2.199279628  
-1.219138427  
-4.832193998  
-10.06434382  
-13.34201143  
-12.23997592  
-6.643682532  
1.225492839  
7.919883269  
10.4571961  
7.761720188  
1.152883724  
-6.34621214  
-11.52243912  
-12.54498826  
-9.809945006  
-5.6403944  
-3.004208303  
-3.908818759  
-8.296705323  
-14.01349133  
-17.87582762  
-17.30416085  
-11.68950003  
-2.78640859  
6.090258192  
11.68258969  
12.41776425  
9.222413776  
5.092646437  
3.604864891  
7.086496627  
15.34744371  
25.61173437  
33.70901597  
35.97220012  
30.94222066  
20.07135795  
7.096971464  
-3.609586637  
-8.937456809  
-8.296971293  
-3.694196165  
1.359792864  
3.543663985  
1.21407967  
-4.976773607  
-12.54884289  
-18.44277485  
-20.41091768  
-17.91033811  
-12.15687775  
-5.430015917  
-0.05033692051  
2.465431373  
1.745881099  
-1.610316308  
-6.478884126  
-11.60449203  
-15.76123411  
-17.72716024  
-16.29051584  
-10.49429463  
-0.1346448407  
13.72183967  
28.57758618  
40.98658687  
47.66199208  
46.81705426  
39.11869824  
27.70488671  
17.09844695  
11.37931276  
12.39115499  
18.83052698  
26.7219437  
31.1586899  
28.57404503  
18.50571977  
3.997024393  
-9.621355255  
-17.0734758  
-15.56174076  
-6.155130684  
6.52715209  
16.23639965  
17.78365179  
9.304020766  
-6.909218492  
-25.36113192  
-39.66054916  
-45.14512854  
-40.68477796  
-28.92474879  
-14.94496176  
-4.003985226  
0.6052204437  
-1.320447759  
-7.18703399  
-13.0601296  
-15.54718427  
-13.24806187  
-7.187418128  
-0.1444155528  
4.716612753  
5.25163644  
1.175180531  
-5.959614703  
-13.53113465  
-18.96355501  
-20.69303428  
-18.62588916  
-13.98513805  
-8.695267861  
-4.6040142  
-2.846065191  
-3.549404718  
-5.933689201  
-8.715655949  
-10.65543845  
-11.05335646  
-10.03335923  
-8.510708096  
-7.834505233  
-9.204361919  
-13.05899081  
-18.68225424  
-24.23029838  
-27.24503095  
-25.52133615  
-18.01899801  
-5.443933374  
9.782805251  
24.2151691  
34.49903247  
38.48634674  
35.90348572  
28.31630861  
18.43992802  
9.120589581  
2.436662511  
-0.7315033136  
-0.5728010131  
2.150249682  
6.615790437  
12.17863312  
18.25170578  
24.01367322  
