47.19763036  
52.47746425  
52.15605493  
47.19091549  
39.09407908  
29.49547841  
19.86025368  
11.35963787  
4.818337695  
0.6655225039  
-1.117717171  
-0.9912629848  
0.2904808019  
1.984013369  
3.734312112  
5.847952766  
9.278147966  
15.2369106  
24.5235469  
36.82635878  
50.3282624  
61.87384487  
67.74879219  
64.86022508  
51.90450832  
30.06087165  
2.892359585  
-24.57724878  
-47.32166079  
-61.79492581  
-66.90229451  
-64.10831023  
-56.661208  
-48.25394467  
-41.65639323  
-37.85101235  
-35.985821  
-34.11277422  
-30.35139295  
-23.94575921  
-15.74026298  
-7.864031186  
-2.769520097  
-2.065187368  
-5.680909172  
-11.76341548  
-17.37587201  
-19.71192248  
-17.29573244  
-10.63419847  
-2.024537099  
5.406112609  
9.009575263  
7.700544473  
2.348798216  
-4.668532939  
-10.52085531  
-13.08481174  
-11.68643626  
-7.12459877  
-1.036497597  
5.014399708  
10.23061356  
14.69869086  
18.90753994  
22.98517563  
26.14653591  
26.75014297  
23.03463378  
14.21114921  
1.332970824  
-12.60078727  
-23.51804507  
-27.85160664  
-24.15281587  
-13.97057731  
-1.495084427  
7.99647725  
10.29216129  
4.076513303  
-8.387456961  
-22.07684048  
-31.22341478  
-31.68302058  
-22.65028084  
-6.990425092  
9.93602763  
22.42870187  
26.65204089  
21.97782077  
10.97210776  
-1.855106658  
-11.90420504  
-16.1162534  
-13.74684332  
-6.110282761  
4.394918404  
15.39250084  
25.22819143  
33.0368869  
38.34182667  
40.60190837  
39.1061628  
33.3531795  
23.70330241  
11.86021586  
0.7655646902  
-6.22608861  
-6.626383383  
0.01616603111  
11.64631672  
24.2492437  
33.27302091  
35.36290053  
29.66865097  
18.15080008  
4.745091342  
-6.252936411  
-11.88492337  
-11.59151656  
-7.225035475  
-2.07238981  
0.629024501  
-0.9828695115  
-6.767967277  
-14.8441898  
-22.52017023  
-27.42381652  
-28.33038075  
-25.40118999  
-19.85127961  
-13.31316749  
-7.244609714  
-2.622589201  
0.03981083353  
0.5031114964  
-1.347820265  
-5.474732338  
-11.49976078  
-18.52276537  
-25.1340065  
-29.71884751  
-30.98031844  
-28.45774417  
-22.78155445  
-15.50314798  
-8.531498105  
-3.396958966  
-0.6556750683  
0.3047419614  
0.9693800044  
3.032553484  
7.64234938  
14.85877734  
23.53340466  
31.64269884  
36.93666302  
37.66329329  
33.12899929  
23.93554955  
11.8505412  
-0.6257694407  
-10.86983164  
-16.76788062  
-17.22880853  
-12.4585116  
-3.92130891  
6.021187866  
14.72069044  
19.94506376  
20.46654468  
16.34377839  
8.799447713  
-0.2597771662  
-8.89509641  
-15.70375922  
-20.08969288  
-22.16143355  
-22.35856455  
-21.03422535  
-18.23203344  
-13.78158915  
-7.650013353  
-0.330152856  
7.000360999  
12.71068159  
15.29540605  
14.05264754  
9.520616099  
3.4124325  
-1.987749766  
-4.738057385  
-4.060369148  
-0.6830413902  
3.477488656  
6.173189728  
5.839092512  
2.301813019  
-3.144459511  
-8.328025738  
-11.17715466  
-10.63020568  
-7.064685015  
-2.068786673  
2.306412745  
4.441384983  
3.770342673  
0.874047165  
-2.938541916  
-6.294507053  
-8.308775202  
-8.767048061  
-7.914006754  
-6.049477531  
-3.233444432  
0.685124607  
5.721725823  
11.32464748  
16.18811102  
18.5391013  
16.86820395  
10.79356045  
1.599900532  
-7.916747703  
-14.36686701  
-15.13461151  
-9.611109344  
0.2998438472  
10.7202668  
17.24329987  
16.72416167  
8.663620603  
-4.428275551  
-17.87974002  
-26.59190798  
-26.95806739  
-18.19253967  
-2.558198172  
15.54438191  
31.19589336  
40.59984054  
42.12039611  
36.41086783  
25.74646471  
12.98823251  
0.6802460145  
-9.389821109  
-16.14353297  
-18.92119289  
-17.28252257  
-11.1102962  
-0.9768807439  
11.49689293  
23.62840975  
32.20129997  
34.44392091  
29.08738748  
17.01739414  
1.158572252  
-14.44716814  
-26.03665046  
-31.42777189  
-30.67778913  
-25.82461816  
-19.84522363  
-15.31539672  
-13.37908402  
-13.4745349  
-13.89758338  
-12.88290629  
-9.647643178  
-4.875814047  
-0.4108299988  
1.679507982  
0.1882942854  
-4.546430272  
-10.71254895  
-15.82967219  
-17.90499959  
-16.37668693  
-12.37832041  
-8.183494938  
-6.085173734  
-7.241168569  
-11.03995469  
-15.30008008  
-17.22589636  
-14.68785696  
-7.244553185  
3.557301733  
14.73608253  
23.02931864  
26.1350097  
23.50997305  
16.41580884  
7.253093267  
-1.464580825  
-8.017180521  
-11.88442335  
-13.54109309  
-13.82810504  
-13.27182392  
-11.7129132  
-8.41857372  
-2.590809183  
6.018886261  
16.72260122  
27.94597066  
37.69872551  
44.24213488  
46.64262193  
44.97072093  
40.08944006  
33.17584341  
25.23443073  
16.83658911  
8.179537361  
-0.6211485959  
-9.212445991  
-16.86674455  
-22.62278521  
-25.63705243  
-25.55501522  
-22.69404371  
-17.92771398  
-12.32133787  
-6.703348843  
-1.396075135  
3.752677515  
9.054933497  
14.5574119  
19.74702313  
23.57124364  
24.80280215  
22.59862056  
16.99181587  
9.06679425  
0.7012822653  
-6.047845049  
-9.674075258  
-9.7668684  
-7.146555723  
-3.530299234  
-0.8629508959  
-0.5759993614  
-3.058207573  
-7.529808192  
-12.35291047  
-15.65128336  
-16.01097288  
-13.01793681  
-7.455381441  
-1.098827529  
3.827041969  
5.364742373  
2.495503635  
-4.448457285  
-13.78085727  
-22.90448224  
-29.0976288  
-30.41216668  
-26.38265838  
-18.27290417  
-8.723826022  
-0.8771365135  
2.737642676  
1.140916178  
-4.71399516  
-12.29776359  
-18.4926593  
-20.82979465  
-18.46614266  
-12.47812364  
-5.3284884  
0.2770307451  
2.643913093  
1.885160188  
-0.1241399932  
-0.6465942084  
2.543733037  
9.931599245  
19.75875842  
28.53201748  
32.38216859  
28.72697668  
17.5331865  
1.61709979  
-14.18759276  
-24.69915696  
-26.25435769  
-18.05299166  
-2.474388197  
15.73200265  
31.05320795  
39.01069207  
37.51696659  
27.36742474  
11.78444467  
-4.740053186  
-17.8595007  
-24.58233848  
-23.94884053  
-17.05829447  
-6.532517967  
4.362060388  
12.66078772  
16.46329573  
15.33102326  
10.23843553  
3.11290575  
-3.886160729  
-9.111739334  
-11.93587615  
-12.82506459  
-12.94368744  
-13.43840872  
-14.71010363  
-16.01703971  
-15.63667076  
-11.57664241  
-2.565840345  
11.10599254  
27.30764226  
42.53691048  
53.01272421  
55.97655531  
50.67914609  
38.6487963  
23.13818034  
7.991321344  
-3.59690235  
-9.94633027  
-11.10217817  
-8.424163941  
-3.848539249  
0.7928364621  
4.126703565  
5.23515281  
3.483962949  
-1.551599285  
-9.907523703  
-20.86635948  
-32.67455678  
-42.65045072  
-47.82723606  
-45.98034081  
-36.62034245  
-21.45479796  
-4.004470064  
11.56314271  
21.92908261  
25.79339718  
24.17960107  
19.72492391  
15.29554481  
12.6070671  
11.53919907  
10.49096755  
7.588252926  
2.096937449  
-4.744759041  
-9.994495776  
-10.33799877  
-3.876006991  
8.535567816  
23.1405495  
34.53472257  
37.83473311  
30.79996447  
14.91140046  
-5.136266574  
-23.34040737  
-34.84372289  
-37.81826647  
-33.92888191  
-27.20056775  
-21.87445999  
-20.31243571  
-21.96740815  
-23.89697703  
-22.52743902  
-15.75393468  
-4.296898403  
8.391585676  
17.65285579  
19.83995909  
14.13446607  
3.051620454  
-8.641703326  
-16.09697192  
-16.60920836  
-10.83200058  
-2.400460198  
3.855493616  
4.253580439  
-1.955288443  
-12.19659444  
-21.74643359  
-25.90328452  
-22.13621695  
-11.22410886  
3.104140301  
15.81475422  
22.7074585  
22.07247124  
15.16574594  
5.383728723  
-3.383323363  
-8.408197474  
-9.051811906  
-6.626150867  
-3.394543155  
-1.29675248  
-1.055498833  
-2.063267992  
-3.016398778  
-2.88160972  
-1.638014259  
-0.3866141974  
-0.7708623764  
-4.015410876  
-10.08530234  
-17.40574396  
-23.30421488  
-24.99097211  
-20.64678319  
-10.15244937  
4.827467219  
21.40171715  
36.38172774  
