-31.31348934  
-38.16830192  
-41.91184588  
-39.38094175  
-28.00650137  
-7.16087069  
20.92137415  
51.14889452  
76.69919115  
91.02954626  
90.14499209  
74.30000244  
48.41475966  
20.88649863  
1.046013479  
-3.955032233  
8.249097797  
34.116434  
65.06540478  
90.13824313  
99.59709822  
88.21541289  
57.10079943  
13.39922542  
-32.00882065  
-67.98839737  
-86.57139839  
-85.15123843  
-66.78116653  
-38.62800718  
-9.288969103  
13.98286866  
27.18383002  
30.0744363  
25.36684489  
17.12706486  
9.130530966  
3.778623426  
1.831789128  
2.823674892  
5.768054761  
9.74549591  
14.12824064  
18.45722649  
22.17780142  
24.4886399  
24.45161931  
21.33088406  
14.98180342  
6.072903078  
-3.988434655  
-13.40545601  
-20.46332896  
-23.929086  
-23.25146873  
-18.55414075  
-10.52137625  
-0.2994882346  
10.52724346  
19.94073927  
25.60887478  
25.24684534  
17.23074997  
1.307173053  
-20.88890411  
-45.80736393  
-68.6076603  
-84.35115137  
-89.42385175  
-82.71134247  
-66.08594163  
-43.98776315  
-22.20009639  
-6.210425766  
0.3040944004  
-3.615109402  
-16.15897696  
-33.50272063  
-51.03681506  
-64.63298252  
-71.55505735  
-70.81421465  
-62.99981522  
-49.79264694  
-33.42172895  
-16.25619658  
-0.5818086918  
11.52123291  
18.33800122  
18.80837992  
12.91743204  
2.031682922  
-11.03472791  
-22.38934182  
-27.88125308  
-24.1932745  
-9.877794694  
14.02753453  
44.06068178  
75.10981417  
101.6897986  
119.326007  
125.6090645  
120.6017106  
106.5113769  
86.79954235  
65.08218077  
44.21683027  
25.86180308  
10.5820096  
-1.647476132  
-10.83475516  
-16.5732028  
-18.0479176  
-14.4529429  
-5.635185981  
7.33156797  
21.9333971  
34.53608451  
41.2201536  
38.92031578  
26.52412901  
5.553914147  
-19.85475234  
-43.77949454  
-60.00267761  
-63.80023457  
-53.51306017  
-31.38090994  
-3.278764312  
22.69902852  
38.49250013  
38.53363866  
21.63017563  
-8.393696789  
-43.61111974  
-74.26330452  
-91.70675193  
-91.07862778  
-72.77559043  
-42.22733396  
-8.035747329  
20.86912484  
38.06214019  
41.47146589  
33.65113354  
20.47496824  
8.812131808  
4.06975539  
8.46139671  
20.52280033  
35.90198797  
49.00751751  
54.86951607  
50.6026992  
36.10402135  
13.92757929  
-11.4729638  
-34.83691039  
-51.24817982  
-57.15054172  
-51.10058397  
-34.15002912  
-9.751487648  
16.88544438  
39.94560517  
54.44494245  
57.5634093  
49.42814892  
33.02829609  
13.23163472  
-4.780318138  
-17.09486907  
-22.08755695  
-20.52943841  
-14.82738034  
-7.811898289  
-1.657004373  
2.597842646  
4.796795334  
4.956214733  
2.606608125  
-3.337957177  
-14.01645813  
-29.61555163  
-48.4812381  
-66.92615265  
-80.01585624  
-83.13979162  
-73.75128299  
-52.51520468  
-23.31908657  
7.906270699  
35.08322784  
53.81383019  
62.40714531  
61.77248292  
54.37929725  
42.89448614  
29.19321365  
14.17107614  
-1.687907538  
-17.45504828  
-31.22991915  
-40.3609285  
-42.39290001  
-36.28266861  
-23.22208642  
-6.56297978  
9.226519439  
20.15011162  
24.09787732  
21.43403084  
14.5016999  
6.319101448  
-0.8661148083  
-6.443510094  
-11.3206267  
-16.93101122  
-23.9414413  
-31.39049804  
-36.76874141  
-37.06001371  
-30.25190567  
-16.55810336  
1.290907221  
18.89105479  
31.79541128  
37.20318432  
34.9465222  
27.34956794  
18.06355178  
10.44870824  
6.254466323  
5.169663839  
5.375102314  
4.754826603  
2.137515165  
-2.030787735  
-5.871907445  
-6.985483188  
-3.622199212  
4.429658027  
15.62346686  
27.15476134  
35.9261347  
39.55933891  
37.07837995  
29.07679883  
17.4096954  
4.605326923  
-6.774440414  
-14.66165657  
-17.83254819  
-16.08147067  
-10.23151441  
-1.97293043  
6.484589901  
12.92087696  
15.67484468  
14.10694523  
8.783514306  
1.29033943  
-6.277389732  
-11.9730525  
-14.57132047  
-13.86997128  
-10.65918193  
-6.428924631  
-2.95915521  
-1.921585148  
-4.548805963  
-11.35610362  
-21.89778882  
-34.60515503  
-46.83792731  
-55.30169394  
-56.87779789  
-49.70211027  
-34.10903936  
-12.96996914  
8.901662918  
26.24696392  
35.28729085  
35.30695776  
29.13941382  
22.19289089  
20.27495318  
27.05602753  
42.26685671  
61.48881394  
77.74325234  
84.28866892  
77.4598279  
58.31852335  
32.37624598  
7.491647967  
-9.152359373  
-13.69448745  
-6.770441819  
7.178783576  
22.01206493  
32.3544194  
35.30892149  
30.77138722  
20.46037104  
6.411554737  
-10.1184026  
-28.72541195  
-48.96267312  
-69.1552956  
-85.83681165  
-94.41347847  
-90.96798786  
-74.39920224  
-47.75719035  
-17.89193039  
6.703393493  
19.06639237  
16.57933437  
2.095860432  
-17.24088732  
-33.06090246  
-39.38665132  
-35.18197304  
-24.65611044  
-15.1624988  
-13.63519044  
-23.18628843  
-41.41924767  
-61.23430497  
-73.77210023  
-72.18718829  
-54.59358824  
-24.92520807  
8.599793033  
36.67895461  
52.38380419  
53.44873024  
42.55961713  
25.71981899  
9.569088232  
-1.127991019  
-4.822034589  
-2.973454337  
1.360508  
5.333824916  
7.646185794  
8.874334922  
10.79756392  
15.17588625  
22.63196636  
32.16657922  
41.49409712  
47.99960326  
49.86397273  
46.86383632  
40.52132683  
33.55490654  
28.85454274  
28.37262568  
32.34316492  
39.1245076  
45.7450996  
48.98893144  
46.65109125  
38.50028323  
26.54392119  
14.41187908  
6.002402299  
3.853245546  
7.88414635  
15.08968804  
20.43823197  
18.74765697  
6.860908551  
-14.7621441  
-41.76083939  
-67.12678159  
-83.58802264  
-86.21308371  
-74.19237007  
-51.06940082  
-23.3395575  
1.978949846  
19.77647256  
28.2957646  
29.07772674  
25.5845063  
21.25184309  
17.91667318  
15.30396869  
11.68717033  
5.248234305  
-4.643152101  
-16.90530461  
-29.19943271  
-39.04995549  
-44.97730391  
-47.02184442  
-46.41294904  
-44.63365904  
-42.47526591  
-39.66617297  
-35.30748027  
-28.84735051  
-20.96562651  
-13.73979336  
-9.840205361  
-11.07019144  
-17.01085349  
-24.59025712  
-29.00368613  
-25.73694429  
-12.82807071  
7.729072248  
30.23109974  
47.22939201  
52.47123842  
43.57519753  
23.25545624  
-1.482485644  
-21.87517232  
-30.61847726  
-24.45468865  
-5.130135258  
21.54284474  
47.98551114  
67.4801899  
76.08798456  
73.26535137  
61.22550659  
43.59782335  
24.10059241  
5.729628592  
-9.439564199  
-20.09423942  
-25.5396824  
-25.77836366  
-21.73278579  
-15.31681958  
-9.075796956  
-5.361473524  
-5.34147548  
-8.344532117  
-11.96880963  
-13.03489179  
-9.020011201  
0.6877544569  
14.3487929  
28.50729042  
39.43441202  
44.68917733  
44.03269452  
39.25294921  
33.02087739  
27.41184159  
22.90567899  
18.42387845  
12.38775136  
4.194957125  
-4.770011304  
-11.28172453  
-11.66895008  
-3.857084079  
10.97975535  
28.11097958  
40.6523879  
42.21673208  
29.68843139  
4.84667772  
-25.98376134  
-54.20353009  
-72.20519307  
-76.23853437  
-67.64779159  
-51.98203962  
-36.42921926  
-26.75115431  
-25.06808444  
-29.39895183  
-35.02892187  
-36.95649543  
-32.24180585  
-21.2150994  
-7.107086849  
5.580839375  
13.10508891  
13.95294893  
9.167103484  
1.531870283  
-5.840371805  
-10.77597114  
-12.59781924  
-11.85246647  
-9.530100854  
-6.319858671  
-2.338409473  
2.569846917  
8.235196476  
13.73037676  
17.47100416  
17.89271364  
14.38034155  
7.924131174  
1.060033803  
-3.009194754  
-1.791858231  
5.229770503  
16.06893412  
26.75508112  
32.75797939  
30.75029639  
19.97515567  
2.64045261  
-16.82661369  
-33.35393796  
-42.98405115  
-44.12669318  
-37.85732943  
-27.23047589  
-15.97609855  
-7.160046975  
-2.339783305  
-1.47613759  
-3.505444775  
-7.195695239  
-11.82178845  
-17.32633325  
-23.91240421  
