-18.96438495  
-27.41976535  
-30.2037788  
-25.91563837  
-15.3318769  
-1.207882152  
12.64034128  
22.62024152  
26.52773337  
24.17260546  
17.26705704  
8.667157478  
1.290393781  
-2.871490651  
-3.295354786  
-0.8700378142  
2.676870553  
5.600411415  
6.868294239  
6.52266411  
5.557726699  
5.391121755  
7.159935342  
11.13019517  
16.45724563  
21.39584607  
23.88791507  
22.31424245  
16.13486216  
6.18115009  
-5.513500173  
-16.29502408  
-23.6879584  
-26.14504411  
-23.49983919  
-16.98272768  
-8.810472925  
-1.500437754  
2.859962515  
3.162025475  
-0.5033669357  
-6.979705986  
-14.44864244  
-20.95366838  
-24.88851563  
-25.33993529  
-22.23896889  
-16.32928626  
-8.988856416  
-1.944512614  
3.085012689  
4.776393691  
2.556608189  
-3.162362099  
-10.96261706  
-18.67345275  
-23.88271913  
-24.59479517  
-19.84662772  
-10.07467663  
2.913935334  
16.38854276  
27.43642946  
33.76737705  
34.32237656  
29.49700946  
20.92648164  
10.93049519  
1.820534269  
-4.704144751  
-7.905082934  
-8.039068119  
-6.126926784  
-3.570609638  
-1.74188657  
-1.632596493  
-3.613627638  
-7.322499741  
-11.69695305  
-15.17585789  
-16.07555298  
-13.09937806  
-5.862865546  
4.748170393  
16.57552111  
26.64840143  
32.04866353  
30.93822707  
23.37939019  
11.58593548  
-0.5907397213  
-8.856121484  
-9.974312863  
-3.030618487  
10.05863457  
25.05354237  
36.79920024  
41.05322294  
36.05461221  
23.22162417  
6.682760862  
-8.208543608  
-16.82328984  
-16.9308215  
-9.459990312  
1.930835563  
12.28694718  
17.21814414  
14.46361338  
4.580256755  
-9.454741406  
-23.49834757  
-33.80151074  
-38.24428523  
-36.80159707  
-31.1512225  
-23.70057053  
-16.52344675  
-10.67984047  
-6.161403189  
-2.385266249  
1.101353306  
4.120010227  
5.845116248  
5.281628884  
1.971154868  
-3.476428796  
-9.359644696  
-13.45732022  
-13.97666375  
-10.44280054  
-4.082024494  
2.542790097  
6.547557216  
5.980739832  
0.7614710532  
-7.1435233  
-14.42976328  
-17.78431597  
-15.27805072  
-7.216543663  
3.932860903  
14.5208501  
21.18640092  
22.18176341  
17.98050668  
10.91860557  
4.053610954  
-0.2220392428  
-1.173029291  
0.1297878472  
1.550602297  
1.142170579  
-1.714829554  
-5.864967702  
-8.874767012  
-8.265605418  
-2.90190529  
6.154942265  
15.7992499  
22.05836894  
21.8267024  
14.39476007  
2.054636323  
-10.56321264  
-18.22081863  
-17.18989783  
-6.876777808  
9.746313463  
27.12172372  
39.13421329  
41.38796332  
32.83348201  
16.11559146  
-3.464811113  
-19.93250936  
-28.77061403  
-28.39445967  
-20.4624158  
-8.999927794  
1.235279807  
6.477529418  
5.138934688  
-1.894551044  
-11.83715938  
-21.12136456  
-26.60199391  
-26.45021602  
-20.53060551  
-10.26701043  
1.851765564  
12.93255846  
20.34705033  
22.31062489  
18.30535574  
9.277600461  
-2.469573271  
-13.74293486  
-21.24854589  
-22.53643707  
-16.81599377  
-5.332597365  
8.898098044  
21.98219484  
30.3990315  
32.1731012  
27.52192792  
18.71693343  
9.196243648  
2.267927968  
-0.09204754197  
2.116306483  
7.060917492  
11.91476363  
14.0157568  
11.87003294  
5.615313455  
-3.187577006  
-12.27954533  
-19.5916669  
-23.91806503  
-25.13395377  
-23.94915342  
-21.39284539  
-18.31588445  
-15.14163543  
-11.93680205  
-8.698152519  
-5.646533495  
-3.333039531  
-2.47709478  
-3.60939964  
-6.702891396  
-10.99092766  
-15.08786032  
-17.38958448  
-16.60459269  
-12.20998965  
-4.659162085  
4.73040112  
14.16029503  
21.86609652  
26.59487337  
27.90665174  
26.2284836  
22.66480985  
18.62752254  
15.38740037  
13.6651496  
13.37854134  
13.63622559  
13.01570584  
10.07804308  
3.978805335  
-5.036458234  
-15.46701967  
-24.85439003  
-30.51304757  
-30.48165212  
-24.35248262  
-13.63066406  
-1.416610465  
8.546955766  
13.15746985  
11.0967653  
3.383779618  
-6.91241333  
-15.73026119  
-19.46688717  
-16.28151043  
-6.75746881  
6.3235488  
18.99876676  
27.5359688  
29.70567387  
25.45779548  
16.79545672  
6.951443853  
-0.7821275843  
-4.128602913  
-2.451081908  
3.224670766  
10.7093655  
17.4317393  
21.21660227  
20.83646535  
16.23218649  
8.41420822  
-0.8729866671  
-9.617774619  
-16.03927404  
-19.02438768  
-18.41174026  
-15.03738327  
-10.49229569  
-6.620112436  
-4.88648094  
-5.835969684  
-8.863915943  
-12.44016369  
-14.74693031  
-14.50128259  
-11.6151182  
-7.371539844  
-3.977093685  
-3.619506687  
-7.404012002  
-14.63986145  
-22.84120936  
-28.52198384  
-28.51848859  
-21.31893021  
-7.837282123  
8.727899122  
23.93937094  
33.68094258  
35.61644461  
29.96719798  
19.30923877  
7.497770829  
-1.816060549  
-6.460387029  
-6.309990067  
-2.972599505  
1.192226171  
4.232564915  
5.408192617  
5.302253614  
5.244279287  
6.372936714  
8.827100851  
11.48163373  
12.37722858  
9.659502683  
2.594646218  
-7.820236386  
