39.37181519  
41.97563635  
40.81315115  
39.01204632  
39.39898033  
42.94120935  
47.95234972  
50.52121037  
46.12401784  
31.83449616  
8.191799983  
-20.18745366  
-45.7220032  
-60.45966262  
-59.21759018  
-41.98544486  
-14.49081834  
13.48734154  
31.54642862  
32.54698428  
15.41012677  
-14.33854277  
-46.5480864  
-70.18141744  
-77.32788303  
-65.90562596  
-40.04124821  
-8.099924203  
20.69870431  
39.62294003  
46.40350108  
43.20437725  
34.86473329  
26.39471614  
20.91065711  
18.84016494  
18.53214618  
17.72836024  
15.01786698  
10.53189263  
5.631676154  
1.909582284  
0.1629530936  
-0.04944259739  
-0.0428219813  
-1.095146719  
-3.566333597  
-6.597575748  
-8.593540244  
-8.224845589  
-5.366696487  
-1.397921957  
1.37685954  
0.930393219  
-3.284195787  
-9.803834925  
-15.65722195  
-17.7310839  
-14.37003098  
-6.417884903  
2.856569508  
8.987696598  
8.180936191  
-1.004900432  
-16.90989906  
-35.28464297  
-50.82397711  
-59.05574306  
-57.80794966  
-47.72277972  
-31.73644538  
-13.8781582  
2.042961138  
13.36539304  
18.89801941  
18.73751556  
13.86441196  
5.790079816  
-3.641187192  
-12.37746891  
-18.37537258  
-19.99688942  
-16.50109382  
-8.397375552  
2.588290934  
14.02588563  
23.61799836  
30.00536548  
33.15862242  
34.15524056  
34.44540526  
34.98465163  
35.69413313  
35.55288845  
33.29241236  
28.33069967  
21.42641623  
14.64705862  
10.58490453  
11.14761888  
16.49999346  
24.69900367  
32.25710976  
35.43289219  
31.69793453  
20.73910334  
4.567507951  
-13.28262612  
-29.07565113  
-40.1190139  
-45.41690904  
-45.53921552  
-41.89940731  
-35.89458945  
-28.37162101  
-19.65535067  
-10.03796124  
-0.3656183317  
7.698040608  
11.97473352  
10.57211047  
2.828575889  
-10.06381816  
-25.10677105  
-38.27495034  
-45.76651774  
-45.2585898  
-36.69628723  
-22.33309803  
-6.028342403  
7.929717007  
16.06964716  
16.66779184  
10.12551958  
-1.252417303  
-13.95700054  
-24.23011416  
-29.02840996  
-26.77454421  
-17.7321951  
-3.919726294  
11.42625135  
24.71638321  
32.98413972  
34.69766087  
30.16056075  
21.36730032  
11.35068826  
3.229507876  
-0.7357938495  
0.2198766664  
5.219583314  
12.10026779  
18.12675336  
20.83113081  
18.74541283  
11.85866475  
1.714975478  
-8.860168464  
-16.36757336  
-17.49072455  
-10.05212995  
6.155518253  
28.93773901  
53.90702924  
75.42061777  
88.08457064  
88.40019947  
75.9810021  
53.83551836  
27.51127982  
3.329442045  
-13.66853369  
-21.28065958  
-20.59610206  
-15.17286854  
-9.318689192  
-6.242139307  
-6.89086933  
-9.964462429  
-13.02912416  
-14.13078438  
-13.06262918  
-11.61537262  
-12.64977233  
-18.43525407  
-29.09719825  
-42.00492855  
-52.50444342  
-55.75351324  
-48.86487276  
-32.37563241  
-10.33895268  
11.0510065  
25.72618064  
29.93199448  
23.41675202  
9.176104956  
-8.036211992  
-23.6906301  
-35.05697837  
-41.74051326  
-45.08918488  
-46.92175755  
-48.30341032  
-48.99019936  
-47.75814663  
-43.34905658  
-35.45598786  
-25.18411664  
-14.73221124  
-6.46982387  
-1.903269074  
-1.068185098  
-2.645036743  
-4.705199617  
-5.670367024  
-4.976560008  
-3.116751578  
-1.086907237  
0.4141523532  
1.553923798  
3.364552588  
7.153256689  
13.64103702  
22.30965656  
31.3438554  
38.2542001  
40.91348847  
38.51858146  
32.01444753  
23.77183003  
16.66654137  
12.98433266  
13.64008338  
18.02691575  
24.49684639  
31.1811619  
36.72727089  
40.6168849  
42.97664013  
44.0648449  
43.77594043  
41.47235207  
36.26072077  
27.57848869  
15.78107359  
2.403293765  
-10.08369268  
-18.96542834  
-22.16651673  
-18.97784609  
-10.35058266  
1.342156987  
12.97328212  
21.51605958  
24.80818998  
22.02002825  
13.74434188  
1.746092335  
-11.51397717  
-23.44708401  
-31.8754681  
-35.45392883  
-33.9098807  
-28.06332622  
-19.61766818  
-10.75475653  
-3.617228468  
0.2014842241  
0.02970843618  
-3.744896531  
-9.80832533  
-16.28542444  
-21.23951034  
-23.17902439  
-21.44755153  
-16.40270426  
-9.33386844  
-2.123760684  
3.281967616  
5.470544531  
4.054000466  
-0.1192384474  
-5.15115434  
-8.677800529  
-8.696929326  
-4.359159496  
3.590353353  
12.93974312  
20.72107549  
24.27406409  
22.26173328  
15.21994464  
5.393750299  
-4.097065782  
-10.43093755  
-12.11102354  
-9.421253112  
-4.141379596  
1.316595126  
4.934770309  
5.808599349  
4.261029313  
1.365280625  
-1.816608633  
-4.845809701  
-8.040710961  
-12.08290122  
-17.35057985  
-23.39839485  
-28.93328031  
-32.3614131  
-32.64684808  
-30.00998521  
-26.03068945  
-23.00651976  
-22.81377782  
-25.82329527  
-30.46212078  
-33.74179946  
-32.60852296  
-25.53199636  
-13.56398181  
-0.277503196  
9.518498338  
11.81991252  
5.360068618  
-7.449040319  
-21.06594382  
-28.73214048  
-25.02645633  
-8.043409955  
19.68675774  
51.91145727  
80.71794617  
99.13388062  
103.2779602  
93.30337982  
72.89691504  
47.67156533  
23.1798961  
3.332174924  
-10.26074235  
-17.94720347  
-21.04467455  
-20.76861427  
-17.59834304  
-11.32494185  
-1.671533437  
10.90029031  
24.66617215  
36.73130633  
43.78739402  
43.2735125  
34.47538326  
19.08286816  
0.9114519957  
-15.1914715  
-24.90661742  
-25.9111897  
-18.69455491  
-6.378051189  
6.433842324  
15.36224435  
17.86963784  
14.13769781  
6.835294193  
-0.1499435681  
-3.503412212  
-2.040980923  
2.657291152  
6.852155637  
6.275000304  
-1.893719957  
-17.5546276  
-37.39456372  
-55.94049488  
-67.55191452  
-68.5302761  
-58.46918064  
-40.30348491  
-19.08323245  
-0.04151401204  
13.20292484  
19.58568229  
20.39119737  
18.15008015  
15.26252546  
13.01813248  
11.40029477  
9.617247502  
6.934058985  
3.27527215  
-0.7331835229  
-4.24268235  
-6.814742564  
-8.752529923  
-10.87388408  
-13.83736729  
-17.45276151  
-20.47470727  
-21.13291862  
-18.21291207  
-12.11309326  
-5.206431598  
-1.121096732  
-3.109973114  
-12.2224308  
-26.22109574  
-39.93841355  
-47.12124677  
-43.06479869  
-26.86648178  
-2.20070607  
23.86648744  
43.60781181  
51.74744891  
47.56677797  
35.04085919  
20.93767543  
11.75379517  
10.89573077  
17.38564508  
26.63316869  
32.8313082  
31.78115591  
22.78956347  
8.78461321  
-5.305916739  
-15.01939485  
-18.39821571  
-16.60955215  
-12.9155712  
-10.62502404  
-11.1650656  
-13.31919156  
-14.03361867  
-10.34653872  
-1.381768919  
10.70812813  
21.43101783  
26.01138617  
21.81729802  
9.929191819  
-4.992595486  
-16.56518482  
-19.44398717  
-11.71369949  
4.201898228  
22.52779441  
36.55797762  
41.39685323  
35.80728854  
22.41404328  
6.298792884  
-7.255437854  
-14.79983974  
-15.67468698  
-11.62249758  
-5.458380447  
0.4072651285  
4.840864195  
7.922456681  
10.16446087  
11.61118928  
11.43541173  
8.316889831  
1.401470094  
-8.73018904  
-19.70459716  
-27.93308366  
-29.96201108  
-24.00862717  
-10.95419969  
5.717240405  
21.07687168  
30.55192908  
31.62582074  
24.74037239  
13.05018594  
1.161199595  
-6.616777292  
-7.819130329  
-2.623503206  
6.32998776  
14.94894574  
19.11660092  
16.04310852  
5.137746219  
-11.80541321  
-31.10541466  
-48.20525033  
-58.92278223  
-60.6259102  
-53.0251823  
-38.34592077  
-20.77662013  
-5.288267003  
3.867710747  
4.520327003  
-2.678055317  
-14.43641773  
-25.9363774  
-32.51639562  
-31.33115178  
-22.36349569  
-8.391651174  
6.087724745  
16.57059693  
20.22644411  
16.89901812  
9.050152603  
0.6932501888  
-4.241870941  
-3.461101541  
2.824436673  
12.02631836  
20.22770184  
23.73024226  
20.50599908  
11.0166761  
-1.890202195  
-13.95699489  
-21.00310373  
-20.38594786  
-11.9115931  
2.134357958  
17.85215552  
31.17721234  
