107.2892287  
116.9857981  
106.9879473  
82.01182678  
50.95462878  
22.65609925  
2.097241751  
-11.16239804  
-21.66380172  
-34.64821067  
-52.41077228  
-72.35291699  
-87.82100845  
-91.40632039  
-79.11031918  
-53.26331087  
-22.59772496  
0.8155872298  
6.560175861  
-9.390832639  
-42.37442559  
-80.33761411  
-108.3323359  
-114.3890353  
-94.32042357  
-53.44909896  
-4.555360748  
37.07143958  
59.41683886  
58.02649691  
37.16818994  
7.594126754  
-17.99088722  
-29.81660387  
-24.36843849  
-5.016657789  
20.0049652  
41.20368697  
51.46840226  
48.38904837  
34.58662047  
16.22120094  
0.4735816397  
-6.989396956  
-3.745197287  
8.854458315  
26.31246122  
42.43777415  
51.17163844  
48.3531122  
33.04487585  
8.098526489  
-20.27017434  
-43.94715374  
-55.19070458  
-49.13910186  
-25.75802449  
9.546271359  
47.06744268  
75.51533197  
85.50108634  
72.6069161  
38.92192201  
-7.548044507  
-55.39757384  
-93.34287838  
-113.4687771  
-113.0994642  
-94.79549873  
-64.74610364  
-30.39980009  
1.673786419  
26.99836482  
43.34896874  
50.23213145  
48.28247982  
39.00346533  
24.87699969  
9.484078244  
-2.833397423  
-7.996459624  
-3.658271976  
9.544905546  
27.71430704  
44.79841504  
54.85279586  
54.56534732  
44.87617474  
30.79781921  
19.31198613  
16.14519782  
22.86145329  
35.70665106  
46.93590774  
48.23303488  
34.79348141  
8.194642997  
-23.42096496  
-48.1994323  
-55.4429696  
-40.46458223  
-7.258393404  
32.36259379  
63.02835469  
71.84221542  
53.695588  
13.58244766  
-35.16411093  
-76.07731614  
-96.0773408  
-90.57536167  
-64.99188374  
-32.03750017  
-5.928027735  
3.944304931  
-2.904898806  
-18.05184541  
-28.30860531  
-22.22217923  
3.964511406  
43.64294945  
81.84767109  
101.3013939  
90.03420076  
47.29532995  
-14.93659894  
-75.76164227  
-113.1580979  
-112.6893874  
-73.53751862  
-9.288262914  
56.98583091  
101.4434947  
108.5084094  
76.58745011  
18.22321976  
-45.2575009  
-92.2770489  
-109.1534628  
-94.5840416  
-58.86162526  
-18.51862776  
11.00274533  
21.3703391  
13.58818589  
-4.184576942  
-21.7842782  
-32.4423837  
-35.77231496  
-37.01042217  
-43.10797498  
-57.85363466  
-78.67584977  
-96.91229222  
-101.5643798  
-84.75849731  
-46.19984143  
5.695319687  
56.74097745  
92.77432986  
105.6522633  
96.62943503  
75.48538117  
55.76209361  
48.32600715  
56.28320226  
73.65430541  
88.44078012  
88.62947441  
68.28060801  
30.79675847  
-12.19968856  
-45.8790831  
-58.77312172  
-47.84253015  
-19.70950349  
12.46964278  
34.97943967  
39.56160269  
26.70864501  
4.80802436  
-14.31364794  
-21.22715292  
-13.31669124  
4.271808206  
21.49528357  
28.61248656  
21.15890582  
2.297829977  
-18.56587275  
-30.23064017  
-25.08889043  
-2.928205211  
28.629271  
57.25210878  
71.17024457  
64.22728024  
38.50011453  
3.399619068  
-28.26947556  
-45.52011311  
-43.44159459  
-24.79793253  
1.51896086  
24.33591736  
34.6212443  
28.67765208  
8.974446076  
-17.4450604  
-42.06851266  
-58.13769285  
-62.74126648  
-57.15915992  
-45.62310016  
-33.24465116  
-24.04252215  
-19.77318973  
-19.80700553  
-21.83829852  
-22.96515814  
-20.6811182  
-13.51547592  
-1.295732737  
14.8498871  
32.62813349  
48.83244663  
59.78408991  
62.04005418  
53.32701846  
33.47613537  
4.995230431  
-27.07408375  
-56.16648762  
-75.89165397  
-81.91836192  
-73.38049016  
-53.24017985  
-27.40013013  
-2.830937223  
14.61672355  
21.90082955  
19.35707548  
9.992133443  
-2.116949616  
-13.55926383  
-22.67621959  
-29.54963486  
-35.00544632  
-39.25764184  
-41.02639115  
-37.74011489  
-26.86144585  
-7.730664114  
17.07588107  
41.77367534  
59.09410714  
63.16829458  
52.34588009  
30.55876969  
6.349212205  
-10.30901941  
-12.1997671  
1.749945408  
25.51374998  
48.10146036  
58.08234938  
48.6497488  
21.0036739  
-15.55377509  
-47.03321136  
-60.35928559  
-48.82271562  
-15.05147698  
29.79290446  
70.26623009  
92.53863251  
89.47278307  
62.84980695  
22.01813384  
-20.19863396  
-52.39905213  
-68.21424842  
-67.33296399  
-53.95278412  
-33.83098167  
-11.57770103  
10.55757709  
32.13574948  
52.95054992  
71.65682236  
85.5872666  
91.91939403  
89.45872386  
79.84933753  
67.2891902  
56.67065965  
51.02280707  
49.65046773  
48.11974123  
40.32132473  
21.71640598  
-7.856231899  
-43.33707474  
-76.17757686  
-97.9570995  
-104.1816363  
-96.37085163  
-81.31519794  
-67.76120742  
-62.08263023  
-65.05195041  
-71.34134055  
-72.07345305  
-59.25424722  
-29.98507176  
11.5616363  
55.35267802  
89.32830262  
104.0819939  
96.27485871  
69.35903826  
31.51276526  
-8.014181719  
-42.32040315  
-68.52342401  
-87.19483704  
-100.2499252  
-108.6897291  
-111.5038145  
-106.2543024  
-90.8559046  
-65.39981535  
-32.89764783  
1.510537636  
32.43456675  
56.13494934  
71.4093891  
79.0617322  
80.41563543  
75.91259169  
64.7720229  
46.01472566  
20.24453574  
-9.006465621  
-35.45710516  
-52.06955817  
-54.07212848  
-41.48849176  
-19.70572779  
2.490664785  
16.67881477  
18.59371609  
10.02430609  
-2.252370485  
-10.08069645  
-8.302268796  
2.370019157  
15.56402294  
22.56874066  
17.13455368  
-0.7462756925  
-24.16453036  
-42.27085894  
-45.54217261  
-30.69328293  
-2.637807753  
27.67981508  
48.64836293  
53.89254335  
45.63817615  
33.63364122  
29.95230182  
42.17756669  
68.47508419  
97.29659657  
112.2477821  
100.0388603  
57.72894694  
-4.419522948  
-66.21773513  
-105.7966554  
-109.1985197  
-76.87633012  
-23.95683256  
26.05416317  
51.40329768  
41.52011165  
1.489194614  
-50.43832404  
-91.11972946  
-102.7978249  
-80.75451186  
-35.00186308  
14.55137395  
47.07797242  
49.81602199  
23.10968476  
-20.48211416  
-62.24697828  
-85.54834294  
-82.4803117  
-56.19904914  
-18.33381159  
16.8909191  
38.9007632  
44.62293502  
38.57502149  
29.67074273  
26.62984648  
34.23201594  
51.9278397  
74.99373267  
97.21227412  
113.5404493  
121.5488122  
121.285181  
114.1008579  
101.4088377  
84.15173572  
63.14110965  
39.80102871  
16.58617089  
-3.40963373  
-17.57223592  
-24.99142858  
-27.01254663  
-26.66297205  
-27.13854855  
-30.11618035  
-34.83462036  
-38.53353328  
-38.12209923  
-32.24896196  
-22.64631562  
-13.91363439  
-11.66301552  
-19.80318386  
-38.24933743  
-62.24397992  
-83.78094166  
-94.66209821  
-89.93712602  
-70.24518581  
-42.00876385  
-15.31859907  
-0.3026030005  
-3.37805384  
-24.80421932  
-58.41546729  
-93.57437415  
-118.5964306  
-124.4497974  
-107.5406801  
-70.78968557  
-22.78633867  
24.62797174  
59.60968176  
73.49988458  
63.11758772  
31.57037181  
-12.63595526  
-57.96725529  
-93.07027707  
-109.8915447  
-105.7529649  
-83.72084697  
-51.16465736  
-17.04576609  
11.0493596  
29.03154178  
36.85748647  
37.46461159  
34.75544099  
31.68282113  
29.36263754  
27.54921601  
26.04445825  
26.064779  
30.57151076  
43.11999026  
65.64713018  
96.34527774  
128.9439709  
154.1814502  
163.1939661  
151.4814893  
121.5842292  
82.95816933  
48.7007691  
30.25273565  
32.29857991  
50.23130259  
71.58099098  
81.09642722  
67.46477395  
28.75914095  
-25.91750408  
-79.56083512  
-114.047518  
-117.7669885  
-90.79487842  
-45.26196604  
-0.6037947725  
24.39123054  
19.38356058  
-13.2037701  
-59.22165145  
-98.7436622  
-114.3805085  
-98.41716473  
-55.78413498  
-1.714200741  
44.76175392  
68.58286153  
64.36027494  
37.71510461  
1.950382093  
-28.20384421  
-42.85056926  
-40.44674385  
-27.23206367  
-13.14709463  
-6.391588304  
-9.278302414  
-17.29298864  
-21.66586413  
-14.08095956  
8.823462975  
43.33987992  
79.94604162  
