-40.804611  
-23.6453907  
-10.1122286  
-3.256358914  
-2.936113413  
-5.897383711  
-7.476878159  
-4.144815466  
4.406245698  
14.77960592  
21.39436689  
19.37922143  
7.439644805  
-10.8094324  
-27.89744283  
-35.65352889  
-29.10250995  
-9.263423427  
16.59554924  
37.57740353  
43.6482465  
30.07161426  
-0.2071457738  
-37.36401277  
-68.42563605  
-82.36215808  
-74.37108479  
-47.54615193  
-11.2929905  
22.71728215  
45.2243797  
52.6664619  
47.77896783  
37.47166258  
29.16114497  
27.34043974  
31.91919051  
38.92944968  
43.04201381  
40.52670471  
31.18171049  
18.35891307  
7.194523359  
2.022596546  
4.288956228  
11.96416899  
20.66460786  
25.84745988  
24.95884015  
18.50390834  
9.595676825  
2.303806578  
-0.3184091596  
2.434716809  
8.800081523  
15.55920173  
19.56071024  
18.9455249  
13.52146345  
4.258584578  
-7.629554762  
-21.36010657  
-36.557842  
-52.56239988  
-67.56863629  
-78.29451754  
-80.64748191  
-71.32087166  
-49.6710366  
-18.92549167  
14.05935418  
40.67311454  
53.47668576  
49.0330702  
29.42272971  
1.705932524  
-24.56066981  
-40.80882809  
-42.5497015  
-30.82110807  
-11.42423782  
7.691250048  
19.77159467  
21.93357412  
16.08949992  
7.804039772  
3.632515588  
8.097656675  
21.56758159  
39.88571268  
55.86903546  
62.0509051  
53.58947358  
30.24767665  
-3.254344671  
-38.59454733  
-66.39513514  
-79.0753366  
-73.08759463  
-49.87755002  
-15.34958795  
21.91635014  
53.1049793  
71.52547626  
74.2266207  
62.45682288  
40.91376476  
16.08543964  
-5.757816049  
-20.2805721  
-25.99486674  
-24.15065762  
-17.75493294  
-10.17324124  
-3.89073236  
0.1032474041  
2.14461641  
3.136435033  
3.661303258  
3.456934362  
1.542360741  
-3.070905561  
-10.47408901  
-19.28821345  
-26.81598043  
-29.96261928  
-26.57396799  
-16.58796297  
-2.427194962  
11.63267084  
20.93007006  
22.14795713  
14.60023394  
0.5447089931  
-15.59471565  
-28.7655761  
-34.96536595  
-32.43822448  
-22.02394845  
-6.667999323  
9.587463372  
22.70121326  
29.48969519  
28.13143673  
18.3944406  
1.709544701  
-18.88300365  
-39.03132335  
-53.78476714  
-58.77291412  
-51.63145602  
-33.18208267  
-7.776753951  
17.58663295  
35.30374328  
39.74489054  
29.40497621  
7.690921068  
-18.11055408  
-39.40381688  
-49.43181786  
-45.73823173  
-30.92148514  
-11.36381947  
5.521252221  
14.3438032  
13.79883561  
6.895999236  
-0.6607874114  
-3.154037897  
2.624665032  
16.09548418  
33.32884442  
48.88463782  
58.13950816  
59.04720518  
52.62507706  
42.09898318  
31.24809578  
22.78753814  
17.50213054  
14.40083271  
11.64918064  
7.711029248  
2.128661778  
-4.352579867  
-10.23247143  
-13.93110049  
-14.31748316  
-10.90348111  
-3.770992054  
6.544548242  
19.02816535  
32.02369739  
43.14905185  
49.56323555  
48.70619412  
39.33231649  
22.38457214  
1.192342426  
-19.29345318  
-34.07522224  
-39.90264053  
-36.50060466  
-26.62928712  
-14.87716173  
-5.684044605  
-1.48010237  
-1.804446283  
-3.819297616  
-3.970947948  
0.01102314479  
7.761057259  
16.24935777  
21.11797707  
18.75547188  
8.122812658  
-8.540135283  
-26.46536063  
-40.21652645  
-45.80741726  
-42.14460388  
-31.21602062  
-17.0513957  
-4.024518825  
4.704050472  
7.975077242  
6.46825307  
1.878629957  
-4.024576211  
-9.979248548  
-15.28431202  
-19.50706823  
-22.20387227  
-22.93373357  
-21.57432964  
-18.67676079  
-15.50592313  
-13.58026557  
-13.85513117  
-15.98802396  
-18.18101506  
-17.84671967  
-12.89918745  
-3.06838826  
9.481445304  
20.68015182  
26.12783044  
23.0601325  
11.77438314  
-4.222839235  
-19.50749632  
-28.93298226  
-29.73346556  
-22.55925196  
-10.97135557  
0.332573438  
7.680027259  
9.92342018  
8.590237006  
6.697100881  
6.919618512  
10.11320017  
14.95506366  
18.84966882  
19.5465002  
16.53680008  
11.42560225  
7.052488565  
5.841462237  
8.311502083  
12.6204752  
15.463799  
13.90012358  
7.129362604  
-2.781721844  
-11.71144655  
-15.50479054  
-12.19877893  
-3.272140372  
6.814666188  
12.66773403  
10.64372316  
0.8424138332  
-12.6269311  
-23.31365689  
-25.2835034  
-15.82241989  
3.294402717  
26.55597267  
47.09905394  
59.5579647  
62.03546113  
56.33537954  
46.49624968  
36.50220891  
28.40539661  
21.79774528  
14.79607156  
5.870364849  
-4.605294269  
-14.03132289  
-18.74994912  
-16.11707585  
-6.351965852  
6.908387039  
17.78991622  
20.64827396  
12.68365866  
-4.563791757  
-25.60284137  
-43.14294223  
-51.05405697  
-46.81054978  
-32.35778356  
-13.09313843  
4.483324046  
15.33603135  
17.56094399  
12.54597914  
3.761049126  
-5.086247574  
-11.61060315  
-15.37909643  
-17.50950789  
-19.64122196  
-22.90714203  
-27.40211148  
-32.2823771  
-36.27215998  
-38.19698822  
-37.2661472  
-33.07931058  
-25.55055704  
-14.97059656  
-2.258331751  
10.79379923  
21.60530238  
27.43946792  
26.47791789  
18.88005467  
7.218042125  
-4.136780891  
-10.61351576  
-9.416133101  
-0.9503966103  
11.08230796  
21.13512016  
24.26812298  
18.50343535  
5.935411135  
-8.025586685  
-17.01943542  
-16.65337985  
-6.59076181  
9.218937489  
24.32557118  
32.76038187  
31.79522195  
23.15033585  
12.06549628  
4.690995016  
5.075986696  
13.22449838  
25.15531854  
34.90527633  
37.45994196  
31.1508239  
18.34852573  
4.149654064  
-6.240997001  
-10.09464814  
-8.421381004  
-5.314832463  
-5.760873224  
-13.04974959  
-27.09533406  
-44.46452462  
-60.02815583  
-69.33094999  
-70.45386085  
-64.46552747  
-54.33851865  
-43.02610133  
-31.81835365  
-19.9069916  
-5.395061887  
12.83817537  
33.51671105  
52.61116486  
64.62338536  
65.01440418  
52.62127858  
30.81978938  
6.729456798  
-11.32975422  
-17.07635154  
-8.790679659  
9.989571945  
31.90073559  
48.67068518  
54.25553007  
46.89316447  
29.31423681  
7.197344167  
-13.30427719  
-27.82574019  
-34.93115046  
-35.82811658  
-33.02930394  
-28.75883323  
-23.90623234  
-17.9606761  
-9.826259509  
1.003851737  
13.57018695  
25.33435496  
32.91165129  
33.34088618  
25.35841627  
10.15797328  
-8.66990681  
-26.02459503  
-36.73882075  
-37.1468561  
-26.30985251  
-6.517955801  
17.1337592  
38.05701608  
50.06520673  
49.31994015  
35.69348677  
13.00691661  
-12.07286518  
-32.22306828  
-42.02739641  
-39.95574221  
-28.93312199  
-15.16910785  
-5.620678957  
-5.074273514  
-14.06549972  
-28.56637509  
-41.64156573  
-46.4135874  
-39.0657579  
-20.55130296  
3.777530442  
26.48044914  
41.25180277  
45.58975173  
41.68186345  
35.09032345  
31.84357662  
35.30041682  
44.28274183  
53.40584083  
55.52079284  
45.19128284  
21.61609835  
-10.38049867  
-41.8263498  
-62.98994553  
-67.27006204  
-53.94272639  
-28.59966088  
-1.086347433  
18.2189267  
22.28575633  
9.954042049  
-13.82461497  
-40.01921475  
-58.94815888  
-63.75702803  
-52.67807652  
-29.3491912  
-1.229196676  
23.18435461  
37.27718252  
38.3738303  
28.30283977  
12.39710174  
-2.627119539  
-11.13201477  
-10.51210554  
-1.989601771  
10.00150193  
19.61336744  
21.9199969  
14.93090028  
0.5058741535  
-16.2307517  
-28.8158154  
-32.0057249  
-23.95587979  
-7.098385762  
12.71602044  
28.53334048  
35.14559668  
31.26869804  
20.07790016  
7.812118323  
1.006768859  
3.54919039  
14.87180668  
30.12224846  
42.27697306  
45.28171133  
36.82003904  
19.46129883  
-0.3369445879  
-14.92908019  
-18.67842539  
-10.24107317  
7.028404822  
26.63981092  
41.70225322  
47.55662323  
43.16951703  
30.81809774  
14.43892312  
-2.386454997  
-17.76521215  
-31.56791322  
-44.40139282  
-56.24196469  
-65.64682736  
-70.09187779  
-67.30029778  
-56.80737879  
