70.17319537  
79.91115761  
79.0919438  
67.22289533  
47.01487498  
23.65935595  
2.965997446  
-10.87615134  
-16.8870316  
-17.44988263  
-16.90586878  
-19.22530928  
-25.87353817  
-34.93389987  
-41.96320688  
-42.21174687  
-33.15518764  
-16.10191051  
3.942066662  
20.1449282  
26.62494103  
20.86686476  
4.692299614  
-16.61783949  
-36.58896763  
-50.13382767  
-55.29297005  
-53.44158787  
-48.03175199  
-42.61007117  
-39.11752573  
-37.23561055  
-34.95151168  
-29.900667  
-20.71165088  
-7.677873576  
7.48624707  
22.53371266  
35.63900986  
45.88479074  
53.09121466  
57.22363769  
57.86445295  
54.17221822  
45.41781107  
31.78913878  
14.93555024  
-2.180384595  
-16.18288999  
-24.55523294  
-26.64953073  
-23.88871773  
-19.01476212  
-14.7382494  
-12.47393008  
-11.8146699  
-11.00998797  
-8.175478824  
-2.558013934  
4.856348462  
11.75068973  
15.69764194  
15.5224619  
12.03159656  
7.652174029  
5.118668122  
5.886552515  
9.148339628  
12.05032224  
11.08880526  
4.020854745  
-8.697628048  
-23.74489706  
-36.21786537  
-41.80254415  
-38.78381485  
-28.88600995  
-16.4933235  
-6.60199635  
-2.497157017  
-4.297452384  
-9.08267604  
-12.52720317  
-11.20437498  
-4.390112715  
5.547352754  
14.36255204  
18.12465306  
15.26178991  
7.412384977  
-1.348781604  
-6.510125733  
-5.324725358  
1.906845969  
12.11472843  
21.13581585  
25.90634599  
26.0277508  
23.89121153  
23.29478891  
27.27154615  
36.26393083  
47.61363637  
56.67236964  
59.01084775  
52.63502416  
39.09519821  
22.91065079  
9.561421003  
3.004930123  
3.911508829  
9.462172569  
14.79336391  
15.38060829  
9.211570141  
-2.281998835  
-14.95488683  
-23.96544678  
-26.10384498  
-21.33329243  
-12.84223145  
-5.614510808  
-4.20364717  
-10.73186794  
-23.98909276  
-39.9751683  
-53.57638444  
-60.5975784  
-59.27929218  
-50.72435449  
-38.17286559  
-25.55035258  
-15.96297068  
-10.74546362  
-9.355534321  
-10.01798856  
-10.73363541  
-10.18466088  
-8.191074554  
-5.611872385  
-3.820557301  
-4.025241228  
-6.713957032  
-11.41566843  
-16.82958011  
-21.24934985  
-23.12459378  
-21.57205942  
-16.66975326  
-9.431190117  
-1.456490501  
5.631350308  
10.76345537  
13.7859499  
15.43688935  
16.91990976  
19.23767995  
22.58145713  
26.08483306  
28.1102695  
26.99632271  
21.95534693  
13.69783259  
4.441023431  
-2.782642669  
-5.277682103  
-1.822472943  
6.712715828  
17.56284155  
27.0234886  
31.77260983  
30.00980745  
21.96189975  
9.603161957  
-4.205137939  
-16.71795345  
-26.0112938  
-31.16271372  
-31.98944663  
-28.65342874  
-21.46607535  
-11.03807432  
1.36537631  
13.60624386  
22.92552309  
26.75438729  
23.81947892  
15.01178168  
3.482402762  
-6.272352326  
-10.09253105  
-5.92844985  
5.11251403  
19.01581165  
30.41908387  
34.87598743  
30.84255274  
20.46687321  
8.7636211  
1.476195851  
2.539722757  
12.26600921  
27.06927325  
40.87163832  
47.5804255  
43.56109787  
29.05146743  
7.956635582  
-13.80869308  
-30.64543769  
-39.24432968  
-39.42978962  
-33.66415222  
-25.61323352  
-18.53809361  
-14.24028528  
-12.90987528  
-13.72571345  
-15.70341541  
-18.24834026  
-21.13934311  
-24.07214392  
-26.18735024  
-26.02757463  
-22.09802068  
-13.80145999  
-2.217852478  
9.81293074  
18.53528219  
20.79441645  
15.56239839  
4.711015917  
-7.445320814  
-15.75777588  
-16.36170986  
-8.378838107  
5.582929141  
20.3968937  
30.45877744  
31.92115294  
24.15663284  
9.846177235  
-6.283551447  
-19.44879651  
-26.61169813  
-27.33224551  
-23.39926014  
-17.56122987  
-12.07279366  
-7.793071155  
-4.222618528  
-0.3454443524  
4.281500254  
8.858756591  
11.51184803  
10.2417252  
4.157930258  
-5.687040599  
-16.3704083  
-24.13914999  
-25.984896  
-21.03033007  
-11.06073075  
0.08093015364  
7.998693977  
9.49977297  
3.848961533  
-6.993250952  
-19.20240472  
-28.58467888  
-32.08083814  
-28.68623427  
-19.51151949  
-7.105669839  
5.549671454  
15.91384459  
22.34175917  
24.11063952  
21.23194504  
14.30950112  
4.574623528  
-5.987138339  
-14.65732352  
-18.38423624  
-14.60411048  
-2.260247524  
17.40225889  
40.6967568  
62.2262909  
76.35260582  
78.93843876  
68.7447704  
47.96156184  
21.66114209  
-3.644731767  
-21.85462387  
-28.93361045  
-23.89010135  
-8.852586754  
11.67606311  
32.09183716  
47.11061262  
52.9941292  
48.33992536  
34.30870452  
14.26371449  
-7.108109624  
-25.01723938  
-35.84976953  
-38.14594525  
-32.94886012  
-23.35350735  
-13.35730392  
-6.39806061  
-4.133841738  
-5.966819518  
-9.527742549  
-11.92418338  
-11.19587785  
-7.297594913  
-2.124592821  
1.459265039  
1.137094094  
-3.554148165  
-10.81746742  
-17.36629812  
-20.06240019  
-17.64116347  
-11.63624406  
-5.948695559  
-5.144874078  
-12.21022841  
-26.81357872  
-44.96652727  
-60.35047418  
-66.80737866  
-60.91905486  
-43.5176592  
-19.43223617  
4.427433659  
21.79143146  
29.34240226  
27.6254242  
20.24026029  
11.81319625  
5.790304796  
3.114146807  
2.342547543  
1.007801022  
-2.61240598  
-8.315791497  
-14.03192155  
-17.05892718  
-15.75952611  
-10.7202286  
-4.646859328  
-0.9525456435  
-1.733901115  
-6.231964918  
-10.70452504  
-9.955063456  
0.09706108207  
20.0244794  
45.91483843  
70.44033651  
85.64571568  
86.27457688  
72.13268412  
48.36972849  
23.48439915  
5.891841918  
0.5506890623  
7.117709524  
20.39757949  
32.8163774  
37.75788996  
32.26840144  
17.9939381  
0.06983714259  
-15.38393921  
-23.93311243  
-24.46613795  
-19.1782845  
-12.10133994  
-7.028987053  
-5.876770014  
-8.189824942  
-11.87425062  
-14.61938276  
-15.19600699  
-13.97374723  
-12.47871592  
-12.34039416  
-14.27423663  
-17.67721876  
-21.03748707  
-22.89438184  
-22.78588365  
-21.63646599  
-21.35010427  
-23.80328366  
-29.75200685  
-38.21329378  
-46.64125714  
-51.8268346  
-51.1106578  
-43.37584339  
-29.4249091  
-11.6516791  
6.771397208  
22.80756646  
34.23000597  
39.9040705  
39.73788366  
34.47992231  
25.51901099  
14.72573297  
4.260339537  
-3.749328967  
-7.669138638  
-6.830882185  
-1.798873488  
5.749079215  
13.54672553  
19.4879898  
22.28883684  
21.77938868  
18.7244811  
14.31010684  
9.597308714  
5.23852243  
1.571217527  
-1.044238995  
-1.947602794  
-0.2464095925  
4.701099919  
12.61105021  
21.83000778  
29.51112469  
32.51960937  
28.77408904  
18.42158188  
4.213147458  
-9.250106968  
-17.21289522  
-16.73221656  
-8.040892326  
5.356186028  
17.97450492  
24.52034695  
22.01122212  
10.9252093  
-5.106863896  
-20.89017375  
-31.78941639  
-35.43150544  
-32.27826163  
-24.92818918  
-16.60996106  
-9.671861155  
-4.794513136  
-1.219277117  
2.268827229  
6.244752722  
10.08972214  
12.2932025  
11.41888465  
7.154316034  
0.8033521681  
-5.120591698  
-8.046710962  
-6.665749718  
-1.716346484  
4.209793762  
7.795544601  
6.528689159  
-0.1110457107  
-10.39025626  
-21.10682709  
-29.02525586  
-32.25317535  
-30.90027871  
-26.73932544  
-22.09630252  
-18.57180687  
-16.25245036  
-13.79358103  
-9.296121028  
-1.501685473  
9.311098094  
21.17285752  
31.07464444  
36.10160779  
34.52951175  
26.43400444  
13.63293228  
-0.9079675182  
-13.8896144  
-22.40784078  
-24.44850647  
-19.18040918  
-7.151370409  
9.580263571  
27.49357452  
42.04003314  
48.59952517  
43.84556737  
27.10827399  
1.147710241  
-28.1537612  
-53.29383612  
-67.44630999  
-66.73896424  
-51.6181696  
-26.71929923  
0.7404480395  
23.41875701  
36.1854188  
37.46049743  
29.14875672  
15.39003775  
0.8192773882  
-10.86641193  
-17.52344897  
-18.35207397  
-13.28814138  
-2.55963899  
13.24601943  
32.68643153  
52.9947119  
