-18.61074545  
-26.73241317  
-26.02562438  
-17.62041087  
-4.47067672  
9.735788459  
21.74536478  
29.58333155  
32.83792908  
32.38842092  
29.79569148  
26.6622323  
24.20511765  
23.12081857  
23.64808369  
25.65703427  
28.64020286  
31.62095439  
33.12632443  
31.40276111  
24.94445665  
13.20290802  
-2.832215331  
-20.53129175  
-36.19667799  
-46.20454822  
-48.30724292  
-42.53827925  
-31.27157206  
-18.32940618  
-7.468033389  
-0.8846451643  
1.577142751  
2.135834315  
3.800691127  
8.697655281  
16.79006353  
25.64012348  
31.38920619  
30.55912711  
21.86273985  
7.163315459  
-8.926472643  
-20.71459037  
-23.69903641  
-16.47709768  
-1.468202051  
15.877611  
29.07331916  
32.98244429  
25.65207859  
8.908185076  
-12.43542654  
-32.34643117  
-45.57349173  
-49.13315024  
-42.84875502  
-28.94621563  
-11.06931966  
6.795132901  
21.11262761  
29.210766  
29.43716262  
21.28286021  
5.588180736  
-15.25539562  
-37.35528229  
-55.86541812  
-66.08283748  
-64.84565384  
-51.73743542  
-29.55902295  
-3.742515025  
19.21289298  
33.78228786  
37.18882243  
30.22246676  
16.77118392  
2.238700036  
-8.527798226  
-12.98054602  
-11.60542016  
-7.385709272  
-4.254860211  
-5.202825408  
-10.82997403  
-18.94691929  
-25.38698923  
-25.70766792  
-17.10332322  
0.232734384  
22.84912123  
45.01557953  
60.61190417  
65.25731713  
57.91357045  
41.37140994  
21.41638802  
4.931823205  
-2.425372619  
1.823513979  
16.08654407  
35.1993465  
52.16175733  
60.51781869  
56.54260163  
40.45679437  
16.23759679  
-9.887579114  
-31.68288989  
-45.02242953  
-49.0840734  
-46.19759242  
-40.4768117  
-35.86398616  
-34.44356104  
-35.74271419  
-37.28212766  
-36.07085242  
-30.31069788  
-20.48336635  
-9.287550314  
-0.4401657749  
3.096512477  
0.6094881669  
-5.888359265  
-12.4708831  
-15.06063095  
-11.33794087  
-1.90261809  
9.873723933  
19.26416422  
22.2381446  
17.21782419  
5.747087586  
-8.20753785  
-19.96669492  
-26.04516885  
-25.38234323  
-19.38553281  
-10.87176099  
-2.526897603  
4.296908048  
9.850627284  
15.25906413  
21.28462187  
27.36066525  
31.52994372  
31.41825264  
25.76732416  
15.6689296  
4.706614679  
-2.277675832  
-1.357698576  
8.35969334  
23.77115181  
38.61118607  
45.90475649  
41.04851924  
24.1360706  
0.383754929  
-21.6846638  
-33.62440347  
-30.60501993  
-13.54165369  
11.15491076  
34.15004356  
46.9900286  
45.49792875  
31.30115649  
10.86653297  
-7.473531184  
-17.14549992  
-16.00349177  
-6.914549305  
3.895927444  
9.88721015  
7.198412759  
-3.74977688  
-18.69411598  
-31.69491633  
-37.94474602  
-35.90007481  
-27.79848264  
-18.41610531  
-12.7332107  
-13.63449673  
-20.6834502  
-30.45313012  
-38.15731553  
-39.76124532  
-33.60722013  
-20.89932229  
-4.969307444  
10.20230347  
21.46628893  
27.35125855  
28.03566346  
24.65669914  
18.45039864  
10.20796853  
0.2729272869  
-11.0423622  
-22.97782207  
-34.14709593  
-42.81312677  
-47.47993634  
-47.46193958  
-43.09559596  
-35.46334116  
-25.78678756  
-14.84986041  
-2.811635937  
10.44643317  
24.611334  
38.28841199  
48.86555913  
53.13102762  
48.50994566  
34.43225769  
13.19455038  
-10.18165651  
-29.20538646  
-37.92578775  
-32.98799641  
-14.95659133  
11.62981007  
39.54924842  
61.11574299  
70.57609606  
65.87699424  
49.22871902  
26.31073655  
4.417498339  
-9.831546217  
-12.48659287  
-3.363444264  
14.05614523  
33.84137343  
49.53269559  
56.1530001  
51.68546618  
37.56825916  
18.07185983  
-1.218201251  
-15.29602494  
-21.36275988  
-19.63343086  
-13.05820864  
-6.083884974  
-2.931849921  
-6.041000642  
-15.24865797  
-27.98061225  
-40.32052805  
-48.49093986  
-50.14535946  
-44.9961744  
-34.61861559  
-21.63151748  
-8.693247945  
2.23516917  
10.10751037  
14.54204322  
15.39553001  
12.51411097  
5.862136693  
-4.040866004  
-15.68331092  
-26.49890754  
-33.39437445  
-33.77581743  
-26.67737098  
-13.4641581  
2.294670931  
15.84777137  
22.84119215  
20.8481782  
10.23442108  
-5.986787415  
-23.23318388  
-36.90901369  
-43.8133048  
-42.8913517  
-35.14564522  
-22.89510278  
-8.812250058  
4.824737753  
16.42994359  
25.0082804  
29.91198307  
30.73550611  
27.47092669  
20.81086691  
12.32685537  
4.267515664  
-1.080117225  
-2.252253379  
0.7094023679  
6.140305258  
11.34973413  
13.73312141  
11.91764016  
6.398199882  
-0.6696117271  
-6.459332678  
-8.79936354  
-7.203244991  
-3.093472013  
0.912569547  
2.328568255  
0.09765621009  
-4.782329524  
-9.641725214  
-11.37922577  
-7.982825761  
0.4005109712  
11.38360554  
21.32194258  
26.92853625  
26.77512727  
21.96801704  
15.65876523  
11.58507217  
12.29291613  
17.84939873  
25.6483941  
31.42882273  
31.08725209  
22.51423038  
6.666676928  
-12.58723778  
-29.80133668  
-39.93028944  
-40.17254503  
-30.97183842  
-15.82227718  
0.005427617334  
11.30601694  
14.6650909  
9.478828056  
-2.022138966  
-15.6659157  
-26.77104482  
-31.60890352  
-28.44272322  
-17.88287233  
-2.539071987  
13.84385677  
27.46634769  
35.4599924  
36.54073456  
31.20711891  
21.48296932  
10.30527338  
0.7242714109  
-4.887942874  
-5.433533815  
-1.347218343  
5.551926014  
12.58844822  
17.01554081  
16.85470109  
11.55469749  
2.260001693  
-8.428392023  
-17.17454404  
-20.93148233  
-17.96612201  
-8.548357843  
4.958618166  
18.69242049  
28.42365773  
30.87823463  
24.80241068  
11.38807585  
-6.112345764  
-23.4579886  
-36.79397411  
-43.82403786  
-44.35443202  
-40.03579517  
-33.45414123  
-26.98252523  
-21.88606464  
-18.03847118  
-14.319859  
-9.455046391  
-2.863150588  
4.891913312  
12.24781276  
17.2864942  
18.53622738  
15.53937641  
8.935492196  
0.07504962352  
-9.577503801  
-18.90273886  
-27.20904965  
-33.94984651  
-38.33097914  
-39.15942343  
-35.16281679  
-25.72310452  
-11.66924896  
4.360860537  
18.35046357  
26.12796422  
24.96392023  
14.85100602  
-1.176687873  
-17.95385367  
-30.04405894  
-33.80459828  
-28.76290428  
-17.67551099  
-5.214555658  
4.149589446  
8.122029885  
7.520215273  
5.753545943  
7.098673282  
14.58146038  
28.45289672  
45.95723338  
62.47640856  
73.49030043  
76.42718072  
71.56093364  
61.59250665  
50.19047244  
40.24511938  
32.68646109  
26.39411684  
19.16186559  
9.1608629  
-3.872223847  
-18.3142792  
-31.3244722  
-40.11591218  
-43.15753764  
-40.7077839  
-34.46115205  
-26.5644893  
-18.57482937  
-10.92557241  
-3.154287366  
5.297248738  
14.22714934  
22.30946387  
27.48878392  
27.96090648  
23.21070454  
14.50843508  
4.526164826  
-3.800821816  
-8.623160176  
-10.04549361  
-10.03459004  
-11.36528344  
-16.09808297  
-24.34362601  
-33.95223162  
-41.32228014  
-42.97180489  
-37.13544963  
-24.63058588  
-8.587704233  
6.812856271  
17.99087257  
23.23815016  
23.06911923  
19.5818298  
15.24032534  
11.73271785  
9.450316887  
7.753391142  
5.748398467  
3.046046205  
0.02876052772  
-2.511285008  
-4.09240808  
-5.104962267  
-6.764048229  
-10.36075809  
-16.17140965  
-22.67462196  
-26.66486106  
-24.43568288  
-13.62817573  
5.104781587  
27.52080779  
46.79536025  
55.90134831  
50.46362204  
30.86384784  
2.589226621  
-25.48153681  
-44.28020707  
-47.98890883  
-36.31466245  
-14.6430775  
8.022461107  
22.51876704  
22.99993699  
9.067875274  
-14.2364376  
-38.50029236  
-55.18257431  
-58.74235534  
-48.48725877  
-28.54443085  
-6.106235342  
11.27570532  
18.30614577  
13.57332429  
-0.2640264717  
-17.6373961  
-32.05331617  
-38.1882698  
-33.44694402  
-18.58850537  
2.657057238  
24.77750795  
42.08454258  
50.28401136  
47.59958269  
35.17036389  
16.63597362  
-2.958309397  
