120.4683283  
122.9987106  
103.4947148  
65.61845337  
17.63225351  
-30.22633357  
-68.71389413  
-91.87737554  
-98.03325481  
-89.35017949  
-70.46055219  
-46.78029768  
-23.15514659  
-3.157527864  
11.00047196  
18.22368224  
18.29229639  
11.81220358  
0.3219365788  
-13.65206798  
-26.82494459  
-35.76761764  
-37.78867416  
-31.78346692  
-18.70005749  
-1.388107955  
16.1706394  
30.00283314  
37.26030737  
36.92939448  
29.91526946  
18.52570381  
5.597157874  
-6.389420131  
-15.89375994  
-22.44718679  
-26.36694139  
-28.24538784  
-28.46404365  
-26.93562813  
-23.16031993  
-16.54758439  
-6.856422646  
5.428558199  
18.93554407  
31.53240521  
40.72315689  
44.21493117  
40.50676047  
29.34261536  
11.90181122  
-9.33518693  
-31.02667325  
-49.61747807  
-62.04484925  
-66.3412389  
-62.00725858  
-50.0914329  
-32.98261605  
-13.97104769  
3.345082496  
15.73088388  
20.98651913  
18.52304027  
9.709086804  
-2.170246785  
-12.47266165  
-16.29271905  
-9.915470279  
7.75352118  
34.2918113  
63.85746298  
88.47973873  
100.3251137  
94.29480342  
70.05906955  
32.70241377  
-8.432036772  
-42.47307906  
-60.47702708  
-58.40992409  
-38.55345236  
-8.768198511  
20.16929092  
38.21368003  
39.37157749  
23.5247888  
-3.824069652  
-33.66862716  
-56.59439656  
-65.69014635  
-58.31357755  
-36.30276043  
-4.862916032  
29.20587715  
59.20290536  
79.67492143  
86.96729279  
79.44631524  
57.71000269  
24.88063344  
-13.26202729  
-48.75249764  
-72.86162339  
-78.39704301  
-62.26413408  
-27.28586509  
17.68663177  
59.81743715  
86.08427382  
87.62275826  
63.0128102  
19.151537  
-30.79777092  
-71.76940889  
-91.92514494  
-86.65597201  
-59.96581927  
-22.74883227  
11.33881729  
30.81554832  
30.27551944  
11.88571322  
-15.91437893  
-41.84330273  
-55.94409789  
-52.95005418  
-33.75164226  
-4.652286865  
25.10236107  
46.52122378  
53.6919808  
45.40878375  
25.25753887  
0.2967230195  
-21.17856592  
-32.13636309  
-28.91458289  
-12.39187724  
12.11458109  
36.27677205  
51.21256723  
50.32970891  
31.68995274  
-0.9532393139  
-38.95316106  
-71.31962264  
-88.27215805  
-84.58858185  
-61.50698924  
-26.40503422  
9.702514186  
35.95413361  
45.30262406  
36.67320302  
14.85687736  
-11.69939357  
-34.20697993  
-46.56974703  
-46.97881667  
-37.62016126  
-22.90464815  
-7.229580321  
6.640591134  
17.93403234  
27.05080474  
34.25540295  
38.77547205  
38.89860491  
33.03514318  
21.11462657  
5.438169626  
-9.640688272  
-19.21402373  
-19.84225249  
-11.10495672  
4.1410616  
20.99432853  
34.67207602  
42.54824938  
45.04715066  
44.94529114  
45.45898531  
48.15018711  
51.81327943  
53.02181475  
48.14081741  
35.78891708  
18.39900749  
1.88217288  
-6.693965862  
-2.475075466  
14.33307957  
37.60937103  
57.09106996  
62.21956307  
46.50111786  
10.50252467  
-37.87079672  
-86.01368416  
-121.1186611  
-134.682941  
-125.2072737  
-98.09230135  
-62.96417155  
-29.72471959  
-5.056735625  
9.240326813  
15.63715382  
18.57982168  
21.77914739  
26.37403495  
30.68760557  
31.45811837  
25.74969884  
12.5382078  
-6.727743745  
-28.6865461  
-49.27964059  
-64.93032683  
-73.17065094  
-72.64046881  
-62.79358769  
-43.78310468  
-16.78366233  
15.41089519  
48.02935971  
74.76055118  
89.20181619  
86.96696085  
67.6153041  
35.45079178  
-1.384493996  
-33.37383909  
-52.76400437  
-56.12035815  
-45.2368296  
-26.03642024  
-5.980501017  
8.8498108  
15.7397481  
15.63011291  
11.78516326  
7.679487566  
5.254532386  
4.406179332  
3.838164285  
2.640123801  
1.538701928  
2.949822008  
9.645652532  
22.68109186  
39.75489933  
55.09835809  
61.29033677  
52.41288442  
27.17656073  
-9.520499407  
-47.5530256  
-74.90488908  
-82.12986464  
-66.09284968  
-31.3742243  
11.31650667  
49.09303796  
71.57660084  
74.39184285  
60.11715894  
36.47103438  
12.70518907  
-4.126671619  
-11.44180713  
-11.15093945  
-7.727883154  
-5.485697591  
-6.462215565  
-9.865392058  
-13.14807426  
-13.93376702  
-11.6258439  
-7.779085242  
-5.044116722  
-5.315193308  
-8.186199318  
-10.69297647  
-8.652251099  
0.9646852103  
17.80909406  
37.3115481  
51.85765219  
53.66823807  
38.20711128  
6.592644219  
-34.15334942  
-73.26990748  
-100.0250473  
-107.5571583  
-95.21334666  
-68.45720005  
-36.4675767  
-8.521074026  
9.286878477  
15.66620707  
13.59411337  
8.093958732  
3.521745181  
1.671608505  
1.51475853  
0.5331410287  
-3.181783861  
-9.246663917  
-14.6588193  
-15.05494126  
-6.966563629  
10.05019108  
32.52086175  
53.94792496  
67.20908616  
67.44564307  
54.15720579  
31.53735173  
6.852446547  
-12.46457488  
-21.75388806  
-20.8269599  
-13.69007515  
-6.429161353  
-4.20073555  
-8.668356929  
-17.03132831  
-23.10281368  
-20.00727588  
-3.370030957  
26.3454897  
63.34740039  
98.11197509  
