50.6471655  
36.44871499  
20.35932568  
6.945125198  
-0.7927568865  
-2.141818931  
1.423187209  
7.027262964  
11.52786109  
12.59061517  
9.374555315  
2.651229665  
-5.628407263  
-13.13741368  
-18.05785359  
-19.73897152  
-18.89407314  
-17.25660764  
-16.8102707  
-18.87973752  
-23.44807159  
-29.0088003  
-33.06728719  
-33.13984261  
-27.86715539  
-17.7674794  
-5.264207767  
6.095192549  
12.96325438  
13.53297723  
8.319224097  
0.01008843376  
-7.598461074  
-11.1687329  
-9.231664504  
-2.824205887  
4.948687735  
10.2677649  
10.30232254  
4.525962507  
-4.940134374  
-14.13101397  
-18.86832461  
-16.53591756  
-7.248452622  
6.085222564  
18.83723019  
26.43145854  
26.0860055  
17.83047956  
4.417874092  
-9.787094966  
-20.45446669  
-24.79639807  
-22.36493507  
-14.89700376  
-5.36826547  
3.280597238  
9.196171012  
12.0470599  
12.74791159  
12.69394609  
12.91593422  
13.55807153  
13.897021  
12.85183637  
9.705884591  
4.669951865  
-1.003674282  
-5.436689727  
-6.904827673  
-4.64472552  
0.677863635  
7.072996773  
11.90424413  
12.89458452  
9.066016431  
1.223950268  
-8.236292519  
-16.16086454  
-19.80790187  
-17.91058513  
-11.21151928  
-2.241641564  
5.590737427  
9.26214527  
7.264178815  
0.1665308061  
-9.600773716  
-18.65044139  
-23.86335583  
-23.45684986  
-17.49921298  
-7.715848831  
3.272604065  
12.92165216  
19.53603319  
22.56976462  
22.42202959  
19.93357452  
15.9003155  
10.86317273  
5.240599393  
-0.349045519  
-4.856144046  
-6.902097756  
-5.268967678  
0.4148050647  
9.149673122  
18.54763163  
25.46528971  
27.12099303  
22.26209989  
11.86199063  
-1.018206252  
-12.22701345  
-18.02171675  
-16.47018455  
-8.17070886  
4.017395872  
16.11984579  
24.58061115  
27.53240825  
25.28078575  
19.83879541  
13.7736251  
8.926431453  
5.601785766  
2.588216256  
-2.027167108  
-9.658544277  
-20.22246483  
-31.83103956  
-41.34959849  
-45.59759491  
-42.68105054  
-32.88498756  
-18.74280232  
-4.247371321  
6.48294388  
10.56455933  
7.233663195  
-2.033247794  
-14.14325952  
-25.46890913  
-32.97191907  
-34.99707093  
-31.53514059  
-23.96908292  
-14.48299635  
-5.380906847  
1.47272911  
4.97457987  
4.854926095  
1.562523146  
-3.952575764  
-10.48333297  
-16.78956706  
-21.77616948  
-24.61449499  
-24.80282331  
-22.17025314  
-16.83908933  
-9.169196766  
0.2930058102  
10.85070719  
21.68632642  
31.90602465  
40.61860182  
47.04990743  
50.66902442  
51.28532697  
49.07928338  
44.55294012  
38.41837407  
31.46376847  
24.43803946  
17.9741249  
12.54420288  
8.425729383  
5.665318037  
4.053248775  
3.144460218  
2.360966772  
1.176210446  
-0.6713744309  
-3.029782452  
-5.34171044  
-6.843121811  
-6.892047344  
-5.285744348  
-2.403932278  
0.9189728643  
3.759586854  
5.543565207  
6.327469532  
6.750170117  
7.637358199  
9.433463198  
11.75811954  
13.36290703  
12.58863131  
8.168292957  
0.009568337195  
-10.45561037  
-20.60534512  
-27.58387872  
-29.49810621  
-26.30842948  
-19.95917244  
-13.61921292  
-10.32127015  
-11.59887229  
-16.76084665  
-23.17540289  
-27.47141962  
-27.12036259  
-21.65735172  
-12.94676563  
-4.33932912  
0.8998154252  
1.14829612  
-2.786788035  
-8.050578932  
-11.12687743  
-9.5709829  
-3.249570164  
5.525519764  
13.04927015  
15.96252342  
12.83819064  
4.846142864  
-4.822663535  
-12.48141238  
-15.66451678  
-14.18933995  
-10.05040796  
-6.2258377  
-5.026817198  
-6.851038125  
-9.990817541  
-11.599664  
-9.315139217  
-2.682073038  
6.394891313  
14.45183189  
18.1543783  
16.03186384  
9.358386315  
1.685661201  
-2.796403991  
-1.295817952  
6.151111083  
16.58293375  
25.43298674  
28.64878497  
24.58974928  
14.77987175  
3.149770889  
-5.853644587  
-9.352353668  
-7.286057257  
-2.21580659  
2.197328914  
3.246257292  
0.6973951891  
-3.027284545  
-4.132071972  
0.4324505258  
11.08704131  
24.97162436  
36.93041859  
41.73788144  
36.54015839  
22.34673362  
3.828961711  
-12.52995014  
-21.11556218  
-19.48471818  
-9.260746816  
4.750249958  
16.77296384  
22.56391006  
21.06598182  
14.51913926  
7.073608014  
2.639555047  
3.020234624  
7.180372325  
11.91935695  
13.54191076  
9.676816915  
0.3788905001  
-11.95514636  
-23.73714341  
-31.79635603  
-34.67532149  
-33.05727088  
-29.22595474  
-25.91821248  
-25.16257572  
-27.61962605  
-32.61926772  
-38.72047325  
-44.39364633  
-48.44998694  
-50.07253569  
-48.58915895  
-43.29399136  
-33.57471191  
-19.3716432  
-1.72136679  
17.00411677  
33.46301406  
44.32036063  
47.4921578  
43.09709833  
33.6094147  
23.02839636  
15.33234002  
12.84874327  
15.26464624  
19.75726678  
22.24527706  
19.25797537  
9.625527486  
-4.753365535  
-19.42860416  
-29.01942065  
-29.29153867  
-18.85427833  
0.1964103804  
22.9287202  
43.24495575  
55.91563127  
58.2219517  
