4.368040936  
0.6970527361  
-4.472856671  
-10.27789492  
-15.16603475  
-17.51585319  
-16.37789801  
-11.98040674  
-5.732927429  
0.3091179563  
4.293302698  
5.343587311  
3.888698245  
1.378891711  
-0.4830925255  
-0.6289644412  
0.8086137562  
2.546296159  
2.819797423  
0.3688303229  
-4.739857032  
-10.87723693  
-15.37174913  
-15.60034857  
-10.18635569  
0.2366737152  
13.0666703  
24.60735971  
31.43680784  
31.70865686  
25.84481895  
16.33507672  
6.735355894  
0.2887993478  
-1.263218467  
1.785780782  
7.40159813  
12.75283735  
15.37242529  
14.05425442  
9.157714938  
2.272932368  
-4.530658767  
-9.50743512  
-11.76090297  
-11.33720455  
-8.950591017  
-5.555208494  
-1.998164866  
1.114304663  
3.360104362  
4.392062668  
3.92525661  
1.877937369  
-1.413789116  
-5.079833643  
-7.85662067  
-8.51525997  
-6.433086252  
-2.03761746  
3.143547323  
6.940168979  
7.377878155  
3.559104092  
-3.820332806  
-12.60151807  
-19.9445468  
-23.46276028  
-22.22121336  
-17.14363363  
-10.62095757  
-5.475407275  
-3.736745164  
-5.786306969  
-10.26178675  
-14.76327053  
-17.0205396  
-15.96005549  
-12.1567568  
-7.45734631  
-3.971551422  
-2.948234579  
-4.118121054  
-5.85658802  
-6.101748279  
-3.563504982  
1.418248717  
6.860487208  
10.0499332  
8.979883676  
3.599717465  
-3.801906914  
-9.377382408  
-9.399756445  
-2.103716631  
11.19550431  
26.31239542  
37.74877965  
40.98085723  
34.47696837  
20.51521384  
4.3745679  
-7.805605883  
-11.59276511  
-6.1377494  
5.466991073  
17.50848054  
24.07449473  
21.51779056  
9.907309263  
-7.118596942  
-23.96311212  
-35.38178107  
-38.46846056  
-33.50476297  
-23.42598014  
-12.29042414  
-3.543054474  
1.136125591  
1.982306741  
0.4135206009  
-2.04693773  
-4.558216669  
-7.072619631  
-9.823222271  
-12.62083406  
-14.50057494  
-14.03454062  
-10.20121621  
-3.314497405  
4.601970556  
10.37125866  
11.03499818  
5.437455814  
-4.797535991  
-15.51403447  
-21.56088983  
-19.0352019  
-7.230980393  
10.66708564  
28.58914886  
39.96029252  
40.46646166  
29.9817917  
12.75993506  
-4.253459428  
-14.28566657  
-13.53821753  
-2.699868777  
13.47911417  
28.33490652  
36.18089688  
34.65395345  
25.5080197  
13.57531838  
4.446457219  
1.971357696  
6.708416352  
15.95899028  
25.26574019  
30.59048268  
30.12330821  
24.91207166  
18.10375665  
13.25147197  
12.54959189  
15.83499797  
20.77390793  
24.0633068  
23.00835008  
16.70634406  
6.316003619  
-5.63082152  
-16.45527713  
-24.45556684  
-29.40041863  
-32.22789984  
-34.20216154  
-36.03619582  
-37.46449016  
-37.47412634  
-35.03381743  
-29.89234272  
-22.98694253  
-16.21475538  
-11.65974391  
-10.65422035  
-13.1439194  
-17.67643587  
-22.026513  
-24.16436489  
-23.11512214  
-19.32118053  
-14.36298103  
-10.19343513  
-8.251721206  
-8.85169085  
-11.08915472  
-13.26636581  
-13.61259113  
-10.9824364  
-5.265323635  
2.605711906  
10.98581449  
18.0214509  
22.14056579  
22.40591127  
18.68870335  
11.67602401  
2.736804476  
-6.339950278  
-13.72214694  
-17.97967436  
-18.49341676  
-15.6816992  
-10.91643636  
-6.094911129  
-2.976335551  
-2.5171485  
-4.477009228  
-7.482821629  
-9.556214588  
-8.908638558  
-4.682001142  
2.672563942  
11.53257086  
19.69036728  
25.13229689  
26.68877191  
24.31608042  
18.95421766  
12.09420217  
5.289768877  
-0.1803074004  
-3.422969058  
-3.88711284  
-1.316651212  
4.183431704  
11.97583675  
20.75379537  
28.6263167  
33.53440512  
33.92802597  
29.44935759  
21.28780799  
11.96079888  
4.5099923  
1.38026227  
3.431661443  
9.519916061  
16.85988342  
22.05228913  
22.36118085  
16.71824911  
6.055102269  
-7.131696078  
-19.74365718  
-29.12415804  
-33.75068279  
-33.35960316  
-28.58830701  
-20.44282932  
-9.933746265  
1.941010998  
13.94875926  
24.39657911  
31.23569378  
32.61942701  
27.74191565  
17.54352815  
4.832435391  
-6.410465908  
-12.39041882  
-11.0019595  
-2.804514916  
9.03558639  
19.91163547  
25.61790821  
24.08929634  
16.26219253  
5.642016346  
-3.265045032  
-6.977322872  
-4.617381704  
1.67102138  
7.667555738  
8.964900055  
2.957701616  
-9.95907189  
-26.51077624  
-41.91344917  
-51.86528462  
-54.26790775  
-49.93214248  
-42.00251074  
-34.41789255  
-30.14304031  
-29.97177954  
-32.40136103  
-34.56439585  
-33.72377141  
-28.60879459  
-19.98668609  
-10.25152362  
-2.276459902  
1.902693855  
1.964130122  
-0.6316482562  
-3.359737954  
-3.763312804  
-0.4768916984  
6.286281037  
14.93140436  
23.19975355  
29.0424201  
31.27567496  
29.80193048  
25.40836089  
19.33395172  
12.84576204  
6.987460626  
2.520367343  
-0.0379755497  
-0.400407676  
1.421085238  
5.010300715  
9.519994952  
13.81968316  
16.81894305  
17.84684406  
16.90225963  
14.62531859  
11.97045319  
9.720587548  
8.083190842  
6.588398177  
