55.04205907  
60.03206188  
55.89175104  
46.71170559  
37.51526315  
31.81188538  
30.09817308  
29.93948022  
27.47948204  
19.56510422  
5.443701509  
-12.73132423  
-30.73621632  
-43.97464454  
-49.21513749  
-45.62371528  
-34.76054223  
-19.72004063  
-3.939338197  
9.764675776  
19.61443576  
24.78294921  
25.0855829  
20.76522382  
12.50592618  
1.565003105  
-10.22680879  
-20.78728808  
-28.39491016  
-32.3158288  
-33.07436955  
-32.12868005  
-31.02397851  
-30.41821475  
-29.51482619  
-26.29281089  
-18.53923119  
-5.251371511  
12.28478312  
30.36040829  
43.87488747  
48.2056607  
41.1545679  
24.10680771  
1.834226959  
-19.05704738  
-32.44979748  
-34.89056743  
-26.75893796  
-11.99911329  
3.430504065  
13.74171372  
15.2914684  
7.66024504  
-6.449412866  
-22.31981399  
-34.83678713  
-40.04293064  
-36.18103794  
-24.02698684  
-6.543510323  
11.96868663  
26.99082491  
34.94153851  
34.13132145  
25.28238163  
11.4207963  
-2.927996868  
-13.09845468  
-15.8211743  
-10.41003221  
0.8830973668  
13.56660197  
22.47570721  
23.64775263  
15.77717879  
0.6622137817  
-17.53661887  
-33.90373828  
-44.55277459  
-47.84374417  
-44.57220778  
-37.15718099  
-28.30851853  
-19.85719731  
-12.28873327  
-5.114966259  
2.233674184  
9.57766525  
15.74201041  
19.06953751  
18.42351539  
14.10648878  
8.132007655  
3.606555994  
3.449730803  
9.051736407  
19.53851328  
32.04056164  
42.87459503  
49.09463334  
49.68219913  
45.82133012  
40.15500766  
35.41639498  
33.12108271  
32.95166791  
33.09722118  
31.32397233  
26.19703376  
17.825562  
7.777450938  
-1.746115501  
-9.009198223  
-13.5260929  
-16.13923431  
-18.38882992  
-21.54963174  
-25.87372614  
-30.44706874  
-33.7211475  
-34.41071632  
-32.25398205  
-28.21316418  
-24.00247808  
-21.19697639  
-20.40095077  
-20.92214789  
-21.1283165  
-19.30340193  
-14.56505394  
-7.38120128  
0.5591761021  
7.036304714  
10.19533005  
9.222538492  
4.528617321  
-2.5591592  
-10.35270913  
-17.28953108  
-22.14724801  
-24.00670301  
-22.1636965  
-16.21079391  
-6.357121545  
6.179705217  
19.03061752  
29.0612209  
33.31646654  
30.21625327  
20.45834421  
7.108714439  
-5.327297551  
-12.58461033  
-12.39394623  
-5.52080615  
4.446038236  
12.5493424  
14.5787504  
8.930736745  
-2.620905159  
-15.60437961  
-24.68996392  
-25.87981764  
-18.08892795  
-3.452470292  
13.71301547  
28.76161333  
38.51546991  
42.22258792  
41.33310471  
38.32648237  
35.24756315  
32.68909344  
29.67848748  
24.44507571  
15.60981212  
3.163773462  
-11.24987893  
-24.85971978  
-34.80538167  
-39.18056901  
-37.61489926  
-31.20010517  
-21.89539374  
-11.76623865  
-2.418240564  
5.191064458  
10.62076947  
13.71652593  
14.49633796  
13.22044579  
10.52798689  
7.432050415  
5.032603108  
3.99926458  
4.077904554  
3.946977667  
1.628369019  
-4.619497596  
-15.2880062  
-28.98702724  
-42.59066532  
-52.22577769  
-54.76441912  
-49.19941659  
-37.27444675  
-23.02568841  
-11.35459026  
-6.178859147  
-8.905651916  
-17.84713672  
-28.80935279  
-36.60928745  
-36.91873671  
-27.74281363  
-10.03124783  
12.71287877  
35.59045174  
53.76622372  
63.74824759  
64.15664333  
55.87143345  
41.63773691  
25.30118316  
10.86367527  
1.534989805  
-1.04839014  
2.74409051  
10.61633344  
19.00763137  
24.23076405  
23.76682745  
17.25801053  
6.765749641  
-3.904681182  
-10.64095396  
-10.69515385  
-3.89710231  
7.152132006  
18.06593551  
24.48372725  
23.95923879  
17.09529703  
7.383880495  
-0.236973795  
-1.525161972  
5.14230262  
17.91589676  
32.09107705  
41.96153041  
43.13037412  
34.29809196  
17.77191867  
-1.504672993  
-17.9687416  
-27.63152664  
-29.52820442  
-25.84954654  
-20.75978941  
-18.46038497  
-21.35131802  
-29.05839998  
-38.69352765  
-46.17787164  
-48.0253698  
-42.82491226  
-31.82579119  
-18.42984026  
-6.845840139  
-0.4820229702  
-0.720500982  
-6.528481908  
-15.00772115  
-22.6159231  
-26.55269838  
-25.77084861  
-21.24530531  
-15.43261981  
-11.16339191  
-10.41606168  
-13.45341505  
-18.65491879  
-23.10999616  
-23.74489177  
-18.55241048  
-7.450883682  
7.562075297  
23.02684813  
35.18082161  
41.2215298  
40.20306093  
33.24652652  
23.02310898  
12.75398284  
5.144002286  
1.656616065  
2.353555536  
6.259028194  
11.98462315  
18.27654601  
24.24420189  
29.24365185  
32.60014924  
33.44694997  
30.87968888  
24.41679418  
14.53302019  
2.922975884  
-7.766162981  
-14.74654383  
-16.16335431  
-11.95759501  
-4.076685347  
4.150997876  
9.283341248  
9.162555364  
3.835408281  
-4.428594262  
-12.05413851  
-15.62652913  
-13.27283209  
-5.36504245  
5.732132124  
16.70886046  
24.64203291  
28.00237302  
26.92334687  
22.7029643  
16.88675734  
10.46093192  
3.583361403  
-4.04420633  
-12.4298422  
-20.66021475  
-26.82416388  
-28.63355449  
-24.49248508  
-14.48622229  
-0.7466298192  
13.07798243  
23.09296907  
26.63680266  
23.30883801  
15.06974994  
5.357180029  
-2.389584115  
-6.134874955  
-5.96331653  
-3.8210271  
-2.448875702  
-4.037606391  
-9.233085811  
-16.92073615  
-24.8288328  
-30.60660719  
-32.8394566  
-31.53963396  
-27.94299154  
-23.78978553  
-20.49647881  
-18.62962261  
-17.88893279  
-17.51929846  
-16.85399245  
-15.65920397  
-14.10454031  
-12.42921392  
-10.56540118  
-8.007397874  
-4.063825052  
1.615441523  
8.542481491  
15.25925462  
19.73999469  
20.21533139  
16.05442864  
8.260215497  
-0.7219373385  
-7.870069042  
-10.78373414  
-8.688806912  
-2.781975212  
4.268021419  
9.46875383  
10.81195792  
8.173649728  
3.415417703  
-0.3581210979  
-0.07419662062  
6.023748684  
17.58707823  
32.15097983  
45.86994781  
54.69936064  
55.60320843  
47.41752188  
31.16411312  
9.799104001  
-12.48043973  
-31.18768005  
-42.5648601  
-44.48806583  
-37.07367094  
-22.80634375  
-6.060401499  
7.978787043  
14.78163236  
11.91546316  
-0.04758582812  
-17.56266398  
-35.19037272  
-47.42023298  
-50.59753801  
-44.20160743  
-30.93021941  
-15.51028182  
-2.69323954  
4.733027706  
7.05800992  
7.385448859  
10.08469448  
18.62341028  
33.74090757  
52.79141349  
70.58223199  
81.37416571  
81.19820974  
69.50147681  
49.4307319  
26.65431819  
7.241942  
-4.506206037  
-7.42121882  
-3.553215556  
2.918274038  
7.39099985  
6.434387038  
-1.291467208  
-14.97066638  
-32.21201198  
-49.86119154  
-64.68099561  
-73.76720092  
-74.8104805  
-66.41363745  
-48.56507678  
-23.13236299  
5.962675373  
33.23201075  
52.87715307  
60.52394442  
54.80690201  
38.09045115  
15.88127597  
-4.982471154  
-18.71865339  
-22.60584365  
-17.75524964  
-8.311981256  
0.5601735175  
5.005458592  
4.067948008  
-0.1529901948  
-3.808988919  
-3.409528988  
2.300322153  
11.59372968  
20.49163496  
24.5964853  
21.13614955  
10.24521552  
-5.09398288  
-20.36612106  
-31.41398031  
-35.99169714  
-34.29572102  
-28.34675005  
-20.68298295  
-13.13288262  
-6.313908055  
-0.03363463541  
5.781098139  
10.31804118  
11.87076646  
8.714944114  
0.4204160163  
-11.20474602  
-22.25120463  
-28.11083109  
-25.62439791  
-14.94531293  
-0.0805856278  
12.38310828  
15.99418459  
7.448099046  
-11.51383331  
-34.32142777  
-51.98241636  
-56.72894672  
-45.32614193  
-20.55545322  
9.825335482  
36.21000423  
50.9799581  
51.35984846  
40.07798901  
23.64808258  
9.180793974  
1.268783877  
0.3734683294  
3.349356385  
5.676555389  
4.158571311  
-1.324523311  
-7.874823133  
-11.35035185  
-8.86500695  
-0.6566716525  
9.702915248  
16.92323059  
16.6549714  
7.859675582  
-6.329852811  
-19.74787012  
-25.84434632  
-20.61264484  
-4.423216423  
18.08824376  
40.00529549  
