36.19305211  
27.03129053  
15.57769377  
3.628765056  
-7.017471573  
-14.77171527  
-18.5880787  
-18.33158882  
-14.96519785  
-10.34892189  
-6.603323786  
-5.23163916  
-6.385399242  
-8.673849412  
-9.713688724  
-7.269964143  
-0.5140814076  
9.205841065  
18.53042018  
23.24190159  
19.99046581  
7.867243669  
-10.89814345  
-31.49823208  
-48.20920249  
-56.50182398  
-54.72776717  
-44.66801789  
-30.71018973  
-18.00642246  
-10.39591336  
-8.960756213  
-11.79208236  
-15.01186166  
-14.56354769  
-7.98724017  
4.554166705  
20.3714388  
35.35158276  
45.54804285  
48.59039397  
44.3868095  
34.932222  
23.40677357  
12.99344637  
5.879123194  
2.752396635  
2.870890712  
4.558293738  
5.884521248  
5.292789515  
2.022605918  
-3.726578353  
-10.88054497  
-17.78489737  
-22.65353174  
-24.08658626  
-21.53371755  
-15.55126167  
-7.72806519  
-0.2487583727  
4.797215068  
6.126598865  
3.718425229  
-1.182982564  
-6.538410615  
-10.27782278  
-11.04890066  
-8.648770576  
-3.982984123  
1.391308993  
5.902924695  
8.495258784  
8.843013973  
7.233670775  
4.259076594  
0.5323681429  
-3.416000328  
-7.059135071  
-9.7474956  
-10.71513185  
-9.309976557  
-5.372149553  
0.4608334871  
6.764860745  
11.76309172  
14.0567765  
13.32073568  
10.581762  
7.857398766  
7.242138757  
9.836500676  
15.05176692  
20.69572967  
23.88801585  
22.43379934  
16.01338758  
6.577315971  
-2.318780959  
-6.999913901  
-5.317491165  
2.324537525  
13.08116741  
22.90358377  
28.34204425  
28.06213636  
23.34022631  
17.288358  
13.18063261  
12.70564569  
15.02443685  
17.13173147  
15.37932272  
7.436575496  
-6.278133791  
-22.43045539  
-36.00821166  
-42.43010933  
-39.56331071  
-28.71732762  
-14.1533328  
-1.33452051  
5.285180669  
3.950473963  
-3.935629156  
-14.69648518  
-24.11045242  
-29.14045016  
-28.89940779  
-24.52237777  
-18.17300468  
-11.80569541  
-6.351038088  
-1.688127605  
2.701667846  
6.88518606  
10.00636013  
10.52767573  
7.088700862  
-0.494125303  
-10.68221056  
-20.51054222  
-26.67713973  
-26.94966842  
-21.21308049  
-11.62441199  
-1.757915395  
4.89043271  
6.357200646  
2.959817063  
-2.991117062  
-8.356752216  
-10.65126493  
-9.151827874  
-5.14842061  
-1.261713046  
-0.1833200379  
-3.429829604  
-10.65186832  
-19.75030855  
-27.67934617  
-31.54063914  
-29.50937169  
-21.27981345  
-7.974097803  
8.317667785  
25.10566456  
39.9724099  
50.88151745  
56.37528974  
55.74395698  
49.18751817  
37.89780766  
23.94204935  
9.879266398  
-1.833159488  
-9.45542431  
-12.367242  
-11.09266334  
-6.951456029  
-1.512935543  
3.88982131  
8.385613421  
11.49559673  
12.91265901  
12.35707131  
9.669812839  
5.123262873  
-0.262138933  
-4.68294875  
-5.982593152  
-2.480896962  
6.128679966  
18.27355262  
30.74223675  
39.70635212  
42.17342344  
37.25829158  
26.6743769  
14.15544127  
3.993061856  
-0.7063019259  
0.7138817503  
6.236642771  
12.08885483  
14.38357951  
10.74963281  
1.234523623  
-11.87675933  
-25.1736881  
-35.59248195  
-41.55320296  
-43.28190966  
-42.27107197  
-40.25666487  
-38.2916626  
-36.38484515  
-33.82397661  
-29.91237471  
-24.63051251  
-18.80253505  
-13.65835899  
-10.05577644  
-7.851369943  
-5.850611255  
-2.449590897  
3.327321756  
10.96192913  
18.28903859  
22.26414563  
20.37925903  
12.07478718  
-0.5777793999  
-13.35330188  
-21.40765287  
-21.24928039  
-12.28068359  
2.799732054  
18.95041088  
30.70571975  
34.24478221  
28.74140437  
16.46617418  
1.679211203  
-11.12807646  
-18.84705678  
-20.56851892  
-17.37735517  
-11.39132623  
-4.624121147  
1.749655721  
7.438573608  
12.50588626  
16.69300524  
19.07016171  
18.27381605  
13.23296121  
3.987367019  
-7.882368312  
-19.51556247  
-27.68175704  
-29.968946  
-25.72634201  
-16.34273018  
-4.741671515  
5.677626319  
12.19908883  
13.5887614  
10.27373189  
3.933306093  
-3.230120161  
-9.197635618  
-12.57253393  
-12.69916698  
-9.578152021  
-3.750234186  
3.752837461  
11.42894922  
17.43689972  
19.96279406  
17.81280831  
11.04275024  
1.317679289  
-8.272047299  
-14.01763147  
-12.8222063  
-3.423231004  
12.89034875  
32.41319194  
50.04413849  
60.87510911  
61.79487189  
52.53209345  
35.76295993  
16.25047142  
-0.6756340783  
-10.77272848  
-12.13042445  
-5.632649272  
5.460157887  
16.62472646  
23.50606583  
23.22596235  
15.19632684  
1.227580857  
-15.07396447  
-29.43034819  
-38.20430566  
-39.50798578  
-33.76421258  
-23.53021699  
-12.6215717  
-4.810594159  
-2.537945865  
-6.094230345  
-13.57722746  
-21.6503427  
-26.82097021  
-26.74891214  
-21.07892689  
-11.48382969  
-0.9309033541  
7.495483104  
11.70785664  
11.21092401  
6.975389731  
0.7230644107  
-5.982166216  
-12.37831102  
-18.58381378  
-25.11295927  
-32.12526029  
-38.84697536  
-43.52002936  
-43.96692839  
-38.54294909  
-27.0350943  
-11.06746185  
6.214258322  
21.08360547  
30.42441729  
32.69391237  
28.29299008  
19.24834376  
8.401745281  
-1.5223515  
-8.60905567  
-12.01375016  
-11.82738268  
-8.746551076  
-3.772075304  
1.948664831  
7.179319037  
10.69659285  
11.55731552  
9.511554695  
5.374523229  
1.086958565  
-0.7292693455  
2.311147455  
11.26845144  
25.09267549  
40.57689257  
53.21772965  
58.75935696  
54.8538026  
42.14698642  
24.27695185  
6.694069194  
-5.293170261  
-8.493012916  
-3.03070965  
7.725552369  
18.49881975  
24.16681935  
21.72818646  
11.39254625  
-3.61384196  
-18.40568159  
-28.37344005  
-30.90250033  
-26.21053682  
-17.02851491  
-7.333549035  
-0.7077263376  
0.9938160704  
-1.839092437  
-7.002434923  
-11.59687416  
-13.31718378  
-11.37195345  
-6.692164441  
-1.409769462  
2.112481797  
2.259502239  
-1.253143137  
-7.394854683  
-14.37002794  
-20.41805674  
-24.49556098  
-26.55059291  
-27.29676639  
-27.62452363  
-27.94885803  
-27.8214545  
-26.01722283  
-21.09154488  
-12.18324126  
0.2948708793  
14.42006664  
27.15376546  
35.28340729  
36.58640361  
30.76304679  
19.73870049  
7.158640799  
-2.787993777  
-6.802197141  
-3.630300655  
5.506905666  
17.38372821  
27.95876465  
33.81981079  
33.32519436  
27.01641411  
17.18643419  
6.83747717  
-1.499450806  
-6.585103673  
-8.629520122  
-8.801672106  
-8.402580721  
-8.145060163  
-7.897705594  
-6.99039702  
-4.876609895  
-1.756402189  
1.223357453  
2.356637834  
0.2071759574  
-5.522029065  
-13.54041079  
-21.2340607  
-25.60693905  
-24.52908529  
-17.74732916  
-7.184456939  
3.652034093  
10.94414268  
12.01002362  
6.331050579  
-4.254647987  
-16.25319237  
-25.80086576  
-30.00345906  
-27.81255461  
-20.15378728  
-9.353048424  
1.818449594  
11.05500892  
17.05250324  
19.56269983  
19.08961654  
16.47794319  
12.61825341  
8.355247843  
4.525857998  
1.970498658  
1.397131463  
3.105238445  
6.71281232  
11.0836818  
14.58300091  
15.62414407  
13.29829267  
7.797458408  
0.4070035237  
-6.966493573  
-12.54232718  
-15.35494251  
-15.56722111  
-14.26278997  
-12.82151402  
-12.18477115  
-12.3713101  
-12.48088056  
-11.1822341  
-7.444006527  
-1.149206796  
6.706314219  
14.32620661  
19.78704784  
21.75983629  
19.96270513  
15.17684887  
8.875182014  
2.684473582  
-2.058818335  
-4.499910121  
-4.220423168  
-1.113043113  
4.642699985  
12.4316494  
20.9795119  
28.28046416  
31.88946201  
29.6265536  
20.49521364  
5.421712415  
-12.59696893  
-29.15479723  
-39.78325798  
-41.52099494  
-34.08232889  
-20.10534159  
-4.31105718  
8.147529759  
13.51958558  
10.75884796  
1.794987733  
-9.301102515  
-17.88703739  
-20.41144585  
-15.53769365  
-4.369833785  
10.18445209  
24.54673993  
35.5975954  
41.40599375  
41.41389279  
