1.475590662  
2.187388865  
2.656696408  
1.513249437  
-2.113069755  
-7.967307507  
-14.55512933  
-19.66207824  
-21.29941272  
-18.63471377  
-12.45238419  
-4.908351681  
1.316012082  
4.069036955  
2.513803807  
-2.684135513  
-9.787960251  
-16.76507555  
-21.99915091  
-24.62147768  
-24.39693362  
-21.36474299  
-15.55927411  
-7.050874925  
3.69651661  
15.40931642  
25.89527633  
32.48632242  
32.97715859  
26.68136461  
15.06902678  
1.566544734  
-9.538245324  
-14.70249319  
-12.56663773  
-4.559592714  
5.654277668  
13.69046966  
16.27274668  
12.56264479  
4.395414644  
-4.670815193  
-11.03683338  
-12.68543738  
-9.999258232  
-5.422702368  
-2.173240093  
-2.650053593  
-7.307934408  
-14.50874064  
-21.36883669  
-25.13767005  
-24.40942636  
-19.59281489  
-12.4695544  
-5.143120545  
1.025557166  
5.927752874  
10.42176062  
15.45972341  
21.16039295  
26.39465535  
29.1711965  
27.66552038  
21.36182646  
11.67624264  
1.662421486  
-5.144422579  
-6.241310143  
-1.315368592  
7.527491574  
16.60682535  
22.21980593  
22.19694114  
16.75518868  
8.276808596  
0.1499746538  
-4.761620573  
-5.302930229  
-2.345431424  
1.845240213  
4.819995977  
5.111361254  
2.79500077  
-0.7738216713  
-3.842794513  
-5.25865111  
-5.043965496  
-4.270520936  
-4.330485922  
-6.026607423  
-8.992768069  
-11.77595455  
-12.5573953  
-10.14982863  
-4.753969601  
1.931596261  
7.33591657  
9.102274505  
6.134085722  
-0.8854164483  
-9.736901088  
-17.55512725  
-21.96146959  
-21.94508704  
-18.13947082  
-12.42945028  
-7.116416454  
-4.030340518  
-3.947377659  
-6.487906477  
-10.43894356  
-14.28191732  
-16.67806923  
-16.75673569  
-14.19339238  
-9.166574161  
-2.294972186  
5.410770147  
12.63191419  
17.94432135  
20.17080768  
18.80268794  
14.30933924  
8.141119303  
2.33286254  
-1.201313133  
-1.41900147  
1.384350159  
5.633944924  
9.07943748  
9.715086968  
6.628157431  
0.4032691298  
-7.099202194  
-13.49289924  
-16.80993916  
-16.22670862  
-12.27187037  
-6.466964827  
-0.6118956224  
3.926402488  
6.600225223  
7.613780938  
7.517087048  
6.742765643  
5.370911374  
3.251409508  
0.3857056378  
-2.700825836  
-4.881428857  
-4.776748342  
-1.414965498  
5.118629828  
13.41358392  
21.0686283  
25.56342995  
25.31894436  
20.46245701  
12.9078368  
5.654631086  
1.570553917  
2.179128096  
6.998374012  
13.74570005  
19.33784118  
21.24904898  
18.61842166  
12.60197209  
5.80414994  
1.043045816  
0.01050512357  
2.440851365  
6.173842261  
8.093255292  
5.525938093  
-2.521378714  
-14.83646211  
-28.41663335  
-39.63621199  
-45.65154295  
-45.43820035  
-40.03522889  
-31.93343754  
-23.92144506  
-17.92397439  
-14.33912828  
-12.1278622  
-9.554595446  
-5.188579103  
1.319079579  
9.033822813  
16.17294731  
20.93616291  
22.31662482  
20.50943841  
16.74811693  
12.68351974  
9.63503595  
8.086892619  
7.659168768  
7.528971125  
7.043797194  
6.173593825  
5.540268343  
5.995299079  
7.969663625  
10.96404578  
13.50073047  
13.63786774  
9.855785757  
1.908719407  
-8.791351796  
-19.5039692  
-27.12396895  
-29.39301639  
-25.82915189  
-17.94529671  
-8.634800049  
-0.9778868726  
3.006677459  
3.107795155  
0.8348123755  
-1.450384669  
-1.765700219  
0.4820752507  
4.193532208  
7.126006483  
7.03525634  
2.862120921  
-4.611384495  
-12.9651831  
-19.12683395  
-20.6919729  
-16.97208029  
-9.290016111  
-0.3975778591  
6.701963083  
9.975878844  
9.07709054  
5.262893542  
0.6186409206  
-2.986283497  
-4.680723214  
-4.749648433  
-4.149606726  
-3.705128895  
-3.471809259  
-2.648978685  
-0.1125593004  
4.720161664  
11.19455714  
17.33955004  
20.55061955  
18.77624063  
11.65016928  
0.9809435309  
-9.72190989  
-16.5567898  
-16.83146334  
-10.24090844  
0.9326336473  
12.72083465  
21.09482193  
23.60402332  
20.30939476  
13.61463279  
7.100058661  
3.907476356  
5.405891655  
10.71011892  
17.21291906  
21.82781806  
22.34281414  
18.28322933  
10.95598048  
2.748367969  
-3.918841424  
-7.480688481  
-7.604265362  
-4.995342404  
-0.8617489167  
3.617651099  
7.553537381  
10.29262394  
11.22289686  
9.692345027  
5.197736735  
-2.214911122  
-11.5913432  
-21.05120336  
-28.26310956  
-31.29179416  
-29.44890418  
-23.70678654  
-16.40013165  
-10.27965263  
-7.325213032  
-7.888535466  
-10.6129122  
-13.21084851  
-13.74292078  
-11.75662728  
-8.670996323  
-7.140279729  
-9.639902505  
-16.9415201  
-27.25937698  
-36.58105634  
-40.15200453  
-34.5192797  
-19.22844492  
2.628002135  
25.32745122  
42.56776168  
49.80847063  
45.92285093  
33.48366713  
17.60510406  
3.881502733  
-3.679631358  
-3.889853278  
1.640309619  
9.614798855  
16.64561026  
20.57872723  
21.02586654  
19.01385163  
16.08886559  
13.41903999  
11.34822882  
9.542364554  
7.523743965  
5.194021597  
2.997666964  
1.628078881  
