55.43225199  
55.27067612  
43.21608207  
23.03572317  
0.4613874097  
-18.98356613  
-31.78514539  
-37.20711945  
-36.86514066  
-33.46340283  
-29.3617518  
-25.62935805  
-21.93872706  
-17.22421945  
-10.67493271  
-2.510840693  
5.863406237  
12.40230407  
15.39004336  
14.35979935  
10.50918895  
6.388218394  
4.961144991  
8.415668836  
17.19964314  
29.67107394  
42.50428558  
51.70915325  
53.90677062  
47.4329433  
32.92067998  
13.19821942  
-7.446326447  
-24.40587384  
-33.97748372  
-34.3391138  
-26.02508424  
-11.77352572  
4.222501267  
17.47090618  
24.42945954  
23.4837421  
15.34338821  
2.709455071  
-10.70012149  
-21.44672712  
-27.53049704  
-28.9799201  
-27.63746409  
-26.21648593  
-27.00471572  
-30.74912976  
-36.20054271  
-40.53196772  
-40.47991934  
-33.74641535  
-20.0813169  
-1.593671094  
17.83648142  
33.80241697  
42.76968927  
43.09688293  
35.34206455  
21.84222917  
5.844703012  
-9.403585584  
-21.28368226  
-28.04766293  
-28.80526698  
-23.48711934  
-12.94167216  
0.876329452  
14.86149102  
25.13783713  
27.98336913  
21.11108326  
4.826240329  
-17.52124068  
-40.17829892  
-56.67862112  
-62.04009245  
-54.61817971  
-36.8136153  
-14.25980705  
6.248948843  
19.26849708  
22.62019426  
17.9220446  
9.555203553  
2.579566435  
0.5659002939  
4.30995325  
11.93692858  
20.21796363  
26.34184104  
29.20320027  
29.56951115  
29.11800777  
28.96149382  
28.57601003  
25.83864038  
18.27250511  
4.891521824  
-12.38483263  
-28.66692947  
-37.67889745  
-34.44195622  
-17.85971373  
8.091973755  
35.32449332  
54.537248  
58.91578571  
47.03038794  
23.61100208  
-2.225102158  
-20.59085743  
-24.75866885  
-13.72279129  
7.66977324  
30.99755736  
47.87112126  
53.2472193  
47.04228515  
33.48034824  
18.6666735  
7.646438128  
2.340035007  
1.216407235  
0.6661803356  
-2.775899257  
-10.54326225  
-21.39312844  
-32.20524656  
-39.67212633  
-41.91980178  
-39.22300914  
-33.53706606  
-27.23827879  
-21.87364879  
-17.65579533  
-13.94939674  
-10.37096645  
-7.725919393  
-8.072589859  
-13.70956367  
-25.55459332  
-41.83848617  
-57.99414271  
-68.06448635  
-67.14792068  
-53.77178754  
-30.98459594  
-5.486841249  
14.95768287  
24.72093398  
22.64880481  
12.41704872  
0.7035010299  
-5.977036405  
-4.271621  
4.610848477  
15.75266925  
23.17942737  
22.96901139  
15.25455409  
4.12102802  
-4.535342436  
-6.080599936  
0.435491073  
11.76640113  
22.14813001  
26.32399911  
22.36124126  
12.78486124  
3.394734767  
0.3119720446  
6.72592342  
21.00497252  
37.18314281  
47.65869131  
46.82377752  
33.85404482  
13.27453722  
-6.997260698  
-19.19362609  
-19.10908664  
-7.746107754  
9.551288925  
25.9616975  
36.54404463  
40.36390061  
40.32455115  
40.8483876  
44.69392546  
50.67846434  
53.64448685  
46.86447488  
25.78949039  
-8.732187204  
-49.50172585  
-84.99860148  
-103.6909806  
-98.79197304  
-71.33177727  
-30.11673695  
11.47860642  
40.53294962  
49.27732079  
37.52808427  
11.96863629  
-17.19580328  
-40.58231452  
-53.04057361  
-54.78254868  
-50.03485246  
-44.15690892  
-40.76477855  
-40.2164668  
-40.00274399  
-36.59563561  
-27.63378912  
-13.27747391  
3.885654589  
20.18720538  
32.63968155  
40.13080612  
43.46207078  
44.33147841  
43.95350419  
42.18650614  
37.71323348  
29.1843055  
16.64408005  
2.344808084  
-9.657267703  
-15.08482489  
-11.50072249  
0.1783651651  
15.54603672  
28.14800329  
31.9450036  
23.73571441  
4.47675237  
-21.06245555  
-46.11719231  
-64.38389605  
-72.05650209  
-68.66101116  
-56.52232161  
-39.33066343  
-20.61472027  
-2.831867205  
12.65849954  
25.00105935  
33.21432048  
36.05965791  
32.57332766  
22.95542542  
9.219169672  
-4.93387428  
-15.15363417  
-18.02443926  
-12.46961693  
-0.273005315  
14.59325929  
27.56744254  
35.29187975  
36.766285  
33.34432164  
27.64228343  
21.97996441  
17.20207455  
12.51131796  
6.386926399  
-1.944718792  
-11.3572042  
-18.73285151  
-20.13837801  
-12.78509414  
3.189077294  
24.0902968  
43.67380071  
55.48904995  
55.58479661  
44.3418278  
26.52780653  
9.441921729  
-0.1153529285  
1.246942666  
11.99478293  
26.22990701  
36.10488644  
35.06602737  
20.55395598  
-4.948446412  
-34.89901995  
-61.22454  
-77.29733272  
-80.15744114  
-71.18763808  
-55.15451391  
-38.19474978  
-25.663759  
-20.66372214  
-23.63322171  
-32.85932861  
-45.42364031  
-58.05929282  
-67.63873144  
-71.35466469  
-66.882375  
-52.78987319  
-29.21319611  
1.501562611  
34.66150113  
63.96545773  
83.11772071  
87.85356432  
77.59261054  
55.95562203  
29.77012563  
6.809428922  
-6.919122209  
-9.265189175  
-2.536549668  
7.66678454  
14.92548597  
14.7614822  
6.534890942  
-6.313682759  
-17.76651287  
-21.83235939  
-15.14830841  
1.504477197  
23.38084986  
43.53841928  
