19.14039336  
19.71835735  
16.1060608  
8.283655252  
-3.006937231  
-16.32183229  
-29.61365291  
-40.45694534  
-46.47385035  
-45.93434765  
-38.37491564  
-24.99251595  
-8.590671632  
7.010330125  
17.98283204  
21.6206682  
17.20573802  
6.296615504  
-7.685414566  
-20.45280764  
-28.11064576  
-28.27514234  
-20.71089889  
-7.31963127  
8.471716205  
22.698553  
31.91204866  
34.00942948  
28.65388097  
17.23145395  
2.413818053  
-12.52581499  
-24.46781247  
-31.10886477  
-31.40616103  
-25.72828896  
-15.69484079  
-3.747230899  
7.450952267  
15.64364582  
19.48948616  
18.81837075  
14.5721188  
8.448650662  
2.353871523  
-2.177567314  
-4.419858485  
-4.619035313  
-3.828596097  
-3.464101888  
-4.713043168  
-7.99074788  
-12.63435186  
-16.96840007  
-18.76816282  
-16.01464077  
-7.718369491  
5.472023749  
21.13235979  
35.52810495  
44.61825088  
45.32800534  
36.67926118  
20.35829492  
0.447252902  
-17.6822135  
-29.00675036  
-30.48675358  
-22.11668595  
-6.977447348  
9.779574573  
22.69202477  
27.87004673  
24.31308105  
14.16363756  
1.798046478  
-7.899577468  
-11.41343502  
-7.895424994  
0.6102072709  
10.0843197  
16.20295618  
16.07363529  
9.338579137  
-1.780390899  
-13.47465649  
-21.93073722  
-24.82307589  
-22.10223961  
-15.78632512  
-8.902327774  
-4.086211899  
-2.477673114  
-3.387708176  
-4.848823971  
-4.749628764  
-1.991112274  
2.897547386  
7.983797054  
10.89390211  
10.05242697  
5.594045947  
-0.518290408  
-5.273244063  
-5.96970347  
-1.546518529  
6.742026383  
15.66093261  
21.25241904  
20.51021938  
12.75496275  
0.0981871639  
-13.24318081  
-22.53261657  
-24.36266653  
-18.00904845  
-5.734397486  
8.078305364  
18.59972872  
22.35071204  
18.4060614  
8.558989859  
-3.558610543  
-13.98219021  
-19.90420293  
-20.56039751  
-17.22112871  
-12.38831546  
-8.613030322  
-7.458000623  
-9.005704405  
-12.03454401  
-14.69102828  
-15.30700564  
-13.01106466  
-7.937046641  
-1.044040075  
6.277364185  
12.59864154  
16.71102929  
17.74244601  
15.22446362  
9.202989605  
0.4010871152  
-9.671184241  
-18.82197275  
-24.60739176  
-25.04264686  
-19.37138921  
-8.565222605  
4.730337661  
16.89068772  
24.46175101  
25.35494016  
19.61628026  
9.441647813  
-1.593737826  
-9.80193165  
-12.65163986  
-9.554094369  
-1.891946914  
7.661330619  
16.2013762  
21.58070942  
22.95675904  
20.76667218  
16.25844659  
10.87404512  
5.780715366  
1.702947393  
-0.988653371  
-2.110187439  
-1.602386433  
0.3609751538  
3.189331002  
5.808479321  
6.86968067  
5.237551618  
0.5675510349  
-6.330170338  
-13.5954976  
-18.94191088  
-20.5796902  
-18.0278383  
-12.40249071  
-5.983352337  
-1.199456307  
0.5215002297  
-0.5122147523  
-2.331718431  
-2.220362001  
1.916142318  
10.35304865  
21.11514446  
30.57621766  
34.88611541  
31.62575494  
20.95982357  
5.75841755  
-9.392410067  
-19.88366997  
-22.76817969  
-17.74430655  
-7.072324543  
5.466260609  
16.05518925  
22.11867087  
22.89205126  
19.16853927  
12.49503392  
4.308438868  
-4.544771821  
-13.73307301  
-22.97034112  
-31.53127717  
-38.11890054  
-41.22512834  
-39.81681719  
-33.96257536  
-25.01517516  
-15.18543305  
-6.670621521  
-0.7557925892  
2.652210024  
4.80400114  
7.297174182  
11.08899594  
15.85499621  
20.05524301  
21.71039808  
19.51353129  
13.70491975  
6.227066015  
0.01885304621  
-2.263079482  
0.4929873865  
7.215234858  
14.96230719  
20.07506876  
19.6580784  
12.73402309  
0.577620961  
-13.87189269  
-27.19672728  
-36.71397769  
-41.18826406  
-40.8119362  
-36.60939819  
-29.69450718  
-20.83007533  
-10.50588978  
0.59660451  
11.14766225  
19.13962089  
22.46490004  
19.90642866  
12.03917055  
1.489043997  
-7.748621571  
-11.77261575  
-8.431900357  
1.591967683  
14.84949474  
26.41338467  
31.89850651  
29.34047254  
20.07822018  
8.206210013  
-1.197803516  
-4.298341423  
-0.1883948496  
8.724769275  
17.81130849  
22.29770322  
19.40025233  
9.564983403  
-3.718736881  
-15.41638461  
-21.06462196  
-18.56457149  
-8.895625152  
4.490589496  
17.2400603  
25.87422469  
28.98772102  
27.4056276  
23.35121655  
19.12094246  
15.93975982  
13.51727437  
10.44098688  
5.131382903  
-3.159601039  
-13.79638023  
-24.88455402  
-33.9615189  
-38.89246624  
-38.56585891  
-33.1384464  
-23.83187819  
-12.48721384  
-1.137175933  
8.248985695  
13.87436877  
14.23527678  
8.407522039  
-3.494377175  
-19.87543078  
-37.54743316  
-52.20301077  
-59.50102172  
-56.475252  
-42.74238116  
-20.96582399  
3.730969071  
25.29663398  
38.71527829  
41.66856431  
35.24757004  
23.42787822  
11.51331824  
4.163675605  
3.775040201  
9.814480347  
19.30475351  
28.18761103  
32.96707725  
31.97322986  
25.80014998  
16.84433254  
8.231565781  
2.620226232  
1.343842213  
4.146548182  
9.490174384  
15.19892352  
