38.78546663  
12.60241661  
-11.41997871  
-25.89162105  
-26.83260722  
-15.12304451  
3.894364424  
22.52440588  
33.71160528  
33.72054833  
23.43647074  
7.785625652  
-6.452471493  
-13.51463503  
-11.01658411  
-0.8531072199  
11.69450463  
20.22772744  
19.90604879  
9.423135945  
-8.495318496  
-28.21632417  
-43.424259  
-49.50645132  
-45.14887923  
-32.57169332  
-16.41865162  
-1.84804392  
7.362232296  
9.973405109  
7.357758586  
2.602704542  
-0.8761027725  
-0.6228938838  
4.11536323  
12.34218327  
21.82033966  
29.83513509  
33.92332444  
32.40948806  
24.73593878  
11.63740898  
-4.825433289  
-21.44833666  
-34.39930918  
-40.1128571  
-36.42010022  
-23.558874  
-4.601937712  
15.05370381  
29.16988905  
32.72969437  
23.84658832  
4.723825547  
-18.84696426  
-39.40396933  
-50.50181795  
-49.13905679  
-36.9312229  
-19.50287067  
-4.293310437  
2.358949565  
-2.333619641  
-16.62392497  
-35.0969092  
-50.97957627  
-58.87885047  
-56.77256942  
-46.4418211  
-32.25064724  
-18.92080846  
-9.37890551  
-3.673201949  
0.5824968186  
6.525725466  
16.00321994  
28.21295776  
39.73177844  
45.94907423  
43.23731181  
30.81953842  
11.42486411  
-9.609984772  
-26.40121158  
-34.79991456  
-33.85587379  
-25.81880543  
-14.73511765  
-4.36545935  
3.539592978  
9.764741663  
16.72468442  
26.62353974  
39.66118748  
53.27185331  
62.8885135  
63.96790146  
54.35257223  
35.81175494  
13.92280632  
-3.804209225  
-10.83415283  
-4.302997288  
13.70061875  
36.87815389  
57.20981312  
68.13206531  
67.03550778  
56.0170253  
40.6022058  
27.06151381  
19.56216162  
18.44673076  
20.3896579  
20.30343658  
14.05660112  
0.6947828181  
-16.90217886  
-33.25609242  
-42.85420059  
-42.84017491  
-34.55001324  
-23.12388071  
-15.3013975  
-16.35061867  
-27.50477724  
-45.09049959  
-61.807917  
-69.68374886  
-63.47804555  
-43.10723937  
-14.04212732  
14.5216299  
33.00893897  
35.00413097  
19.60658361  
-8.272476718  
-39.71710637  
-64.95442997  
-76.62082493  
-71.9671461  
-53.31788276  
-26.80355948  
-0.006783195989  
20.53181219  
31.09107364  
31.36323292  
23.89375867  
12.78538811  
2.240094247  
-4.577243288  
-6.111226052  
-2.437905844  
5.085932971  
14.33665997  
22.95322183  
28.82037941  
30.4886347  
27.50032501  
20.5494222  
11.38434741  
2.407588968  
-3.970828894  
-6.052149492  
-3.399071402  
2.994468902  
11.00019309  
18.03173539  
21.86599228  
21.32011735  
16.55565638  
8.929715249  
0.4834265259  
-6.721353826  
-11.17913274  
-12.26028313  
-10.22110741  
-5.968664691  
-0.7107426705  
4.376731642  
8.379832541  
10.75109126  
11.31133986  
10.18931256  
7.733635878  
4.419724295  
0.7675973758  
-2.713297663  
-5.539225948  
-7.229887299  
-7.278044123  
-5.163465467  
-0.4612665532  
6.944492725  
16.59893211  
27.28739089  
37.06032425  
43.56138867  
44.63067016  
39.01527646  
26.92466424  
10.17371368  
-8.217196614  
-24.889061  
-37.19562799  
-44.04557292  
-46.18785835  
-45.79190221  
-45.45615673  
-47.02631202  
-50.70975391  
-54.87970595  
-56.69734294  
-53.34491209  
-43.39192279  
-27.72681318  
-9.623186943  
6.171182038  
15.05098465  
14.30543078  
4.340621446  
-11.1375715  
-26.133959  
-34.28763635  
-31.07631236  
-15.5292341  
9.190337319  
36.60167297  
58.90753046  
69.53605046  
65.36247235  
47.83081681  
22.5569841  
-2.480142692  
-19.55266212  
-23.70177908  
-14.28584093  
4.968231555  
27.39555287  
45.75570707  
54.65297869  
52.15218355  
40.06583261  
22.9171076  
6.082076985  
-6.112390572  
-11.61622682  
-10.83803401  
-5.881536403  
0.6776732026  
6.858235051  
11.72890635  
15.16452604  
17.18765778  
17.38005994  
14.77764828  
8.362495925  
-2.101055388  
-15.37928427  
-28.70235981  
-38.50492743  
-41.74931761  
-37.27126646  
-26.50910948  
-13.20635145  
-2.121952683  
2.761304396  
-0.2073032708  
-9.686277261  
-21.85907261  
-31.90748439  
-35.82028481  
-31.79736532  
-20.71997664  
-5.582580063  
9.776356628  
22.05327266  
29.4090289  
31.66660681  
29.86230229  
25.50786591  
19.97752364  
14.27277563  
9.148114153  
5.363182901  
3.775991568  
5.127261341  
9.599067257  
16.41959103  
23.81441795  
29.44925437  
31.24745922  
28.2413659  
21.0537808  
11.74971857  
3.0817483  
-2.562872157  
-4.062170283  
-1.924364154  
2.018212053  
5.421820343  
6.376012162  
4.080140923  
-0.9912634252  
-7.428289279  
-13.51112548  
-17.82187031  
-19.61500641  
-18.88106742  
-16.19094873  
-12.47009905  
-8.808854055  
-6.314897024  
-5.941844312  
-8.238063535  
-13.05118283  
-19.33062442  
-25.20700977  
-28.44535983  
-27.18907397  
-20.72795063  
-9.944701289  
2.812342901  
14.44051703  
22.11236361  
24.18841565  
20.61814209  
12.67584224  
2.206120426  
-9.201443019  
-20.66537361  
-31.8680382  
-42.44231123  
-51.31399419  
-56.49337684  
-55.5927865  
-46.93998484  
-30.77270224  
-9.850586274  
10.98189541  
26.27596643  
31.96873645  
27.03464954  
14.02510756  
-1.819359922  
-14.5632161  
-19.84214714  
-16.42897828  
-6.44212198  
5.839421196  
15.95891847  
21.12917013  
21.127174  
17.91906377  
14.32985723  
12.51200974  
13.00467782  
14.80349831  
16.2894674  
16.40252282  
15.33751484  
14.34303855  
14.74561927  
16.80323555  
19.13604459  
19.19461693  
14.64375199  
4.975042816  
-7.568914338  
-18.41742041  
-22.44863968  
-16.40284622  
-0.788968174  
19.73438819  
37.87072722  
46.5694653  
42.05877367  
25.64868154  
3.415217976  
-16.19133905  
-25.82379968  
-22.29365116  
-7.859455066  
10.82076297  
25.60634767  
30.37107543  
23.55552045  
8.696091462  
-7.235589355  
-16.89587353  
-15.67818403  
-3.561159557  
14.99835661  
32.95537267  
43.45144124  
42.2987068  
29.2445986  
7.693303451  
-16.78315153  
-38.3963728  
-52.77836035  
-57.82540346  
-53.70381903  
-42.30375733  
-26.53083086  
-9.701302456  
4.912124475  
14.49061913  
17.14018881  
12.38609353  
1.490934625  
-12.65670942  
-26.2138674  
-35.48931175  
-38.10906968  
-33.76595744  
-24.20983771  
-12.45280713  
-1.519484295  
6.711505925  
12.0680193  
15.82179906  
19.76895693  
25.12744608  
31.79974834  
38.35516179  
42.72260326  
43.23415703  
39.4924991  
32.63049905  
24.83448923  
18.36081912  
14.5140181  
13.06282516  
12.35601774  
10.07364879  
4.269069844  
-5.750315944  
-19.05871907  
-33.37806624  
-45.82743047  
-53.84143853  
-55.92444776  
-52.02034128  
-43.44266552  
-32.45272  
-21.6442228  
-13.29625872  
-8.827088789  
-8.452052852  
-11.12975117  
-14.84807387  
-17.23249939  
-16.3471417  
-11.44571747  
-3.378388013  
5.571086461  
12.44864655  
14.76897776  
11.60047163  
4.126542423  
-4.616655586  
-10.79567671  
-11.24580089  
-4.756411778  
7.372819466  
21.75951364  
34.18621622  
41.14811467  
41.05700874  
34.62387489  
24.32197156  
13.24411378  
3.913771807  
-2.421474056  
-5.772541427  
-6.81176189  
-6.129053628  
-3.813213943  
0.3931736816  
6.481753003  
13.52963752  
19.50416775  
21.79462681  
18.34188243  
8.857626321  
-4.522881632  
-17.62198357  
-25.6434679  
-25.12887141  
-15.60972137  
-0.1671502738  
15.46717351  
25.00644681  
24.09052697  
12.12936289  
-7.288227302  
-27.63281683  
-41.84844526  
-44.98302193  
-35.99569613  
-18.05757555  
2.713473016  
19.51854154  
27.22724265  
23.93667906  
11.25803836  
-6.606815773  
-24.4875727  
-37.87756818  
-44.02011089  
-42.22840408  
-33.57067058  
-20.2547529  
-5.032216855  
9.233984129  
19.89683316  
24.89963648  
23.27665208  
15.67031276  
4.581151498  
-5.958896839  
-11.41765016  
-8.294810405  
4.369221282  
24.1666745  
45.67376199  
62.04542681  
67.38561524  
59.02649081  
