23.25974676  
22.17474251  
15.79810151  
2.109594573  
-18.33565758  
-41.57826311  
-60.9935561  
-69.55550106  
-62.79614106  
-41.15860945  
-10.55330441  
19.36965543  
38.71037435  
41.19450896  
26.7741226  
1.755402377  
-23.70869049  
-39.76240543  
-40.87254862  
-27.98991015  
-7.89531511  
9.98391356  
17.87534406  
13.16542252  
-0.4563231338  
-14.71961584  
-20.58629436  
-12.44416498  
9.19208124  
37.67510837  
62.91506062  
75.58103843  
70.9823127  
50.96932341  
23.08642626  
-2.589222028  
-17.51477765  
-17.9180107  
-5.900114316  
11.92372838  
27.51253816  
34.79780437  
31.94203641  
21.60275315  
9.269303009  
0.5630310637  
-1.236309506  
3.61545855  
11.81311598  
18.79353484  
20.91413322  
17.01035477  
8.69140619  
-0.6441867283  
-7.514536718  
-9.946699114  
-8.244289237  
-4.654342879  
-2.179202927  
-3.145334965  
-8.195515972  
-16.1181033  
-24.5088923  
-30.88403373  
-33.69870432  
-32.83029728  
-29.38419725  
-25.01216524  
-21.13784039  
-18.47115232  
-16.99237888  
-16.31446602  
-16.13800869  
-16.49358709  
-17.62300552  
-19.59096312  
-21.90333539  
-23.43101294  
-22.777333  
-18.96772451  
-12.11822208  
-3.689941887  
3.898586866  
8.215615051  
7.922552612  
3.509083412  
-2.755063077  
-7.716625833  
-8.732620261  
-4.928893785  
2.299545505  
9.850740775  
14.34492471  
13.78212172  
8.625571397  
1.728291442  
-2.954296309  
-2.325753209  
4.135543932  
13.78578247  
21.75588704  
23.11756115  
15.34828556  
-0.05981021297  
-17.69873831  
-30.17435193  
-31.15143637  
-18.23396721  
5.613831597  
32.82768743  
53.98302349  
61.43968221  
52.38972898  
30.02556741  
2.325431733  
-21.04389153  
-32.42181661  
-28.93416615  
-13.26960734  
7.763503237  
26.18478819  
35.99664133  
35.25226428  
26.29533717  
14.25868354  
4.629202007  
0.9939462447  
3.875286067  
10.98768817  
18.59643784  
23.23431512  
22.99803534  
17.96708659  
9.761828431  
0.6368001789  
-7.379026474  
-12.94566611  
-15.43571461  
-14.73293019  
-11.08903986  
-5.184493851  
1.694859925  
7.618532893  
10.34275295  
8.034848783  
0.1345084371  
-12.08170845  
-25.61268993  
-36.61988719  
-41.80300433  
-39.69477272  
-31.28294598  
-19.64040468  
-8.691743161  
-1.649738591  
0.1850711659  
-2.259387566  
-6.494770531  
-9.76143616  
-10.29918929  
-8.004633782  
-4.214982584  
-0.8066008146  
0.8728297894  
0.6701205037  
-0.4305217759  
-1.005419782  
-0.1073935251  
2.122760618  
4.484809563  
5.35939037  
3.594169689  
-0.8573507776  
-6.888124939  
-12.7882461  
-17.06588905  
-19.06979034  
-19.07345359  
-17.80869599  
-15.77092288  
-12.76515471  
-8.024988807  
-0.8857556732  
8.376203829  
18.09224505  
25.53847378  
28.04642567  
24.40652706  
15.83114848  
5.866708176  
-0.8811246691  
-0.742199349  
7.198231412  
20.35883907  
33.46092145  
40.6189777  
37.84438298  
24.84308034  
5.2752018  
-14.66742357  
-28.74130307  
-33.08751921  
-27.56498809  
-15.45815464  
-1.800463151  
8.828560322  
13.9992933  
13.91880873  
10.65621584  
6.677630801  
3.543764487  
1.435072231  
-0.3613321075  
-2.439174944  
-4.460337445  
-5.120505814  
-2.971934062  
2.379102063  
9.479448021  
15.26172265  
16.37364894  
11.021484  
0.3529279972  
-11.47925121  
-18.82723733  
-17.07635702  
-5.038650378  
13.99627951  
33.20134299  
44.86504118  
43.62969687  
28.84813815  
4.947809322  
-20.40132369  
-39.49593184  
-47.71837487  
-45.15214328  
-36.00737767  
-26.22147405  
-20.45693366  
-19.96796021  
-22.33058724  
-23.07802101  
-18.33290637  
-7.056224726  
8.234424031  
22.61655609  
31.15991732  
31.31738388  
24.0822577  
13.33982113  
3.780709455  
-1.514958952  
-2.555653373  
-2.210159156  
-4.403267704  
-11.6929188  
-23.51900829  
-36.07626029  
-43.93176475  
-42.60674769  
-30.83678863  
-11.37361967  
10.0837372  
27.30747374  
36.12568597  
35.92895911  
29.42390373  
20.85607898  
13.69149044  
8.986880841  
5.278709975  
-0.00894977238  
-8.460540063  
-19.07758479  
-28.15442369  
-30.80634199  
-23.44823506  
-5.973262298  
17.5358833  
40.04863742  
54.31554365  
55.87272885  
44.94050874  
26.32944652  
7.387511268  
-5.077464408  
-7.516522941  
-0.8205200173  
10.47059217  
20.45038956  
24.49684634  
21.08301577  
12.02164609  
1.203196361  
-7.422205851  
-11.59324952  
-11.43378538  
-8.911304594  
-6.501798187  
-5.847060455  
-7.101408984  
-9.223068625  
-10.93155939  
-11.70929341  
-12.2443139  
-14.05745012  
-18.52776373  
-25.86788515  
-34.6295642  
-42.03826285  
-45.02209534  
-41.4516634  
-31.01552184  
-15.35810254  
2.523953964  
19.29206131  
32.21204078  
39.67958889  
41.24335588  
37.30872775  
28.81559014  
17.09142403  
3.871154034  
-8.707318954  
-18.34717402  
-23.13598545  
-22.20722758  
-16.17270625  
-7.014429683  
2.628316924  
10.50186052  
15.60364248  
18.39078802  
20.16413323  
21.91315945  
