22.27928467  
5.633607256  
-8.160797619  
-18.80674985  
-27.30431541  
-34.7781221  
-41.35664123  
-45.71631364  
-45.54950663  
-38.74292802  
-24.69294241  
-5.10374759  
16.15668542  
34.14528905  
44.46164531  
44.75408806  
35.52786054  
19.96482407  
2.857179739  
-10.92046092  
-17.85044292  
-16.6652971  
-8.482707844  
3.752413645  
16.25063602  
25.4471422  
28.86914485  
25.63158393  
16.51379443  
3.661205983  
-9.990462105  
-21.43948087  
-28.33892796  
-29.55124368  
-25.39183713  
-17.48413494  
-8.255853175  
-0.226144551  
4.688842633  
5.625436775  
2.844850227  
-2.556631969  
-9.145361214  
-15.63610559  
-21.18138366  
-25.39686183  
-28.19131646  
-29.55467207  
-29.45062935  
-27.86994966  
-24.98252066  
-21.24995578  
-17.37456189  
-14.05760065  
-11.66844582  
-10.00654812  
-8.320791668  
-5.629859548  
-1.224598963  
4.887463435  
11.83828606  
18.17337457  
22.45730306  
23.94452841  
22.98736888  
20.95227689  
19.63769965  
20.43030061  
23.58244642  
27.96451674  
31.445853  
31.77416638  
27.58626925  
19.10506971  
8.199790196  
-2.243114696  
-9.391994269  
-11.5452825  
-8.767934108  
-2.834466677  
3.483385116  
7.478986677  
7.487809615  
3.403295588  
-3.433915971  
-10.87251318  
-16.80882285  
-19.90153302  
-19.8753574  
-17.34692323  
-13.31751802  
-8.607574437  
-3.507838676  
2.19955078  
8.880250479  
16.54107938  
24.44624695  
31.07971857  
34.53198532  
33.20054973  
26.54017788  
15.54198876  
2.693217778  
-8.651641496  
-15.32631817  
-15.48307694  
-9.371075547  
0.5761764605  
10.45245525  
16.19596319  
15.06203399  
6.697461263  
-6.627799624  
-20.77723402  
-31.25394236  
-34.90150296  
-31.13261779  
-22.17562044  
-12.20706998  
-5.690678402  
-5.582405552  
-12.13540378  
-22.80493649  
-33.30047228  
-39.34970196  
-38.43520213  
-30.77573333  
-19.14899037  
-7.652633389  
0.04486155195  
2.201924407  
-0.3837982385  
-4.880229496  
-7.778417688  
-6.474623524  
-0.3746514598  
8.93884433  
18.49781811  
25.29182263  
27.53275353  
25.28417114  
20.22251514  
14.70853336  
10.65203929  
8.713561593  
8.189941287  
7.582470687  
5.521970232  
1.574240499  
-3.463817792  
-7.899999917  
-9.926907729  
-8.456816746  
-3.617102509  
3.307115525  
10.42535297  
16.00954933  
19.12070842  
19.83383194  
19.00596013  
17.74391442  
16.84467645  
16.46205987  
16.1211248  
15.03454059  
12.5502805  
8.527973374  
3.497133  
-1.446587969  
-4.955506136  
-5.847872074  
-3.514302799  
1.787343343  
8.827228038  
15.54733506  
19.47683129  
18.37855993  
10.9928289  
-2.34448055  
-19.46478743  
-36.69665701  
-49.77177214  
-55.08533808  
-50.90008507  
-38.0352814  
-19.72433279  
-0.6233197116  
14.70753696  
23.29247767  
24.62822396  
20.62782986  
14.65976852  
10.09430224  
8.968821621  
11.31738815  
15.40808591  
18.72886524  
19.24307111  
16.33953206  
11.06794735  
5.591273805  
2.142832048  
1.982299859  
4.816312825  
8.913630453  
11.82322764  
11.34978757  
6.364895561  
-2.850596895  
-14.80145713  
-27.34776357  
-38.36692614  
-46.2535646  
-50.13783939  
-49.85579904  
-45.79410543  
-38.72299803  
-29.65725649  
-19.71197425  
-9.907155299  
-0.9326734101  
7.030885368  
14.30120492  
21.41329371  
28.63019822  
35.46109954  
40.4737445  
41.60717336  
36.97051152  
25.84625469  
9.442365404  
-9.034245569  
-25.15949393  
-34.72850758  
-35.31405855  
-27.2942901  
-13.86987212  
0.00486449716  
9.387599387  
11.11214353  
4.843623388  
-6.97854557  
-20.23537147  
-30.75193745  
-35.75024977  
-34.56159944  
-28.40671083  
-19.48613227  
-9.904733734  
-0.9563903077  
6.962303714  
13.90803558  
19.79446677  
24.06815804  
25.88186245  
24.66270206  
20.70821301  
15.3929293  
10.76951824  
8.694687403  
9.911454896  
13.59970958  
17.70439691  
19.9555256  
19.10628636  
15.74713328  
12.21192136  
11.52024832  
15.79715965  
24.92552205  
36.14490946  
44.90854475  
46.72256308  
39.19441795  
23.35661251  
3.600763803  
-13.84950754  
-23.34525287  
-22.10054123  
-11.38109904  
3.93936541  
17.30091042  
23.07801437  
18.82808386  
6.256571464  
-9.477270116  
-21.81512118  
-25.3840597  
-18.10033819  
-2.005543295  
17.43867972  
33.28894181  
39.55422542  
33.25709786  
15.43313178  
-9.224594447  
-33.91411587  
-51.93793493  
-58.8728789  
-54.02233191  
-40.69726925  
-25.21297943  
-14.86554286  
-15.47301565  
-29.24314855  
-53.69133683  
-82.05859988  
-105.2203074  
-114.5607105  
-104.8960255  
-76.42550177  
-34.95647618  
9.773292883  
47.15936327  
69.12024702  
72.59369456  
60.23035406  
39.05778584  
17.67178998  
3.079222805  
-1.576199623  
2.428254418  
10.65047676  
17.8954725  
20.67471383  
18.64736655  
14.4826402  
12.30985786  
15.54477473  
25.11966149  
38.91164444  
52.58005253  
61.37522983  
62.06281473  
54.10443223  
39.62465484  
