54.97166115  
39.4668317  
19.84012637  
1.648289503  
-10.2299875  
-13.3377963  
-8.427988631  
1.005868936  
10.2378341  
15.22414513  
14.14999728  
8.011509318  
0.04561187661  
-5.717496979  
-6.173462696  
-0.4512086596  
9.685477549  
20.47224914  
27.55028055  
27.60511373  
19.6315026  
5.369460242  
-11.23760317  
-25.36554436  
-32.94479478  
-32.03548555  
-23.46059634  
-10.47283353  
2.431616965  
11.13467717  
13.37089526  
9.513000938  
2.366616408  
-3.964374754  
-5.725235331  
-1.042878463  
9.260144676  
21.91036468  
32.41709413  
36.82749559  
33.311598  
22.93643367  
9.302191704  
-2.832164544  
-9.39411426  
-8.579484497  
-1.540621757  
8.086081383  
15.61147417  
17.10295308  
10.85741212  
-2.014151876  
-18.06591765  
-32.80886504  
-42.26910701  
-44.21700736  
-38.66544285  
-27.5690816  
-13.9707249  
-1.004969978  
8.867501253  
14.2098913  
14.58456745  
10.34149167  
2.41552031  
-7.781564922  
-18.43142617  
-27.47738183  
-32.98799025  
-33.67897932  
-29.40767664  
-21.38829596  
-11.94744822  
-3.829802589  
0.719100992  
0.7320947551  
-3.169482274  
-9.076411668  
-14.57934557  
-17.70494297  
-17.60255699  
-14.70882777  
-10.36563112  
-6.115393806  
-3.025322628  
-1.343010951  
-0.5923773659  
0.01041126495  
1.087766103  
2.835173276  
5.066778924  
7.48214169  
9.935024555  
12.49934938  
15.27581026  
18.07469372  
20.22578264  
20.72420491  
18.73041446  
14.20392051  
8.304686243  
3.246396428  
1.532781479  
4.840987899  
13.05919754  
23.99396279  
33.99995646  
39.35668261  
37.82832387  
29.69649605  
17.74863176  
6.166590924  
-1.220966577  
-2.53655621  
1.437273049  
7.770061503  
12.86571869  
14.19100517  
11.40199481  
6.31768484  
1.770674939  
-0.05774760271  
1.068353819  
3.230547319  
3.395177709  
-0.797297685  
-9.423701904  
-19.75282955  
-27.20529441  
-27.45855047  
-18.7380088  
-3.156410622  
13.65887122  
24.6368897  
24.20517488  
10.81511992  
-12.11069874  
-37.29941178  
-56.39189664  
-63.18863252  
-55.99853009  
-38.11419855  
-16.26794933  
2.200185755  
12.20885788  
12.63700345  
6.241415467  
-2.009947181  
-7.319726794  
-7.059234017  
-1.566451636  
6.450481544  
13.4555336  
16.75850943  
15.55942494  
11.0015146  
5.383052718  
1.040902925  
-0.5255336616  
1.043331438  
5.209762496  
11.02073819  
17.47262129  
23.5771363  
28.21372023  
30.03667898  
27.68534339  
20.33197528  
8.329651505  
-6.436810243  
-20.81992389  
-31.33440743  
-35.41594805  
-32.46149387  
-24.13910248  
-13.76584469  
-4.990785359  
-0.3637090481  
-0.4380792331  
-3.804619081  
-7.999719472  
-10.80827101  
-11.29849689  
-10.08239184  
-8.707265093  
-8.54107571  
-9.779161734  
-11.13457909  
-10.41272016  
-5.698362057  
3.453364349  
15.4574098  
27.10544228  
34.79490063  
36.0248637  
30.46125736  
20.07466409  
8.293586844  
-1.424163262  
-6.94345517  
-8.13407845  
-6.631425229  
-4.863099474  
-4.849935585  
-7.345450943  
-11.66253242  
-16.17692813  
-19.18181495  
-19.64667653  
-17.54503464  
-13.67628459  
-9.166743806  
-4.960217737  
-1.550044842  
0.9777220432  
2.71159621  
3.700782438  
3.913527329  
3.372556959  
2.333101903  
1.330427336  
1.010121183  
1.809926542  
3.683791772  
6.063403892  
8.126237745  
9.250958792  
9.405663564  
9.222084655  
9.669559694  
11.47557451  
14.61080338  
18.15760728  
20.69445425  
21.04140389  
18.98231706  
15.54307876  
12.60318333  
11.9637675  
14.31087019  
18.62375476  
22.40492613  
22.71776949  
17.59911013  
7.180387619  
-6.062331464  
-18.12615228  
-25.06193948  
-24.63279709  
-17.30147167  
-6.088284219  
4.64774954  
10.96240809  
10.83960238  
4.820832914  
-4.467432309  
-13.59865649  
-19.808151  
-21.97040614  
-20.71915937  
-17.77888578  
-14.94555262  
-13.26906797  
-12.81636065  
-13.0376956  
-13.42411163  
-14.00796766  
-15.3819872  
-18.22030814  
-22.59550199  
-27.52740586  
-31.09119206  
-31.11157629  
-26.14225505  
-16.25014035  
-3.195232143  
10.11793459  
20.68721803  
26.48874417  
27.10782349  
23.67895326  
18.22653039  
12.77058628  
8.632467109  
6.222663949  
5.30849514  
5.504225972  
6.637960692  
8.766982602  
11.86173175  
15.40920441  
18.261956  
18.9311128  
16.25496553  
10.12186503  
1.831702169  
-6.1848433  
-11.26227567  
-11.65587996  
-7.42399912  
-0.5826408459  
5.611622686  
7.992336025  
4.867143864  
-3.157157326  
-13.2930309  
-21.61071468  
-24.57270357  
-20.42681168  
-9.889092869  
4.140915219  
17.67974953  
27.09729922  
30.30929626  
27.28869558  
19.77407576  
10.38758822  
1.587187579  
-5.111157859  
-9.376501299  
-11.76674201  
-13.11840782  
-13.95128882  
-14.16873706  
-13.16898741  
-10.28486824  
-5.321827817  
1.076181757  
7.427352262  
11.81963875  
12.59279999  
9.039505104  
1.839602508  
-6.978274126  
-14.5907087  
-18.29786342  
-16.49931595  
-9.368497086  
1.054377919  
11.43460472  
18.2184864  
18.84689321  
12.66750492  
1.201254839  
-12.34607739  
-24.1499006  
-31.01408835  
-31.34276364  
-25.50425753  
-15.50801061  
-4.184381092  
5.774010458  
12.54841286  
15.49660189  
15.02626786  
12.21446303  
8.398465023  
4.886219773  
2.796698865  
2.937399446  
5.62496697  
10.45550652  
16.16037155  
20.74055179  
21.99417281  
18.35083536  
9.704725525  
-2.169363076  
-13.93362893  
-21.7578183  
-22.7913787  
-16.42747311  
-4.755688133  
8.093562202  
17.52277421  
20.32451746  
16.008386  
6.981654122  
-2.531057371  
-8.363602781  
-8.233176548  
-2.679223916  
5.310095416  
11.79192117  
13.76159463  
10.54017785  
4.007090141  
-2.403229562  
-5.422159694  
-3.531044283  
2.353907877  
9.392690323  
14.22568657  
14.54147133  
10.03371664  
2.323587711  
-6.024034862  
-12.80407674  
-17.08120464  
-19.25671654  
-20.34347551  
-20.95613689  
-20.68248433  
-18.26796196  
-12.55146112  
-3.609169836  
6.624313298  
14.75667469  
17.31588678  
12.48747709  
1.311842616  
-12.3703808  
-23.34673215  
-27.25130976  
-22.53691784  
-11.21798185  
2.036652674  
12.07631198  
15.67449756  
12.98677845  
7.321446693  
3.314244346  
4.406494058  
10.90002404  
19.60279129  
25.29861287  
23.35781693  
12.20906888  
-5.575065599  
-24.17115447  
-37.00687048  
-39.70691393  
-32.08524292  
-18.23217293  
-4.654495648  
2.649078027  
0.8037714009  
-8.830371385  
-21.50342155  
-31.38991074  
-34.21612786  
-28.96134531  
-17.91258117  
-5.193905783  
5.376464194  
11.98431488  
15.26781779  
17.4135407  
20.5089273  
25.11581693  
29.85674166  
32.21853614  
30.09861527  
23.21343014  
13.56581281  
4.677806987  
-0.03725173035  
1.074703723  
7.093982175  
14.97422911  
21.02280344  
22.65751707  
19.55234388  
13.61757766  
7.871861646  
4.831504184  
5.269050032  
7.966643536  
10.54100773  
10.84261263  
8.140256611  
3.444190202  
-1.186189108  
-3.932762418  
-4.352084476  
-3.680177069  
-4.098623896  
-7.343494901  
-13.43556662  
-20.28837472  
-24.50648823  
-23.04563916  
-14.90799897  
-1.96403605  
11.60987725  
21.10012289  
23.41947056  
18.60770875  
9.892268368  
2.216180586  
-0.1040427986  
4.520009147  
14.11059794  
23.97833311  
28.88713064  
25.51099452  
14.01602401  
-1.9841509  
-17.07580399  
-26.51033923  
-28.32236437  
-24.11525533  
-18.17371249  
-15.3563468  
-18.78182617  
-28.38869519  
-41.00512885  
-51.83786309  
-56.63557128  
-53.50674921  
-43.58974074  
-30.35321209  
-17.95457314  
-9.485956765  
-5.916855076  
-6.135947809  
-7.926001135  
-9.26633539  
-9.256089608  
-8.218615031  
-7.025133209  
-6.10679574  
-4.78676765  
-1.377490458  
5.94093238  
17.89306818  
33.19481872  
48.5091965  
59.42556188  
62.11665202  
