59.40436542  
38.61100664  
9.490876253  
-21.1524556  
-46.00171533  
-59.31270389  
-58.45210637  
-44.4383581  
-21.38638309  
4.885432755  
28.58269365  
45.43610242  
53.54902314  
53.42837508  
47.32542877  
38.22446195  
28.87945996  
21.20620632  
16.14046409  
13.86371958  
14.16346347  
16.68731443  
20.95984294  
26.19935739  
31.1112794  
33.87684421  
32.47621516  
25.31817514  
11.97277959  
-6.297534874  
-26.48533813  
-44.38620652  
-55.6481084  
-57.02152151  
-47.41137225  
-28.37666372  
-3.894827662  
20.55874972  
39.35249236  
48.07886051  
44.59271796  
29.44367178  
5.619664886  
-22.29293093  
-49.28255032  
-71.09968962  
-85.15197551  
-90.88946697  
-89.60165774  
-83.70964838  
-75.78276087  
-67.59777837  
-59.55869269  
-50.69044478  
-39.23081378  
-23.62649725  
-3.566634166  
19.36545179  
41.73762696  
59.08883913  
67.30529111  
64.09490283  
50.01684029  
28.64082296  
5.699334226  
-12.54413598  
-21.19239582  
-18.24114149  
-5.209795755  
13.34778878  
31.29381731  
42.83439644  
44.287967  
35.12783558  
17.99255762  
-2.288403752  
-20.28661201  
-31.63622911  
-34.22911682  
-28.59722039  
-17.427979  
-4.45105811  
6.87247663  
14.39322967  
17.71484782  
17.94254981  
16.91320322  
16.26846218  
16.77179351  
18.14348241  
19.44688767  
19.80159162  
19.04103092  
17.94860125  
17.90401063  
20.06927058  
24.50770342  
29.72290461  
32.96115543  
31.27972638  
22.98813732  
8.808794102  
-7.872561269  
-21.95984098  
-28.56456189  
-25.15551094  
-12.98994849  
2.924460964  
15.51420302  
18.42610911  
8.816951734  
-11.06503576  
-34.30007222  
-51.70611965  
-55.36550156  
-41.86341055  
-13.87983996  
20.58562529  
51.10502605  
68.68775941  
69.05836779  
54.02573719  
30.42637188  
7.140729192  
-8.5292906  
-13.61070517  
-10.25176286  
-4.339346047  
-2.64438687  
-9.769856583  
-26.17287052  
-47.99309853  
-68.61907169  
-81.22697351  
-81.22339331  
-67.69768175  
-43.50369451  
-14.17007619  
13.77916805  
34.45752733  
43.78393086  
40.08306974  
24.23368484  
-0.4919883004  
-28.8732387  
-54.56430177  
-71.36657379  
-74.81435424  
-63.65106801  
-40.59359604  
-11.88059114  
14.49377066  
31.38641572  
35.01463678  
26.33274224  
10.61842551  
-4.660794108  
-12.86743184  
-10.83236544  
0.03033815361  
14.61558013  
26.60760639  
31.40469748  
28.1454385  
19.92628915  
12.16198508  
9.919609293  
15.52482766  
27.57309968  
41.76127873  
53.04985783  
58.0240567  
56.26452957  
50.08579477  
42.86829575  
36.94505122  
32.22651173  
26.33736326  
16.21125794  
0.2772755552  
-19.98888354  
-40.08283144  
-54.18075272  
-57.74939172  
-49.73430017  
-33.15350222  
-13.70470317  
2.975799375  
14.01891161  
20.55397604  
26.72794585  
36.90904433  
52.47279312  
69.90978727  
81.45830261  
78.26814762  
54.80548482  
12.45350522  
-39.54484318  
-86.55580329  
-113.6631034  
-111.3918357  
-79.64400321  
-28.13083864  
26.94753185  
68.64049629  
85.07507618  
73.07899557  
38.32310877  
-7.77163019  
-52.79368401  
-87.6497333  
-108.7296972  
-117.3719013  
-117.3485329  
-111.9066412  
-101.9094243  
-85.88898084  
-61.75920085  
-29.08971375  
9.386779142  
47.89982737  
79.38622974  
98.01231538  
101.2639754  
90.65065542  
70.78470445  
47.38850148  
25.24454872  
7.026496162  
-6.596732729  
-15.89511978  
-20.84706105  
-20.56336787  
-13.75116052  
0.03895836802  
19.13790749  
39.29632282  
54.50078998  
58.88684788  
48.9838513  
25.30202518  
-7.478057146  
-41.85276374  
-69.85733874  
-85.51068234  
-86.42897068  
-74.10405556  
-52.92490737  
-28.49517914  
-5.965902643  
11.06966338  
20.94193089  
23.70477262  
20.69921884  
14.13480974  
6.734212041  
1.316527266  
0.1929679949  
4.422869479  
13.21026337  
23.83455405  
32.38144246  
35.18791033  
30.50044251  
19.60006259  
6.747184988  
-2.246233764  
-2.376647082  
8.211976335  
26.98409262  
47.56128558  
62.01645201  
64.07125265  
51.87816087  
29.15066548  
4.045435482  
-13.86367406  
-17.35029519  
-4.515948831  
20.25106887  
47.76375921  
67.40331463  
71.04307981  
56.00273375  
25.92440563  
-10.69124411  
-43.63580502  
-64.56985606  
-69.6839158  
-60.54518492  
-42.97969156  
-24.57744597  
-11.85176117  
-8.100064648  
-12.64744559  
-21.59049064  
-29.62726573  
-32.23988456  
-27.461379  
-16.67128006  
-4.214689066  
3.995926547  
2.456424033  
-11.9619447  
-38.63605835  
-72.84408255  
-106.6303121  
-130.7378987  
-137.1410969  
-121.4767382  
-84.62554809  
-32.87865682  
23.47910707  
72.83678097  
105.4068071  
115.8797324  
104.7295801  
77.74600625  
43.96712313  
12.73561869  
-9.105794076  
-18.93970025  
-18.49776583  
-12.45994698  
-6.157680084  
-3.30490089  
-4.618049425  
-7.799650752  
-8.812871417  
-3.879150114  
8.624870382  
27.12860498  
47.09405873  
62.42716117  
67.55330817  
