14.77082326  
27.97609476  
37.60042757  
41.4480551  
38.91687047  
31.07928238  
20.22179201  
9.039784057  
-0.2047588725  
-6.265622566  
-9.058705929  
-9.375884976  
-8.333010521  
-6.805818914  
-5.087308935  
-2.889456253  
0.3402286895  
4.949013759  
10.67773458  
16.51846298  
20.91409432  
22.24359234  
19.41914355  
12.36878231  
2.21071432  
-8.970165055  
-18.69132631  
-24.80798195  
-26.16691872  
-22.94869907  
-16.57041265  
-9.174185113  
-2.879578989  
0.9286738338  
2.010853922  
1.222538429  
0.02482051616  
-0.2466888722  
0.9528187217  
3.069233731  
4.650744527  
3.996257233  
-0.01070126745  
-7.242665157  
-16.14913265  
-24.17229352  
-28.62141518  
-27.66686637  
-21.05279333  
-10.23650092  
2.100399184  
12.96467054  
20.01615834  
22.21121168  
19.9128869  
14.49962676  
7.71439436  
1.074413115  
-4.420641115  
-8.236969824  
-10.06147201  
-9.606875146  
-6.652171738  
-1.328450606  
5.532191865  
12.26193191  
16.64453659  
16.62362154  
11.18132173  
0.9849808007  
-11.56203059  
-22.99634041  
-29.99787723  
-30.65229357  
-25.23078108  
-16.1222243  
-6.907709792  
-0.9444433021  
-0.05012775843  
-3.841834315  
-9.999447685  
-15.32044515  
-17.09527406  
-14.21104276  
-7.535677789  
0.5318441837  
7.096305415  
9.909986927  
8.15065144  
2.568700114  
-4.960425432  
-12.19838825  
-17.26152674  
-19.03299401  
-17.21143668  
-12.12287003  
-4.494484416  
4.672922117  
14.13706564  
22.46952729  
28.26521807  
30.53201023  
29.127846  
25.00584743  
20.05300291  
16.47741118  
15.93502163  
18.76436011  
23.70922765  
28.32455976  
29.95411481  
26.88406462  
19.16008417  
8.677435234  
-1.531029525  
-8.51817187  
-10.62421576  
-8.124710791  
-3.041079718  
1.789702142  
3.956406078  
2.46643115  
-1.937182212  
-7.236979868  
-11.12384364  
-12.0226772  
-9.696138262  
-5.19343973  
-0.2370475218  
3.603161175  
5.531379483  
5.67029066  
4.72353932  
3.401152049  
1.955375361  
0.08635537629  
-2.747117308  
-6.811264649  
-11.6939506  
-16.27438446  
-19.12246749  
-19.14628531  
-16.15957792  
-11.06545083  
-5.537182963  
-1.327813582  
0.4694629209  
-0.1430964632  
-2.146136963  
-4.057241238  
-4.692415443  
-3.767366335  
-2.048942039  
-0.9835660387  
-1.977892357  
-5.669256924  
-11.52501425  
-17.95454543  
-22.88280043  
-24.53091606  
-22.06878256  
-15.87662978  
-7.335792953  
1.726273457  
9.678091678  
15.5461063  
19.1375922  
20.83236561  
21.19509399  
20.6187904  
19.16596615  
16.65691482  
12.9265909  
8.092345875  
2.678447548  
-2.478053334  
-6.503426168  
-8.816555798  
-9.353738096  
-8.577072947  
-7.253101123  
-6.095404611  
-5.430413083  
-5.042166252  
-4.275978568  
-2.36705851  
1.14433627  
6.097585873  
11.64889091  
16.51036641  
19.40762101  
19.56982827  
17.04104033  
12.66966029  
7.771127527  
3.604699417  
0.8944033993  
-0.3913367324  
-0.90334129  
-1.489898313  
-2.702229612  
-4.482589719  
-6.206993476  
-7.077028739  
-6.668500571  
-5.341066143  
-4.255098662  
-4.920031457  
-8.435785253  
-14.7713013  
-22.45359785  
-28.88925327  
-31.26365739  
-27.68429617  
-18.08740757  
-4.489179394  
9.580303188  
20.27826294  
24.82440408  
22.50209182  
14.88517766  
5.208638296  
-2.85030943  
-6.485739302  
-4.665322026  
1.685967933  
10.2177911  
18.11841753  
23.09482528  
24.00927199  
21.00944221  
15.21993641  
8.218737433  
1.546645155  
-3.59512206  
-6.443006296  
-6.650903203  
-4.256759702  
0.3168807692  
6.261760257  
12.45744334  
17.66839016  
20.83335863  
21.34110889  
19.16620595  
14.79870924  
9.008253233  
2.573550977  
-3.87585045  
-9.836003299  
-14.78052545  
-18.04594707  
-18.91041944  
-16.91366355  
-12.29303376  
-6.276294497  
-0.9719729444  
1.241818603  
-1.332752055  
-8.816514186  
-19.36701408  
-29.5950923  
-35.73288856  
-35.13235322  
-27.45957533  
-15.02069732  
-1.999737048  
7.133165222  
9.394593615  
4.482741773  
-5.131628546  
-15.2617541  
-21.74486597  
-22.10183265  
-16.40642956  
-7.030638411  
2.548000303  
9.278499317  
11.69722568  
10.23613445  
6.643650956  
2.914594573  
0.328621182  
-0.9219371097  
-1.396731243  
-1.651598668  
-1.578051377  
-0.2828921221  
3.374455837  
9.874251883  
18.29959719  
26.26874627  
30.70259045  
29.14134504  
20.99113988  
8.053594877  
-5.996778438  
-17.01851731  
-22.07478678  
-20.59548803  
-14.47594336  
-7.061899694  
-1.509887392  
0.6818377132  
0.2584950332  
-0.3655490419  
1.459484852  
7.05683066  
15.53206388  
24.02154035  
28.98171255  
27.89703141  
20.56603302  
9.32038688  
-1.951370637  
-9.521989184  
-11.46793322  
-8.45279466  
-3.282152529  
0.5485447636  
0.6093497795  
-3.248944748  
-8.799429162  
-12.50507958  
-11.23820795  
-3.843839253  
8.179183726  
21.18608405  
30.84171443  
33.8630876  
29.28703796  
18.74746249  
5.708985468  
-5.942670194  
-13.31409213  
-15.34751241  
-12.83368296  
-7.725714302  
-2.167801433  
2.294011173  
5.023610517  
6.118514961  
5.977589513  
4.927008415  
3.118219175  
0.7022353923  
-1.905348153  
-3.917799685  
-4.381342859  
-2.643080142  
1.151751118  
5.834048173  
9.457291339  
9.992622821  
6.210682786  
-1.641156655  
-11.70636505  
-21.05254875  
-26.70029596  
-26.74713334  
-21.12396746  
-11.6612681  
-1.423839312  
6.422456431  
9.756554474  
8.204878696  
3.135656246  
-3.022581206  
-7.830435587  
-9.808065703  
-8.933231049  
-6.489313177  
-4.367791053  
-4.156070066  
-6.41726904  
-10.46733757  
-14.72541512  
-17.45913127  
-17.5784706  
-15.12075699  
-11.21623782  
-7.560357301  
-5.638226861  
-6.053079267  
-8.256776767  
-10.79551752  
-11.95194128  
-10.49220892  
-6.189557186  
0.0919569972  
6.764466511  
12.14394824  
15.04637864  
15.0996477  
12.67666554  
8.547032672  
3.47391255  
-2.015291005  
-7.579053579  
-12.80678191  
-16.96959164  
-19.00209435  
-17.8174656  
-12.85778489  
-4.609983071  
5.224939332  
14.09621469  
19.44217569  
19.69331848  
15.00116636  
7.328147652  
-0.2093487099  
-4.520750084  
-3.76720664  
1.891557299  
10.36587339  
18.50789881  
23.42121562  
23.64699295  
19.71916624  
13.86001055  
8.966339693  
7.341652621  
9.726765498  
15.03161781  
20.85033492  
24.50175216  
24.12880568  
19.39904532  
11.55285697  
2.840892951  
-4.362420505  
-8.38790568  
-8.740822223  
-6.100335988  
-1.941167952  
2.010741691  
4.275725182  
3.945850613  
0.8223914721  
-4.585671218  
-11.15430893  
-17.32277996  
-21.38366982  
-21.88842666  
-18.09901031  
-10.33496889  
-0.04047010162  
10.5334973  
18.9836427  
23.53041551  
23.60946899  
20.01900464  
14.54278914  
9.203449672  
5.476019519  
3.81418086  
3.690919146  
4.099466481  
4.228041641  
3.933937483  
3.751751363  
4.426552044  
6.234750974  
8.497811167  
9.620424425  
7.721606022  
1.600995547  
-8.435816123  
-20.35517216  
-30.98070701  
-37.20171743  
-37.29011017  
-31.71139844  
-23.01100043  
-14.77034982  
-10.06813079  
-10.13637994  
-13.83775943  
-18.22725659  
-19.96076675  
-16.91088334  
-9.238502533  
0.59091084  
8.873177083  
12.33553169  
9.643880922  
2.046344161  
-7.1557602  
-14.07915731  
-16.00516028  
-12.60363699  
-6.070045648  
-0.1046288084  
1.812073288  
-1.926980631  
-10.21798424  
-19.60925618  
-25.71908543  
-25.10131175  
-16.76022804  
-2.671965337  
12.90342384  
25.02598257  
29.9331661  
26.40471147  
16.11719541  
2.898187282  
-8.769348191  
-15.36911644  
-15.47269643  
-9.978907655  
-1.469368128  
6.974747074  
12.97165017  
15.57921686  
15.33832268  
13.69168114  
12.10364514  
11.30157118  
10.97136909  
10.01704664  
7.238661373  
2.102475765  
-4.758043307  
-11.5524511  
-15.87847478  
-15.59966295  
-9.711436514  
1.150567096  
