73.678675  
62.13042212  
43.10823425  
23.90781869  
10.86670933  
7.254323717  
12.39954682  
22.26086065  
31.15930124  
34.04143796  
28.49407997  
15.81239083  
0.7060115224  
-10.34487682  
-11.59924023  
-0.5706431525  
20.43633939  
44.51918402  
62.27066022  
65.18562701  
49.15531168  
16.60658349  
-23.77327397  
-59.88544801  
-80.70700533  
-80.67379743  
-62.09488001  
-34.43050584  
-10.54545595  
-1.378327445  
-11.24643917  
-35.84192885  
-63.88489831  
-81.83273087  
-79.68539672  
-55.40018566  
-15.99235232  
25.17954848  
53.79259742  
60.30820886  
43.66909454  
11.45795262  
-23.41448118  
-47.95534982  
-54.0025991  
-40.83091466  
-14.60421959  
14.7688818  
37.79105515  
48.72771602  
46.9332127  
35.98412592  
21.42176711  
8.351951084  
-0.06957241846  
-2.906758006  
-0.8131221892  
4.791711885  
12.16507061  
19.20475469  
23.3091611  
21.6670671  
12.22860806  
-4.936626359  
-26.65690573  
-46.86908612  
-58.37141796  
-55.67146531  
-37.76402561  
-9.458783437  
19.64879838  
38.46129161  
38.73096185  
18.65919866  
-15.89922744  
-53.31664656  
-80.51898683  
-88.01879123  
-73.56134763  
-42.85903153  
-7.134944159  
21.44140073  
34.47689701  
30.28944173  
13.95476646  
-5.353974842  
-18.42398927  
-19.66038935  
-8.871819935  
9.354496123  
28.14777648  
41.44575488  
46.31364135  
43.62922605  
37.09489169  
31.25643968  
29.52128787  
32.98944519  
40.40470933  
48.98902857  
55.6066453  
57.72185348  
53.88253208  
43.78622352  
28.16586985  
8.696084749  
-12.06967822  
-30.90297291  
-44.44088573  
-50.08660165  
-47.01212417  
-36.79954617  
-23.27745964  
-11.4008182  
-5.469683602  
-7.366339911  
-15.60181199  
-25.7014696  
-31.91374788  
-29.62630575  
-17.50005805  
1.625830325  
21.53666926  
34.9246594  
36.27743508  
24.20170085  
2.200537969  
-22.4697153  
-41.45829383  
-48.46492714  
-41.62955815  
-24.21512616  
-3.308742372  
12.94909965  
18.51386246  
11.72704866  
-4.145327205  
-22.32151148  
-35.28405596  
-37.81439438  
-29.06709857  
-12.85182665  
3.993072146  
14.48521994  
14.47604703  
4.501092699  
-10.28401686  
-22.11050739  
-23.78567214  
-11.80271379  
11.89956643  
40.29545341  
63.69381653  
73.34449565  
64.85714458  
40.09968894  
6.806219214  
-24.00454178  
-41.86243398  
-40.51862072  
-20.11370872  
12.92384577  
48.1632116  
74.76024768  
85.03551902  
76.79539201  
53.66846284  
23.47701525  
-4.652710733  
-23.35644577  
-29.22292382  
-23.45126633  
-10.89648164  
2.024156268  
9.753323055  
9.492479627  
1.964457478  
-9.154127666  
-18.86762829  
-22.94612167  
-19.69414115  
-10.74038292  
-0.517250606  
5.436773315  
2.766461191  
-9.67961524  
-28.93158983  
-48.56349188  
-60.83290101  
-59.57738465  
-42.76839026  
-13.65743701  
20.06361001  
48.8921469  
64.97726129  
65.04788806  
51.58588125  
31.70342996  
14.1364448  
5.580984085  
7.914967037  
17.49652779  
26.84970461  
28.01274969  
16.0966961  
-8.48900465  
-40.093127  
-70.09812172  
-90.38031268  
-96.42741073  
-88.79187613  
-72.34891089  
-53.82782188  
-38.82694329  
-29.67128863  
-24.98909891  
-21.02341646  
-13.88981618  
-1.617454847  
14.97310447  
32.84496637  
48.31663901  
58.7202215  
63.29116351  
62.9293459  
59.12606336  
52.79839906  
43.77650276  
31.26007371  
14.94705465  
-3.906516787  
-22.25275017  
-36.16048107  
-42.51998975  
-40.67589555  
-33.04811541  
-24.25347885  
-19.00679628  
-19.77082289  
-25.35572757  
-31.28673741  
-31.91360868  
-23.33762622  
-5.738106168  
16.12909702  
34.66598444  
42.72725864  
36.98992167  
19.77932305  
-1.619686149  
-17.99318912  
-22.2810355  
-12.87256704  
5.431661969  
23.32041504  
30.97462081  
22.44608902  
-1.51181243  
-33.42334523  
-61.91919064  
-76.22244184  
-70.40791421  
-45.68414653  
-9.828782256  
25.88351171  
50.9157504  
59.13798211  
50.56335348  
30.66996313  
7.826841264  
-9.980667163  
-17.81617997  
-14.96154214  
-4.416185845  
8.791662337  
19.65285659  
24.80407987  
23.28908798  
16.42606327  
7.05609234  
-1.451823674  
-6.134433656  
-5.136603567  
1.883434167  
13.67989705  
27.70787633  
40.7697698  
49.91408543  
53.34180631  
50.99356296  
44.54358984  
36.73775593  
30.30470629  
26.89491962  
26.5328747  
27.84892763  
28.98267536  
28.69605178  
27.09863505  
25.5613796  
25.81407461  
28.6790564  
33.14602241  
36.37962036  
34.80364098  
25.83012041  
9.396898663  
-11.52267144  
-31.83347472  
-46.35874686  
-52.10509458  
-49.65664449  
-42.94629068  
-37.40753726  
-37.31294482  
-43.56214182  
-53.03578938  
-59.92302348  
-58.48157904  
-45.96134567  
-24.28494028  
0.3748634126  
19.99796106  
28.02422206  
22.04093762  
4.612300525  
-18.09698259  
-39.18555958  
-53.9398208  
-61.39636956  
-63.84269483  
-64.63607687  
-65.60466013  
-65.52317696  
-60.59145386  
-46.76204463  
-22.71440224  
8.185550296  
38.19710326  
57.94314436  
60.46184955  
44.67299063  
16.48591422  
-13.19617003  
-32.85766919  
-35.23342942  
-20.42955927  
4.172649349  
27.22982284  
38.45815076  
33.0486814  
13.45914465  
-12.16843485  
-34.09386744  
-45.51389629  
-45.33050236  
-37.87392029  
-29.86740492  
-26.32445123  
-27.598473  
-29.18555491  
-24.42207577  
-8.662362591  
17.32408005  
46.67722628  
69.08055928  
75.57132436  
63.1842442  
37.02570251  
8.543734392  
-9.393494841  
-8.37635916  
11.51768909  
41.5567189  
68.2485783  
79.53745722  
70.39528738  
45.14189095  
15.36476768  
-5.590233651  
-8.936365915  
5.444442007  
29.05801116  
48.97993403  
54.1457406  
40.73321903  
14.0741927  
-13.79357818  
-29.7451851  
-25.69014304  
-2.3415697  
31.05685575  
60.80994921  
74.67514223  
66.86423939  
39.97927965  
3.258344393  
-31.76769529  
-56.0264138  
-65.92304996  
-63.53868772  
-54.38341235  
-44.19722  
-36.52830899  
-32.13938495  
-30.13537404  
-29.7394025  
-31.38808902  
-36.37608741  
-45.29636533  
-56.38367427  
-65.05773209  
-65.33994274  
-52.71327988  
-27.02482426  
6.230741788  
37.25578656  
55.64857504  
54.91642921  
35.68992078  
5.986785896  
-21.80042062  
-35.9643312  
-30.341  
-6.757401171  
26.03746782  
56.42192848  
75.00816979  
78.42807576  
70.10902833  
57.83472732  
49.4317956  
48.76990787  
54.02194686  
58.9388729  
56.37460188  
42.20319117  
17.63641874  
-11.18814079  
-36.08007522  
-50.63738826  
-53.1220005  
-46.97127006  
-38.76280467  
-34.72308481  
-37.56015991  
-45.18719952  
-51.92081208  
-51.50000086  
-40.39633748  
-19.79194232  
4.700699049  
25.38413716  
35.72606874  
32.98488621  
19.0640232  
-0.654735815  
-19.80385199  
-33.60996662  
-40.41084031  
-41.57345035  
-40.07735743  
-38.61172012  
-38.14573904  
-37.58312769  
-34.518868  
-26.60432311  
-12.82261269  
5.872481603  
26.73126602  
46.00455428  
59.97778626  
65.88547038  
62.51190554  
50.44646084  
32.0268931  
10.97874292  
-8.277127315  
-21.62535101  
-26.38924208  
-22.24086415  
-11.46968475  
1.655071047  
12.33569272  
17.01074705  
14.69581238  
7.261847965  
-1.544720362  
-7.938591306  
-9.931350489  
-8.251931955  
-5.849068748  
-6.179252927  
-11.13452525  
-19.71356253  
-28.22238674  
-32.0326032  
-28.09356012  
-16.91945892  
-2.9320142  
7.207405121  
7.638273557  
-3.677456182  
-23.45243088  
-43.95523833  
-56.04359708  
-53.07183128  
-33.91707693  
-3.710209256  
28.12212834  
51.67088298  
60.52663525  
54.16774965  
37.73463843  
19.37303899  
6.42979687  
2.268643939  
5.12927375  
9.464272454  
9.030535183  
0.2294679521  
-15.87266211  
-33.75590585  
-45.75667311  
-45.4060244  
-30.3075022  
-3.324237422  
28.37894315  
55.97422051  
72.16663255  
