19.27028424  
16.46984926  
14.91008868  
14.93168264  
15.88762914  
16.71339334  
16.53640518  
14.99222742  
12.15142901  
8.221869892  
3.318561304  
-2.484834552  
-8.838864029  
-14.78145805  
-18.70934193  
-18.84533233  
-14.09474925  
-4.896706316  
6.427407815  
16.15677315  
20.43203479  
16.82687277  
5.537360666  
-10.40651008  
-26.09904747  
-36.55065689  
-38.57496279  
-31.95985278  
-19.41613262  
-5.342125793  
6.025069572  
12.23805163  
13.34169478  
11.39859497  
9.146819275  
8.491572798  
9.5762626  
10.85815243  
10.10018991  
5.737765008  
-2.092065494  
-11.38469974  
-19.05211481  
-22.27285528  
-19.75608145  
-12.32396846  
-2.558266273  
6.295340826  
11.63874863  
12.45768896  
9.509228852  
4.760082346  
0.413239185  
-1.997364931  
-2.06582737  
-0.4158734013  
1.786709753  
3.395066719  
3.641086588  
2.200773144  
-0.9316664814  
-5.563778197  
-11.28007753  
-17.29391666  
-22.34777089  
-24.86481344  
-23.43021446  
-17.46430402  
-7.767027252  
3.410666655  
12.93895445  
17.889464  
16.70467035  
9.930614686  
0.1336579321  
-9.02814709  
-14.21831755  
-13.71663127  
-8.027285079  
0.4639934148  
8.615164563  
13.91097505  
15.47319336  
14.2583464  
12.39822303  
12.04054261  
14.26469373  
18.58064197  
23.21275476  
25.98490285  
25.35018513  
21.07570011  
14.29921397  
6.999456549  
1.19432136  
-1.734248364  
-1.316029134  
2.152394874  
7.970054829  
15.33171927  
23.390106  
31.11336132  
37.14599841  
39.91165655  
38.04906213  
31.03696382  
19.67957176  
6.118301591  
-6.763795748  
-16.36368334  
-21.36330839  
-22.22296951  
-20.87772307  
-19.73470313  
-20.43709558  
-23.01335162  
-25.87165298  
-26.6893109  
-23.78245645  
-17.26232166  
-9.345968725  
-3.58083248  
-3.281405841  
-9.894685198  
-22.09333912  
-36.08267012  
-47.04335528  
-51.085947  
-46.83628959  
-35.93386659  
-22.23240746  
-10.09850337  
-2.61195363  
-0.4861814535  
-2.146506561  
-4.826687612  
-6.061154935  
-4.801346198  
-1.633605095  
1.917983866  
4.529494823  
5.964421612  
7.187164513  
9.638551848  
14.1057716  
19.8802408  
24.77025513  
26.07711267  
22.09214733  
13.32578012  
2.740580448  
-5.27903948  
-6.844852893  
-0.4961135831  
11.81756548  
25.27044443  
34.07857511  
33.99229706  
24.23796764  
7.99490283  
-8.854493432  
-20.17407305  
-22.13949416  
-14.78270235  
-1.846470404  
10.94738784  
18.40220566  
17.99002738  
10.70911338  
0.3520235402  
-8.388586768  
-12.05325812  
-9.819585684  
-3.610418089  
3.028490455  
6.66403336  
5.484892958  
-0.06788889863  
-7.731780552  
-14.59171926  
-18.36519429  
-18.21214928  
-14.78282932  
-9.618274602  
-4.303724049  
0.1792515971  
3.64175049  
6.444938742  
9.073699851  
11.81834562  
14.72115166  
17.73517722  
20.89397059  
24.29831327  
27.87567667  
31.06460554  
32.685477  
31.19864851  
25.34100218  
14.88246983  
1.10594109  
-13.3191569  
-25.13643589  
-31.70508159  
-32.09767625  
-27.57685981  
-21.18022117  
-16.53328786  
-16.36574831  
-21.35390027  
-29.78122483  
-38.15972408  
-42.54962839  
-40.03773729  
-29.80102803  
-13.38829751  
5.81340458  
23.65708303  
36.4388436  
41.84440419  
39.42554752  
30.58372343  
18.16172056  
5.774823581  
-3.009118154  
-5.540645379  
-0.8674870626  
9.793858875  
23.13464558  
34.52615367  
39.40331719  
34.88373736  
21.03315593  
1.199276709  
-18.87828921  
-32.99409312  
-36.77209386  
-29.42101961  
-14.17770895  
2.834322617  
14.939151  
17.50910765  
9.75126718  
-5.078634212  
-21.12620272  
-32.42175934  
-35.31893565  
-29.84367024  
-19.40793578  
-9.08018826  
-3.237104352  
-3.665675463  
-8.93465059  
-15.2446917  
-18.28942474  
-15.23173111  
-5.907890997  
7.21507635  
20.20118491  
29.30634679  
32.35745412  
29.28961325  
21.74300872  
12.07357745  
2.353789482  
-6.159118717  
-12.94381235  
-17.74868372  
-20.1596371  
-19.54982071  
-15.47509982  
-8.258629335  
0.6544498847  
8.896972695  
13.95259641  
14.17523845  
9.543760175  
1.732118472  
-6.590611372  
-12.91253234  
-15.91035717  
-15.83017879  
-14.01884819  
-11.86480567  
-9.744637626  
-6.602474818  
-0.4765379455  
10.22311442  
25.32658899  
42.18796513  
56.15931438  
62.21427854  
57.08912055  
40.98062486  
17.95863962  
-5.219942238  
-21.4974703  
-26.14498409  
-18.5344854  
-2.305223958  
16.13515494  
30.12009498  
35.17520859  
30.41166679  
18.3700379  
3.525149253  
-9.770051616  
-18.94399477  
-23.78244131  
-25.80444001  
-26.90414083  
-28.04148238  
-28.67461257  
-27.1973746  
-22.09926744  
-13.18303865  
-2.143228258  
7.862790291  
13.49784091  
12.77767256  
6.092810428  
-3.820469302  
-13.00687817  
-18.03283497  
-17.5450569  
-12.90876975  
-7.594840422  
-5.555732905  
-9.303502225  
-18.5590536  
-30.1076375  
-38.97322134  
-40.44433435  
-32.10388116  
-15.0000916  
6.548338422  
26.44933599  
39.03467638  
41.07498949  
32.8243759  
17.72155626  
0.9313536251  
-12.6329785  
-19.99484984  
-20.8689467  
-17.27860593  
-12.31810193  
-8.679256895  
-7.60559769  
-8.685264343  
-10.47240599  
-11.53485534  
-11.34413969  
-10.53285547  
-10.38583831  
-11.84088408  
-14.55172402  
-16.57001306  
-14.92313619  
-6.92354425  
8.349804596  
29.11070853  
51.00138202  
68.39064948  
76.39470621  
72.81323726  
59.14653494  
40.20188069  
22.37631003  
11.26926233  
9.58246775  
16.16471165  
26.59034846  
35.02279267  
36.58236152  
29.24369585  
14.5099909  
-3.35244568  
-19.12627365  
-28.69456518  
-30.47541916  
-25.70770715  
-17.58698291  
-9.742360623  
-4.780112449  
-3.508726682  
-5.08206406  
-7.846406342  
-10.37424597  
-12.14330552  
-13.56555302  
-15.4433993  
-18.23332351  
-21.57636421  
-24.38175504  
-25.42366976  
-24.10920918  
-20.96331752  
-17.51281016  
-15.57071035  
-16.25669417  
-19.26287776  
-22.78880308  
-24.25504556  
-21.51435828  
-14.00271708  
-3.256430401  
7.514937639  
14.68035368  
15.74769062  
10.54045526  
1.434822466  
-7.503280308  
-12.15808616  
-10.10131326  
-1.679926188  
10.03639047  
20.46392498  
25.3946083  
22.79194338  
13.73993516  
2.126732917  
-6.842337706  
-8.726915438  
-1.699721335  
12.59112021  
29.51664547  
43.15589473  
48.53829393  
43.56569077  
29.84888868  
12.10568362  
-3.670236896  
-12.56701807  
-12.70877902  
-6.012701697  
2.584821668  
7.157763684  
3.281523912  
-10.02136801  
-29.69513307  
-49.70197383  
-63.318864  
-65.75954799  
-56.04480283  
-37.33935908  
-15.61021781  
2.824335481  
13.80427848  
16.81437606  
14.8132811  
12.50834128  
13.88280895  
20.12886889  
28.9653736  
35.68685084  
35.48321529  
25.95792245  
8.646155074  
-11.23355413  
-26.75885026  
-32.17275836  
-25.36724984  
-8.854587437  
11.2286876  
27.6525737  
35.03320472  
31.88169144  
20.88752636  
7.385533372  
-3.213378041  
-7.799887142  
-6.666449723  
-2.897178029  
-0.4545592083  
-1.986350465  
-7.472095133  
-14.36616359  
-19.11182594  
-19.19453711  
-14.62683905  
-8.052845956  
-3.376509535  
-3.596156877  
-8.969172574  
-16.50696105  
-21.16074143  
-18.2131514  
-5.757721053  
13.95281901  
35.01582938  
50.11271259  
53.51988485  
43.56478496  
23.43143362  
-0.04098063735  
-19.0276309  
-27.68586743  
-24.16828911  
-10.91229339  
6.760930406  
22.972496  
33.44577971  
36.61135111  
33.3648446  
25.85557669  
16.09533117  
5.146412517  
-6.772514051  
-19.4865188  
-31.99166404  
-42.15593759  
-47.29211606  
-45.37729376  
-36.28349131  
-22.31232831  
-7.640497212  
3.177387586  
7.011560618  
3.443002426  
-5.073135207  
-14.25695449  
-19.79523138  
-19.07321246  
-12.0959435  
-1.248667744  
9.910482033  
18.212129  
22.07179906  
21.84047478  
