55.09858963  
45.71618499  
28.23650086  
6.384450132  
-14.94293892  
-31.30076758  
-40.08427052  
-41.13569205  
-36.37741786  
-28.7092656  
-20.71708677  
-13.78390657  
-7.960804769  
-2.560152932  
2.924699862  
8.11710921  
11.68241975  
11.94746384  
7.901245318  
0.04103482084  
-9.422382087  
-17.18633793  
-20.08489361  
-16.39366547  
-6.61812817  
6.60634944  
19.47535983  
28.42309494  
31.37203805  
28.31198474  
21.02004818  
12.12786794  
4.017289735  
-1.945591224  
-5.546831764  
-7.284006676  
-7.691966256  
-6.868088517  
-4.481677005  
-0.2484329086  
5.438713483  
11.15181641  
14.65146794  
13.69561088  
7.10336048  
-4.442782208  
-18.30558559  
-30.65868992  
-37.85476351  
-37.83626719  
-30.9713809  
-19.9261293  
-8.599934788  
-0.5669057891  
2.312563162  
0.5195334592  
-3.509285043  
-6.586303098  
-6.247425239  
-1.842293743  
5.226058552  
12.19037336  
16.20427546  
15.63958397  
10.82591734  
3.92477553  
-1.984912227  
-4.19771787  
-1.494430803  
5.378624436  
14.0333192  
21.39776308  
24.89289041  
23.35239852  
17.34773138  
8.840103125  
0.3503334036  
-5.994250685  
-9.163233071  
-9.436185831  
-8.093825091  
-6.756558883  
-6.657300352  
-8.136583083  
-10.54337908  
-12.56179622  
-12.82263933  
-10.5540061  
-6.010860512  
-0.5018138224  
4.022566668  
5.689800204  
3.475313964  
-2.278098124  
-9.822423058  
-16.51320877  
-19.72066986  
-17.82323143  
-10.8981695  
-0.8072680803  
9.407510187  
16.63011414  
18.86818937  
16.06215204  
10.14966079  
4.314237257  
1.68306986  
3.986034237  
10.73624142  
19.30526294  
25.91197628  
27.1612548  
21.52187185  
10.12902188  
-3.450374452  
-14.44149177  
-18.62355275  
-13.95155313  
-1.403181259  
15.28560385  
30.89943436  
40.54890385  
41.31977868  
33.16170039  
18.72057638  
2.231947145  
-12.05940299  
-21.3370569  
-24.9860624  
-24.46883178  
-22.43012005  
-21.44335447  
-22.91689588  
-26.57902065  
-30.70599422  
-32.95818831  
-31.45943485  
-25.67822327  
-16.76292512  
-7.202957259  
0.05390586988  
2.695954971  
-0.05475434042  
-7.077135429  
-15.66347665  
-22.41255704  
-24.39855571  
-20.20700474  
-10.468056  
2.313525399  
14.58707301  
22.96347553  
25.37776123  
21.78918407  
14.1591812  
5.707014604  
-0.2895440282  
-1.705611127  
1.66289386  
8.068610914  
14.53440677  
18.05114843  
16.78623797  
10.82856444  
2.173641652  
-6.048792615  
-10.80109048  
-10.33291805  
-4.870281053  
3.474881464  
11.53735698  
16.3403444  
16.25261826  
11.60472194  
4.527675071  
-1.912710336  
-4.935667184  
-3.137127194  
2.968569043  
11.15444607  
18.33696549  
21.73853215  
19.90781276  
13.22230019  
3.709302449  
-5.714621134  
-12.27666117  
-14.26362593  
-11.50407047  
-5.284235735  
2.215799404  
8.714708385  
12.5449168  
13.05084297  
10.58085256  
6.14873077  
0.9548315138  
-4.020199793  
-8.203596253  
-11.37545448  
-13.46067282  
-14.31934547  
-13.67035583  
-11.20171118  
-6.815250285  
-0.8743604165  
5.692267518  
11.52165595  
15.16948222  
15.56740183  
12.40870993  
6.301467791  
-1.386236719  
-8.943778369  
-14.84785759  
-18.20844408  
-18.96852013  
-17.79396832  
-15.71294681  
-13.66000957  
-12.1104587  
-10.94456876  
-9.581383243  
-7.310407615  
-3.673836743  
1.260206411  
6.839758818  
12.00154579  
15.5989314  
16.75776306  
15.13440551  
10.99959738  
5.141834455  
-1.354722633  
-7.373855253  
-11.99505163  
-14.64050942  
-15.13329436  
-13.6833731  
-10.82432745  
-7.315400401  
-4.013596341  
-1.719655151  
-1.012059468  
-2.100268207  
-4.739361147  
-8.244060387  
-11.61820635  
-13.78148293  
-13.84200583  
-11.34315925  
-6.414817121  
0.2187924808  
7.384900181  
13.73171928  
18.05715667  
19.61400976  
18.30936693  
14.73857695  
10.03396695  
5.560162925  
2.536220062  
1.69532944  
3.09007031  
6.111037065  
9.7163835  
12.7937347  
14.52340891  
14.60837945  
13.28846873  
11.14593963  
8.800100429  
6.637363502  
4.705016793  
2.815469317  
0.7995823966  
-1.235776154  
-2.803571114  
-3.17408441  
-1.717831132  
1.701115669  
6.487923378  
11.39143596  
14.90803303  
15.86796201  
13.9474435  
9.855616601  
5.075332137  
1.239498991  
-0.5941889372  
-0.4372529664  
0.6148877558  
0.885879504  
-1.065835264  
-5.684899705  
-12.07547291  
-18.26707412  
-22.00816907  
-21.75758311  
-17.43683119  
-10.59555223  
-3.891536356  
-0.08673576769  
-0.9726158503  
-6.670446368  
-15.58665266  
-25.02125694  
-32.15516988  
-35.003214  
-32.96710764  
-26.8249329  
-18.24611714  
-9.105633607  
-0.9083877312  
5.475739274  
9.752627906  
11.96666596  
12.28504471  
10.93451931  
8.282922963  
4.940254117  
1.729897432  
-0.5330290268  
-1.375548634  
-0.9202722558  
0.135126391  
0.8797304189  
0.7633185351  
0.09517717508  
0.1580370912  
2.777506055  
9.451093114  
20.3953155  
33.97599895  
46.87419884  
55.03663731  
