31.81699171  
19.30425997  
2.296584835  
-15.76932065  
-31.43307726  
-42.16243091  
-46.84168536  
-45.73196335  
-40.05763757  
-31.47639208  
-21.65442821  
-12.03970486  
-3.791521618  
2.243525348  
5.595357778  
6.276382803  
4.851216618  
2.370939468  
0.127311266  
-0.71880113  
0.502467267  
3.773850503  
8.444907458  
13.50693004  
17.95741454  
21.08885149  
22.58987254  
22.45616218  
20.81326986  
17.79254927  
13.55233773  
8.427368355  
3.084048047  
-1.474985096  
-4.148111028  
-4.166066676  
-1.530971695  
2.780405389  
7.021662832  
9.283595663  
8.288669367  
4.028793795  
-2.074204689  
-7.621765259  
-10.17007087  
-8.269283392  
-2.157108847  
6.225856564  
13.94949918  
18.26432133  
17.74040425  
12.88093111  
5.930389333  
-0.05761416009  
-2.504614666  
-0.3984318078  
5.27314822  
11.92675311  
16.44656721  
16.44982418  
11.22485556  
1.969075123  
-8.734420288  
-17.9397803  
-23.40755738  
-24.28391222  
-21.15968442  
-15.56931856  
-9.226835238  
-3.375546905  
1.474761601  
5.37274317  
8.488952541  
10.71361021  
11.54186551  
10.32426258  
6.744942452  
1.247649917  
-4.866108501  
-9.790559163  
-11.91761838  
-10.59271463  
-6.569318307  
-1.911833474  
0.6759402977  
-1.130835981  
-8.302595576  
-19.91415077  
-33.26887917  
-44.66526745  
-50.54063397  
-48.59261268  
-38.50065226  
-22.02782599  
-2.506697567  
16.08754606  
30.16782599  
37.371972  
37.01110042  
30.07587986  
18.86907997  
6.402254999  
-4.29076906  
-10.79198944  
-11.7862539  
-7.319469555  
1.227028398  
11.46511732  
20.59134358  
26.12369173  
26.5972453  
22.00669675  
13.82955717  
4.581151343  
-2.990001919  
-6.818194876  
-6.234511918  
-2.212393472  
2.969930026  
6.557596326  
6.357473889  
1.612206203  
-6.623869931  
-15.7728595  
-22.61285051  
-24.45295882  
-20.18337844  
-10.80457527  
0.7892258482  
10.7355798  
15.54057303  
13.36393231  
4.783381194  
-7.266736553  
-18.40499225  
-24.27760347  
-22.09738207  
-11.69883789  
4.288354164  
21.24232221  
34.07261917  
38.93781743  
34.54454369  
22.55562706  
6.9555643  
-7.392499568  
-16.46036907  
-18.39976807  
-14.02459548  
-6.275022803  
1.092312517  
5.044290797  
4.419658715  
0.2406589247  
-4.899985167  
-8.077560607  
-7.346714011  
-2.560427411  
4.637640079  
11.61073039  
15.9330177  
16.44736058  
13.70482755  
9.605741438  
6.42939324  
5.715521251  
7.520327848  
10.38816511  
12.04469214  
10.48376853  
4.942771728  
-3.680225639  
-13.15167779  
-20.81229134  
-24.6533352  
-24.08023445  
-20.04605879  
-14.53726196  
-9.687404391  
-6.941933265  
-6.637143476  
-8.126795752  
-10.31292007  
-12.2523864  
-13.50729411  
-14.07942765  
-14.0205571  
-13.00558116  
-10.18670884  
-4.494928235  
4.704712909  
16.92726035  
30.24904232  
41.62010163  
47.78526745  
46.48520642  
37.4358422  
22.6370327  
5.827215545  
-8.737408353  
-17.7060648  
-19.69640124  
-15.59068489  
-7.988666498  
-0.09243729904  
5.485315244  
7.509005152  
6.242960839  
2.963382476  
-0.8278202682  
-4.087528709  
-6.524211295  
-8.443414717  
-10.32185909  
-12.39777233  
-14.51096881  
-16.24924604  
-17.26489628  
-17.52616624  
-17.31721414  
-16.96593276  
-16.46444179  
-15.24125317  
-12.2862152  
-6.640703886  
1.954609266  
12.59269009  
23.20994502  
31.16269202  
34.18181209  
31.30769921  
23.37702141  
12.80939409  
2.747970308  
-4.098920097  
-6.429962227  
-4.735553488  
-0.9603485923  
2.3700852  
3.150980265  
0.4001405984  
-5.587988461  
-13.60219961  
-22.11853626  
-29.80633047  
-35.71171446  
-39.12660281  
-39.35991707  
-35.69078437  
-27.65800273  
-15.59458092  
-1.091611448  
12.98517659  
23.13998659  
26.43902105  
21.8040198  
10.8046749  
-2.523758622  
-12.92501577  
-15.83324632  
-9.204051066  
5.522624924  
23.7981549  
39.59835601  
47.68629053  
45.58597006  
34.45286213  
18.49073333  
3.183576108  
-6.889347474  
-9.730795724  
-6.422789521  
-0.3099756696  
4.688360501  
5.842835135  
2.681181342  
-3.047895822  
-8.393090171  
-10.6456778  
-8.511497609  
-2.504051028  
5.528770556  
13.40712689  
19.59051107  
23.63355338  
25.96000449  
27.17113978  
27.34976823  
25.80291648  
21.42260565  
13.47966145  
2.399327302  
-9.956041644  
-20.73359145  
-27.12324184  
-27.51253686  
-22.20321829  
-13.32058378  
-3.933063877  
3.210744791  
6.726661056  
6.925605003  
5.292392059  
3.408342143  
1.902626423  
0.01154772518  
-3.981967852  
-11.61753335  
-23.00880765  
-36.16097391  
-47.30367618  
-52.21180898  
-47.9901246  
-34.52536741  
-14.90261106  
5.487106784  
20.84414279  
27.0993071  
23.40372  
12.34565643  
-1.184504913  
-11.98283271  
-16.52338747  
-14.12880893  
-6.880713291  
1.607104885  
7.94553517  
10.45466799  
9.741936124  
8.178266295  
8.576995797  
12.71641245  
20.37917467  
29.3153159  
36.10793528  
37.53224742  
