19.77908096  
18.77191651  
13.33557502  
4.389069424  
-6.299199714  
-16.62094345  
-24.6551341  
-29.06171195  
-29.27027425  
-25.47876614  
-18.53039412  
-9.739136167  
-0.6968468818  
6.948035903  
11.76456331  
12.85954643  
10.17715087  
4.658386405  
-1.860689283  
-7.065378307  
-8.824658085  
-5.906572133  
1.510803488  
11.75250698  
22.064772  
29.42919003  
31.50257357  
27.35244956  
17.72980444  
4.798145418  
-8.556193382  
-19.56002298  
-26.23763343  
-27.74403961  
-24.31787225  
-16.98060227  
-7.178593467  
3.47779488  
13.34152226  
20.80563769  
24.45770146  
23.38187909  
17.5465214  
8.088863604  
-2.726935768  
-12.00394595  
-17.0817482  
-16.48997006  
-10.58535161  
-1.541929903  
7.391527596  
13.13058426  
14.00180214  
10.45453489  
4.887560849  
0.6100419527  
0.346765381  
4.928731949  
12.76485626  
20.37310426  
23.79043154  
20.28218155  
9.616233548  
-5.666306386  
-21.12972792  
-32.12210849  
-35.55567697  
-31.04616491  
-20.94724333  
-9.294800123  
-0.1401427481  
4.004219567  
2.961645035  
-1.354235692  
-6.043362532  
-8.63069186  
-8.133185129  
-5.328826357  
-2.168703635  
-0.6739378216  
-1.879827109  
-5.335112184  
-9.371925578  
-11.97922955  
-11.82507305  
-8.914800503  
-4.564457338  
-0.7121854867  
1.083428575  
0.4571417352  
-1.545129401  
-2.962921712  
-1.903609583  
2.456192628  
9.334858226  
16.5497491  
21.39582023  
21.82175515  
17.38481839  
9.555766586  
1.225040554  
-4.396109191  
-5.030308064  
-0.2347351364  
8.409343205  
17.88108159  
24.83430531  
26.80264724  
23.04509814  
14.74386515  
4.524151617  
-4.488783659  
-9.717837512  
-9.930453601  
-5.549719444  
1.569184278  
8.774852983  
13.44019959  
13.71928407  
9.044171235  
0.2549657692  
-10.64518859  
-21.0345216  
-28.378409  
-30.92290116  
-28.19656005  
-21.17357259  
-12.0262155  
-3.504619184  
1.898371357  
2.749520951  
-0.8226115693  
-7.12092708  
-13.41059916  
-16.84149204  
-15.46208416  
-8.967113712  
1.106600512  
11.83630719  
19.88589733  
22.66135913  
19.23377203  
10.68719711  
-0.2465089594  
-10.14031418  
-16.06533161  
-16.5851939  
-12.18647945  
-4.994766492  
2.100992245  
6.568121629  
7.158656623  
4.29419959  
-0.2238897698  
-4.039962716  
-5.256196291  
-3.215972597  
1.253652222  
6.224329538  
9.499192388  
9.540893705  
6.109460118  
0.3554254386  
-5.653278864  
-9.756689871  
-10.52906759  
-7.770020571  
-2.48226537  
3.616881363  
8.809535469  
11.99852324  
12.98529443  
12.32820567  
10.90210942  
9.406496002  
8.070163149  
6.679529606  
4.880832852  
2.562423869  
0.08507932113  
-1.786372881  
-2.231734373  
-0.8267822139  
2.14976705  
5.740932865  
8.6913192  
10.01822089  
9.495227612  
7.790404701  
6.156355282  
5.788628688  
7.146802295  
9.577137684  
11.45718611  
10.8479678  
6.395158819  
-1.917144361  
-12.51748917  
-22.65467554  
-29.32993231  
-30.38737122  
-25.31872522  
-15.45467258  
-3.473418182  
7.556956987  
15.20118899  
18.33851799  
17.26887193  
13.27310166  
7.889344734  
2.264982925  
-3.132530675  
-8.365519872  
-13.58316053  
-18.57148398  
-22.57024877  
-24.47792763  
-23.35419572  
-18.96427254  
-12.0753646  
-4.326812447  
2.300716302  
6.1971929  
6.704958255  
4.315060363  
0.3986013628  
-3.395353085  
-5.798435854  
-6.34763953  
-5.407530346  
-3.817608924  
-2.366375424  
-1.365175507  
-0.5312782819  
0.7727964422  
3.078869921  
6.377957126  
9.946914406  
12.54668509  
12.9226605  
10.3885394  
5.228031366  
-1.276988695  
-7.222907055  
-10.72385848  
-10.56447064  
-6.616155426  
0.1289033687  
7.896840511  
14.69594062  
18.89158125  
19.60409303  
16.83611004  
11.34840538  
4.383526832  
-2.643979994  
-8.40745481  
-11.85403716  
-12.33757603  
-9.724844597  
-4.471775325  
2.374538314  
9.308894682  
14.66865988  
17.06484059  
15.82641818  
11.29323212  
4.811083769  
-1.626452631  
-6.011240421  
-7.026071716  
-4.562769892  
0.1653628995  
4.998483711  
7.591686884  
6.301803854  
0.869823349  
-7.375877952  
-15.90288623  
-21.83341813  
-22.97853113  
-18.66676535  
-10.04759363  
0.2628326016  
9.081457689  
13.78199899  
13.22818904  
8.167071603  
0.9312062622  
-5.440673297  
-8.334167426  
-6.513525033  
-0.5407589753  
7.493359637  
14.8130178  
19.04147236  
19.10021806  
15.57432081  
10.40723886  
6.053298646  
4.428863059  
6.081142074  
9.907164164  
13.53955009  
14.25628645  
10.06902348  
0.576154548  
-12.74454687  
-26.91886399  
-38.40148911  
-44.215916  
-42.9103346  
-35.00442808  
-22.78772717  
-9.55701767  
1.433417386  
7.950853178  
9.376145709  
6.73736549  
2.208298796  
-1.729759972  
-3.16386163  
-1.36778792  
3.031237603  
8.370673331  
12.62343705  
14.17384445  
12.42266701  
8.011646537  
2.594767028  
-1.756355674  
-3.29828449  
-1.24790032  
3.919540882  
10.60520161  
16.59821787  
