14.64797546  
16.08180536  
12.68404378  
4.818196362  
-5.38586283  
-14.80799264  
-20.54379266  
-21.04083885  
-16.68941723  
-9.622846436  
-2.818632291  
1.11326837  
0.9441284088  
-2.770995133  
-8.041002155  
-12.35005451  
-13.71353711  
-11.42106417  
-6.174820899  
0.3812905272  
6.472513892  
10.94110091  
13.58996851  
15.00202083  
15.98249786  
16.95457363  
17.64832619  
17.25763492  
14.984124  
10.67070133  
5.161838871  
0.1493986004  
-2.482482487  
-1.537289051  
2.80572755  
8.853902154  
13.93671592  
15.42889184  
11.83929175  
3.49364716  
-7.497252389  
-17.98660195  
-24.95107143  
-26.58184814  
-22.8685154  
-15.46788962  
-6.961302183  
0.1480390863  
4.26871205  
5.075477062  
3.319042809  
0.2737233552  
-2.861957057  
-5.331788838  
-6.845150779  
-7.35026588  
-6.777984239  
-4.962864546  
-1.808518257  
2.415809526  
6.874366162  
10.26227942  
11.24704493  
9.092247152  
4.158330816  
-2.014994277  
-7.166923554  
-9.175884527  
-6.964824281  
-1.034246987  
6.652788355  
13.42340252  
16.97701347  
16.32383782  
12.16024604  
6.514478221  
1.829897445  
-0.09064502952  
1.198716957  
4.71509384  
8.610714562  
11.0629796  
11.04190451  
8.595061451  
4.557642302  
-0.09822556422  
-4.875243954  
-9.957108021  
-15.87851257  
-22.84407027  
-30.10757124  
-35.83239138  
-37.62736575  
-33.59565111  
-23.42625103  
-8.965420879  
6.107855255  
17.48209423  
21.84673176  
18.27073466  
8.700420739  
-2.694363052  
-11.10005058  
-12.928022  
-7.196842523  
4.143239658  
17.05996661  
27.07896675  
31.00754144  
28.03223942  
19.78436589  
9.434404684  
0.2842316345  
-5.50026041  
-7.500300882  
-6.828183277  
-5.302086755  
-4.476642045  
-4.996532347  
-6.519697747  
-8.14268907  
-9.018200621  
-8.799768903  
-7.694959329  
-6.158727857  
-4.472186348  
-2.508259539  
0.1402237041  
3.730537273  
7.906072515  
11.52442275  
12.96881224  
10.87123225  
4.921720852  
-3.664321039  
-12.33173197  
-18.04057615  
-18.47375922  
-13.07486646  
-3.427133879  
7.24526065  
15.28401306  
18.01593697  
14.78085987  
7.129931653  
-1.879035648  
-8.965673722  
-11.92196789  
-10.36577658  
-5.666249604  
-0.1392016534  
4.067849369  
5.869546176  
5.526314416  
4.24558135  
3.362360956  
3.549120038  
4.463469562  
4.99978305  
3.994279525  
1.000055736  
-3.286283632  
-7.18942462  
-8.757907453  
-6.681100657  
-0.984797068  
6.832477264  
14.30262765  
18.91837874  
19.08948524  
14.72225261  
7.199548791  
-1.19240019  
-8.114082892  
-11.93414994  
-12.11827971  
-9.159758729  
-4.177200907  
1.573150754  
7.038284098  
11.45918632  
14.27084304  
14.97594181  
13.15115398  
8.6366054  
1.815038991  
-6.208207335  
-13.70053186  
-18.7276136  
-19.79264956  
-16.43976072  
-9.54953682  
-1.162954041  
6.136917404  
10.06558421  
9.381082637  
4.251047983  
-3.879168217  
-12.83455814  
-20.43382809  
-25.10263772  
-26.17297557  
-23.82462158  
-18.78283231  
-11.96728548  
-4.262136578  
3.53142419  
10.62346895  
16.180569  
19.40432353  
19.76183955  
17.26696803  
12.64126282  
7.209297954  
2.500615495  
-0.3141232302  
-0.9133673752  
0.0028478067  
0.9838005744  
0.4726727066  
-2.430029599  
-7.422538386  
-12.94943652  
-16.71600524  
-16.59663225  
-11.57666423  
-2.325557113  
8.867890943  
18.81305859  
24.53043064  
24.33111697  
18.43793892  
8.90311598  
-1.141626041  
-8.60359954  
-11.48065315  
-9.455113656  
-3.839674785  
3.048295756  
8.791240186  
11.68151651  
11.14615334  
7.689342084  
2.469771929  
-3.236348063  
-8.43234464  
-12.52122503  
-15.18022319  
-16.15191516  
-15.14109305  
-11.92090432  
-6.602904072  
0.1021452351  
6.838909947  
11.89608976  
13.77685645  
11.83055156  
6.649199361  
-0.001140090397  
-5.753067808  
-8.521211506  
-7.338361965  
-2.775567479  
3.263295302  
8.31442518  
10.37956726  
8.762070541  
4.339867437  
-0.8569755664  
-4.586182388  
-5.43314832  
-3.476485855  
-0.2637335595  
1.910908718  
1.115101008  
-3.225654714  
-9.907567693  
-16.32039566  
-19.47708921  
-17.26947887  
-9.4071303  
2.37312403  
14.92616802  
24.88521904  
29.91193619  
29.48454801  
24.9093827  
18.58672143  
12.88680467  
9.150123695  
7.250592272  
5.888136463  
3.437484149  
-1.072946007  
-7.329117162  
-13.75279809  
-18.17198354  
-18.82995876  
-15.26243939  
-8.628980653  
-1.332340004  
3.918922332  
5.198430993  
2.129597574  
-3.99385082  
-10.7728054  
-15.6942624  
-17.11461031  
-14.82307343  
-9.975726382  
-4.476531083  
-0.1180591122  
2.121891842  
2.332489013  
1.405458962  
0.433873578  
0.1008865131  
0.3663800261  
0.5929326729  
0.02056479821  
-1.678666218  
-4.076558325  
-6.087300865  
-6.463220208  
-4.451428141  
-0.2769220192  
4.815673997  
9.025533418  
10.78067444  
9.489589692  
5.894262264  
1.82518553  
-0.5723884981  
0.1810355522  
4.149556414  
9.821477358  
