31.24591053  
30.02982695  
22.51244525  
10.53358055  
-2.867931274  
-14.19063633  
-20.44558043  
-20.07922665  
-13.50903292  
-3.032045856  
7.914090093  
15.89876111  
18.63416619  
15.66572555  
8.359668692  
-0.7767948901  
-9.126768068  
-14.8940931  
-17.5508758  
-17.66516699  
-16.27044916  
-14.14780273  
-11.40887822  
-7.589046965  
-2.177302554  
4.731948363  
12.0563819  
17.87507889  
20.10150097  
17.39611177  
9.892092138  
-0.6267259802  
-11.21502967  
-18.73919394  
-20.93564237  
-17.12666448  
-8.33227089  
3.20924162  
14.85382862  
24.33448427  
30.22747788  
32.01383511  
29.85622636  
24.31910001  
16.21918686  
6.643058293  
-2.991449232  
-11.01958297  
-15.87364757  
-16.62216653  
-13.46297042  
-7.867780172  
-2.189125921  
1.20979985  
0.9744294605  
-2.539904281  
-7.270601909  
-10.25060193  
-8.932480659  
-2.472642049  
7.62678767  
17.8787903  
24.10297989  
23.1450416  
14.29254991  
-0.2514159219  
-16.09001897  
-28.28699252  
-33.27669225  
-30.22742173  
-21.28291686  
-10.58694321  
-2.520243717  
0.08853186402  
-2.980095376  
-9.434728208  
-15.63691113  
-18.28043496  
-15.83108901  
-9.106166901  
-0.7779557645  
5.928051682  
8.721166316  
7.240833374  
3.128073102  
-0.8255225241  
-2.030876222  
0.6784260817  
6.516843481  
13.13661915  
17.7399496  
18.38957003  
14.91012268  
8.9657455  
3.278913531  
0.3484193926  
1.25525788  
5.11040554  
9.414938316  
11.19427325  
8.41583275  
1.056972348  
-8.675463238  
-17.11834763  
-20.63368073  
-17.19622722  
-7.414032984  
5.480170703  
16.71842282  
21.77619661  
18.15527942  
6.464264563  
-9.646781917  
-24.69767139  
-33.28943139  
-31.99902676  
-20.55322476  
-1.863936928  
19.04967947  
36.80832654  
47.41451308  
49.35851969  
43.74349901  
33.48799806  
22.01208997  
11.97170917  
4.521164222  
-0.6860732596  
-4.877629327  
-9.283751984  
-14.42194055  
-19.83583404  
-24.34122103  
-26.59873225  
-25.71437467  
-21.60213588  
-14.99582694  
-7.176436644  
0.4037237861  
6.419828711  
9.814897549  
9.828360591  
6.034369025  
-1.514938733  
-12.05658338  
-23.93717075  
-34.68386101  
-41.45881565  
-41.85208405  
-34.76745479  
-21.03377705  
-3.418956749  
14.06744566  
27.39736384  
33.83697945  
32.83270901  
26.10056571  
16.86837274  
8.577695035  
3.586436489  
2.410965582  
3.805308781  
5.598504859  
5.873186788  
3.922721082  
0.5415394491  
-2.472184977  
-3.341863951  
-1.350014361  
2.638203523  
6.448557947  
7.569504196  
4.380551017  
-2.943184097  
-12.29887739  
-20.39932359  
-24.09466755  
-21.7041915  
-13.77351705  
-2.917772656  
7.190936142  
13.26471648  
13.66440028  
8.970945066  
1.655072626  
-4.977740864  
-8.098449841  
-6.378717189  
-0.3466471956  
7.996172245  
16.05297759  
21.58626508  
23.3563242  
21.2513519  
15.97809776  
8.574754175  
0.04393208834  
-8.722153524  
-16.76269885  
-22.83078914  
-25.39777732  
-23.02346636  
-15.01507017  
-2.085157562  
13.36550166  
27.61143633  
36.62055787  
37.42380111  
29.31769291  
14.37465462  
-3.035634214  
-17.62861702  
-25.02263714  
-23.30946529  
-13.75108154  
-0.2978501583  
11.91412064  
18.51159781  
17.51122564  
9.97729323  
-0.5463373793  
-9.583418269  
-13.59967674  
-11.41972539  
-4.601577084  
3.366247643  
8.671943126  
8.874409814  
3.936380586  
-3.849763411  
-10.99069989  
-14.44625168  
-13.04316795  
-7.994356568  
-2.283269361  
0.7987493357  
-0.7269988036  
-6.521171837  
-14.03103898  
-19.68188266  
-20.61174788  
-16.12891386  
-8.17567147  
-0.5295354967  
2.935751323  
0.1461071454  
-8.012217235  
-17.85446661  
-24.37777196  
-23.44649039  
-13.7210794  
2.547277495  
20.24999398  
33.40256388  
37.53748211  
31.48306878  
17.77152957  
1.522156008  
-11.68908343  
-18.0363011  
-16.78740097  
-10.2605765  
-2.501475699  
2.654366355  
3.237327867  
-0.1942917679  
-5.101398731  
-8.370239126  
-7.859271853  
-3.356781815  
3.450278208  
9.901466056  
13.67172911  
13.81245646  
11.05499181  
7.302025089  
4.632556015  
4.353392311  
6.554269264  
10.32185409  
14.41117777  
17.94956498  
20.76978866  
23.21152718  
25.55431567  
27.46805231  
27.86617297  
25.31988984  
18.86222357  
8.758712411  
-3.20957881  
-14.1866231  
-21.27955479  
-22.74599417  
-18.77211774  
-11.44932793  
-3.928970529  
0.8723737081  
1.422883129  
-1.945054986  
-7.428956129  
-12.80110552  
-16.56766072  
-18.65626369  
-20.29063449  
-23.12476573  
-28.0893957  
-34.55978129  
-40.30641131  
-42.31006369  
-38.09382478  
-26.95822999  
-10.52899981  
7.666569497  
23.43764631  
33.45564356  
36.41580234  
33.35325456  
27.01390591  
20.59153518  
16.39782594  
15.02499212  
15.31204158  
15.06102491  
12.14111854  
5.492104652  
-4.367788296  
-15.48149012  
-25.11957245  
-30.67429914  
-30.45158387  
-24.13184889  
-12.82707602  
1.206192866  
15.07561035  
25.86372995  
