95.79831524  
76.57235467  
51.6176527  
25.62736832  
1.898877019  
-17.61010491  
-31.66639301  
-39.18855401  
-39.17573642  
-31.21128533  
-16.21238194  
3.098895542  
22.42358423  
36.88818345  
42.49816434  
37.46714282  
22.86848581  
2.331035836  
-19.10385776  
-36.51820851  
-46.47830548  
-47.77423752  
-41.37851137  
-29.77512531  
-16.01040323  
-2.839910085  
7.78554489  
14.84937061  
18.13083784  
17.97762175  
15.12452033  
10.59554154  
5.63624506  
1.592694998  
-0.3105173614  
0.73261827  
4.829959374  
11.24463449  
18.46629694  
24.51504195  
27.41535503  
25.71828855  
18.92764203  
7.701788967  
-6.246879847  
-20.55785736  
-32.85022076  
-41.40627889  
-45.69763352  
-46.55085638  
-45.83908252  
-45.73967634  
-47.77614009  
-51.99194205  
-56.619111  
-58.47055118  
-54.02863884  
-40.90901499  
-19.16740781  
8.107024171  
35.26880375  
55.64628449  
63.69149894  
57.02235073  
37.58826244  
11.44170411  
-12.93236476  
-27.25320201  
-26.19057307  
-9.275351593  
18.72101009  
49.12581864  
72.02302076  
79.3708709  
67.55630658  
38.55150287  
-0.6889833026  
-40.36244902  
-70.75796543  
-85.03864424  
-81.00136525  
-61.33289976  
-32.40496202  
-2.120334219  
22.42094343  
36.69945995  
39.54495097  
32.84482083  
20.49885473  
7.105954192  
-3.173125014  
-7.341009935  
-3.888175779  
7.115107293  
23.99812904  
43.52135722  
61.11648931  
71.55946745  
70.18362999  
54.4540971  
25.40611568  
-11.72164716  
-48.20141048  
-73.98634135  
-80.83249717  
-65.34716422  
-30.7642607  
13.43355994  
54.18131067  
79.02033424  
80.35948708  
58.20909391  
20.2823184  
-20.66562268  
-51.31554227  
-62.40662051  
-51.7625961  
-24.61704398  
8.786183132  
37.26919224  
52.80302855  
53.01196798  
41.2428393  
24.38973549  
9.566677675  
1.108489518  
-0.8847513923  
-0.0007074090499  
-1.395838715  
-9.160690114  
-24.3419587  
-44.39724647  
-64.17659244  
-77.88388131  
-81.14612048  
-72.40437867  
-53.23641547  
-27.69770253  
-1.098340216  
21.29584885  
35.3034841  
38.50558166  
30.61225052  
13.57406323  
-8.606731286  
-30.49234489  
-46.3303216  
-51.54995579  
-44.23741808  
-26.02780181  
-1.932438575  
21.03380969  
36.06886933  
38.87815156  
29.16728356  
10.71846392  
-10.00789489  
-26.2020727  
-33.04357433  
-29.15148832  
-16.65887071  
-0.02316277943  
15.80719029  
27.05883451  
32.01326275  
30.92775762  
25.28654658  
16.91451613  
7.418022089  
-1.890587304  
-9.771647663  
-14.9024108  
-16.0595227  
-12.62644089  
-5.118596276  
4.685607401  
14.24807058  
21.28296466  
24.80255875  
25.61090951  
25.88633771  
27.96750039  
32.93123072  
39.74699096  
45.56765619  
47.14447743  
42.71666766  
33.36969014  
23.01021494  
16.74420834  
18.27821046  
27.57110753  
40.00002763  
47.69464076  
42.68758397  
20.60008906  
-16.80304629  
-61.46498842  
-101.549403  
-125.6728398  
-127.1090302  
-106.1922314  
-69.93195612  
-29.08500326  
5.963356803  
28.69769618  
37.92757823  
36.80723723  
30.18474088  
21.76682917  
12.53728503  
1.103637412  
-14.41458374  
-34.15401231  
-55.27778734  
-72.51986432  
-80.29230242  
-75.27789407  
-58.13675326  
-33.38976264  
-7.478675743  
14.04966989  
28.82292931  
38.24353577  
46.12746124  
56.11408082  
69.21820582  
82.82902758  
91.71873124  
90.58913776  
76.88798709  
52.47498498  
23.28527479  
-2.870672133  
-19.32673625  
-22.99299094  
-15.14153845  
-0.3465950077  
15.71479628  
28.41036478  
35.23440223  
35.51603116  
29.27356597  
16.20787269  
-4.321827299  
-32.18659064  
-64.92064034  
-96.85546739  
-119.9142681  
-126.197588  
-111.4423111  
-77.73808041  
-33.96537499  
6.672810509  
31.30920863  
32.41001268  
10.92864092  
-23.87827088  
-58.02770743  
-78.30875061  
-77.34238627  
-56.03362594  
-22.44288392  
12.2554939  
38.7551011  
53.21826629  
57.93616553  
58.97464348  
62.20474715  
69.85348996  
79.35892479  
85.06843235  
81.81536683  
68.41261743  
49.11556147  
32.12996247  
25.76003491  
34.04703982  
54.10200862  
76.59770264  
89.39972951  
82.80226592  
54.02112137  
8.88053651  
-40.12381671  
-78.58373463  
-95.72002901  
-88.37226133  
-61.85124876  
-27.47938118  
1.954675213  
16.83681563  
13.63639845  
-4.809566025  
-31.32464767  
-57.52504702  
-76.62346354  
-84.93278719  
-81.90712289  
-69.26239052  
-49.96965313  
-27.65964819  
-6.446752233  
9.255206482  
15.4063668  
9.618972631  
-7.401111028  
-31.07348043  
-53.57158528  
-66.03913128  
-61.76461051  
-39.0559357  
-2.479001287  
38.29640568  
71.78390363  
88.85667026  
86.08998562  
66.83963946  
39.58084496  
14.22937916  
-1.946360303  
-7.046718166  
-4.753860749  
-2.033873781  
-5.445606676  
-17.7648139  
-36.43884221  
-54.52115319  
-63.61029016  
-57.45324754  
-34.64206065  
0.6940251242  
40.37750886  
75.09888691  
97.48192904  
104.0958207  
