27.08975474  
32.24383551  
34.70646612  
33.58336991  
28.9094895  
21.68300247  
13.46914192  
5.750675983  
-0.6531785838  
-5.796109691  
-10.32080658  
-14.82214274  
-19.20361108  
-22.40949103  
-22.7487025  
-18.72615605  
-10.01014117  
1.960945118  
14.11248499  
22.66748376  
24.556858  
18.72077388  
6.710211063  
-7.731881167  
-19.99552769  
-26.31629622  
-25.16994948  
-17.76658272  
-7.444149949  
1.766151873  
6.779326515  
6.605774367  
2.549700104  
-2.574052761  
-5.807660886  
-5.371774122  
-1.36638499  
4.414329165  
9.409483527  
11.49738418  
9.923176643  
5.555000705  
0.4021643228  
-3.338469166  
-4.254062766  
-2.281212647  
1.345302453  
4.6851406  
5.92895846  
4.11283371  
-0.5592166688  
-6.858161749  
-13.0172741  
-17.33293122  
-18.65507785  
-16.63755599  
-11.73676299  
-5.02999088  
2.054225399  
8.027259203  
11.62214632  
12.04777169  
9.180687809  
3.636242899  
-3.338125937  
-10.15961442  
-15.33308973  
-17.86760973  
-17.53448108  
-14.8669636  
-10.90602639  
-6.805724114  
-3.467398504  
-1.346192348  
-0.4769964401  
-0.6533986002  
-1.624403258  
-3.186291889  
-5.13322971  
-7.135548858  
-8.674262501  
-9.132747639  
-8.043108492  
-5.365215974  
-1.61782878  
2.268781994  
5.364431657  
7.233552738  
8.24159516  
9.455467263  
12.11106682  
16.86190087  
23.18562571  
29.3083199  
32.78952608  
31.58507443  
25.12595591  
14.87353382  
3.999647694  
-3.771772099  
-5.710635763  
-1.328831624  
7.276655529  
16.21423616  
21.4322485  
20.49362842  
13.68191239  
3.903432846  
-4.609338167  
-8.228599245  
-5.617365395  
1.6171557  
9.626651814  
14.07770622  
12.15937625  
3.912539777  
-7.743619377  
-18.31110378  
-23.74576966  
-22.2890423  
-15.25812213  
-6.437886876  
-0.3624103802  
-0.2779045307  
-6.709612732  
-17.25988018  
-27.69077582  
-33.7661355  
-33.01186648  
-25.63397223  
-14.25492462  
-2.676612722  
5.708057503  
9.135830622  
7.847855389  
3.578022618  
-1.475896704  
-5.640698003  
-8.261416738  
-9.560850007  
-10.07248142  
-10.0531635  
-9.240223271  
-7.078655277  
-3.249549531  
1.852951492  
7.023973758  
10.64338355  
11.39502883  
8.945781413  
4.219997794  
-0.899671766  
-4.325971099  
-4.626816749  
-1.590196198  
3.757514846  
9.661461125  
14.40761945  
16.97800665  
17.30535906  
16.06449623  
14.17399005  
12.30705628  
10.66570796  
9.093663118  
7.39794505  
5.634638178  
4.152856719  
3.35639986  
3.334982931  
3.620199051  
3.270047355  
1.301632963  
-2.724184535  
-8.284805886  
-13.91401046  
-17.71741256  
-18.1831119  
-14.9062614  
-8.855938193  
-2.017734723  
3.4486312  
6.146595493  
6.019945642  
4.280529133  
2.715308819  
2.716035335  
4.524622113  
7.089501949  
8.625824392  
7.612123895  
3.71964711  
-1.817653803  
-6.62349292  
-8.232137397  
-5.291165909  
1.667677448  
10.28839757  
17.29755002  
19.87249863  
16.85749431  
9.271108045  
-0.1328492065  
-8.057672997  
-12.07237602  
-11.60423844  
-8.077342096  
-4.151216412  
-2.421381878  
-4.18057514  
-8.802648956  
-14.02301823  
-16.98524885  
-15.58595213  
-9.524061595  
-0.5941866134  
7.910681766  
12.44968295  
10.63744993  
2.24787594  
-10.56766204  
-23.92718079  
-33.48970072  
-35.89670385  
-29.88747404  
-16.72347637  
0.1998340612  
16.40875733  
27.72501286  
31.52168214  
27.47487061  
17.58801189  
5.492566782  
-4.7456049  
-9.928906975  
-8.716966069  
-1.97886134  
7.602235173  
16.52558509  
21.7106212  
21.5291187  
16.26438866  
7.851862649  
-0.9633462559  
-7.691459212  
-10.95026183  
-10.77907079  
-8.336562833  
-5.178882519  
-2.491300692  
-0.643548259  
0.741407793  
2.285974142  
4.231849012  
6.066114635  
6.647606042  
4.813730546  
0.1735887617  
-6.346058352  
-12.55737186  
-15.75390701  
-13.8786887  
-6.607433524  
4.185400693  
14.87904765  
21.38125252  
20.74493003  
12.45355826  
-1.198412632  
-15.84247966  
-26.63203113  
-30.06443141  
-25.28814125  
-14.3623155  
-1.375673397  
9.191884792  
14.17421837  
12.79414799  
6.706086861  
-0.9412129524  
-6.95399157  
-9.39675591  
-8.1987718  
-4.861557745  
-1.48500572  
0.3712929351  
0.4298324828  
-0.2996245221  
-0.2169097907  
1.852858072  
5.862781666  
10.39561193  
13.27147708  
12.64032579  
8.033139682  
0.8370584985  
-6.089937946  
-9.553723479  
-7.435861304  
0.246593991  
11.13667113  
21.33274217  
26.89070237  
25.41964569  
17.09858133  
4.674450514  
-7.572120326  
-15.4720913  
-16.54816999  
-10.88918119  
-0.9847865434  
9.370970715  
16.61575709  
18.74315358  
15.88887636  
9.99846913  
3.799721961  
-0.415655348  
-1.657701287  
-0.4152616297  
1.847172743  
3.550376926  
3.760467705  
2.48494389  
0.4111456044  
-1.706418929  
-3.625712606  
-5.812499121  
-9.123967864  
-14.14780145  
-20.57442013  
-26.99028596  
-31.27831254  
-31.4947861  
-26.82222042  
-18.11884959  
-7.748658089  
1.287866647  
6.555722241  
7.171004624  
4.101579074  
-0.3702349473  
-3.774134536  
-4.62684412  
-3.082223502  
-0.7341535253  
0.3314045022  
-1.242855009  
-5.222404693  
-9.744119354  
-12.16899818  
-10.43315451  
-4.228568417  
4.607676747  
12.75509643  
16.87164357  
15.19254135  
8.496291446  
-0.06814697424  
-6.277920978  
-6.706054124  
-0.3203583707  
10.93605637  
22.88018641  
30.83892963  
31.6433214  
24.97935199  
13.49718375  
1.643430863  
-6.246086705  
-7.736456616  
-3.188517147  
4.589845208  
11.71233709  
14.93355937  
12.93411466  
6.638133783  
-1.486278974  
-8.718788883  
-13.30560487  
-15.03577607  
-14.97064549  
-14.56152043  
-14.68178363  
-15.10485318  
-14.68995384  
-12.14379557  
-6.916575378  
0.2765859013  
7.613250983  
12.93987722  
14.7744547  
13.01656641  
8.990859434  
4.789394617  
2.238072  
2.007470759  
3.31787505  
4.389301423  
3.411107465  
-0.4573225312  
-6.560111916  
-12.96295907  
-17.31547362  
-17.94047819  
-14.62319561  
-8.723656811  
-2.567610615  
1.582922428  
2.487064064  
0.3715213581  
-3.310477204  
-6.648338643  
-8.170604452  
-7.43531537  
-5.061680754  
-2.244659521  
-0.04757588776  
1.143812546  
1.735186144  
2.580139645  
4.397882178  
7.287702632  
10.60860333  
13.28600071  
14.37378376  
13.56476688  
11.37419731  
8.898230932  
7.274880601  
7.128569522  
8.281555487  
9.869118059  
10.78195328  
10.19349507  
7.899454817  
4.31326013  
0.1577097898  
-3.940591188  
-7.703389376  
-11.15147491  
-14.29741509  
-16.79505107  
-17.8108857  
-16.27451522  
-11.44948464  
-3.555366118  
5.91358624  
14.42807283  
19.22535557  
18.38933717  
11.74715879  
1.148972179  
-10.06299734  
-18.23987464  
-20.80718046  
-17.27061625  
-9.413066029  
-0.5819885651  
5.650434623  
6.906876297  
2.925314632  
-4.383427765  
-11.74253421  
-15.82821619  
-14.55617571  
-7.831566095  
2.497000184  
13.40466879  
21.82699171  
25.70214401  
24.540247  
19.3680243  
12.15609111  
5.019311007  
-0.479365559  
-3.687390994  
-4.823798866  
-4.648835965  
-4.038968464  
-3.654594934  
-3.801950108  
-4.480479229  
-5.526465133  
-6.744096367  
-7.953391059  
-8.952911261  
-9.453875214  
-9.062971272  
-7.36637779  
-4.109676586  
0.5912215741  
6.109540133  
11.32973228  
14.87344794  
15.49168817  
12.50838415  
6.157396731  
-2.334367001  
-10.99343871  
-17.63932426  
-20.56401075  
-19.12249955  
-14.0097672  
-7.090241396  
-0.8029810435  
2.6694531  
2.173419438  
-1.995697281  
-8.198796957  
-14.05856612  
-17.34100377  
-16.77327614  
-12.48051993  
-5.87767002  
0.9234081814  
5.934427044  
7.997800689  
7.104570465  
4.230746003  
0.8143150595  
-1.857571349  
-3.069501977  
-2.74657322  
-1.202178489  
1.242169221  
4.521402004  
8.815636343  
14.27419807  
20.65039282  
