17.18788479  
19.41909562  
19.22230833  
14.85883166  
6.114122647  
-5.001012839  
-14.70318492  
-18.95175355  
-15.34057297  
-4.410667014  
10.35337536  
23.95651177  
32.14302527  
33.39149566  
29.64483914  
25.34270704  
25.14934197  
31.44067744  
42.78628367  
54.23034895  
59.3332682  
53.08209528  
34.33207468  
6.62509206  
-23.03039621  
-46.89212559  
-59.50534641  
-59.66690267  
-50.49447612  
-37.65185006  
-26.6244999  
-20.33814239  
-18.19281597  
-16.86913062  
-12.41036989  
-2.505065188  
12.14753074  
28.01380042  
40.30307729  
45.1443242  
41.31451308  
30.73514993  
17.56978369  
6.411646098  
0.4306752424  
0.2957116802  
4.260802935  
9.238996526  
12.26500525  
11.65386806  
7.404657546  
0.8181598943  
-6.332387543  
-12.59397681  
-17.22776045  
-20.1273521  
-21.45796565  
-21.3277472  
-19.71561835  
-16.66791574  
-12.57936426  
-8.312454858  
-5.015249136  
-3.697119145  
-4.790640081  
-7.956496204  
-12.2588743  
-16.62491761  
-20.33219643  
-23.24712052  
-25.68097333  
-27.96128967  
-29.99530374  
-31.12404151  
-30.40312016  
-27.18918517  
-21.70359702  
-15.21375753  
-9.652702002  
-6.799654188  
-7.410324751  
-10.75870159  
-14.878202  
-17.44293275  
-16.88499515  
-13.18783967  
-7.922634397  
-3.458819482  
-1.702882812  
-2.987079011  
-5.694404521  
-6.87046326  
-3.592761374  
5.523590807  
19.40761643  
34.68127681  
46.87047672  
52.17814089  
49.04846162  
38.83493536  
25.2834598  
13.0666056  
6.012117766  
5.774936323  
11.46958854  
20.33209495  
29.03271568  
35.01674463  
37.306244  
36.49968472  
34.09702554  
31.56475233  
29.61572974  
28.00927955  
25.88324404  
22.36926808  
17.13656043  
10.59313149  
3.68242384  
-2.572274805  
-7.511622213  
-11.04583202  
-13.54510382  
-15.51055055  
-17.22490469  
-18.57118643  
-19.10038078  
-18.29269386  
-15.86563112  
-11.97605892  
-7.234767209  
-2.549970338  
1.112912138  
2.957537771  
2.510956612  
-0.2979872103  
-5.111745787  
-11.15625877  
-17.31414033  
-22.30112406  
-24.96234048  
-24.63736928  
-21.46562197  
-16.4736633  
-11.33633606  
-7.831504876  
-7.160943104  
-9.408518473  
-13.39281194  
-17.02997328  
-18.10910284  
-15.18933534  
-8.249553359  
1.197182839  
10.59867388  
17.28714285  
19.46724931  
16.87426586  
10.84587056  
3.793236004  
-1.702090803  
-3.802884676  
-2.000171191  
2.819591424  
8.793793793  
13.78077155  
16.05330135  
14.75634273  
10.02681783  
2.814738514  
-5.464049499  
-13.29994014  
-19.39078531  
-22.84418466  
-23.29642769  
-20.96631878  
-16.63549112  
-11.52290664  
-7.029740265  
-4.377792816  
-4.229727546  
-6.423989355  
-9.94821208  
-13.20453069  
-14.51025295  
-12.67559779  
-7.453122857  
0.3144587407  
8.917516848  
16.30891913  
20.7621033  
21.4329673  
18.63618947  
13.74679594  
8.766397962  
5.701068619  
5.951560473  
9.902100218  
16.82198499  
25.09277732  
32.67560768  
37.6678362  
38.78226682  
35.61718633  
28.65857706  
19.0427828  
8.18092147  
-2.618985771  
-12.41073826  
-20.68633967  
-27.28490816  
-32.21518213  
-35.49901003  
-37.11690289  
-37.07254483  
-35.52001409  
-32.85432327  
-29.67694331  
-26.61126918  
-24.0300816  
-21.82322223  
-19.34072276  
-15.58451535  
-9.610695986  
-0.9977965881  
9.816422035  
21.49359645  
32.10147377  
39.67896716  
42.85720975  
41.30459592  
35.82969002  
28.11022838  
20.15989708  
13.73532447  
9.889320161  
8.797467638  
9.866859851  
12.03280725  
14.10571612  
15.0536261  
14.17256115  
11.1620633  
6.152426657  
-0.2884467863  
-7.185483134  
-13.27388921  
-17.24451137  
-18.09990261  
-15.52591018  
-10.12914973  
-3.401294414  
2.643555316  
6.080644465  
5.736329083  
1.650370855  
-4.860269583  
-11.59389334  
-16.19502159  
-16.96876332  
-13.48254786  
-6.735542517  
1.164002325  
7.691251346  
10.71681689  
9.158334951  
3.266494495  
-5.516832867  
-15.0414693  
-23.08443872  
-27.9283753  
-28.72500544  
-25.58098023  
-19.39844239  
-11.56476541  
-3.602202127  
3.134602149  
7.665959998  
9.491691649  
8.609091354  
5.468142846  
0.8830659529  
-4.08899437  
-8.297975834  
-10.67629135  
-10.43081154  
-7.231389486  
-1.359699333  
6.230555489  
13.99482751  
20.05361206  
22.61272322  
20.47409541  
13.50046752  
2.867263555  
-9.040104229  
-19.13255473  
-24.44035382  
-23.02924436  
-14.70922314  
-1.261103879  
13.95711411  
26.95215626  
34.30571608  
34.2507142  
27.23307421  
15.74568639  
3.480304858  
-5.906426517  
-9.972756071  
-8.199966597  
-1.99538453  
5.973714069  
12.82834612  
16.49391363  
16.31005403  
13.04705235  
8.391097513  
4.164822334  
1.626370585  
1.11498462  
2.128577378  
3.71835274  
4.960094118  
5.263864217  
4.402803636  
2.311773586  
-1.163085996  
-6.358119185  
-13.61853539  
-22.91197533  
-33.43242688  
-43.44949144  
-50.57451065  
-52.43096213  
-47.51218265  
-35.88570301  
-19.42634928  
-1.428785094  
14.30284847  
24.57394389  
27.72211154  
24.01603081  
15.41373722  
4.814871127  
-4.877679005  
-11.53401716  
-14.17226863  
-12.89360137  
-8.525266157  
-2.207507903  
4.883868814  
11.6240108  
16.9248382  
19.77890991  
19.47077176  
15.92674031  
10.02746877  
3.647247303  
-0.7392461539  
-0.8471197913  
4.489232292  
14.63917175  
27.10413442  
38.18643728  
44.22206083  
42.93090775  
34.3433486  
20.89670422  
6.616584782  
-4.327876852  
-9.141804667  
-7.402864935  
-1.155667898  
5.919298012  
9.918711622  
8.154124926  
0.07747555244  
-12.61168067  
-26.64939823  
-38.36308345  
-44.84595446  
-44.75121972  
-38.502503  
-27.95223624  
-15.69497208  
-4.303141471  
4.294015255  
9.169573804  
10.47389343  
9.260053322  
7.114228854  
5.657259992  
6.011643888  
8.369696873  
11.82160652  
14.56526531  
14.50568666  
10.08866496  
1.072636112  
-11.09586944  
-23.52792823  
-32.74987758  
-35.89649169  
-31.78695304  
-21.43873955  
-7.781472259  
5.341309165  
14.49333276  
17.76288562  
15.24319493  
8.727023938  
0.8096684361  
-6.163682124  
-10.84106267  
-13.0213397  
-13.25751004  
-12.20591471  
-10.11865239  
-6.76023431  
-1.767855799  
4.788661975  
12.01444432  
18.2489494  
21.61581357  
20.82516087  
15.83128657  
7.995192503  
-0.3655171449  
-6.856683369  
-9.920332976  
-9.366184831  
-6.29607121  
-2.490911818  
0.4185090986  
1.595626114  
1.180118115  
-0.01219884967  
-1.04426535  
-1.332946683  
-0.7940632691  
0.372259951  
2.059662484  
4.500419515  
8.167015427  
13.34490447  
19.62429697  
25.6598691  
29.44377042  
29.07085343  
23.68278396  
14.12238448  
2.910882106  
-6.543212941  
-11.22194049  
-9.718721349  
-2.847393878  
6.657069112  
15.23224494  
19.89816192  
19.36406789  
14.36487151  
7.128950345  
0.2804576786  
-4.280102827  
-6.008742788  
-5.634827073  
-4.505184474  
-3.770669518  
-3.866686176  
-4.533862598  
-5.297272758  
-6.056904719  
-7.382392503  
-10.28334185  
-15.54335505  
-22.9850371  
-31.11724983  
-37.44889886  
-39.41648641  
-35.53635907  
-26.23635994  
-13.93239538  
-2.247745678  
5.331653056  
6.806448973  
2.446602034  
-5.315783254  
-12.82223553  
-16.54972013  
-14.34741563  
-6.094572293  
6.401190489  
20.13229766  
31.90398159  
39.2522128  
41.00384287  
37.39965857  
29.85197575  
20.47533794  
11.51929909  
4.798714173  
1.209268621  
0.4396392195  
1.010162047  
0.7221517075  
-2.53149784  
-9.826885187  
-20.51287689  
-32.12304756  
-41.06527281  
-43.9282146  
-38.92416862  
-26.8450001  
-11.04543107  
3.643401844  
12.6888008  
13.59588146  
6.859631361  
-4.299040179  
-15.30449548  
-22.09387333  
-22.6488567  
-17.53096442  
-9.247081281  
-0.8347600773  
5.585065529  
9.565479784  
12.07359056  
14.44215558  
