42.05217896  
33.70793894  
25.24195438  
19.09246794  
15.99209647  
15.10230791  
14.66084443  
12.7864513  
8.145000973  
0.343805232  
-9.934321659  
-20.99881048  
-30.40635795  
-35.44579604  
-33.87464814  
-24.79992158  
-9.417040524  
8.782652731  
24.63883085  
32.78904992  
29.57530523  
14.67434781  
-8.299894674  
-32.65269851  
-50.77218686  
-56.85358122  
-49.11071657  
-30.5290685  
-7.776509017  
11.34484453  
20.88761072  
18.96582677  
8.281590922  
-5.206936136  
-14.86504094  
-16.09148876  
-8.036851513  
6.309101925  
21.57034892  
32.24864863  
34.80066191  
28.72155389  
16.34635064  
1.655684959  
-11.26600933  
-19.46035425  
-21.64149924  
-18.08315738  
-10.15174767  
0.1660251097  
10.56585755  
18.62315387  
22.08277671  
19.37291447  
10.25391215  
-3.710424828  
-19.23004931  
-32.10133423  
-38.58528635  
-36.83747164  
-27.74747681  
-14.73647601  
-2.50619898  
4.775387898  
5.078203765  
-0.7973011401  
-9.728858098  
-17.71774978  
-21.58304654  
-20.13420444  
-14.34534012  
-6.567623569  
0.7207516159  
5.948950308  
8.783664762  
9.703748969  
9.205217805  
7.214139496  
3.126042682  
-3.525080273  
-12.19543138  
-20.87383163  
-26.47500443  
-26.05418363  
-18.30949984  
-4.584335051  
11.25680631  
24.1815704  
30.04458946  
27.40965084  
18.25054128  
7.143513742  
-0.7166438966  
-1.763824812  
4.481612088  
15.41766469  
26.78599496  
34.78101576  
37.78721898  
36.9038359  
35.05426063  
35.20821563  
38.68769799  
44.45979432  
49.77346503  
51.76939068  
49.16297055  
43.05497439  
36.39013462  
32.31574814  
32.30699746  
35.0881325  
36.99635119  
33.69314638  
22.40961077  
3.592958513  
-18.92377899  
-39.39315299  
-52.61557422  
-56.23386604  
-51.76150291  
-43.84559582  
-38.10960829  
-38.5925802  
-45.97326735  
-57.3680459  
-67.72778403  
-72.11741211  
-67.79793559  
-55.20272387  
-37.49099319  
-19.05213705  
-3.778696166  
6.081324619  
10.09280398  
8.990113221  
3.794603018  
-4.697946004  
-15.7776759  
-28.22747539  
-39.81666149  
-47.4200862  
-47.94289089  
-39.71923348  
-23.67830703  
-3.566213175  
15.08789061  
26.95760747  
29.03307498  
21.89947413  
9.547041556  
-2.260602518  
-8.363351121  
-6.277560939  
2.944016486  
15.40661098  
26.24705487  
31.78785823  
30.99048174  
25.6060425  
19.06381376  
14.72155988  
14.34858835  
17.52663024  
22.15087993  
25.66590741  
26.34908936  
24.00201883  
19.77530508  
15.32248476  
11.80853146  
9.324060303  
6.990452466  
3.641657743  
-1.342151365  
-7.534043656  
-13.57130675  
-17.80464644  
-19.11672459  
-17.45707729  
-13.80769659  
-9.612882302  
-5.998085809  
-3.21202262  
-0.5938453995  
2.924779315  
8.066916475  
14.62731683  
21.38656798  
26.58370191  
28.71052384  
27.22233825  
22.80511441  
17.06967026  
11.83714428  
8.378508881  
6.979566426  
7.019033055  
7.477463687  
7.577920464  
7.207162025  
6.898063955  
7.394469633  
9.042277463  
11.34174895  
12.91691845  
11.95316315  
6.930465879  
-2.656688906  
-15.89526603  
-30.53319492  
-43.52108357  
-51.8346494  
-53.32259986  
-47.34408008  
-35.03787166  
-19.16026461  
-3.511091371  
7.960067509  
12.20294305  
8.030976789  
-3.288055181  
-18.08104017  
-31.0888646  
-36.94743505  
-31.94816187  
-15.50154538  
9.274146832  
36.18152991  
57.71487392  
67.44847628  
62.22674538  
43.34588263  
16.24883966  
-11.20512465  
-31.29684913  
-38.91413117  
-33.05460642  
-16.86954267  
3.685180201  
22.01327819  
33.02346585  
34.50601456  
27.35914701  
14.75905044  
0.7476076073  
-11.14963678  
-18.79165885  
-21.59528013  
-20.15398434  
-15.6348938  
-9.288226906  
-2.244111243  
4.44002212  
9.665927177  
12.31354884  
11.47600718  
6.829567414  
-1.063758845  
-10.728401  
-20.11468335  
-27.2220674  
-30.77191905  
-30.6521  
-27.93692975  
-24.46134087  
-22.11434493  
-22.13094025  
-24.65710907  
-28.74185381  
-32.7338817  
-34.90186961  
-34.02569079  
-29.74126255  
-22.54368419  
-13.50120002  
-3.841329214  
5.40211155  
13.55307775  
20.25114588  
25.29375736  
28.5029358  
29.7274347  
28.99594529  
26.72759542  
23.83961819  
21.61162731  
21.2747083  
23.44536287  
27.6492972  
32.20417132  
34.62297592  
32.48822454  
24.51229873  
11.35543767  
-4.202673835  
-17.92612478  
-25.47688396  
-23.99835483  
-13.31142261  
3.79931268  
22.40080722  
37.07852121  
43.83426112  
41.46778022  
31.88036845  
19.17319782  
7.917989312  
1.329937373  
0.1128230382  
2.448188721  
5.090382474  
5.037763016  
0.9976605689  
-6.02897306  
-13.29906815  
-17.73350086  
-17.49132911  
-12.94535587  
-6.575185102  
-1.810941441  
-1.365905608  
-5.851882167  
-13.35093056  
-20.17660562  
-22.5021959  
-18.12239857  
-7.544416298  
6.095418596  
18.26108248  
24.84910939  
23.82012879  
15.93370165  
4.309154067  
-6.939353243  
-14.35567092  
-16.36320289  
-13.58416728  
-8.227103897  
-2.930554002  
0.3506327518  
0.9275430483  
-0.7394520633  
-3.655108476  
-6.974935816  
-10.35893593  
-13.83366304  
-17.32238712  
-20.21765722  
-21.35844678  
-19.53668468  
-14.32263003  
-6.749784383  
0.6123344632  
4.414459384  
1.917101203  
-7.554051548  
-21.78722784  
-36.00301515  
-44.35371514  
-42.1116135  
-27.69338241  
-3.655691817  
23.83475372  
46.95255473  
58.89486732  
56.28145457  
40.35258239  
16.50829251  
-7.618781575  
-24.80275648  
-30.57456702  
-24.43978175  
-9.607212798  
8.532619609  
24.48119049  
34.41844706  
37.07388239  
33.49981158  
26.03708899  
17.05731162  
8.070503073  
-0.4721145468  
-8.730177577  
-16.74582712  
-23.90506946  
-28.91880364  
-30.35215953  
-27.42345717  
-20.63619371  
-11.87487706  
-3.853055195  
0.8767446352  
0.9170594513  
-3.430702336  
-10.32863507  
-17.20309535  
-21.82257678  
-23.16435705  
-21.68364688  
-18.88076185  
-16.39021037  
-15.03842261  
-14.3269397  
-12.59694523  
-7.810068697  
1.407331158  
14.93240775  
30.90870949  
46.22054102  
57.48740657  
62.17249871  
59.37246826  
50.01530115  
36.45478679  
21.68891855  
8.539502785  
-0.9220649539  
-5.587891504  
-5.238462438  
-0.3607154051  
7.976795678  
18.14728101  
27.98226589  
34.9465942  
36.5874853  
31.22167149  
18.64968425  
0.5854049175  
-19.46979884  
-36.99548387  
-47.69550861  
-48.83147445  
-40.18278131  
-24.26895252  
-5.715403432  
10.05948553  
18.42476264  
16.88633912  
5.793191238  
-11.79568229  
-31.01418638  
-46.56937679  
-54.1896918  
-51.74095096  
-39.72771328  
-21.07718509  
-0.2937819587  
17.77065239  
29.19594016  
31.98060715  
26.4769514  
15.16593286  
1.850725522  
-9.48209555  
-15.78658703  
-15.72982972  
-9.897255581  
-0.4090568678  
9.879108771  
18.29233553  
23.06161211  
23.65315408  
20.66422157  
15.40556921  
9.37576608  
3.822316258  
-0.5007392158  
-3.373683077  
-5.016738407  
-5.938380114  
-6.76926558  
-8.08348951  
-10.20051188  
-12.99521536  
-15.79545424  
-17.46828579  
-16.75088602  
-12.77098617  
-5.575232935  
3.587085685  
12.43034666  
18.28729527  
19.06435631  
14.13047698  
4.74127973  
-6.247169329  
-15.33227374  
-19.64542341  
-18.04863199  
-11.58573397  
-3.084785712  
3.937895358  
6.625376912  
3.836451418  
-3.494008279  
-12.78736563  
-20.8122636  
-24.80020097  
-23.25848318  
-16.2468549  
-5.146661552  
7.853375333  
20.28846895  
29.81107956  
34.45760241  
32.90885881  
24.83699969  
11.2851703  
-5.138504503  
-20.52771718  
-30.55156416  
-31.79861884  
-23.15001365  
-6.587162399  
13.04397495  
29.41190304  
36.82895053  
32.35683715  
17.03866037  
-4.295908783  
-24.64637904  
-37.28734839  
-38.1035875  
-26.91818467  
-7.338295898  
14.74713043  
33.35514991  
44.39639715  
46.73671715  
