22.15719388  
1.561919381  
-19.90569619  
-36.42031241  
-43.88314097  
-40.84432865  
-28.52878162  
-10.18791779  
9.86216878  
27.22120098  
38.26592756  
40.86482594  
34.90564267  
22.49539759  
7.623348776  
-4.842846629  
-10.70175472  
-8.050323435  
1.662841076  
13.75555972  
21.79399358  
20.03919155  
5.944607827  
-18.37220704  
-46.44021219  
-69.57270364  
-80.07357815  
-74.22779748  
-53.81126367  
-25.44361655  
1.979926552  
20.71126144  
26.99212834  
22.15049661  
11.56554005  
2.052378515  
-1.11865913  
3.739986447  
14.44874477  
26.40232116  
34.93243465  
37.43064314  
34.27300642  
28.22774107  
22.76791647  
20.20065445  
20.54151543  
21.6329545  
20.36733826  
14.34927486  
3.167942691  
-11.303297  
-25.65577108  
-36.32045292  
-40.89890585  
-38.87809739  
-31.51629904  
-21.09968624  
-10.02277143  
-0.1307518332  
7.473675766  
12.25763617  
14.00229943  
12.72444639  
8.83748007  
3.381219102  
-1.961553418  
-5.255054211  
-5.051317967  
-1.165561454  
4.94284037  
10.48717002  
12.35176637  
8.399841744  
-1.486670988  
-15.14247942  
-28.80991027  
-38.52996206  
-41.6462763  
-37.77060487  
-28.79950826  
-18.00253336  
-8.617599493  
-2.591775682  
-0.006819790769  
0.6142167757  
1.337575909  
3.690985424  
7.913658458  
12.8996383  
16.80083994  
17.95380377  
15.67747489  
10.5944949  
4.381604564  
-0.881479944  
-3.447185341  
-2.420900473  
2.081160987  
9.10354561  
17.20034911  
24.79844295  
30.48526455  
33.21863219  
32.49382825  
28.47203454  
22.01146617  
14.51244573  
7.537122796  
2.283934784  
-0.8789563491  
-2.575155941  
-4.124161333  
-6.845134004  
-11.24520823  
-16.49889244  
-20.55160925  
-20.91694077  
-15.89228002  
-5.659232055  
7.294090285  
18.74710672  
24.20632712  
20.71565312  
8.264048727  
-9.855801445  
-27.97925306  
-39.99864157  
-41.56341747  
-31.690199  
-13.14654648  
8.537712927  
27.03203103  
37.37275358  
37.52398236  
28.80135917  
15.10027317  
1.325459899  
-8.325877376  
-11.60192725  
-8.594332896  
-1.29942097  
7.351312436  
14.55526643  
18.42237946  
18.29295352  
14.61685668  
8.563299906  
1.564560757  
-5.059388451  
-10.33869539  
-13.76749921  
-15.33081664  
-15.46578377  
-14.95491781  
-14.74250305  
-15.6873462  
-18.2985401  
-22.52606293  
-27.6749929  
-32.48191602  
-35.34968025  
-34.69742255  
-29.36083945  
-18.96619674  
-4.197336429  
13.12768944  
30.24312539  
43.91748968  
51.18411537  
50.16667462  
40.75575753  
24.86912103  
6.114470189  
-11.13780837  
-23.03156569  
-27.43155536  
-24.6077469  
-17.09893947  
-8.757960138  
-3.310124154  
-2.972853192  
-7.681244992  
-15.22826488  
-22.25198555  
-25.64688066  
-23.80125437  
-17.14909901  
-7.835590304  
1.310527618  
8.006794764  
11.39228862  
12.18217642  
12.08730552  
12.82768515  
15.24003692  
18.90491152  
22.44105161  
24.27807  
23.48878584  
20.25053675  
15.70961027  
11.33590578  
8.11740756  
6.023339259  
4.02571753  
0.6824558965  
-5.002348327  
-12.87241176  
-21.43267059  
-28.30377334  
-31.13688747  
-28.59270582  
-20.9587549  
-10.14124205  
0.9593995603  
9.426279535  
13.26939214  
11.99370479  
6.630194891  
-0.7133102384  
-7.565035633  
-11.80246994  
-12.16300703  
-8.462682606  
-1.536610066  
7.030395124  
15.30791343  
21.49109374  
24.36454222  
23.65623934  
20.15713747  
15.50776195  
11.64743106  
10.06603894  
11.12618134  
13.76105625  
15.75072916  
14.5562046  
8.43367434  
-2.620408654  
-16.52964598  
-29.62553721  
-37.84455673  
-38.19747919  
-29.92543109  
-14.85902825  
3.183123969  
19.71880001  
31.10777936  
35.63072599  
33.73557412  
27.4249257  
19.13619649  
10.67088678  
2.665356628  
-5.199392668  
-13.43195888  
-21.87141599  
-29.24054715  
-33.40273865  
-32.24841107  
-24.79865679  
-11.97261472  
3.407877546  
17.46117906  
26.62357583  
28.98519259  
25.00030136  
17.24828023  
9.331328678  
4.370095152  
3.73387018  
6.536216432  
10.09656227  
11.15468767  
7.312839193  
-1.901339681  
-14.78225945  
-28.08502029  
-38.26755439  
-42.81402953  
-41.10827031  
-34.53429138  
-25.80740544  
-17.84712855  
-12.66704393  
-10.72083071  
-10.93432644  
-11.36282829  
-10.16221402  
-6.447799887  
-0.6766551059  
5.601186007  
10.50901932  
12.78959443  
12.50824173  
11.1769781  
11.19590386  
14.79807847  
22.91474644  
34.45282667  
46.34925047  
54.47403989  
55.10326392  
46.41512775  
29.39999724  
7.762400202  
-13.22487039  
-28.52537705  
-35.11475719  
-33.01282207  
-25.13101364  
-15.97264583  
-9.709671882  
-8.442258125  
-11.39164092  
-15.38905398  
-16.46258423  
-11.83097465  
-1.412314494  
11.85228266  
23.04948525  
27.29770039  
21.84716058  
7.357059092  
-12.22156314  
-31.12133987  
-43.9628804  
-47.74398669  
-42.77900209  
-32.23240034  
-20.51978834  
-11.33821483  
-6.217682074  
-4.204482383  
-2.736690583  
0.7828793846  
7.511135577  
16.49452745  
25.09220394  
30.24187609  
29.92113825  
24.09000222  
14.68208205  
4.691032519  
-3.164937176  
-7.539438433  
-8.807957121  
-8.562467068  
-8.572205813  
-9.778772274  
-11.83900263  
-13.41390218  
-13.00015339  
-9.823715512  
-4.30442152  
2.148030099  
7.873028284  
11.80913555  
13.97869038  
15.3416931  
17.11155799  
19.93110171  
23.3932569  
26.2032162  
26.91826823  
24.86236952  
20.68586662  
16.20634923  
13.54630965  
13.98111243  
17.10765718  
20.82340452  
22.21073162  
18.94910486  
10.57076455  
-1.093268716  
-12.55990569  
-20.18118547  
-21.78444084  
-17.6711433  
-10.4660214  
-3.859441308  
-0.8323976247  
-2.222828707  
-6.342426276  
-9.849133631  
-9.466765745  
-3.719028656  
6.174463181  
16.69618972  
23.55491508  
23.62202265  
16.36405646  
4.09442886  
-9.068019839  
-19.03453737  
-23.51024276  
-22.87355026  
-19.795288  
-17.82283847  
-19.62958636  
-25.75331393  
-34.37884681  
-42.20268155  
-45.91352783  
-43.57178964  
-35.27671536  
-22.89776398  
-9.106387799  
3.75265241  
14.40095728  
22.69029971  
29.08088341  
33.91601574  
36.93693785  
37.30231235  
34.07055967  
26.84457251  
16.20198321  
3.670367995  
-8.735003383  
-19.16011551  
-26.41841908  
-30.13260025  
-30.51254717  
-27.9738613  
-22.86759822  
-15.49007204  
-6.335669527  
3.623740015  
12.89210016  
19.76783251  
22.9347965  
22.04037574  
17.93450823  
12.39220094  
7.405444561  
4.369074715  
3.560153259  
4.17229983  
4.880643681  
4.62913181  
3.209274569  
1.307857342  
-0.006419068742  
-0.06893211394  
0.781795861  
1.173091693  
-0.6810792863  
-5.985840907  
-14.50960988  
-24.34882985  
-32.50417081  
-36.05022257  
-33.36382997  
-24.82229862  
-12.62733248  
0.1635321886  
10.926646  
18.45793275  
23.19397417  
26.60517123  
30.12323943  
34.19620885  
37.98034569  
39.82533964  
38.27379067  
33.01126717  
25.22222975  
17.12301763  
10.88994019  
7.540435598  
6.373789813  
5.302589678  
1.946278038  
-5.048126165  
-15.13039203  
-25.88242038  
-33.98066574  
-36.63942462  
-32.84862987  
-23.82373993  
-12.47780819  
-2.201020499  
4.448706544  
6.538968085  
4.734842228  
0.5808483184  
-4.439246677  
-9.532593556  
-14.61377773  
-19.78880833  
-24.70564948  
-28.24469162  
-28.81061766  
-25.112948  
-17.00116318  
-5.842268216  
5.849605124  
15.41454145  
21.19142638  
23.1989303  
22.95972259  
22.52335058  
23.18960827  
24.63354356  
24.95836688  
21.72652897  
13.48146644  
0.9579159835  
-12.72671927  
-23.1316961  
-26.39777376  
-21.12079627  
-9.259074485  
4.451686738  
14.40788996  
16.55893714  
10.24443536  
-1.414607742  
-12.79075973  
-18.15583823  
-14.16915694  
-1.367321703  
15.97328125  
31.50962033  
39.30011898  
36.03362685  
