72.83143511  
73.05586927  
62.09625837  
45.94429654  
30.95332068  
21.00934939  
16.10734192  
12.9169104  
6.971632197  
-4.637553421  
-21.38920709  
-39.18228947  
-51.97930675  
-54.46797888  
-44.5101996  
-24.27215066  
0.4428774378  
22.32591892  
35.20603628  
36.10128844  
25.91583863  
8.66355541  
-10.28010996  
-26.07766043  
-35.74298115  
-38.52354459  
-35.46915076  
-28.60747151  
-20.17255797  
-12.12791199  
-5.960313405  
-2.564145124  
-2.075304424  
-3.690435176  
-5.674494077  
-5.772203393  
-2.051501197  
6.087182875  
17.22339329  
28.01887989  
34.27476279  
32.64002608  
22.26903326  
5.624466164  
-12.08148077  
-24.72703733  
-27.70484271  
-19.89495055  
-4.279498398  
13.14506251  
25.74877539  
28.94166076  
21.99009966  
8.202194208  
-6.566938098  
-16.39919743  
-17.68471917  
-10.38045738  
2.297515575  
15.47713902  
24.70848395  
27.56387325  
24.12765656  
16.33282851  
6.648846602  
-3.127241746  
-12.38186051  
-21.34646418  
-30.2409795  
-38.49415328  
-44.55488734  
-46.4464124  
-42.77532025  
-33.63822542  
-20.90408513  
-7.672956217  
2.859564164  
8.596148258  
9.225842237  
6.10649532  
1.447585446  
-2.760700216  
-5.529603596  
-7.008711012  
-7.978833223  
-9.043122092  
-10.00073059  
-9.769080248  
-6.910176901  
-0.4865872704  
9.20661892  
20.42826677  
30.432023  
36.38207684  
36.34776553  
29.96737572  
18.54557278  
4.609801617  
-8.838567889  
-19.07523091  
-24.18391988  
-23.3025605  
-16.64999111  
-5.434601345  
8.308052571  
21.98241555  
32.86462265  
38.69274499  
38.28246593  
31.93332117  
21.39952526  
9.347888979  
-1.541886089  
-9.483007907  
-14.0955108  
-16.28472878  
-17.53552075  
-18.96713046  
-20.6310113  
-21.43158769  
-19.74292164  
-14.43153795  
-5.761164901  
4.322421487  
12.74581984  
16.5115468  
14.02421804  
5.921129572  
-5.006087247  
-14.80345797  
-19.84927026  
-18.21408807  
-10.32000194  
1.342787077  
13.26353173  
22.23101521  
26.36525701  
25.48855501  
20.79813874  
14.11082885  
7.08912256  
0.7825443805  
-4.403463536  
-8.434923277  
-11.32176443  
-12.95026283  
-13.14240346  
-11.84726776  
-9.294967236  
-5.988772759  
-2.536681249  
0.5603704668  
3.018805557  
4.713115841  
5.510344374  
5.15356632  
3.33570956  
-0.02004064252  
-4.42006611  
-8.642460708  
-10.95654925  
-9.728054504  
-4.186369352  
5.016394725  
15.78610454  
25.21075452  
30.61780109  
30.61434925  
25.63119639  
17.70213192  
9.569511872  
3.532413394  
0.5788560285  
0.1959489947  
0.9041411548  
1.193159496  
0.3408590482  
-1.320897075  
-2.811395517  
-3.312499437  
-2.883902392  
-2.623098677  
-4.118018972  
-8.452422048  
-15.3110153  
-22.73043323  
-27.73433191  
-27.62773706  
-21.34921779  
-10.19614777  
2.491814326  
12.60726239  
16.94560426  
14.49890512  
6.770215  
-3.02235339  
-11.4455364  
-16.31832146  
-17.45308178  
-16.36745022  
-15.19631251  
-15.43098418  
-17.16914346  
-19.25206109  
-20.1622315  
-19.12855791  
-16.76822093  
-14.85096857  
-15.26738464  
-18.75053613  
-24.0829617  
-28.30781323  
-27.9535328  
-20.73461825  
-6.896133356  
10.51080029  
26.64529807  
36.78482057  
38.27912605  
31.65806614  
20.38428054  
9.366343538  
2.912206251  
3.038864708  
8.855238743  
17.21501568  
24.25324908  
27.05468837  
24.71271031  
18.39072586  
10.49784706  
3.482726229  
-1.144469191  
-3.15297282  
-3.260416724  
-2.433616872  
-1.258909011  
0.2933202278  
2.656132918  
6.211735736  
10.90955355  
16.18268256  
21.1779008  
25.1190067  
27.56121427  
28.39501996  
27.64630642  
25.26789482  
21.12481271  
15.23014813  
8.082778584  
0.8288342307  
-4.980167718  
-8.036601399  
-8.0549166  
-6.232208976  
-5.017390156  
-7.126858741  
-14.15980519  
-25.46110055  
-37.87572259  
-46.69201025  
-47.51495903  
-38.31509263  
-20.70903105  
0.2165482204  
17.61830991  
25.52927236  
21.32914542  
6.974089416  
-11.60331723  
-26.74051291  
-32.04399913  
-24.9161448  
-7.580340167  
13.79076872  
31.45154998  
38.97470085  
33.51088258  
16.59307041  
-6.69793689  
-29.73368371  
-46.62902639  
-53.94902264  
-51.30935774  
-40.85924312  
-26.06958779  
-10.42974852  
3.446719267  
14.10185817  
21.00911501  
24.14746885  
23.67962797  
19.88971226  
13.33907748  
5.059653391  
-3.412633864  
-10.26728175  
-13.86781251  
-13.25605487  
-8.506963592  
-0.777151062  
7.99931393  
15.68890437  
20.63266313  
22.1960312  
20.9971173  
18.70175195  
17.40596427  
18.77471519  
23.22465181  
29.47612083  
34.71988436  
35.44511778  
28.71669817  
13.46674342  
-8.713519984  
-33.66794641  
-55.73098655  
-69.43616196  
-71.27604026  
-60.8505551  
-40.95619058  
-16.58716208  
6.740738472  
24.66701484  
35.02176696  
37.89688191  
34.88257095  
27.96677618  
18.69727011  
7.999471391  
-3.36411163  
-14.09592446  
-21.99047655  
-24.28632209  
-18.7302493  
-4.893223245  
14.96207705  
36.04409476  
52.36447861  
58.81165145  
53.1281892  
36.91792275  
15.18502342  
-5.46311338  
-19.2275546  
-23.14922354  
-17.94090947  
-7.341132176  
3.639579244  
10.75518298  
11.96381159  
7.739606852  
0.2922484054  
-7.774572042  
-14.64060868  
-19.74171084  
-23.43420331  
-26.19576269  
-27.92984054  
-27.82961706  
-24.89237181  
-18.76425729  
-10.37387309  
-1.904063596  
3.99028999  
5.379099537  
2.062981346  
-4.167964243  
-10.22473481  
-13.08324247  
-11.18657869  
-5.203755942  
2.240526014  
7.756567051  
8.742887365  
4.569471593  
-3.160523225  
-11.37248159  
-16.91835902  
-17.93467359  
-14.5313147  
-8.533327915  
-2.465857449  
1.67503574  
3.258468857  
3.091914395  
2.768463427  
3.685096967  
6.263140671  
9.756570923  
12.69837277  
13.69940647  
12.14950104  
8.458589431  
3.751865513  
-0.7609013997  
-4.354766618  
-6.971710408  
-8.935748972  
-10.41127086  
-10.97973055  
-9.653973524  
-5.39778562  
2.092276506  
11.78031474  
21.26062959  
27.43928046  
27.70053099  
21.05494725  
8.726675099  
-6.13253072  
-19.5226283  
-28.0180214  
-29.92332565  
-25.67656636  
-17.36811774  
-7.652068049  
1.406361636  
9.005751753  
15.52810324  
21.81621352  
28.24434473  
34.11364987  
37.72892469  
37.15675656  
31.30440739  
20.77289054  
8.016725648  
-3.346286688  
-9.838911696  
-9.510030865  
-2.810257372  
7.432555951  
16.95887446  
21.58799599  
18.71630634  
8.242597036  
-7.402266036  
-24.09565884  
-37.39369546  
-43.92834966  
-42.36305056  
-33.63358103  
-20.46868004  
-6.418743816  
5.251228766  
12.45186091  
14.70134502  
13.02436047  
9.408180245  
6.026520426  
4.489505939  
5.353231445  
8.029843974  
11.10812264  
12.95772821  
12.39253577  
9.144993363  
3.971149133  
-1.652077333  
-6.110612554  
-8.270822274  
-7.865382779  
-5.482865637  
-2.178922661  
1.089213376  
3.909623441  
6.498861468  
9.359232563  
12.68151362  
15.8317201  
17.26539691  
15.03033507  
7.720302145  
-4.533701342  
-19.55404374  
-33.46467603  
-41.91606261  
-41.78113809  
-32.62570252  
-17.25524258  
-0.9672520264  
10.32306896  
12.39537793  
4.523423292  
-10.04771784  
-25.24182862  
-34.52296599  
-33.55735485  
-22.05560699  
-3.992034709  
13.93085106  
24.95713785  
24.98102446  
14.14894099  
-3.295407165  
-20.82132428  
-32.26844075  
-34.20400994  
-27.00811145  
-14.31402674  
-1.173078093  
8.147640903  
11.73082643  
10.30953201  
6.323993087  
2.352745498  
-0.2085283152  
-1.549656173  
-2.801084069  
-4.80584049  
-7.101720295  
-7.796681317  
-4.519840731  
4.000232253  
16.60179438  
29.44681937  
37.22171988  
35.4007561  
22.58141868  
1.739415641  
-20.3453185  
-35.43242739  
-37.03506144  
-23.13570348  
2.81466407  
33.11093962  
58.74411155  
