21.17659357  
11.48888209  
1.884850668  
-6.703062134  
-14.34390476  
-21.50316386  
-28.27774484  
-33.9098706  
-36.86551382  
-35.47259032  
-28.8266322  
-17.52062574  
-3.811637166  
8.925281753  
17.29101269  
19.08874885  
14.18833028  
4.663732505  
-5.878868353  
-13.54635825  
-15.51678708  
-11.00759424  
-1.504179994  
9.818554137  
19.25007385  
23.84081304  
22.37748194  
15.7109819  
6.36040679  
-2.424654085  
-7.785506406  
-8.165844764  
-3.724346912  
3.845971904  
11.97802225  
18.10985402  
20.47793064  
18.58192343  
13.21114188  
6.074601665  
-0.8070283524  
-5.737197934  
-7.816498531  
-7.134664975  
-4.659150618  
-1.88451732  
-0.3633305454  
-1.255951509  
-5.01560277  
-11.27813508  
-18.96629224  
-26.56436161  
-32.48036928  
-35.40166581  
-34.56363389  
-29.88696649  
-21.97774166  
-12.01617389  
-1.57006535  
7.639154088  
14.00589104  
16.33870832  
14.16283968  
7.96491315  
-0.7199834678  
-9.483513399  
-15.53475576  
-16.44968702  
-10.99089071  
0.2876914095  
14.93314323  
29.13674436  
38.84848753  
41.13367885  
35.28211103  
23.20489535  
8.880568763  
-3.023957875  
-8.876057703  
-7.473169241  
-0.5220594125  
8.044101791  
13.67943554  
13.12821043  
5.822522981  
-5.831906588  
-17.42359322  
-24.35553298  
-23.73511722  
-15.51497233  
-2.39896483  
11.41251044  
22.03694613  
27.43478698  
27.95162327  
25.67246073  
22.97258567  
21.05020845  
19.23426684  
15.46220212  
7.705133355  
-4.409786344  
-18.69310607  
-30.80969183  
-35.97829742  
-31.23478443  
-17.17241066  
1.776627302  
18.82234963  
27.53337717  
24.62474387  
11.53419703  
-6.010744616  
-20.34329309  
-25.14520447  
-18.22379856  
-2.518259849  
15.14868823  
27.04219877  
27.89144166  
17.16236615  
-0.7804822408  
-18.6702334  
-29.56354725  
-29.82898501  
-20.57219607  
-6.917729608  
4.444293417  
8.268744886  
2.948810969  
-9.038438999  
-22.51245465  
-32.03510403  
-34.22962864  
-28.93893281  
-18.82632613  
-7.7973646  
0.8534256275  
5.636791813  
6.915887867  
5.979446088  
3.830559698  
0.4818523148  
-4.805448915  
-12.50242085  
-21.68647674  
-29.60710806  
-32.40178241  
-26.7816101  
-11.91157087  
9.512654897  
31.69207234  
47.66370666  
52.00447721  
43.11839448  
24.04659575  
1.378552016  
-17.29834115  
-26.30535843  
-23.87723175  
-12.44205982  
2.836549856  
16.47868579  
24.90129521  
27.44401756  
25.87495011  
22.81711132  
20.04222774  
17.57047979  
14.01556759  
7.89901658  
-0.8904190226  
-10.40674978  
-17.22307813  
-18.067359  
-11.69187639  
0.04570942812  
12.56902289  
20.39264106  
19.57078314  
9.62422244  
-6.020810938  
-21.36451235  
-30.3725033  
-29.5672517  
-19.47492913  
-4.266388186  
10.21521769  
19.08793008  
20.47870026  
16.04674727  
9.800262996  
5.853326641  
6.268023252  
10.05500533  
13.80819208  
13.62822316  
7.348855471  
-4.065987436  
-16.67707031  
-25.237345  
-25.59623275  
-16.70608723  
-1.283522655  
15.19204371  
26.69208624  
29.074739  
21.68123118  
7.443390024  
-8.466569608  
-20.78663135  
-26.16703324  
-24.22098031  
-17.30162871  
-9.248674755  
-3.739790118  
-2.946971168  
-6.956518861  
-14.01946305  
-21.3612117  
-26.13687237  
-26.19246301  
-20.49033699  
-9.240555318  
6.148865463  
23.24098375  
38.89227438  
49.80352339  
53.29865639  
48.16998815  
35.28021106  
17.59396962  
-0.5252824576  
-14.61801447  
-21.59995213  
-20.83233551  
-14.3338732  
-6.010489092  
-0.1893646144  
-0.04203480122  
-6.520502405  
-18.19244414  
-31.95808906  
-44.25941001  
-52.22415106  
-54.29643774  
-50.21811073  
-40.56961015  
-26.27185211  
-8.39628486  
11.63095843  
31.6561165  
48.65756905  
59.16549441  
60.26841557  
50.85906006  
32.53307179  
9.598765551  
-12.00193236  
-26.57084419  
-30.62860207  
-24.17127261  
-10.64615401  
4.390043664  
15.40283244  
18.92946435  
14.71111148  
5.477950749  
-4.455466311  
-11.1227515  
-12.51000072  
-9.166797105  
-3.637415321  
0.9399808588  
2.371239365  
0.3755274922  
-3.410800699  
-6.323579432  
-5.979574039  
-1.374942024  
6.710042748  
16.12734265  
24.33973728  
29.46884816  
30.93418942  
29.43933893  
26.38800057  
23.06926337  
20.02618855  
16.89506455  
12.75360968  
6.771571304  
-1.170229629  
-10.19097932  
-18.58383049  
-24.37791627  
-26.05735413  
-23.15976572  
-16.54163102  
-8.227178414  
-0.8953465048  
2.844537181  
1.195072073  
-6.256096708  
-18.28421677  
-32.18880597  
-44.37822672  
-51.27916504  
-50.35840664  
-40.96043935  
-24.66169291  
-4.952049121  
13.73473968  
27.37300887  
33.62802564  
32.59092801  
26.65466726  
19.53469205  
14.78359245  
14.37451427  
17.92948418  
22.92504417  
25.81146321  
23.59650183  
15.23760123  
2.252791767  
-11.72000173  
-22.24886298  
-25.78254704  
-20.99573695  
-9.271244253  
5.848078584  
19.97930353  
29.43047215  
32.32967948  
28.94753628  
