-17.69893561  
-32.49376829  
-43.0236278  
-42.16812568  
-25.59053095  
5.859903872  
45.6250743  
83.16613629  
107.4098497  
110.666909  
91.53847685  
55.66808619  
13.98486575  
-20.98004119  
-39.39599186  
-37.5054394  
-18.84651514  
7.11520624  
28.45214251  
35.09418897  
22.46469792  
-6.841564535  
-43.90168927  
-76.49201146  
-93.20606477  
-87.21978  
-58.43246618  
-13.3253026  
37.30261675  
81.83960164  
111.354509  
121.9171316  
115.0796411  
96.54581734  
73.68273879  
52.86742756  
37.61428781  
28.0421967  
21.69008696  
15.19092247  
6.046500116  
-6.209558517  
-19.86688723  
-31.87936124  
-39.27395365  
-40.50856564  
-36.21242993  
-29.0107268  
-22.50566645  
-19.82222885  
-22.2952126  
-28.82743711  
-36.19482848  
-40.21679208  
-37.37639775  
-26.29026821  
-8.468684465  
11.94537305  
29.39170186  
38.6437903  
36.47262241  
22.63950247  
-0.105734217  
-26.96332973  
-52.55413789  
-72.35266262  
-83.58783039  
-85.40053855  
-78.39333441  
-63.96140034  
-43.82912344  
-20.0220062  
4.814012163  
27.11153791  
42.53210686  
46.81307763  
37.17583601  
13.77898617  
-19.48095368  
-55.37497682  
-85.06139245  
-100.6635301  
-97.81427437  
-77.18988742  
-44.38415248  
-8.100038753  
22.69962973  
41.62609095  
46.64344097  
40.19769459  
27.77807707  
15.6076047  
8.449680298  
8.370625778  
14.80383755  
25.65785733  
38.77635703  
52.98080855  
68.21692136  
84.82602161  
102.4226193  
119.0585127  
131.210138  
134.712434  
126.2915907  
105.0372511  
73.14939021  
35.59117525  
-1.264387794  
-31.49190303  
-51.28206841  
-59.82581301  
-59.15197517  
-53.06799022  
-45.67431307  
-40.0316858  
-37.43490715  
-37.46285227  
-38.6568104  
-39.45861965  
-38.98545352  
-37.33615712  
-35.35064929  
-33.9823299  
-33.6071147  
-33.61563771  
-32.51905228  
-28.57875742  
-20.73402033  
-9.435872627  
3.022810175  
12.93764249  
16.35485374  
10.61685649  
-4.280554084  
-25.11145398  
-45.98973818  
-60.04169746  
-61.68741642  
-48.73192361  
-23.45240767  
7.822176338  
36.59987407  
54.9801635  
58.30539082  
46.73945104  
25.17946282  
1.51732669  
-16.11831678  
-22.14142264  
-15.32094526  
0.9807543574  
20.16236738  
34.7876054  
39.16085276  
31.20067419  
13.03752687  
-9.7729064  
-30.08155579  
-41.39469122  
-39.84286985  
-25.31392988  
-1.461478035  
25.37913869  
48.04966553  
60.67870112  
60.43539719  
48.39129364  
29.18056231  
9.502847817  
-4.09983018  
-7.468465141  
-0.2632507528  
13.95118226  
29.06086741  
38.72681586  
38.79235658  
28.81183356  
12.06645732  
-5.945280047  
-19.8996388  
-26.88055874  
-27.46470721  
-25.17201785  
-24.52912498  
-28.63264803  
-37.34244788  
-46.96382001  
-51.60920819  
-45.67010642  
-26.33081426  
4.957246674  
42.64814138  
78.80278163  
105.5627804  
117.3821739  
112.2166594  
91.41979277  
58.68916473  
18.74756722  
-23.60834323  
-63.83898659  
-97.58301493  
-120.6540606  
-129.5272312  
-122.354527  
-100.0960979  
-67.09576005  
-30.54852661  
1.227149598  
21.20647506  
25.8488247  
16.14909291  
-2.919790252  
-24.35390042  
-41.63380939  
-50.76171517  
-51.03582404  
-44.39455221  
-33.82818003  
-21.74241728  
-9.087003224  
4.410911978  
19.18919947  
34.68665752  
48.82557661  
58.51636353  
60.97790768  
55.19392978  
42.71207726  
27.30202129  
13.559948  
5.085277919  
3.083490024  
6.049336112  
10.66220827  
13.44369838  
12.3781241  
7.745399695  
1.82548983  
-2.312296514  
-2.302835401  
2.457734907  
10.64203445  
19.69526884  
26.98451109  
30.8026876  
30.7870374  
27.6661886  
22.60542174  
16.58532312  
10.15358583  
3.609930456  
-2.605552075  
-7.67731814  
-10.58323099  
-10.64203008  
-8.135446931  
-4.587952314  
-2.417705293  
-3.992551957  
-10.46564538  
-20.94659232  
-32.47255969  
-40.91280604  
-42.51635154  
-35.49712595  
-20.9935716  
-2.968602436  
12.9679198  
21.4105814  
19.02328847  
5.761582552  
-14.96381226  
-37.22562314  
-54.30658845  
-60.67115728  
-53.59072006  
-33.95507185  
-6.042641487  
23.68819097  
48.45127904  
63.10055621  
65.62045552  
57.65395123  
43.85434319  
30.22636437  
21.99201291  
21.73000598  
28.48800573  
38.23397604  
45.50349079  
45.61585703  
36.57853609  
19.91345109  
0.0789824965  
-17.24888741  
-27.29987188  
-27.85912461  
-19.81628123  
-6.509397254  
7.706973673  
18.94767245  
24.69970991  
23.89926833  
16.42186258  
2.524762068  
-17.26442113  
-41.67902536  
-67.9960124  
-91.68897015  
-106.9902517  
-108.4566826  
-93.04700909  
-61.80759949  
-20.27961223  
22.77199533  
57.96128273  
78.22327189  
80.89334237  
68.07819161  
45.23916135  
18.7192149  
-6.60261102  
-28.47833398  
-46.87870711  
-62.43552679  
-74.7590596  
-81.68719455  
-79.98261803  
-67.16567822  
-43.48878932  
-12.89555873  
17.73153999  
40.87258361  
51.23573934  
47.85260086  
34.38217597  
17.44168364  
3.728562808  
-2.723395001  
-1.891158751  
2.844886217  
6.859356349  
6.84199626  
2.465274028  
-3.626841323  
-7.404597693  
-5.699200118  
2.10848692  
13.83948523  
25.7909846  
34.7926458  
39.8880999  
42.6974854  
46.24340974  
52.8702945  
62.40985411  
71.65202513  
75.52039659  
69.45683924  
51.86035993  
25.34552524  
-3.869998217  
-28.23577831  
-41.78536223  
-42.38293189  
-32.32292497  
-17.10280503  
-3.036957347  
5.136533407  
5.612624165  
-0.6031846395  
-10.96830684  
-22.97219736  
-35.11090236  
-46.82348642  
-57.60551316  
-66.01119922  
-69.32483966  
-64.28646209  
-48.6262313  
-22.64149193  
10.06768086  
43.23139811  
69.78552535  
84.24579587  
84.57173549  
72.72743838  
53.73383642  
33.67161915  
17.51575323  
7.679284835  
3.74803703  
3.321478864  
3.420266064  
1.776942484  
-2.485431233  
-8.906070179  
-16.24260083  
-23.1506076  
-28.68137622  
-32.49684018  
-34.87761032  
-36.64552862  
-39.03576271  
-43.4378614  
-50.90685895  
-61.47656881  
-73.52757653  
-83.61736787  
-87.12078575  
-79.71644015  
-59.29805174  
-27.52968034  
9.780086364  
43.93655819  
66.02964159  
70.11576224  
55.65412578  
28.11939611  
-2.607773887  
-25.56803055  
-32.53283516  
-20.83952278  
5.81560408  
38.86336697  
67.9639024  
84.48129317  
84.05491614  
67.47476035  
39.80920231  
8.379424361  
-19.52875366  
-38.45134098  
-45.66089847  
-41.26002955  
-27.7390193  
-9.271295995  
9.137790256  
22.66304286  
27.81421003  
23.52829381  
11.79271261  
-2.635225556  
-13.59401134  
-15.68019297  
-6.451818647  
12.27301136  
34.72001115  
53.1241908  
60.66186531  
54.1463806  
35.30876893  
10.06639321  
-13.92119249  
-30.31928231  
-36.43071892  
-33.73868036  
-26.52210057  
-19.317766  
-14.54892643  
-11.52659264  
-7.300885957  
1.128462923  
14.46204822  
29.9303375  
42.03992378  
44.98810219  
35.60505171  
15.34535168  
-9.754644154  
-31.27786669  
-41.86383159  
-38.32953322  
-23.03103518  
-2.821743776  
13.92927796  
20.90544334  
16.39927383  
3.755097535  
-10.40876575  
-19.29966214  
-18.92234038  
-9.61537346  
4.421456526  
17.23815722  
23.80614111  
22.02191785  
13.23821424  
1.271381922  
-9.473949308  
-15.81138877  
-16.73521728  
-13.2834076  
-7.606312641  
-1.864612283  
2.477850087  
4.74645286  
4.720307139  
2.280661048  
-2.617326365  
-9.61000533  
-17.51619302  
-24.27579987  
-27.50202179  
-25.53852726  
-18.53696139  
-8.92497809  
-0.8396392915  
1.414700164  
-4.703088235  
-18.5320578  
-36.01768794  
-51.00793975  
-57.59420111  
-52.53061321  
-36.66526833  
-14.71080602  
6.594371564  
21.15907362  
25.88531428  
21.66414999  
12.6055398  
3.887586576  
-0.7607744697  
-0.7643154799  
1.209974501  
0.8344794246  
-5.35709906  
