114.4145235  
137.9816384  
138.1697157  
114.1648879  
73.11205241  
27.61210679  
-9.032641964  
-27.87577448  
-27.55971561  
-14.35815063  
0.964459926  
8.089494751  
1.719275625  
-16.18567928  
-37.43690556  
-51.40607055  
-49.87070562  
-30.79674065  
0.5512799253  
33.58700757  
56.55342197  
61.0550985  
45.10760458  
13.56174139  
-24.08349551  
-57.40246373  
-78.70087683  
-85.20444508  
-79.12998425  
-65.92523935  
-51.6579079  
-40.71905077  
-34.67267569  
-32.4573067  
-31.54415933  
-29.34772088  
-24.24895021  
-15.92877574  
-5.102758873  
7.005765686  
19.10738219  
30.03677344  
38.74835796  
44.30243792  
45.9912586  
43.60390723  
37.67425053  
29.50827688  
20.88447023  
13.50446573  
8.432866714  
5.797059602  
4.897278831  
4.664213606  
4.2170715  
3.227170599  
1.909530739  
0.6850434546  
-0.2496190204  
-1.151665261  
-2.591331266  
-5.005148355  
-8.220889497  
-11.29163422  
-12.83385439  
-11.78232029  
-8.201907537  
-3.691221802  
-1.053211405  
-3.246905218  
-12.01159443  
-26.77902752  
-44.42986386  
-60.11528027  
-68.89511331  
-67.55855448  
-55.87633956  
-36.74874905  
-15.17113227  
3.567009963  
15.71960464  
20.23387277  
18.79693017  
14.83470998  
11.9374605  
12.38082111  
16.31691785  
21.89026238  
26.14616389  
26.30745962  
20.90607396  
10.37233949  
-3.071322294  
-16.10863511  
-25.34255931  
-28.29228554  
-24.09509976  
-13.74423559  
0.1811996802  
14.22135129  
25.00206155  
30.21026199  
29.29190643  
23.62625208  
16.06551457  
9.938484564  
7.834821242  
10.61750969  
17.0742296  
24.39814028  
29.35380877  
29.6745635  
25.09934612  
17.57330699  
10.47964511  
7.197039929  
9.596397466  
17.14573279  
27.04367732  
35.35049611  
38.63479286  
35.41206427  
26.73611634  
15.6828313  
5.964722252  
0.3057724327  
-0.6922112878  
1.307515026  
3.268300789  
2.283196962  
-2.998268478  
-11.6568926  
-20.8078226  
-26.77229382  
-26.60043897  
-19.30467007  
-6.319623662  
8.951678859  
22.27553361  
29.94629928  
29.87975455  
22.12166125  
8.702760415  
-7.010940495  
-21.2156757  
-30.56912976  
-32.91889027  
-27.76591555  
-16.40764575  
-1.71924814  
12.44138966  
22.14535647  
24.44140082  
18.25375898  
4.810818516  
-12.60954985  
-29.61052889  
-42.01296385  
-47.1422293  
-44.59715906  
-36.2147251  
-25.25764455  
-15.15902338  
-8.329826914  
-5.488295567  
-5.733411358  
-7.263214635  
-8.376891302  
-8.309942717  
-7.559539417  
-7.602736546  
-10.17301176  
-16.42625783  
-26.34096693  
-38.56876531  
-50.76196394  
-60.23689432  
-64.74517631  
-63.12769529  
-55.68671468  
-44.18905136  
-31.48441783  
-20.79009013  
-14.77181845  
-14.63824298  
-19.53301898  
-26.50070657  
-31.17585221  
-29.10629114  
-17.3443699  
4.254323146  
32.57980592  
61.96946004  
85.93938865  
99.38010224  
100.3942183  
91.02311899  
76.50779567  
63.31212835  
56.65777209  
58.54749215  
67.07234277  
77.2752066  
83.19891385  
80.26319243  
67.00115944  
45.48809964  
20.36994684  
-3.014641755  
-20.58448768  
-30.74656035  
-34.49525528  
-34.49114448  
-33.64941619  
-33.90372092  
-35.63283947  
-37.86479064  
-39.00654581  
-37.66115577  
-33.15462504  
-25.62984546  
-15.82480576  
-4.786361307  
6.2799921  
16.00411741  
22.84852848  
25.31532078  
22.44378686  
14.44438563  
3.121816599  
-8.275068831  
-15.92589403  
-16.82310546  
-10.13370933  
2.103417477  
15.37969765  
24.20265407  
24.14781197  
13.65094093  
-5.2342269  
-27.4796906  
-46.89838608  
-58.3919049  
-59.70165852  
-51.96194239  
-38.88969081  
-25.04426134  
-13.97380402  
-7.058997745  
-3.488530748  
-1.241716645  
1.511213412  
5.334496682  
9.301745166  
11.6749586  
11.06823442  
7.433696522  
2.315146832  
-1.791969469  
-2.659747726  
0.5006841728  
6.532667786  
12.78547301  
16.33427482  
15.39092818  
10.21682361  
3.080599104  
-2.741294683  
-4.46444677  
-1.098649112  
6.050896198  
13.91153414  
18.94901031  
18.6513125  
12.52907857  
2.218077103  
-9.303372195  
-18.97157659  
-24.77375629  
-26.27444578  
-24.37034339  
-20.49372596  
-15.72954811  
-10.31251538  
-3.736869355  
4.625250832  
14.76917079  
25.60720678  
35.09979158  
40.94464523  
41.51015757  
36.56960719  
27.48243221  
16.7304899  
7.020714369  
0.3583811152  
-2.508965633  
-2.074871825  
0.433702493  
3.743901032  
7.033087054  
9.996178309  
12.50224017  
14.1008965  
13.73885319  
9.948133103  
1.511939479  
-11.67062698  
-27.96710796  
-44.03999114  
-55.66109298  
-59.09229278  
-52.51519834  
-36.90546383  
-15.92669279  
5.196537991  
21.43809236  
29.6879708  
29.74425817  
24.17628525  
17.11538805  
12.47392341  
12.33074727  
16.14747963  
21.12501887  
23.52424106  
20.36927853  
10.79906602  
-3.502124442  
-18.95794876  
-31.53080505  
-38.29844259  
-38.50078942  
-33.63377646  
-26.59644869  
-20.31146201  
-16.45516197  
-14.85914225  
-13.8245905  
-11.16974619  
-5.503241904  
2.875953133  
11.87359945  
18.34810245  
19.39055476  
13.58471423  
1.711045439  
-13.39712656  
-27.77905349  
-37.6742792  
-40.73390135  
-36.67651364  
-27.19704985  
-15.23401103  
-3.922181066  
4.375056647  
8.649171806  
9.32630654  
7.912482361  
6.393120806  
6.600067892  
9.709023257  
15.95503584  
24.58936465  
34.06800512  
42.43952993  
47.86925  
49.18826792  
46.30811768  
40.3351138  
33.28182879  
27.40959244  
24.39745474  
24.64648737  
27.02567509  
29.22241918  
28.62093653  
23.39390092  
13.3667431  
0.2722873397  
-12.75528188  
-22.28371421  
-25.85864803  
-22.94159898  
-15.12845096  
-5.563454787  
2.205266135  
5.462267955  
3.171308404  
-3.858740284  
-13.47765156  
-23.08361264  
-30.49409068  
-34.4669626  
-34.75494932  
-31.8155577  
-26.43828084  
-19.52834775  
-12.12734185  
-5.554672445  
-1.438442701  
-1.443119359  
-6.680037088  
-17.01284719  
-30.61191074  
-44.07844949  
-53.24433033  
-54.44539123  
-45.81382765  
-28.06715803  
-4.437741431  
20.27457122  
41.18265779  
54.75769784  
59.69678932  
56.92550646  
48.82494555  
38.09231909  
26.7650529  
15.8099325  
5.370342277  
-4.568231686  
-13.53196728  
-20.33510464  
-23.4406566  
-21.73968835  
-15.33678809  
-5.891329879  
3.743661688  
10.50597754  
12.33652521  
9.080057914  
2.641005192  
-3.72400915  
-6.715247711  
-4.362437166  
3.119361605  
13.35997336  
22.74622576  
27.84128896  
26.72808343  
19.73405923  
9.260634968  
-1.188275903  
-8.365659878  
-10.48078573  
-7.781906097  
-2.333887285  
2.874433184  
5.112974429  
2.923929381  
-3.389753751  
-11.93215393  
-19.92083313  
-24.63857129  
-24.28760435  
-18.47904351  
-8.246095284  
4.362783744  
16.93094151  
27.33397059  
34.21716028  
37.17732464  
36.6422153  
33.53360916  
28.8570741  
23.36771181  
17.41745785  
11.01076623  
4.008985846  
-3.637064753  
-11.75343926  
-19.9808848  
-27.96107178  
-35.55450423  
-42.93310323  
-50.43575567  
-58.19623014  
-65.69915378  
-71.51451345  
-73.43954578  
-69.12486745  
-57.02964058  
-37.34387424  
-12.44429263  
13.42354193  
35.24787909  
48.79964059  
52.04493196  
45.8324242  
33.5267831  
19.69465691  
8.36992049  
1.633597112  
-0.8741478862  
-1.304008194  
-2.130172295  
-4.585321168  
-7.786931205  
-9.034695774  
-5.196843042  
5.448753799  
21.82618027  
39.87799237  
53.80459433  
58.27324533  
50.64889395  
32.23378738  
7.913296278  
-15.6832562  
-32.71651975  
-40.25254558  
-39.04098692  
-32.66977374  
-25.57498096  
-20.9149552  
-19.34807913  
-19.26547068  
-18.2640154  
-14.98700857  
-10.25270261  
-6.756094027  
-7.400405085  
-13.1035644  
-21.31813232  
-26.26386726  
-21.07374132  
-1.066064756  
33.33857538  
75.55602636  
