16.76572613  
11.11914038  
2.488543841  
-7.710184129  
-18.0867867  
-27.55060516  
-35.27994494  
-40.52961986  
-42.50983009  
-40.50720334  
-34.2447374  
-24.29344255  
-12.26414078  
-0.5776276479  
8.191577345  
12.17736876  
10.93223837  
5.657146707  
-1.186410884  
-6.752383297  
-8.82662281  
-6.572169261  
-0.7123112457  
6.890396128  
14.04125843  
19.03833453  
21.17160272  
20.73209449  
18.60825029  
15.72969665  
12.65826598  
9.511916551  
6.205765444  
2.815931634  
-0.1903684929  
-2.029815686  
-1.970076241  
0.2068355232  
3.919539359  
7.883379078  
10.59766168  
11.01929915  
9.09448208  
5.858911671  
3.010502517  
2.116263682  
3.811376365  
7.380615938  
10.95506753  
12.27752321  
9.71762019  
3.08374412  
-6.148422026  
-15.3192858  
-21.5925387  
-23.06196554  
-19.4873706  
-12.35367095  
-4.245337287  
2.177594778  
5.158807975  
4.383439307  
0.8960020968  
-3.497408922  
-7.026967869  
-8.592071952  
-7.988365203  
-5.710197978  
-2.514245689  
0.9837135058  
4.471699476  
7.825946887  
10.85296822  
13.10730762  
13.94871985  
12.8458705  
9.763311169  
5.38609082  
0.9940829818  
-2.02525056  
-2.832059123  
-1.639989758  
0.2119182468  
0.7219720529  
-1.929546647  
-8.505509557  
-18.20146156  
-28.75280481  
-37.14782254  
-40.66884866  
-37.84113874  
-28.91518186  
-15.7185481  
-0.9854308604  
12.52282516  
22.74495853  
28.65424968  
30.17513242  
27.85244168  
22.52086398  
15.15252559  
6.894574792  
-0.8491697236  
-6.492911723  
-8.612010333  
-6.483460377  
-0.5775433026  
7.302431424  
14.42388384  
18.02039201  
16.36673603  
9.578327725  
-0.2573810841  
-9.751658715  
-15.47358602  
-15.30581903  
-9.330490756  
0.1462399532  
9.467461851  
15.05255626  
14.79530893  
8.861133164  
-0.4348118423  
-9.601629776  
-15.38419886  
-16.03301702  
-11.93370027  
-5.376229724  
0.4053848149  
2.518565205  
-0.4771334608  
-8.030160131  
-17.7850932  
-26.3874609  
-30.59879351  
-28.34766986  
-19.4016834  
-5.485264152  
10.16692678  
23.68764503  
31.6517303  
32.06468177  
24.98878675  
12.60191268  
-1.378709986  
-12.78839608  
-18.31588674  
-16.59061455  
-8.654602844  
2.400502263  
12.5521759  
18.33676185  
18.14443328  
12.79459805  
5.136575524  
-1.179987343  
-3.259165463  
-0.1756677463  
6.674579047  
14.24400953  
19.22190673  
19.51329993  
15.13710309  
8.14054823  
1.585633887  
-1.903017702  
-1.337583809  
2.247916411  
6.389953618  
8.452405  
6.916264495  
2.065452102  
-4.256428464  
-9.670769381  
-12.52647497  
-12.73843746  
-11.76193119  
-11.7139967  
-14.10417627  
-18.85424348  
-24.15287757  
-27.26660257  
-25.92594715  
-19.58341444  
-9.871887559  
0.02605989517  
6.838535059  
8.795167768  
6.546425687  
2.91043542  
1.513052451  
4.944829851  
13.3271018  
24.01607017  
32.64551678  
35.06644857  
29.29634649  
16.56330525  
0.9403616095  
-12.2812364  
-18.74631077  
-16.748642  
-7.756455789  
4.42649137  
15.40676054  
22.00177024  
23.27216392  
20.38689781  
15.51890026  
10.43594892  
5.559693427  
-0.02815790217  
-7.686481979  
-17.96752119  
-29.76010487  
-40.35783719  
-46.49234337  
-45.84559417  
-38.27282365  
-26.08018106  
-13.15837076  
-3.3458682  
1.207302082  
0.8873740122  
-1.735130254  
-3.282481941  
-1.294381622  
4.546570332  
12.28470455  
18.70789177  
20.99433319  
18.16408209  
11.61174633  
4.456339555  
0.0303844761  
0.251900914  
4.67399027  
10.66736593  
14.63598604  
13.67128833  
6.859198393  
-4.35084914  
-16.83167593  
-27.12953251  
-32.80240734  
-33.13171977  
-28.95927023  
-21.86700539  
-13.2353235  
-3.7262893  
6.553224072  
17.37903009  
27.71948238  
35.55530339  
38.45973209  
34.74416434  
24.60053574  
10.58284256  
-2.965996365  
-11.43265777  
-11.79395687  
-3.983654836  
8.905189384  
21.75295312  
29.44303329  
28.92441278  
20.40740431  
7.172440185  
-5.908121395  
-14.46211911  
-16.39134191  
-12.56471269  
-6.180330128  
-1.153297496  
-0.3052084595  
-4.175597657  
-10.94210242  
-17.39938381  
-20.46889541  
-18.51323193  
-11.88399515  
-2.542886425  
6.954839187  
14.55641065  
19.35884998  
21.56755588  
21.90818709  
20.90602576  
18.47674107  
14.05842423  
7.185160048  
-1.859821695  
-11.72726156  
-20.25710586  
-25.22829653  
-25.24992524  
-20.35133338  
-11.97493069  
-2.37943358  
6.239402509  
12.46787664  
15.892544  
16.76141026  
15.34783497  
11.44844452  
4.377042064  
-6.468076978  
-20.73834355  
-36.47670154  
-50.14478648  
-57.51846128  
-55.20235435  
-42.15597297  
-20.52637451  
4.683538094  
27.1048174  
41.13259093  
43.86887657  
36.09241037  
21.85531264  
6.871429871  
-3.642518031  
-6.801182486  
-2.851469656  
5.311396371  
13.61987677  
18.61837142  
18.79443259  
14.94934205  
9.551471901  
5.454240827  
4.593614079  
7.22357217  
11.9519696  
16.46068215  
18.51075614  
