30.29696301  
13.95367891  
-6.92472034  
-27.2795566  
-43.22769573  
-53.11574459  
-57.35154527  
-57.32188927  
-54.11711237  
-47.79771935  
-37.57541732  
-22.74989215  
-3.81980021  
16.91653299  
35.69749613  
48.51565609  
52.70027322  
48.13584595  
37.52562335  
25.52760966  
17.09033882  
15.66304856  
21.99742382  
33.98745157  
47.54680636  
58.10660191  
62.11164871  
57.96854777  
46.19672227  
28.89253986  
8.870425522  
-11.10864006  
-28.7641739  
-42.36896908  
-50.65796621  
-52.81531898  
-48.66744008  
-39.00869242  
-25.82152889  
-12.12720846  
-1.348346982  
3.686916023  
1.740640784  
-6.278482498  
-17.5131296  
-28.13007119  
-34.74905178  
-35.77689987  
-32.08747828  
-26.72003832  
-23.65651391  
-26.1230515  
-35.08095703  
-48.52966344  
-61.94916133  
-69.77512033  
-67.3954103  
-52.94110073  
-28.20082724  
1.706507952  
29.8242685  
49.52587912  
56.62817696  
50.73802724  
35.37842793  
16.84956522  
2.19702813  
-3.051971289  
3.346366368  
19.6515429  
40.72282992  
59.69703793  
70.21815135  
68.49894253  
54.54615239  
32.1494414  
7.63626053  
-12.19746197  
-22.29364416  
-20.93986883  
-10.24437235  
4.667311125  
17.43872765  
22.62109031  
17.42586108  
2.513493371  
-18.39356738  
-39.8578452  
-56.49200656  
-64.50102928  
-62.51203591  
-51.52932222  
-34.20411265  
-13.83588771  
6.464052357  
24.19710738  
37.51167249  
45.08128968  
46.10672022  
40.57980733  
29.70233528  
16.1473009  
3.816755506  
-3.067197887  
-1.367322157  
9.561855393  
27.09927331  
45.70259273  
58.45571525  
59.39228186  
45.77921447  
19.46096205  
-13.34688093  
-43.86188019  
-63.56429679  
-67.05874286  
-53.92889765  
-28.90322323  
-0.268105947  
22.89796253  
33.68439406  
29.48186612  
12.60094428  
-10.75306942  
-32.71365145  
-46.38711377  
-48.01019814  
-37.97641418  
-20.48418045  
-2.000401942  
10.92641903  
13.81428562  
5.710634535  
-10.4616228  
-28.78773118  
-42.23287193  
-44.96099642  
-34.38844426  
-12.28841259  
15.4912228  
40.70935644  
55.34434286  
54.29723247  
37.24151287  
8.912983418  
-22.33670043  
-47.26175022  
-58.76328585  
-54.14973303  
-35.80545024  
-10.07141394  
15.16480058  
33.19460653  
40.49111675  
37.32187019  
26.92947966  
13.82965084  
2.065097779  
-5.869484671  
-9.1610732  
-8.115952635  
-3.461021122  
3.976692837  
13.05602484  
21.86632253  
27.58351618  
27.08002592  
18.27985265  
1.696245497  
-18.73754771  
-36.29274269  
-43.6559608  
-36.02781098  
-13.78449094  
16.67301925  
44.61641057  
58.86162446  
52.36176756  
25.55041719  
-13.17757342  
-50.31123452  
-72.39362898  
-71.40231165  
-48.01051144  
-11.23757473  
25.44301558  
49.87897775  
56.35256134  
47.73914291  
33.72763933  
25.90650269  
31.96684511  
51.70780673  
76.73107165  
94.03599152  
91.937916  
65.65369029  
20.02573462  
-31.87023684  
-73.65729795  
-92.00215763  
-81.67243363  
-47.24431924  
-0.9215125225  
42.38751096  
70.50457296  
77.67504358  
65.24263445  
39.48616013  
8.0282723  
-23.32965482  
-51.97257924  
-77.75287016  
-101.0098839  
-120.7172621  
-133.9245252  
-136.8233775  
-126.7979982  
-104.2432941  
-73.05171288  
-39.39895087  
-9.39195031  
13.22841347  
28.1546003  
37.82654338  
45.40797502  
52.55993193  
58.2575494  
59.33378689  
52.48937427  
36.68469446  
14.56857326  
-7.943937013  
-23.88481053  
-28.22568917  
-20.18338784  
-3.663746742  
14.42725838  
27.21637949  
30.77716831  
25.52674056  
15.48059456  
5.83175495  
0.1658255264  
-1.215560055  
-1.001919508  
-2.81939505  
-8.59005085  
-16.83127621  
-22.95467249  
-21.561863  
-9.623045882  
11.15220088  
34.15133179  
50.25494852  
51.84518309  
36.5804924  
9.069429451  
-20.5182551  
-40.44403822  
-42.28171291  
-24.49882038  
6.893719041  
40.92179867  
66.27377322  
75.86488599  
69.30789496  
52.28509117  
33.29315226  
19.44327453  
13.36758043  
12.65031376  
11.90120941  
6.270933338  
-5.475416402  
-19.93785421  
-30.64580045  
-31.40661857  
-19.71939182  
1.512456301  
24.89608225  
41.71173195  
45.82216932  
36.44549118  
18.44942832  
0.01944104101  
-11.18653117  
-11.57103009  
-3.16247334  
7.484098848  
12.47878587  
6.344558678  
-11.42550297  
-36.12699412  
-59.92285018  
-75.17765626  
-77.47811605  
-67.03573335  
-48.03120131  
-26.46109392  
-7.687290117  
5.126117221  
11.11731681  
10.65859435  
4.027478508  
-9.198436898  
-29.54819108  
-56.18774197  
-85.53350279  
-111.0165592  
-124.5526907  
-119.3811688  
-93.1169969  
-49.55852051  
1.798774663  
48.62224176  
79.96776637  
90.17388585  
80.78305727  
59.65029444  
37.59855931  
24.03470935  
23.37296937  
33.73006447  
48.33812627  
58.93343291  
59.55533707  
49.08548795  
31.4931674  
13.81400526  
2.883163408  
2.331279539  
11.14073396  
24.28814107  
35.04645144  
37.82652402  
