22.58849668  
18.52059699  
9.841182707  
-0.7660983234  
-8.94928214  
-10.40296811  
-2.920107818  
12.15487284  
29.8554566  
43.14105577  
45.5754908  
34.07611053  
10.53258304  
-18.50864769  
-44.11258137  
-58.34480753  
-57.41677902  
-43.2598381  
-22.81478271  
-5.266536944  
1.676711655  
-5.057538566  
-22.61079925  
-43.2974032  
-57.65763874  
-58.21799586  
-42.44815826  
-13.760606  
19.78637209  
48.49849122  
64.53508696  
64.52189836  
50.35290465  
28.0133362  
5.035716111  
-12.31928459  
-21.05307441  
-21.91094522  
-18.33250992  
-14.45757326  
-13.10060071  
-14.54266931  
-16.5931254  
-15.82042625  
-9.373864567  
3.407071575  
20.29466146  
36.70602206  
47.28811056  
47.94969365  
37.54543797  
18.53432741  
-3.683175036  
-22.54194194  
-32.5617373  
-31.23410257  
-19.83752996  
-2.876344683  
13.63098036  
24.3445555  
26.42814683  
20.32252111  
9.223779262  
-2.443465438  
-10.86898942  
-14.23377228  
-13.08593731  
-9.653750248  
-6.512790667  
-5.289578882  
-6.017877886  
-7.405441291  
-7.800434784  
-6.297012961  
-3.365640857  
-0.6550150371  
-0.05810538875  
-2.534232377  
-7.326783855  
-12.03307422  
-13.5562625  
-9.517238415  
0.5457658808  
14.77657105  
29.60761472  
41.09896589  
46.39068217  
44.61747865  
36.92381797  
25.67498942  
13.34417636  
1.669063861  
-8.537083311  
-16.94452896  
-23.03839278  
-25.7565273  
-23.77468362  
-16.36361577  
-4.338047938  
9.535976216  
21.09776948  
26.24641079  
22.70607155  
11.2518739  
-4.293209217  
-18.43754953  
-26.25025048  
-25.45109613  
-17.36772961  
-6.259162441  
2.727058183  
6.020782022  
3.332865914  
-2.25637393  
-5.913066703  
-3.622873998  
5.524479114  
18.49100743  
29.38009773  
32.03496686  
22.97993566  
3.333691347  
-21.23797167  
-42.58108715  
-53.2612899  
-49.53711554  
-32.82518433  
-9.063562587  
13.69264163  
28.36607925  
31.33018574  
23.30646998  
8.482036064  
-7.578150849  
-20.19905949  
-27.07136253  
-28.44732201  
-26.21653513  
-22.50975126  
-18.5949332  
-14.55843408  
-9.784744499  
-3.822823321  
2.932509065  
9.153582229  
13.12815771  
13.61944139  
10.54941017  
5.124302235  
-0.6703538923  
-4.944418993  
-6.703576136  
-6.186522761  
-4.601186752  
-3.428147964  
-3.660570569  
-5.351638468  
-7.65750792  
-9.304976809  
-9.215748777  
-6.976960886  
-2.963570583  
1.886176105  
6.476601004  
9.924719953  
11.74692159  
11.8473551  
10.40251401  
7.762217097  
4.425965921  
1.060227797  
-1.53535932  
-2.58215627  
-1.578303698  
1.456839282  
5.895429577  
10.65452254  
14.54799009  
16.67597138  
16.65787913  
14.59695203  
10.82111178  
5.58859334  
-1.018414823  
-8.893676822  
-17.48384356  
-25.4100872  
-30.45199535  
-30.07403725  
-22.39665609  
-7.232726019  
13.31914649  
35.11392363  
53.08337866  
62.88097905  
62.40010061  
52.51237339  
36.67588394  
19.5501515  
5.201096542  
-4.327715832  
-9.465178829  
-12.42335138  
-15.73696023  
-20.7583792  
-26.84491623  
-31.63390744  
-32.26766952  
-26.9635144  
-16.14828442  
-2.578493707  
9.650195358  
16.76863639  
16.91378811  
10.8959418  
1.804853114  
-6.355650078  
-10.37255922  
-9.095167066  
-3.722697848  
2.970869536  
8.059849785  
9.839486108  
8.50477362  
5.847626306  
4.165621582  
4.949302317  
8.009252225  
11.47993697  
12.70842088  
9.608244697  
1.831518806  
-8.811118045  
-18.91228319  
-24.79622862  
-24.05119683  
-16.60663774  
-4.888465252  
7.023159999  
14.89383732  
15.88842071  
9.568621271  
-2.031568039  
-15.23892815  
-26.11358086  
-31.80682847  
-31.39666976  
-25.93799926  
-17.79288109  
-9.579624799  
-3.191769367  
0.7417418725  
2.804502435  
4.257476179  
6.312227145  
9.54520099  
13.68034772  
17.77743822  
20.68225637  
21.50181268  
19.89612051  
16.09984775  
10.7319055  
4.54402239  
-1.745275782  
-7.47350042  
-11.97357403  
-14.56018418  
-14.67159498  
-12.16568845  
-7.632421913  
-2.507070268  
1.190969612  
1.504199377  
-2.634613591  
-10.7504182  
-20.70689094  
-29.28913218  
-33.34871198  
-31.08014576  
-22.8730805  
-11.31024872  
-0.2260981657  
6.834445822  
8.113746185  
4.421920944  
-1.191575543  
-4.78172318  
-3.302650046  
3.946401618  
14.89795483  
25.54456744  
31.67946644  
30.77775242  
23.16363439  
11.91835809  
1.554308942  
-3.951829461  
-2.877117883  
3.554910067  
11.80624869  
17.66850815  
18.14425742  
12.69893713  
3.334650237  
-6.493303  
-13.54862215  
-16.24854936  
-15.18075983  
-12.49974247  
-10.56312638  
-10.54182255  
-11.73563159  
-11.95538193  
-8.780024173  
-1.040749766  
10.24502413  
22.00660486  
30.3104505  
32.07038476  
26.46870118  
15.4005918  
2.713088306  
-7.422064422  
-12.25159338  
-11.50158849  
-7.286199102  
-2.940824419  
-1.357638187  
-3.617866545  
-8.553454634  
-13.41375429  
-15.28607343  
-12.5738834  
-5.827822397  
2.451362583  
8.927958786  
10.93129847  
7.646713691  
0.4685983958  
-7.613296602  
-13.28420148  
-14.24667049  
-10.05328664  
-2.113515579  
7.056423678  
14.94738402  
20.02002958  
22.12125282  
22.24282582  
21.81643015  
21.9248086  
22.8024383  
23.82381024  
23.92881592  
22.23683211  
18.536383  
13.42493025  
8.055577167  
3.633346247  
0.908112764  
-0.1065419831  
-0.07662187037  
-0.001360506765  
-0.7486086465  
-2.683273698  
-5.54453782  
-8.608648087  
-11.04908545  
-12.32504077  
-12.42711604  
-11.87747064  
-11.49220106  
-12.01550913  
-13.78834876  
-16.59694184  
-19.76541511  
-22.44886888  
-23.99163061  
-24.18398547  
-23.29424919  
-21.8571235  
-20.3188514  
-18.71953509  
-16.5908647  
-13.15526537  
-7.767577452  
-0.4051175129  
8.04202389  
15.8668472  
21.05160214  
22.01148654  
18.26779531  
10.73521989  
1.454792547  
-7.157253867  
-13.24444951  
-16.21963394  
-16.91640474  
-17.08692582  
-18.4520953  
-21.7332853  
-26.13043982  
-29.52852437  
-29.38593996  
-23.93246913  
-13.13292666  
1.05131623  
15.27291918  
26.05732574  
31.17702462  
30.53251736  
26.13156091  
21.15484831  
18.51016977  
19.52017266  
23.34206125  
27.39556743  
28.6186818  
24.98462279  
16.57849147  
5.714713177  
-3.99706409  
-9.248843415  
-8.585253378  
-3.191625115  
3.482769959  
7.160807287  
4.647897138  
-4.606863887  
-18.00893516  
-30.65839644  
-37.24960418  
-34.28305469  
-21.67808553  
-3.08750102  
15.27526302  
26.88519646  
27.37325311  
16.24692456  
-2.821869329  
-23.27169786  
-38.00803445  
-41.93944956  
-33.72918511  
-16.11631032  
5.270482373  
24.09604142  
35.61584838  
38.19653863  
33.51649026  
25.4603599  
18.25051612  
14.6428875  
14.94364113  
17.21313158  
18.49278526  
16.4461049  
10.64132377  
2.88290783  
-3.559821228  
-5.474853571  
-1.286392461  
8.036195397  
19.17200889  
27.693259  
29.84401302  
24.09804343  
11.83038671  
-3.186742507  
-16.25450079  
-23.57350464  
-23.674692  
-17.88426479  
-9.662051403  
-3.117108539  
-1.325207333  
-5.126051787  
-12.85544406  
-21.0750238  
-25.97001924  
-24.84750212  
-17.16675352  
-4.747651966  
8.869604795  
19.63408009  
24.30936365  
21.46402602  
11.83320777  
-2.008813644  
-16.50157441  
-28.17028699  
-34.57802468  
-34.89057854  
-29.92677422  
-21.72808181  
-12.81990842  
-5.415335735  
-0.8128285985  
0.8387886638  
0.3669843188  
-0.9038542778  
-1.731055413  
-1.402571068  
0.1047408911  
2.283587162  
4.456896485  
6.142656422  
7.238504156  
7.948660546  
8.519562634  
8.959465467  
8.9286393  
7.890741894  
5.461878196  
1.76285307  
-2.446907518  
-5.976303548  
-7.688897114  
-7.037587236  
-4.358032588  
-0.7313611844  
2.55368675  
4.679896484  
5.751976786  
6.733866473  
8.845026562  
12.69604606  
17.63629677  
21.74263472  
