22.83422532  
26.34066913  
22.94767175  
12.20005082  
-3.678410024  
-20.56472273  
-33.93419639  
-40.4823995  
-39.24121033  
-31.77788955  
-21.44458765  
-12.02391156  
-6.336302906  
-5.353807356  
-8.121110364  
-12.43211741  
-15.90453081  
-16.96217459  
-15.32229298  
-11.8403433  
-7.864373177  
-4.45903103  
-1.887187578  
0.4174122204  
3.408130835  
7.76751766  
13.38651094  
19.25796107  
23.85130275  
25.79395692  
24.5293127  
20.62618443  
15.57722644  
11.16746495  
8.701962169  
8.454440081  
9.599803175  
10.66764394  
10.30642491  
7.995382401  
4.358701122  
0.918360475  
-0.6138219254  
0.8201605878  
5.046070305  
10.633911  
15.46632012  
17.65649649  
16.39797068  
12.34338573  
7.315251117  
3.45764232  
2.206670652  
3.559113209  
6.000515315  
7.159086071  
4.913661691  
-1.544654796  
-11.20145985  
-21.53179701  
-29.53750196  
-33.06478428  
-31.80188302  
-27.47024366  
-23.07208691  
-21.48813335  
-24.04117409  
-29.69581191  
-35.31578677  
-36.94176762  
-31.58477315  
-18.76257817  
-1.072180251  
16.52570012  
28.48766642  
30.84045169  
22.82184137  
7.31269179  
-10.14758037  
-23.38421698  
-27.84015598  
-22.16113889  
-8.504145307  
8.497923877  
23.62913478  
33.02504376  
35.36623834  
31.91482034  
25.50508912  
19.04470697  
14.25091704  
11.17400303  
8.643165735  
5.313763445  
0.7169976037  
-4.260149984  
-7.726797478  
-7.797695941  
-3.739599777  
3.354806995  
10.75931473  
15.15165671  
14.05755068  
7.04496716  
-3.900793909  
-15.03447171  
-22.29269085  
-22.91659617  
-16.56454715  
-5.443506321  
6.587906964  
15.55305329  
18.87752138  
16.27391054  
9.661765894  
2.211038487  
-3.043937153  
-4.424654754  
-2.177472343  
1.79019559  
4.83471475  
4.737799696  
0.6238637484  
-6.706544589  
-15.10779714  
-21.90617291  
-24.86607815  
-22.9556206  
-16.67329728  
-7.870114628  
0.8363977967  
6.856167782  
8.397077714  
5.008166553  
-2.244109579  
-11.0203561  
-18.33038415  
-21.38874236  
-18.47581534  
-9.54050576  
3.67531051  
18.0791071  
30.13572954  
36.95837178  
37.20508038  
31.45010663  
21.88695311  
11.47846337  
2.89439905  
-2.337648103  
-4.139136266  
-3.561206155  
-2.036082647  
-0.5852072595  
0.6260845361  
2.183056669  
4.847041454  
8.840667617  
13.40358196  
16.90028505  
17.4797952  
13.99035514  
6.692155572  
-2.623734363  
-11.23363872  
-16.57202672  
-17.33289095  
-14.06494715  
-8.959040442  
-4.895477993  
-4.16990715  
-7.477016315  
-13.62126709  
-20.08870047  
-24.21133828  
-24.37766877  
-20.72330747  
-14.98635834  
-9.612228614  
-6.551785134  
-6.339281011  
-7.895936205  
-9.147548529  
-8.144722301  
-4.125864912  
2.012241473  
8.08480389  
11.66707914  
11.31976105  
7.391161698  
1.983927683  
-1.937204422  
-1.912082621  
2.79262059  
10.6761477  
18.47144233  
22.41795634  
19.81394549  
10.1982563  
-4.32963784  
-19.78023275  
-31.65783469  
-36.50638108  
-33.0292862  
-22.39686783  
-7.691710963  
7.232551317  
19.01869545  
25.74965014  
27.29361828  
25.02387853  
21.10130096  
17.6194064  
15.90109055  
16.13901382  
17.43927537  
18.21329116  
16.78419815  
12.03624222  
3.927308883  
-6.293440837  
-16.26521214  
-23.09737232  
-24.23215871  
-18.34506379  
-5.976767158  
10.36999251  
26.78171126  
39.01992341  
43.81129497  
39.8986394  
28.46289275  
12.73788139  
-3.062371903  
-15.12251659  
-21.21131083  
-21.25529457  
-17.12674673  
-11.77942354  
-8.104149639  
-7.951404151  
-11.65589852  
-18.1613542  
-25.5940598  
-31.9820318  
-35.81838151  
-36.30357729  
-33.28719835  
-27.0691254  
-18.24408719  
-7.684503081  
3.384739158  
13.36942672  
20.49741686  
23.25779597  
20.96429571  
14.19443761  
4.849190944  
-4.290656077  
-10.41695928  
-11.65718781  
-7.763480713  
-0.2261573725  
8.262695623  
14.79881452  
17.31505887  
15.27009873  
9.709758178  
2.7058722  
-3.559530458  
-7.656074224  
-9.349702328  
-9.469845458  
-9.306112818  
-9.847477335  
-11.23108558  
-12.65068044  
-12.74726826  
-10.27721858  
-4.730807723  
3.388575091  
12.74246706  
21.68894188  
28.9014866  
33.77908858  
36.46674379  
37.50550599  
37.31779024  
35.81555652  
32.35722242  
26.10229831  
16.6073913  
4.369555938  
-8.975999363  
-20.95648864  
-28.99178579  
-31.28580801  
-27.52046658  
-19.05821998  
-8.551699885  
0.9024699735  
6.74622128  
7.710848258  
4.071304311  
-2.652010126  
-10.37826628  
-17.23139125  
-22.07656932  
-24.64903178  
-25.29468717  
-24.51662021  
-22.59300557  
-19.47049669  
-14.97606171  
-9.208712613  
-2.861778204  
2.757170834  
6.098701676  
6.022353321  
2.442625594  
-3.35885951  
-8.973964059  
-11.65017948  
-9.350419756  
-1.665978356  
9.827444924  
21.98252692  
31.16383558  
34.61034757  
31.53730464  
23.5095283  
13.8928342  
6.561583632  
4.356023856  
7.906229414  
15.31220313  
