110.2121201  
99.65276066  
73.37314072  
39.17486618  
5.999441215  
-19.26031652  
-33.70996249  
-38.5377867  
-37.47723853  
-34.56694384  
-32.31867042  
-31.06302391  
-29.57705561  
-26.4536185  
-21.3596253  
-15.47819694  
-10.92783987  
-9.527406204  
-11.62657436  
-15.68022565  
-18.8425378  
-18.31507455  
-12.78045156  
-3.194705511  
7.479938868  
15.50358675  
17.98610658  
14.16386096  
5.750589433  
-3.774475757  
-10.59475521  
-12.05523793  
-7.600872488  
1.180182869  
11.32561046  
19.66543674  
23.8677078  
22.98957289  
17.44621573  
8.577933665  
-1.886014421  
-12.22985602  
-20.95502623  
-26.87840398  
-29.26295137  
-28.03144335  
-23.96490414  
-18.69096035  
-14.30655918  
-12.65648028  
-14.51186124  
-19.03000218  
-23.82630798  
-25.74881773  
-22.11624848  
-11.92622524  
3.502115827  
20.77647278  
35.51964421  
43.87883074  
43.85064454  
35.90227512  
22.6823426  
8.004944044  
-4.43029203  
-12.0704968  
-13.96825794  
-10.64578997  
-3.601966181  
5.215130757  
13.75595821  
20.0358566  
22.28676913  
19.27294414  
10.7910551  
-1.853208795  
-15.74161255  
-26.89593984  
-31.4879194  
-27.33676298  
-15.0633641  
1.709205369  
17.37853919  
26.34441938  
25.20280333  
14.22415449  
-2.57512203  
-18.88102613  
-28.4965336  
-27.72371473  
-16.71063046  
0.7886769071  
19.08792879  
32.89367714  
39.24080683  
38.2274104  
32.33976193  
24.8327213  
18.04924943  
12.52515825  
7.263507442  
0.9208518412  
-6.839839514  
-14.65708159  
-19.89772427  
-20.03556909  
-14.25868319  
-4.396019572  
5.450354712  
10.53788282  
7.681087394  
-3.039971417  
-17.95261526  
-31.12059735  
-36.81544478  
-32.04224717  
-17.95627035  
0.5152635007  
16.71887188  
25.0918006  
23.49329852  
14.01229323  
1.908849989  
-6.806333069  
-8.04733578  
-1.389006352  
9.873356422  
20.30395462  
24.78121011  
20.71259675  
9.060970286  
-6.187261351  
-19.77828502  
-27.33560329  
-26.96718293  
-19.73314479  
-8.924233865  
1.394015873  
7.880476159  
8.875374305  
4.573278277  
-3.445844201  
-12.95510341  
-21.72171659  
-27.87471595  
-30.05277513  
-27.50734993  
-20.28814187  
-9.468594391  
2.789593402  
13.55615606  
19.9044027  
19.93931522  
13.66469785  
3.238715911  
-7.622934026  
-14.96308153  
-16.12139941  
-10.83662989  
-1.395247512  
8.289840481  
14.30690089  
14.38147288  
8.803549956  
0.2391227518  
-7.477987362  
-11.01899777  
-8.944676651  
-2.199042958  
6.463321515  
13.79817369  
17.49449602  
17.04259879  
13.68901151  
9.575278753  
6.541029634  
5.206287125  
4.773834028  
3.611800142  
0.2824843094  
-5.528712872  
-12.66335657  
-18.8951475  
-21.88611832  
-20.22137051  
-14.02317274  
-4.863173485  
4.960046579  
13.40897677  
19.48033926  
23.41048497  
26.25341152  
29.08245035  
32.24198445  
35.03635911  
36.01609744  
33.72277815  
27.52881693  
18.15975683  
7.632869614  
-1.390323955  
-6.57902061  
-6.836598111  
-2.764962542  
3.495599218  
8.990688387  
10.9707606  
7.83998478  
-0.2887227245  
-11.60834314  
-23.1844146  
-31.88299041  
-35.36418162  
-32.83016672  
-25.28955321  
-15.24005707  
-5.84801491  
0.1295554367  
1.326032344  
-1.707829281  
-6.665575984  
-10.34027182  
-9.911373661  
-4.198267267  
5.629142617  
16.23252452  
23.20334126  
22.72376568  
13.16705326  
-4.020430427  
-24.57174846  
-42.76504705  
-53.42060631  
-53.76291131  
-44.40634409  
-29.06277078  
-13.087554  
-1.458307762  
2.991897307  
0.3897805387  
-6.588699355  
-14.09672093  
-18.80350691  
-19.13679903  
-15.5798848  
-9.992934555  
-4.391656564  
0.1492101553  
3.902460321  
8.024688847  
13.51317885  
20.19484625  
26.36131051  
29.34050415  
26.79999013  
18.15832886  
5.356577528  
-7.505558685  
-15.63916006  
-15.55769701  
-6.696570824  
8.132757362  
23.75787898  
34.76653704  
37.83255337  
33.19845004  
24.59943674  
17.59332668  
16.98954987  
24.5115813  
37.768204  
51.05729217  
57.71856692  
53.04499123  
36.48237739  
12.12562649  
-12.75066152  
-30.53306784  
-36.28114804  
-29.62903873  
-14.77651307  
1.397898982  
12.25677668  
14.0796502  
7.355170133  
-3.811920464  
-13.83432875  
-18.299908  
-15.93907372  
-9.041399353  
-2.194308302  
0.0146227993  
-4.764027796  
-15.49531994  
-28.20406382  
-37.7594488  
-40.14299356  
-34.15320025  
-21.80417205  
-7.311993677  
4.778690497  
11.41039484  
11.94410499  
7.865821273  
1.554399792  
-5.150614685  
-11.78884511  
-19.09646329  
-27.95662636  
-38.13763692  
-47.6217567  
-53.03461013  
-51.09418099  
-40.40800217  
-22.67359781  
-2.543056571  
13.97292881  
21.95330471  
19.76998304  
9.968388768  
-1.700214431  
-8.771599723  
-7.014329594  
3.524308478  
18.37964236  
30.6040354  
33.98198583  
26.09894039  
9.840955002  
-7.44125745  
-16.84036275  
-11.67130187  
9.500117125  
41.90310326  
76.12241146  
101.5373403  
