33.47899025  
34.00228698  
26.65051338  
14.90495231  
3.191612368  
-4.693570575  
-6.652194723  
-2.599004428  
5.878877266  
16.22777961  
25.70273644  
32.03448293  
33.93093757  
31.39420604  
25.78971017  
19.55805926  
15.50255704  
15.75244887  
20.72408436  
28.54428066  
35.33208062  
36.42621064  
28.20515421  
9.785031143  
-16.19157535  
-44.15627908  
-67.49886817  
-81.0188161  
-82.90073089  
-75.31190007  
-63.30700248  
-52.49813774  
-46.5461071  
-45.64303527  
-46.70793621  
-45.20141008  
-37.66787917  
-23.73370244  
-6.52850371  
8.736608428  
17.37422166  
17.71771961  
12.21255288  
6.449699969  
6.494251698  
15.73808897  
32.81614005  
51.69215586  
64.02700738  
62.85025558  
45.88887191  
16.99619828  
-15.05305099  
-39.95342771  
-50.0002621  
-43.17263334  
-23.84133799  
-0.8310948793  
16.27669558  
20.9810444  
12.22678375  
-5.596185461  
-24.84703085  
-37.92605737  
-40.19931289  
-31.39274315  
-15.07739387  
3.269138392  
18.5954291  
27.96283179  
31.00671282  
29.248168  
24.84209271  
19.48760267  
13.98523662  
8.483548173  
3.079116349  
-1.69202698  
-4.77682432  
-4.943832483  
-1.289025539  
6.392601801  
17.52137717  
30.85880907  
44.64104015  
56.58105408  
63.82089905  
63.12016283  
51.57847663  
27.92288588  
-6.046809867  
-44.62101503  
-78.73056552  
-98.20715929  
-95.28524863  
-68.10021203  
-22.60787981  
28.27099639  
68.43769128  
84.19770743  
69.5356081  
28.85372222  
-24.18667584  
-71.51817061  
-97.41023448  
-94.38752373  
-65.84879049  
-24.25556838  
14.35160276  
37.15009133  
39.70457488  
27.28709023  
11.84340235  
6.04485169  
17.15564795  
43.49607706  
75.07436883  
98.051433  
100.973403  
79.94165915  
40.42380637  
-5.030430021  
-42.05159718  
-60.28604327  
-57.24244981  
-38.59329683  
-15.0342702  
2.670642543  
8.136727703  
1.384774114  
-12.21009993  
-25.23673934  
-32.04483257  
-31.17481048  
-25.40017593  
-19.61270301  
-17.8239902  
-20.89672924  
-26.13474342  
-28.84505105  
-24.97262251  
-13.40601285  
3.21822151  
19.57942354  
30.02332974  
31.01177481  
22.50308911  
7.694639464  
-8.601359625  
-22.03450174  
-30.20341401  
-32.92489211  
-31.36395644  
-26.70820249  
-19.25467472  
-8.463829021  
6.085689003  
23.47737908  
40.80897464  
53.66556592  
57.64671623  
50.26609553  
32.27202239  
7.667168527  
-17.67078853  
-38.16887774  
-50.53354149  
-54.61279404  
-52.79574893  
-48.33040374  
-43.46934685  
-38.40563628  
-31.51661789  
-20.72357825  
-5.175559628  
13.7084305  
32.45949445  
46.97791959  
54.42611686  
54.58290653  
49.89731961  
44.14819248  
40.36069298  
39.06118428  
37.83150442  
32.4939178  
19.42459068  
-2.121918008  
-28.87388703  
-54.26716335  
-70.83591198  
-73.25824382  
-60.69426013  
-37.33994463  
-10.91408545  
10.27883335  
20.44347075  
18.24562878  
6.875265164  
-7.661242468  
-19.14197371  
-23.43803407  
-19.60379192  
-9.481803052  
3.728990306  
17.0763807  
28.82218804  
38.43049158  
45.8225003  
50.53965687  
51.45118487  
47.26117022  
37.53882298  
23.62173763  
8.745003047  
-2.864375295  
-7.615986781  
-4.153592367  
5.895222531  
18.46301203  
28.69577282  
32.9646512  
30.27952743  
22.42685564  
12.78545867  
4.445466927  
-1.382963301  
-5.82651903  
-11.41624952  
-20.25367464  
-32.27617236  
-44.62903501  
-52.62160047  
-51.92835898  
-40.99669869  
-22.41324916  
-2.390805416  
11.59189039  
14.04639956  
4.152943499  
-13.45606649  
-30.33087073  
-37.69165617  
-30.32033419  
-9.146599619  
18.67731986  
42.35897727  
51.70074043  
41.25340802  
12.66972635  
-25.71181801  
-61.86751327  
-84.4410959  
-86.710823  
-68.66964423  
-36.54993205  
-0.1749971149  
30.67286532  
49.42176998  
54.32317426  
48.15379138  
36.42920121  
25.03624331  
18.23028246  
17.60272358  
22.12363864  
28.95697168  
34.58049869  
35.82543483  
30.6492137  
18.61888145  
1.116884384  
-18.7832127  
-36.88125564  
-48.89908337  
-51.84797595  
-45.28316058  
-31.8712434  
-16.82138534  
-6.146291579  
-4.276124284  
-11.9802276  
-25.59988179  
-38.15779725  
-42.11958105  
-32.77342068  
-10.76224561  
17.49224254  
41.91086938  
52.74100562  
44.80271413  
20.12962338  
-12.29687251  
-39.81902147  
-51.14569456  
-41.07484389  
-12.83419341  
23.06400541  
53.06883552  
66.1813071  
58.50052978  
34.74966252  
6.102393509  
-14.75121532  
-19.14388755  
-6.149995537  
17.13406353  
38.84357121  
47.66797788  
37.87979987  
11.86585856  
-20.90835197  
-47.983303  
-59.19501332  
-50.84644598  
-27.00010832  
2.550822825  
26.60837551  
37.21548934  
32.6068118  
17.30548691  
-0.4708152376  
-12.75913813  
-15.31171637  
-9.074161426  
0.8184177381  
7.875415046  
7.488187788  
-0.9328838984  
-13.81572696  
-25.20614402  
-29.53880618  
-24.09814678  
-10.11109182  
7.895628757  
24.05235207  
