17.32641556  
-1.019455297  
-22.40458007  
-42.24741623  
-56.03085859  
-60.71317172  
-55.49966004  
-41.83978591  
-22.82445394  
-2.31097899  
15.92647085  
28.86468175  
34.69847415  
33.13797637  
25.52158847  
14.65489707  
4.2712864  
-1.891266218  
-1.216168501  
6.820556663  
20.2434042  
35.00347998  
46.20254512  
49.7351245  
43.74670676  
29.3264121  
10.13210742  
-8.925093875  
-23.41588146  
-30.8492593  
-31.27718021  
-26.85175435  
-20.59900675  
-15.0076405  
-11.08551845  
-8.289169604  
-5.298507244  
-1.196720963  
3.581137413  
7.053893444  
6.405925262  
-0.6969416199  
-14.80762002  
-34.06205198  
-54.5720064  
-71.74105158  
-81.95970957  
-83.93428456  
-79.04230721  
-70.53142813  
-61.90169112  
-55.19713064  
-49.99882935  
-43.61949191  
-32.46848376  
-14.01788901  
11.50496611  
40.50111798  
66.8318479  
83.86070602  
86.93320226  
75.29809136  
52.66173563  
26.09615524  
3.675105071  
-8.277106127  
-7.283622442  
4.621287853  
21.8777323  
37.61163248  
46.19493584  
45.18431596  
35.95549233  
22.88734795  
11.50722106  
6.367659168  
9.455685223  
19.65823112  
33.35907101  
45.82011108  
52.76533728  
51.60629035  
41.97519409  
25.53859189  
5.311901288  
-15.2046674  
-32.79898806  
-45.09370198  
-50.8573781  
-50.12417555  
-44.14196074  
-35.1188426  
-25.7279686  
-18.39979707  
-14.55653654  
-14.05559402  
-15.11843114  
-14.88867182  
-10.51626852  
-0.4081145373  
14.8543214  
32.36075605  
47.63768417  
56.11174465  
54.73348202  
43.11921547  
23.73902706  
1.061048137  
-20.00511272  
-35.73418298  
-44.63346249  
-47.53487225  
-46.77776766  
-44.91916761  
-43.5822746  
-42.94008399  
-41.9920068  
-39.39870451  
-34.3868647  
-27.23846237  
-19.13198851  
-11.4651304  
-5.072817697  
0.1909342877  
5.241679599  
11.01581924  
17.59837898  
23.75251402  
27.20306533  
25.64471266  
18.04062353  
5.561729327  
-8.384438398  
-19.19612668  
-22.84283133  
-17.61913876  
-5.084841148  
10.30588628  
22.82633456  
27.72759778  
23.18295883  
11.08437511  
-3.683993926  
-15.22401717  
-19.04270067  
-13.90141828  
-2.317486678  
10.49666486  
18.8183699  
18.82273615  
10.22993948  
-3.466853512  
-16.26872659  
-21.91454832  
-16.2187099  
1.375229052  
27.55975236  
56.25582678  
80.55518911  
94.77331937  
95.91674072  
84.16265513  
62.35214991  
34.84028984  
6.204983029  
-19.74098782  
-40.40524933  
-54.3702068  
-61.06999668  
-60.47041367  
-52.95206512  
-39.43386376  
-21.61380228  
-2.115357321  
15.65298278  
28.00400661  
31.76538192  
25.1445995  
8.386840659  
-16.01643851  
-43.68549635  
-69.22469696  
-87.39809381  
-94.30372895  
-88.24044992  
-70.05230856  
-42.88416695  
-11.43975832  
19.05018741  
43.89601868  
59.82632299  
65.52248919  
61.749559  
51.09776071  
37.39971636  
24.92011409  
17.44399884  
17.42300364  
25.36478757  
39.64270148  
56.83326466  
72.55429167  
82.60803821  
84.09675927  
76.14196173  
59.94542065  
38.160915  
13.81898831  
-10.7536515  
-34.55376671  
-57.77702437  
-80.99405492  
-104.010028  
-124.9794354  
-140.2869026  
-145.3958284  
-136.4359638  
-111.9317609  
-73.94438448  
-28.08134091  
17.73968517  
55.38692999  
78.73225859  
85.2050038  
76.17174233  
56.10744987  
30.98469326  
6.553714837  
-12.87667243  
-24.86742899  
-28.59990982  
-24.34808056  
-13.10423801  
3.423561525  
22.55461705  
40.48195327  
52.60917355  
54.53282557  
43.45270166  
19.47442628  
-13.8125351  
-49.87737412  
-80.86582975  
-99.78873973  
-102.5121383  
-88.84166685  
-62.3541513  
-29.1234466  
4.111439754  
31.65091425  
49.89310887  
57.58622238  
55.47196397  
45.69616681  
31.29903804  
15.86491978  
3.179098232  
-3.332793891  
-1.458341392  
8.867834042  
25.00694402  
41.91146981  
53.46979171  
54.61405291  
43.44640397  
22.4583557  
-1.840761643  
-20.96177505  
-27.48645979  
-17.96252108  
5.564109799  
36.09022984  
64.13962582  
81.23658591  
82.97664079  
70.45766148  
49.52182966  
28.18039265  
13.34032182  
8.200730758  
11.34079498  
17.75379516  
21.24961903  
17.12168381  
3.96389498  
-16.00449834  
-38.04817757  
-56.8084294  
-68.10290923  
-69.95438903  
-62.64408454  
-48.06405028  
-28.88805773  
-7.99851864  
11.70601538  
27.32722214  
36.14678366  
36.16802381  
26.89142467  
9.896589287  
-11.25752475  
-32.0414774  
-48.62285724  
-59.49709049  
-66.24041848  
-72.831976  
-83.62805057  
-100.7722351  
-122.2362623  
-141.5629235  
-149.7194779  
-138.5321367  
-104.3769813  
-50.53890854  
12.91962741  
71.96060397  
113.1065672  
128.004595  
116.2392925  
85.28916671  
47.65977965  
16.3482006  
0.4226002709  
2.381426085  
18.16388902  
39.57477446  
57.94429512  
67.45243899  
66.83632886  
58.99442898  
48.92551162  
41.08860382  
37.38950595  
36.59217886  
35.24750027  
29.56687619  
