28.6862992  
21.28204244  
8.208264199  
-6.635346949  
-18.86209198  
-25.17802773  
-24.38374925  
-17.48008757  
-6.958341137  
4.32118588  
14.14417914  
21.45607343  
26.2610592  
29.09064241  
30.40037281  
30.23628964  
28.32600067  
24.49903847  
19.15380707  
13.45479852  
9.079197369  
7.566098095  
9.541621002  
14.18840128  
19.25452801  
21.67890391  
18.64653347  
8.689715033  
-7.590753464  
-27.48155856  
-46.83725475  
-61.26600682  
-67.41953418  
-63.95844211  
-51.89176541  
-34.21606725  
-15.01604322  
1.651760431  
12.7344223  
16.75018358  
13.844855  
5.411643809  
-6.528707749  
-19.94870983  
-33.24564693  
-45.39180923  
-55.82586449  
-64.19098351  
-70.06373716  
-72.80012752  
-71.56930184  
-65.57304081  
-54.38022497  
-38.26103908  
-18.39413619  
3.152438597  
23.70795938  
40.51542789  
51.36193624  
55.15303732  
52.25267633  
44.45774459  
34.57378472  
25.68084346  
20.28728122  
19.62459407  
23.31199919  
29.51516218  
35.56831676  
38.87357874  
37.79067127  
32.22335294  
23.70171016  
14.92335751  
8.894737191  
7.946233898  
12.93471503  
22.88505004  
35.18153347  
46.25048528  
52.53278233  
51.46952998  
42.23213387  
26.00464565  
5.746796343  
-14.50690463  
-30.64626907  
-39.54450477  
-39.91073412  
-32.69756802  
-20.91113303  
-8.813659988  
-0.6823455539  
0.5476957182  
-5.663926154  
-17.10426579  
-29.35548733  
-37.17491602  
-36.31842764  
-25.20027527  
-5.762871845  
16.85049405  
35.8205724  
44.92072077  
40.74911005  
24.09322204  
-0.1353613284  
-24.44865046  
-41.30408025  
-45.70092493  
-36.89613428  
-18.59990139  
2.418496636  
18.78209886  
25.09038433  
19.68448952  
4.986673232  
-13.62484247  
-29.88938828  
-38.84951183  
-38.34500568  
-29.3567341  
-15.23390993  
-0.2596390945  
11.80811537  
18.6887814  
19.80272227  
15.89243413  
8.388038391  
-1.12534121  
-11.15243899  
-20.29065904  
-27.19408265  
-30.69605326  
-30.13685815  
-25.74287661  
-18.7900761  
-11.33566093  
-5.512044515  
-2.634338292  
-2.539457673  
-3.534318564  
-3.081837814  
1.002089894  
9.353629204  
20.44644469  
30.92460489  
36.83757509  
35.30697892  
25.91384415  
11.16847029  
-4.208638438  
-14.95726719  
-17.24239012  
-10.1122014  
4.145703186  
20.88559498  
34.84215686  
42.00672652  
40.8970808  
32.77152068  
20.80335627  
8.65887359  
-0.8765785273  
-6.673003482  
-9.203494863  
-9.826701933  
-9.83778151  
-9.765929522  
-9.216938398  
-7.263993667  
-3.128337787  
3.215179162  
10.79558743  
17.853149  
22.37058753  
22.68336553  
17.93839004  
8.286624568  
-5.169473636  
-20.57441523  
-35.57555843  
-47.61662428  
-54.30867241  
-53.90944049  
-45.85517786  
-31.17337314  
-12.54444989  
6.159834502  
20.84802148  
28.43769684  
27.91167934  
20.76294504  
10.5823107  
1.872595842  
-1.498024238  
2.381711323  
12.88258908  
27.20568466  
41.5271508  
52.41506178  
57.92018567  
57.91124939  
53.58430647  
46.45329634  
37.35509367  
25.97057628  
11.09892212  
-8.451564459  
-32.79299305  
-60.23680276  
-87.29406445  
-109.4458386  
-122.3937821  
-123.3041731  
-111.5825203  
-88.93698529  
-58.79106763  
-25.34722919  
7.319017154  
35.85539975  
57.84684835  
71.77081791  
76.90463591  
73.34213781  
62.12795249  
45.37042675  
26.13655855  
8.005606903  
-5.676402418  
-12.62523436  
-12.22991148  
-5.697725344  
4.344070515  
14.65550926  
22.30918701  
25.41472257  
23.42693521  
17.00637728  
7.573788215  
-3.210624971  
-13.83856428  
-23.12271555  
-30.18281406  
-34.36964683  
-35.24712129  
-32.678878  
-26.97086376  
-18.96018431  
-9.948684835  
-1.450906891  
5.179773206  
9.114968373  
10.266555  
9.270714553  
7.247025613  
5.419594864  
4.726721222  
5.535927408  
7.536503975  
9.828797148  
11.18620326  
10.43661149  
6.887345491  
0.6927458717  
-6.956224763  
-13.93563592  
-17.64600207  
-15.77364043  
-7.166139481  
7.479481729  
25.43327902  
42.45132359  
53.95461436  
56.54382926  
49.32314806  
34.48666692  
16.8306132  
2.237240005  
-4.404401905  
-1.096093487  
10.30628824  
24.51886873  
34.59477789  
34.45018527  
21.24121573  
-3.314631525  
-33.22068086  
-60.05232541  
-75.75394802  
-75.39239621  
-58.87880868  
-31.03833446  
-0.004813899354  
25.4816456  
38.91373439  
38.00285828  
25.14790032  
6.275343171  
-11.48624409  
-22.44031963  
-24.32603658  
-18.99824634  
-11.5689904  
-8.335875848  
-14.24206943  
-30.77343105  
-55.05090769  
-80.47283512  
-98.73434749  
-102.5735868  
-88.32616095  
-57.40472582  
-16.15772303  
25.90336495  
58.96185228  
75.90414858  
74.46946206  
57.80794866  
33.25818464  
9.77539432  
-5.081631357  
-7.545298966  
1.407869246  
16.8314819  
31.95456964  
40.84421368  
40.5660944  
32.05401998  
19.42692617  
8.105879574  
2.535669283  
4.433505772  
12.23162902  
21.87044592  
28.55001042  
