38.95968183  
24.03359486  
5.825627099  
-11.1115384  
-22.04614213  
-23.7992757  
-16.08848402  
-1.868007719  
13.57344014  
24.48934819  
26.83433817  
19.85504519  
6.448628955  
-7.911943036  
-17.32355526  
-17.86860926  
-9.360731116  
4.297056045  
16.35194076  
19.6456079  
9.39387832  
-14.73084164  
-48.0303182  
-82.01152171  
-107.0495882  
-115.5730308  
-104.6366868  
-76.93762802  
-39.87597696  
-2.976396202  
25.39779004  
40.82630209  
44.07306003  
40.33135977  
36.78698199  
39.47530879  
50.69463984  
68.02157885  
85.33081056  
95.40348912  
93.04834419  
77.43681312  
52.66625385  
26.29392358  
6.426180814  
-1.45077618  
3.396356356  
16.71273396  
30.99157903  
38.44884128  
34.01901733  
17.1899142  
-7.98453107  
-34.58428225  
-55.45035068  
-65.65001028  
-63.8643792  
-52.32174456  
-35.53413787  
-18.53623233  
-5.398464878  
1.499606438  
1.40775694  
-5.286816356  
-17.50614265  
-33.58573375  
-51.08729771  
-66.66695027  
-76.40143611  
-76.74361067  
-65.87168883  
-44.84835064  
-17.92574977  
8.388266522  
27.34961483  
34.38271969  
28.88636601  
14.61074252  
-1.670756462  
-12.74443957  
-13.77193358  
-4.171967915  
12.23414324  
28.88679736  
39.26398254  
39.59428417  
30.36664696  
16.0226836  
3.000702074  
-3.0048162  
0.6011580032  
12.31163413  
27.23181368  
39.14663541  
43.04035213  
37.03684533  
23.03147223  
5.858456033  
-8.577126757  
-15.41975337  
-12.44474858  
-0.6058001041  
16.50645778  
33.96384867  
47.03142682  
52.43327265  
49.04504927  
37.93959694  
21.89490375  
4.564555878  
-10.47419713  
-20.59687783  
-24.7553655  
-23.69676088  
-19.68650694  
-15.76023078  
-14.68710158  
-17.96721609  
-25.2304648  
-34.302982  
-41.9700127  
-45.1810481  
-42.23564519  
-33.46614127  
-21.1239186  
-8.507487664  
1.300414305  
6.548024175  
7.310289835  
5.177454814  
2.315516611  
0.3594738686  
-0.337488282  
-0.7585608804  
-2.580382524  
-7.163776203  
-14.67551221  
-23.76733188  
-31.96750783  
-36.6069465  
-35.86365692  
-29.47291331  
-18.82139312  
-6.426629813  
4.938644469  
13.10226737  
17.01497388  
16.81388984  
13.50962096  
8.506413662  
3.168301985  
-1.45078801  
-4.711974093  
-6.397653093  
-6.675722774  
-6.019575716  
-5.0371358  
-4.182314967  
-3.409132666  
-1.928700764  
1.736283869  
9.289004393  
21.86702587  
39.20985406  
59.18611558  
78.0079002  
91.20202967  
95.06376797  
88.04934709  
71.51209543  
49.40699193  
27.00138661  
9.060415019  
-1.777162343  
-5.774098545  
-5.711708218  
-5.530163305  
-8.583832704  
-16.25132243  
-27.45935697  
-39.26211767  
-48.15686354  
-51.52401496  
-48.5773672  
-40.48022812  
-29.68225351  
-18.86385263  
-9.993268256  
-3.871189686  
-0.2503586  
1.667547387  
2.696312089  
3.36991616  
3.965838971  
4.709049071  
5.916358644  
7.905368427  
10.67844209  
13.5820334  
15.21503471  
13.76029541  
7.687333537  
-3.458125888  
-18.56714624  
-35.07743634  
-49.71478718  
-59.59716422  
-63.24072908  
-61.02688159  
-54.92138469  
-47.57214123  
-41.19057916  
-36.71162437  
-33.58470256  
-30.24947095  
-25.03576173  
-17.04926643  
-6.637396688  
4.752990307  
15.22352006  
23.25427214  
28.33248657  
31.11525609  
33.08523434  
35.87577418  
40.56004037  
47.18039191  
54.67166779  
61.17418433  
64.60909304  
63.33258684  
56.69106803  
45.33696952  
31.21175876  
17.15791561  
6.198168973  
0.6268332681  
1.168664341  
6.521502879  
13.54735898  
18.18622386  
16.88251694  
8.044643738  
-7.057012575  
-24.41830023  
-38.55410328  
-44.50209623  
-39.83042892  
-25.81446281  
-7.221319317  
9.310929323  
17.71624849  
14.80154879  
1.464806865  
-17.67886259  
-36.10779329  
-47.88238505  
-49.78189367  
-42.23950619  
-28.77375181  
-14.27200118  
-2.950646385  
3.111613501  
4.308734865  
2.718877257  
0.7174636608  
-0.2625890762  
-0.2355887112  
-0.2803699912  
-1.58966284  
-4.539940924  
-8.309589423  
-11.23407387  
-11.66851496  
-8.853884024  
-3.302154423  
3.498335238  
9.865989004  
14.73495479  
18.02537453  
20.3776102  
22.43678471  
24.15408099  
24.57977686  
22.34576776  
16.61780685  
7.974959603  
-1.357834724  
-8.198161115  
-9.794834384  
-5.268490765  
3.663651955  
13.16492477  
18.87004494  
17.92003335  
10.47521472  
-0.08866122566  
-8.515647795  
-10.02114449  
-2.618381016  
11.674742  
27.37828966  
37.68891198  
37.32236186  
24.82256653  
3.315025301  
-20.63765268  
-39.58680182  
-48.05999847  
-44.53399632  
-31.74363598  
-15.29962528  
-1.30316774  
5.984475899  
5.481590056  
-0.7855589736  
-8.942871736  
-15.02595203  
-16.4451101  
-12.63402234  
-4.815702225  
4.779517993  
13.75395067  
20.07427914  
22.22340712  
19.16565233  
10.40171296  
-3.747341621  
-21.74454083  
-40.6479673  
-56.44922555  
-65.03417537  
-63.51698206  
-51.4229552  
-31.15857419  
-7.456148505  
14.08468954  
28.81965716  
34.52046862  
31.88744822  
23.94150397  
14.61328058  
7.181664461  
3.238200547  
2.558997263  
3.809427463  
5.613300096  
7.381073532  
9.469485659  
12.63648161  
17.15414702  
22.14041804  
25.56542522  
25.0327512  
19.01120451  
7.915262565  
-5.551029187  
-17.06150264  
-22.15897248  
-17.98651689  
-4.533411525  
15.15044972  
35.89554749  
52.15843196  
59.89942242  
57.88321316  
47.94447131  
34.17679583  
21.40610281  
13.53678174  
12.34299716  
17.05488242  
24.77438644  
31.4842285  
33.2718319  
27.40405708  
13.00685677  
-8.74203687  
-34.87619535  
-61.25729404  
-83.41484134  
-97.46354481  
-100.9344267  
-93.3435128  
-76.33942099  
-53.3456865  
-28.74355815  
-6.790524201  
9.419255847  
18.63081968  
21.52216725  
20.1923167  
17.23673273  
14.75656904  
13.67009134  
13.57369733  
13.17851587  
11.11549296  
6.751093325  
0.6514100967  
-5.521796641  
-9.659551251  
-10.13826963  
-6.639792985  
-0.4870089433  
5.694277506  
8.904974819  
6.956502162  
-0.5579340842  
-11.91810432  
-23.7423782  
-32.13182354  
-34.07829233  
-28.59411249  
-17.11014663  
-2.967133437  
9.812374482  
17.98888903  
20.22223247  
17.39627454  
12.04117261  
7.125649633  
4.758603074  
5.3692233  
7.710704234  
9.651840079  
9.357657573  
6.281757646  
1.487867091  
-2.856785633  
-4.568534483  
-2.577130188  
2.470243664  
8.450769091  
12.75866576  
13.57522499  
10.78615889  
6.071124755  
2.086743199  
1.117226453  
3.850719304  
8.906895425  
13.39722336  
14.2975685  
10.00021102  
1.290209117  
-8.766198939  
-16.03211279  
-17.09467397  
-10.83175047  
0.981944536  
14.33451068  
24.6288291  
28.5959245  
25.61683052  
17.87290124  
9.281661418  
3.723527702  
3.369465242  
7.843791252  
14.5485646  
19.93638829  
21.10601781  
16.99406178  
8.676902165  
-1.257568126  
-9.883949113  
-15.07292583  
-16.09747612  
-13.54778749  
-8.753642606  
-3.123691449  
2.227439689  
6.437826822  
8.612836563  
7.634978735  
2.350396963  
-7.84259265  
-22.28109704  
-38.64856464  
-53.27285043  
-62.16008831  
-62.4180754  
-53.4587923  
-37.39255149  
-18.35173383  
-0.9688169813  
11.35465993  
17.62377811  
19.34210318  
19.48979011  
20.88357879  
24.7119189  
29.95440172  
33.96547454  
33.92996755  
28.46197154  
18.53580455  
7.2529081  
-1.485272487  
-4.786087849  
-2.189612626  
3.997825809  
9.659625155  
10.70577066  
4.958570608  
-6.779640642  
-20.9731157  
-32.81066138  
-38.22353042  
-35.56947716  
-26.25764439  
-14.07917396  
-3.587722106  
1.729770767  
0.7066824597  
-5.300652173  
-13.23684773  
-19.72732635  
-22.35241036  
-20.288316  
-14.1538243  
-5.304016824  
4.951102211  
15.76040704  
26.6030971  
36.79095769  
45.00886658  
49.29780976  
47.64133  
