11.74954668  
1.832884741  
-9.576300148  
-16.35245185  
-13.36477036  
0.9556945349  
23.40840547  
46.81932979  
62.62384693  
64.22396115  
49.73160728  
22.92826717  
-8.003266707  
-33.49783862  
-46.1749284  
-43.5302908  
-28.69822901  
-9.025585649  
6.919412415  
12.67885774  
6.265753197  
-9.315397188  
-27.48969134  
-40.81117461  
-43.82040069  
-34.95608402  
-16.86556659  
4.869547075  
23.96591253  
35.69185666  
38.28933056  
33.12459935  
23.67140087  
13.87391374  
6.61427054  
2.872767511  
1.809960995  
1.587337048  
0.4574098748  
-2.398958483  
-6.629977335  
-11.09399101  
-14.59986585  
-16.59587887  
-17.45674687  
-18.23980447  
-20.05477413  
-23.38198404  
-27.69389272  
-31.58086196  
-33.32842365  
-31.67019543  
-26.35285421  
-18.24263021  
-8.931944662  
-0.05379707283  
7.341895334  
13.0318281  
17.36611779  
20.67467618  
22.68957867  
22.36094091  
18.25825875  
9.438964272  
-3.618571107  
-18.5301193  
-31.33803923  
-37.68328548  
-34.43331273  
-21.11328273  
-0.4930307865  
22.01530251  
40.01243624  
48.23170633  
44.31428826  
29.55208956  
8.324090218  
-13.51616905  
-30.63020191  
-39.77270803  
-40.39360396  
-34.15627117  
-23.73642326  
-11.54043315  
1.058890881  
13.69099611  
26.31373147  
38.37660505  
48.36534883  
54.04913356  
53.36199342  
45.49277596  
31.61638646  
14.84685914  
-0.6446877712  
-11.00331329  
-13.9734761  
-9.550569414  
0.2447252596  
12.30972222  
23.64929071  
32.26829218  
37.42128045  
39.22935465  
38.00102071  
33.72307054  
26.05410027  
14.8334441  
0.78488294  
-14.06692931  
-26.64272843  
-33.76036335  
-33.44202452  
-25.97774219  
-14.18396852  
-2.620630775  
3.999740686  
2.585044882  
-7.127756008  
-22.45621098  
-38.80955102  
-51.44054814  
-57.16927659  
-55.36870406  
-47.85247251  
-37.80478838  
-28.30672652  
-21.15177572  
-16.45362174  
-13.13289557  
-9.938331656  
-6.417223752  
-3.312858634  
-2.187005712  
-4.478759633  
-10.50661643  
-18.95532441  
-27.14980344  
-32.02834519  
-31.38154357  
-24.78879917  
-13.82332228  
-1.434371921  
9.212449683  
15.92669203  
18.21904747  
17.29713683  
15.3992524  
14.80374467  
16.94494417  
21.96155987  
28.77593225  
35.57629894  
40.45351425  
41.95941569  
39.46332856  
33.29881923  
24.74371985  
15.85156215  
9.099514894  
6.814123945  
10.42092121  
19.71580945  
32.48008947  
44.7521739  
51.87384688  
50.09202724  
38.16746775  
18.29481983  
-4.202616543  
-22.49154503  
-30.67877921  
-26.17069192  
-10.9429577  
8.916919427  
25.34553917  
31.34407112  
23.71335488  
4.341133536  
-20.52808398  
-42.76671379  
-55.56004141  
-55.9866595  
-45.91228355  
-30.86006501  
-17.40076481  
-10.23645325  
-10.25490775  
-14.36933498  
-17.1473775  
-13.44768842  
-0.8696282175  
19.04494379  
41.3259926  
59.50700891  
68.08839277  
64.48826307  
49.74402318  
27.82538102  
4.009397259  
-16.9108436  
-31.87552183  
-39.92042325  
-41.75845412  
-38.99609203  
-33.43921015  
-26.74315315  
-20.37194102  
-15.6375085  
-13.59267496  
-14.73012585  
-18.65967305  
-24.0400028  
-28.94825263  
-31.61884889  
-31.22419256  
-28.26889467  
-24.31508365  
-21.09605839  
-19.43477712  
-18.55651212  
-16.24983061  
-9.923682572  
1.87565689  
18.23380169  
35.62114783  
48.90879131  
53.32503785  
46.53245941  
29.87335978  
8.152461008  
-12.03289911  
-24.74015393  
-26.86341186  
-19.11888261  
-5.446912646  
8.838222031  
19.26988059  
23.82022048  
23.2137524  
19.96099007  
16.72021872  
14.87239056  
14.01386117  
12.54401359  
8.933403235  
2.910805468  
-4.12090458  
-9.688450292  
-11.54939336  
-8.976332416  
-3.305053501  
2.58716483  
5.635714037  
4.086242122  
-1.643949951  
-9.19742185  
-15.48839177  
-18.26665461  
-17.21602764  
-14.01267165  
-11.31749082  
-11.24645367  
-14.14879491  
-18.36975401  
-21.15467374  
-20.23374954  
-15.23795534  
-8.149335163  
-2.469667319  
-1.460051332  
-6.318454822  
-15.24639998  
-23.95520698  
-27.46115289  
-22.36719523  
-8.55494767  
10.54228542  
29.25603183  
42.01103158  
45.61117844  
40.45482938  
30.16456939  
19.85846025  
13.90546361  
14.200026  
19.68795731  
27.24296945  
33.35305484  
35.7407154  
34.15625107  
30.06461369  
25.53002406  
21.98477216  
19.5672357  
17.34843401  
14.24889085  
10.05899076  
5.921818049  
3.94052052  
6.065233489  
12.83162523  
22.64201442  
32.03392115  
36.89668949  
34.12047051  
22.93532733  
5.332770092  
-14.61353632  
-32.21172464  
-43.75244823  
-47.58629847  
-44.30928605  
-36.12066872  
-25.77009851  
-15.61926738  
-7.182786315  
-1.19682302  
2.021730679  
2.267040921  
-0.5846224338  
-6.339545812  
-14.21459194  
-22.80445709  
-30.42010083  
-35.67926554  
-38.03375493  
-37.90404385  
-36.29048174  
-34.03659921  
-31.16125895  
-26.69624791  
-19.22609986  
-7.935060543  
6.372752885  
20.89817153  
31.48813294  
34.17493988  
26.99895731  
11.25603006  
-8.527319477  
-26.05557984  
-35.65999785  
-34.63250777  
-24.44400725  
-10.22400191  
1.369663617  
5.025957029  
-0.8409654292  
-13.28205866  
-25.98102974  
-31.94388594  
-26.57042273  
-9.778862924  
13.7500489  
36.33574764  
50.32757173  
51.12464117  
38.92636991  
18.51703626  
-2.766012532  
-17.97329388  
-23.14215808  
-18.51080255  
-7.943273353  
3.056736304  
9.794408449  
10.21740543  
5.404514625  
-1.378009288  
-6.503881572  
-7.796782951  
-5.495601256  
-1.98383651  
-0.4798896131  
-3.348565505  
-10.83572032  
-20.80163681  
-29.55362948  
-33.38249078  
-30.10809481  
-19.9630619  
-5.458518753  
9.669737872  
21.94959042  
29.45604804  
32.37737088  
32.68734919  
33.12997464  
35.98525782  
42.1278755  
50.71596103  
59.55651614  
65.92400203  
67.47169569  
62.90937622  
52.27973913  
36.85305894  
18.7823246  
0.6759301698  
-14.8238358  
-25.45188911  
-29.7458652  
-27.45799505  
-19.82976827  
-9.540597519  
-0.1824247476  
4.722886487  
2.915229047  
-5.635666272  
-18.43900739  
-31.12610254  
-38.92403727  
-38.4719524  
-29.26851699  
-14.10222964  
1.821607312  
12.81394017  
14.97557074  
7.888082304  
-5.020421812  
-17.66475951  
-23.63760319  
-18.78502805  
-2.987085669  
19.59262571  
41.91338172  
56.57889493  
58.49203924  
46.62679609  
24.27780264  
-2.234489505  
-25.83366487  
-41.03486492  
-45.52524972  
-40.50596939  
-29.83611978  
-18.44455551  
-10.65708772  
-8.992873806  
-13.70491448  
-23.03050705  
-33.9105101  
-42.88501645  
-46.9426704  
-44.20177318  
-34.36232962  
-18.86646782  
-0.6878057563  
16.29831739  
28.295452  
32.6802415  
28.84247244  
18.41294647  
4.710664355  
-8.441948434  
-18.08341362  
-23.07742206  
-24.23621361  
-23.53550035  
-22.79483718  
-22.48879947  
-21.33286463  
-16.92922042  
-7.22345912  
7.936064513  
25.97778263  
42.08106673  
50.90054858  
48.85846679  
35.96516264  
16.24876042  
-3.54554032  
-16.5401335  
-18.51908247  
-9.697775491  
5.357723072  
19.68031378  
26.89583743  
23.95179504  
12.37522694  
-2.490161328  
-13.90991505  
-16.74831799  
-9.685531242  
4.298703194  
19.33484861  
29.27337198  
30.29233108  
22.35542001  
8.948349594  
-4.673889746  
-13.84338704  
-16.34693786  
-13.02280994  
-6.949967758  
-1.751752787  
0.1091093533  
-1.743046509  
-5.779781802  
-9.621744987  
-11.33143988  
-10.27528092  
-7.190594705  
-3.548956115  
-0.6673166101  
0.9030890661  
1.403280409  
1.379397008  
1.06460633  
0.07837093625  
-2.320328722  
-6.553935253  
-12.05055706  
-17.05547274  
-19.17442516  
-16.47876156  
-8.639780247  
2.54088607  
13.59408583  
20.74396577  
21.58673001  
16.27927681  
7.601673108  
-0.2316738845  
-3.520978247  
-0.884697124  
5.979471562  
13.02041223  
15.78933133  
