89.26554953  
76.01651486  
54.97419619  
29.11156745  
1.615634728  
-24.3981985  
-46.03796949  
-60.8137434  
-66.94760317  
-63.78525855  
-52.15185462  
-34.44830687  
-14.34740909  
3.90791645  
16.44631524  
20.69137961  
16.00301839  
3.855545179  
-12.49577873  
-28.77487978  
-40.6887733  
-44.94563204  
-40.05800894  
-26.74263906  
-7.803249599  
12.51053861  
29.54659562  
39.45054618  
40.20033453  
32.16291982  
17.97843373  
1.777937782  
-12.03726797  
-20.07029589  
-20.84631545  
-15.08875251  
-5.298783708  
5.170657663  
13.19253852  
16.72418381  
15.19906301  
9.407127243  
1.005776374  
-8.098886103  
-16.28027055  
-22.50921663  
-26.45731816  
-28.44801138  
-29.31459542  
-30.17753344  
-32.11968493  
-35.76245391  
-40.83138353  
-45.89498648  
-48.49107775  
-45.76266416  
-35.51833037  
-17.38787308  
6.411883269  
31.14843491  
50.6663336  
59.27853121  
53.84647943  
35.25429141  
8.614335283  
-18.02897368  
-36.15647066  
-39.56957437  
-26.51660949  
-0.3551192426  
31.51167173  
60.04133085  
77.42614963  
79.415381  
66.32326418  
42.49510841  
14.58599863  
-10.60605739  
-27.95849382  
-34.97030349  
-31.74787668  
-20.33148236  
-3.834025274  
14.23108595  
30.32450569  
41.11946497  
43.87156667  
37.06761553  
21.22184873  
-0.5791333232  
-22.85926759  
-38.93559794  
-42.94277123  
-32.07291935  
-8.135941217  
22.35197053  
49.85576473  
64.88597441  
61.41194498  
39.32868509  
4.929832774  
-30.95742004  
-56.62083961  
-63.60985984  
-49.83805381  
-20.4444897  
13.95652238  
41.01981889  
51.03168201  
40.28567353  
12.25777743  
-23.78769585  
-56.16675603  
-74.82335114  
-74.57988048  
-56.49905008  
-27.02949488  
4.566732434  
29.44184505  
41.86870459  
40.58023501  
28.49188409  
11.1542735  
-5.345786743  
-16.27288724  
-19.39016886  
-15.19613248  
-6.396014502  
3.086351335  
9.248112638  
9.073939041  
1.380963522  
-12.69054543  
-29.69377876  
-44.53467499  
-51.78261835  
-47.40313594  
-30.41750811  
-3.848555586  
25.58642101  
49.19377249  
59.04139284  
50.82758803  
25.79070795  
-9.197875941  
-43.58376946  
-66.55278073  
-70.72373941  
-54.72711545  
-23.665257  
12.7399674  
43.5989842  
60.56674161  
60.40662426  
45.50926093  
22.33706004  
-1.39525266  
-19.54678899  
-29.25026454  
-30.9640086  
-27.14583516  
-20.41480388  
-12.19778767  
-2.491221813  
9.288387494  
22.99187286  
36.82952481  
47.49815788  
51.39302221  
46.33612998  
32.92395745  
14.73410313  
-2.826747753  
-14.57716149  
-17.59561657  
-12.29955978  
-2.080469273  
8.303447669  
14.7896736  
15.55318361  
11.35186141  
4.629383619  
-2.038191113  
-7.25967489  
-11.194599  
-14.81793151  
-18.58399562  
-21.37064127  
-20.47535575  
-12.8727583  
2.79135574  
24.51113511  
46.5801685  
61.0837107  
60.83050503  
42.55640954  
8.955905143  
-31.50870173  
-67.15447447  
-87.08351787  
-85.07547277  
-61.79922241  
-24.46641247  
15.88442118  
48.318497  
65.55811777  
65.827426  
52.46984541  
31.78433771  
10.20839707  
-7.909087364  
-21.14803  
-30.41571011  
-37.50629628  
-43.69495926  
-49.04319276  
-52.59016302  
-53.09808869  
-49.78048161  
-42.56971617  
-31.86086632  
-18.05010123  
-1.328119993  
17.99745133  
38.77812727  
58.39344571  
72.79341758  
77.51232701  
69.41796614  
48.46274625  
18.53085205  
-13.22903463  
-38.53827829  
-50.82841815  
-47.6180008  
-31.38494651  
-8.526798184  
13.14915698  
27.30616219  
31.0874319  
25.4634706  
13.94449218  
0.4643252424  
-12.41050604  
-24.04915069  
-34.92753639  
-45.03315197  
-52.59236091  
-54.06094131  
-45.62450797  
-25.5667853  
3.745456787  
35.49279604  
60.19281981  
69.1439663  
58.11863883  
29.61839049  
-7.479664389  
-40.94214627  
-59.71662975  
-58.10913682  
-37.83057381  
-7.051373804  
23.09060509  
42.98249499  
48.08994543  
40.11851327  
25.45464809  
11.78469104  
4.551511543  
4.867425608  
9.712795496  
14.11671455  
14.09234332  
8.815797482  
0.9997233052  
-4.635958011  
-3.938635674  
4.405884271  
18.06009901  
32.07142574  
41.2178625  
42.4817851  
36.42813842  
26.82448765  
18.70922988  
15.86271665  
18.90238036  
24.8992149  
28.67306943  
25.13974362  
11.62514856  
-10.87240694  
-37.96442302  
-63.4823268  
-81.64989174  
-88.9006835  
-84.6972308  
-71.22826839  
-52.34791153  
-32.34704747  
-15.04376462  
-3.358627396  
0.7883124553  
-3.44061382  
-15.54946977  
-33.36938948  
-52.94976389  
-69.03372324  
-76.24375728  
-70.72014355  
-51.61843968  
-21.78983369  
12.78162027  
44.7127522  
67.5340843  
77.69823989  
75.49142138  
64.50344139  
49.91888532  
36.38528774  
26.36731549  
19.6452044  
14.0822758  
7.219085793  
-2.092455895  
-12.77693557  
-21.74470672  
-25.10006694  
-19.79047727  
-4.976367761  
17.43679036  
43.27417823  
67.32216609  
84.79168732  
92.4750958  
