49.34441866  
56.0483176  
45.03297123  
20.44030927  
-7.997818944  
-29.0379502  
-34.62529815  
-23.18371587  
-0.101177524  
24.73892947  
41.24203153  
43.30578299  
31.14047605  
10.78652374  
-8.837488361  
-19.96310433  
-19.27841181  
-9.113383392  
3.90356462  
12.0068289  
9.811813415  
-3.344234266  
-23.17952226  
-42.34250483  
-53.47803869  
-52.14298879  
-38.39574966  
-16.52922655  
6.777827512  
25.00971425  
34.00538321  
33.01552756  
24.40410217  
12.33587445  
1.120675876  
-6.118462514  
-8.059406427  
-5.058899238  
1.434531186  
9.565603566  
17.58207739  
24.08667096  
28.10855482  
29.12710053  
27.12008449  
22.60411946  
16.56863796  
10.23086597  
4.64594828  
0.3259275719  
-2.929100059  
-5.852294034  
-9.213974789  
-13.22295361  
-17.13937799  
-19.36194858  
-18.05209348  
-12.09141738  
-1.961413069  
9.905393798  
19.58375023  
22.88082284  
16.93645322  
1.586781553  
-20.1031944  
-42.46308429  
-58.89128358  
-64.04936225  
-55.79848452  
-36.14173337  
-10.76580123  
12.7202715  
27.26420248  
28.70001933  
17.09793915  
-3.344331316  
-25.81504468  
-43.2395086  
-50.60809001  
-46.45583287  
-33.01687565  
-15.09373075  
1.840709548  
13.54016772  
18.18113449  
16.49975839  
10.97009133  
4.499063679  
-0.7481882709  
-3.921674046  
-5.323474018  
-5.735215448  
-5.677227383  
-5.018080507  
-3.118063141  
0.6236768395  
6.174951545  
12.60966908  
18.37094225  
21.95117401  
22.6367913  
20.90681325  
18.24092448  
16.3985915  
16.51982238  
18.5105123  
21.04773564  
22.22918991  
20.55459641  
15.74305478  
8.958270036  
2.308961145  
-2.136859895  
-3.327503052  
-1.692935872  
1.142543766  
3.253401095  
3.443961026  
1.870541656  
-0.08425629641  
-0.6299327399  
1.350549172  
5.541872852  
10.19375018  
12.91831873  
11.90539562  
6.932055418  
-0.3758806511  
-7.206107309  
-10.84876219  
-9.982598581  
-5.313089  
0.7683969892  
5.343411817  
6.368439288  
3.620158326  
-1.283151247  
-5.778927807  
-7.703802969  
-6.387891701  
-2.943297412  
0.3853678507  
1.451742698  
-0.632515299  
-5.012984474  
-9.523092067  
-11.78768116  
-10.41422675  
-5.660599599  
0.732033946  
6.399008832  
9.406083966  
8.933109322  
5.280654697  
-0.6858972382  
-8.200147227  
-16.86305109  
-26.2919549  
-35.37734328  
-41.7248089  
-41.87338705  
-32.50520379  
-12.26422212  
16.68735482  
48.32936409  
74.17343906  
86.09526825  
79.54386875  
55.71389918  
21.58002855  
-12.42443902  
-36.23815086  
-43.92471968  
-35.73143749  
-17.56081867  
1.873059009  
14.87603535  
17.83134292  
12.12405397  
2.628989426  
-5.350305986  
-9.062096129  
-9.655473852  
-11.21160169  
-17.98723035  
-31.35860199  
-48.15834706  
-61.43175675  
-63.41946339  
-49.40677389  
-20.55528892  
15.76830281  
48.50190156  
67.22121788  
66.383176  
47.56451919  
18.68194194  
-9.440882333  
-27.59407614  
-31.76801154  
-24.27098816  
-12.0239051  
-2.97547472  
-2.382852868  
-10.65427336  
-23.61512  
-34.8740534  
-39.01267359  
-34.03920048  
-22.02386644  
-7.788995082  
3.537171818  
8.828038037  
8.0495329  
3.760546301  
-0.5296658889  
-2.184239747  
-0.5032906231  
3.404295003  
7.695564362  
11.08442509  
13.57291821  
16.2341363  
20.23863451  
25.75825891  
31.44700574  
34.86054201  
33.63593047  
26.81054408  
15.55963936  
2.925826838  
-7.363182851  
-12.42079968  
-11.3346829  
-5.384265257  
2.705921157  
10.05032813  
14.76716357  
16.48949728  
16.07777353  
14.81719497  
13.61973855  
12.67510137  
11.67411825  
10.36062101  
8.972499993  
8.224330567  
8.799813213  
10.67291539  
12.7383255  
13.09630695  
9.963261359  
2.775639951  
-7.137587089  
-16.78717958  
-22.68909639  
-22.479418  
-16.19188912  
-6.502490765  
2.287921961  
6.13781349  
3.156630711  
-5.412118105  
-15.63511548  
-22.60577656  
-22.66239107  
-15.08092845  
-2.453807708  
10.41580619  
18.58039151  
19.01503058  
11.75764445  
-0.3353460291  
-13.01271159  
-22.49496992  
-26.90530857  
-26.67242389  
-23.86133751  
-20.90428086  
-19.4312236  
-19.74893168  
-21.09949149  
-22.39206175  
-22.88565643  
-22.40830245  
-21.04650706  
-18.60884927  
-14.33168839  
-7.151164424  
3.508237306  
16.86137312  
30.39419074  
40.39876689  
43.34876244  
37.55940576  
24.32149608  
7.850757341  
-6.090710585  
-12.4050608  
-8.759423405  
3.378433208  
19.27804666  
32.85858666  
39.14507079  
36.18853175  
25.62489879  
11.68563099  
-0.8161578884  
-8.554303223  
-10.87141727  
-9.604422707  
-7.757181824  
-7.764135132  
-10.23740159  
-13.79270411  
-15.97177198  
-14.72116985  
-9.627637432  
-2.265596296  
4.50890917  
7.937797692  
6.69651886  
1.505206  
-5.284110428  
-10.90101055  
-13.54771428  
-13.26606329  
-11.84942966  
-11.84873338  
-15.16543913  
-21.92180858  
-30.15893269  
-36.51724016  
-37.59916066  
-31.41152774  
-18.26900246  
-0.794143118  
16.95464492  
30.84644269  
37.99223538  
37.54348007  
30.75593624  
20.38936035  
9.73038949  
1.596043119  
-2.388321422  
-2.080248687  
1.329714643  
5.815538946  
9.207744077  
9.901663099  
7.398306484  
2.514629495  
-2.835290662  
-6.269780416  
-5.812766602  
-0.7180638273  
8.082612987  
18.1370799  
26.24856439  
29.62584509  
26.97831377  
19.10796563  
8.723590386  
-0.4906607762  
-5.211547827  
-3.700508077  
3.562846497  
14.07458192  
24.22834971  
30.58053307  
30.96242518  
25.04333041  
14.20438668  
0.8699405356  
-12.36520608  
-23.45240343  
-31.22370651  
-35.32777355  
-35.9265502  
-33.3787588  
-28.07935048  
-20.49387907  
-11.30043103  
-1.496122339  
7.643016626  
14.76971771  
18.76986357  
19.04656863  
15.68311675  
9.440211178  
1.603142885  
-6.271854102  
-12.66055851  
-16.38083913  
-16.86746727  
-14.35196473  
-9.87170143  
-5.04774232  
-1.637471204  
-0.9707609302  
-3.469192257  
-8.465505179  
-14.44905521  
-19.68319862  
-22.9485123  
-24.06436822  
-23.90387639  
-23.83971861  
-24.85062405  
-26.73385012  
-27.88308053  
-25.86187693  
-18.61767924  
-5.814054643  
10.39448484  
25.65405451  
34.83176807  
34.08613405  
22.72945626  
4.005225829  
-15.70448571  
-29.07290147  
-30.6186069  
-18.96192183  
2.426224066  
26.36747951  
44.61232552  
50.9369842  
43.46168575  
25.26923485  
3.107314585  
-15.25813371  
-23.94294111  
-20.95225362  
-8.573416754  
7.868578621  
22.26022328  
29.9804141  
29.33395759  
21.70684487  
10.58019675  
-0.02619872328  
-6.982849759  
-8.84414711  
-5.868227218  
0.5226961813  
8.454581739  
16.14998549  
22.18062659  
25.5043192  
25.4684574  
21.90901539  
15.32451133  
6.972119761  
-1.288851342  
-7.462822862  
-10.06500223  
-8.675530815  
-4.122852713  
1.828614836  
7.174061621  
10.43653804  
11.15461513  
9.874414619  
7.685790938  
5.575684931  
3.956107597  
2.612789351  
1.068942971  
-0.8895656975  
-2.886893495  
-4.078464938  
-3.703351018  
-1.766195574  
0.5854757605  
1.31079863  
-1.64339586  
-9.193497169  
-20.28151632  
-31.85803145  
-39.84215885  
-40.73651451  
-33.2097456  
-18.90094755  
-2.006919554  
12.24415091  
19.60431245  
18.4257334  
10.17257617  
-1.386037249  
-11.90169288  
-18.26944892  
-19.7041721  
-17.61776323  
-14.45275297  
-12.14969704  
-11.09195624  
-10.09676554  
-7.441464324  
-2.329953601  
4.07283934  
8.721999695  
7.995534789  
-0.3514185978  
-15.57526178  
-33.59742463  
-48.2798235  
-53.87968384  
-47.60143493  
-31.02041823  
-9.612516491  
9.50702248  
20.65992897  
22.07810008  
16.58017952  
10.07491527  
8.549750123  
14.96291047  
27.55911917  
40.4973264  
46.59036582  
40.91916497  
23.6006117  
0.3121460769  
-19.81852484  
-28.11634732  
-20.32819678  
1.175333821  
28.05634501  
