74.50615731  
49.96236541  
21.7832442  
-0.05550838674  
-9.172706535  
-5.180590175  
6.51358444  
17.35720662  
19.56460015  
9.591773434  
-10.29441974  
-32.97323145  
-49.48986368  
-52.82795367  
-40.85965646  
-17.29560932  
9.682119888  
30.48490403  
37.62931688  
28.35342585  
5.429093594  
-23.9967369  
-50.96741374  
-67.68330436  
-69.83335039  
-57.59546201  
-35.1372002  
-8.953336624  
14.30667014  
29.80526043  
35.71909447  
33.40911844  
26.6082491  
19.9447176  
17.28311487  
20.40155689  
28.42287591  
38.19411928  
45.5081825  
46.76524382  
40.48304126  
28.072138  
13.52266208  
2.043026435  
-1.891127276  
3.649316259  
17.09330129  
33.6969071  
47.08395999  
51.45096792  
43.61739367  
24.16127432  
-2.757118761  
-30.76870581  
-53.31039594  
-65.53497368  
-65.49135154  
-54.30372022  
-35.48459372  
-13.79261033  
5.909840864  
19.50819141  
24.15062642  
18.55358452  
3.234640655  
-19.32904509  
-44.7897027  
-67.50179313  
-81.68624205  
-83.00848311  
-70.08985151  
-45.3329774  
-14.58296665  
14.44642927  
34.53889406  
41.3053084  
34.58355636  
18.33625803  
-0.940198852  
-16.67676768  
-24.58500357  
-23.97825389  
-17.57626129  
-9.951428743  
-5.331031067  
-5.708753487  
-10.04566865  
-14.84542546  
-15.8004097  
-9.773858504  
3.717719131  
22.11301754  
40.63177474  
53.96644814  
58.18527828  
52.15796484  
38.03058185  
20.62593636  
5.995776991  
-0.4121540224  
4.570074903  
20.78361873  
44.61657078  
69.85379099  
89.30434164  
96.78921814  
88.93647899  
66.23590418  
32.9822753  
-3.93727155  
-37.06716009  
-60.56431565  
-71.78767571  
-71.73660304  
-64.20586856  
-54.02649493  
-45.12836754  
-39.22094532  
-35.60238877  
-32.09299455  
-26.57678931  
-18.36642676  
-8.712096629  
-0.2100744896  
4.575438231  
4.556461181  
0.8593283961  
-3.576591384  
-5.404147862  
-2.620056579  
4.205633783  
11.87953643  
15.82701021  
12.12116943  
-0.6011316441  
-20.2146949  
-41.62015366  
-58.50764385  
-65.63469711  
-60.68028508  
-44.9539058  
-22.75971958  
0.2182914181  
18.78939339  
29.66526005  
31.99358864  
27.03884004  
17.37015433  
6.005790116  
-4.190511132  
-10.83060066  
-12.20754759  
-7.56259908  
2.574046844  
16.16915336  
29.89338954  
39.92117685  
43.19199845  
38.67800269  
28.0589714  
15.36358393  
5.563089113  
2.609680774  
7.740143303  
18.82908829  
31.1539439  
39.30755983  
39.45493416  
30.9463731  
16.57159804  
1.350441789  
-9.581297361  
-13.0335011  
-8.867977774  
0.2785156485  
10.42343204  
18.06867504  
21.54856066  
21.31452686  
19.14663132  
16.82087877  
14.99842777  
12.92844337  
9.078121822  
2.284524488  
-7.261581546  
-17.78846493  
-26.63821453  
-31.53121822  
-31.71893076  
-28.38239673  
-24.02436139  
-21.14294944  
-20.87472976  
-22.3419739  
-23.09346414  
-20.46626868  
-13.20010245  
-2.468464358  
8.254137341  
14.51210969  
12.80852534  
2.273187024  
-14.73401012  
-33.39331111  
-48.24636975  
-55.26651849  
-53.27490282  
-44.11759096  
-31.59434334  
-19.68782823  
-10.92201987  
-5.56621491  
-1.967954594  
2.236046411  
8.666055518  
17.205822  
25.91649828  
31.86651113  
32.47474161  
26.76083987  
15.96826729  
3.311591854  
-7.040288248  
-11.35714903  
-7.625403514  
3.702790275  
19.70493732  
35.71613546  
46.58580463  
48.1370032  
38.45436309  
18.64537156  
-7.182467519  
-32.81285204  
-51.52381887  
-57.99740034  
-49.96366902  
-29.01221268  
-0.2267653068  
29.31151318  
52.68332225  
65.20445736  
65.66729957  
56.31200659  
41.59134538  
26.27849425  
13.71936983  
4.932975429  
-1.144583588  
-6.506595695  
-12.65063883  
-19.60814486  
-25.88975928  
-29.32475446  
-28.31357127  
-22.80828675  
-14.4870194  
-6.017951712  
0.2055406747  
3.187596388  
3.699145514  
3.672474459  
4.917261368  
7.841508535  
10.90102854  
11.16173284  
5.797072374  
-6.168980734  
-22.75659694  
-39.2114155  
-49.54907679  
-48.89196365  
-35.61480289  
-12.33794815  
14.72699081  
37.87445699  
50.61838703  
49.93327989  
37.14498182  
17.177053  
-3.454833642  
-19.02074286  
-26.36547681  
-25.4806754  
-18.80533373  
-9.742146689  
-1.144701308  
5.567771472  
10.39914644  
14.06524942  
17.09339803  
19.27044821  
19.72331023  
17.53859653  
12.52047667  
5.61054443  
-1.322421825  
-6.271442472  
-8.084237526  
-7.151300382  
-5.402198676  
-5.546416415  
-9.860589278  
-19.05495056  
-31.73718772  
-44.73702841  
-54.17935638  
-56.86915314  
-51.42645511  
-38.73025132  
-21.53751659  
-3.48640625  
12.07595933  
22.98171367  
28.56615301  
29.42368807  
26.83320431  
22.18020272  
16.62282582  
11.05574474  
6.236645624  
2.862098944  
1.446564782  
2.033001267  
3.929999893  
5.727246886  
5.733036508  
2.747779862  
-3.146055783  
-10.20198018  
-15.34853327  
-15.26329314  
-7.828254162  
6.639514377  
24.98612987  
41.96321689  
51.95304298  
51.06252511  
38.74842516  
18.27001991  
-4.283816157  
-22.06099728  
-29.80975598  
-25.61444125  
-11.34456337  
8.291470491  
27.61372941  
41.93034739  
48.79230347  
48.1379344  
41.47389539  
30.68165595  
17.15225958  
1.693106298  
-14.84290644  
-30.71476288  
-42.92080389  
-47.76024479  
-42.27420413  
-25.95981712  
-1.859637032  
23.71224239  
42.97806965  
49.47421341  
40.69016868  
19.38931177  
-7.093141232  
-29.43922888  
-39.85742956  
-35.09974769  
-17.73589714  
4.854597266  
23.36079991  
30.10129819  
21.8259909  
0.6795359691  
-26.94342798  
-53.0404848  
-70.96510289  
-77.51150989  
-73.41253666  
-62.28427691  
-48.6963016  
-36.30983658  
-26.83663774  
-20.07145815  
-14.71698348  
-9.414691129  
-3.43370227  
3.218563214  
10.12246391  
16.84184865  
23.06204287  
28.39431517  
32.06247558  
32.82406468  
29.36402751  
21.09073128  
8.943926205  
-4.305386248  
-14.6144385  
-18.03103962  
-12.35483953  
1.649960226  
20.12456167  
37.25869612  
47.31938895  
46.74865297  
35.44828896  
16.71407944  
-4.122035579  
-21.72053662  
-32.54665008  
-35.73563571  
-32.76456336  
-26.2517031  
-18.57298458  
-10.98367413  
-3.58734489  
3.998304849  
11.79854988  
19.03722484  
24.38961845  
26.78711369  
26.26978387  
24.31579436  
23.34613516  
25.56592568  
31.70689308  
40.3505038  
48.25924182  
51.64384628  
47.80268461  
36.34872012  
19.41573653  
0.7286522516  
-16.01245957  
-28.64155133  
-37.19228885  
-43.4169779  
-49.44454113  
-56.30380957  
-63.10233912  
-67.30130335  
-65.94730462  
-57.21403372  
-41.43910515  
-21.10560037  
0.2229423835  
19.44472374  
35.10909103  
47.60669288  
58.25617111  
67.79999645  
75.1844334  
77.40008112  
70.62923978  
52.24689083  
22.71124377  
-13.66221684  
-49.57835508  
-77.05484847  
-90.19771421  
-87.25712352  
-71.06075807  
-47.65741149  
-23.8194065  
-4.553694619  
8.287719081  
15.78857846  
20.44057914  
24.23524911  
27.43423043  
28.6535515  
26.14176522  
19.44865356  
10.43135531  
2.877441396  
0.7768147909  
6.061268317  
17.02999492  
28.45229107  
33.5609183  
27.18489683  
8.600845712  
-17.33392442  
-41.51091313  
-53.99860393  
-48.19566264  
-23.90569008  
12.08328464  
48.28560684  
72.79087589  
77.76179572  
62.28572932  
32.42262096  
-1.488988884  
-29.04147128  
-43.6589717  
-44.59333841  
-36.33748356  
-25.94568589  
-19.63080715  
-20.20751697  
-26.42529232  
-34.26547594  
-39.35128813  
-39.1730997  
-34.04924821  
-26.47958217  
-19.40584603  
-14.43591401  
-11.04663713  
-7.19916991  
-0.9905726701  
7.638341614  
16.19617742  
20.48960556  
16.74731789  
4.000746588  
-14.55078147  
-32.06996102  
-40.5133748  
-34.02422574  
-11.78963096  
21.00781289  
54.7322581  
78.81926016  
85.85851323  
