61.21793647  
42.00439617  
25.28916178  
16.72711381  
19.08600541  
31.00924429  
47.30177421  
60.73760652  
64.7615046  
56.06013672  
35.99188196  
10.2893955  
-12.88318508  
-25.80161113  
-23.91789639  
-7.469211268  
18.58751302  
46.23499892  
67.00740058  
74.6247463  
66.78229614  
45.58270116  
16.58980849  
-13.07824109  
-36.94087752  
-50.94168217  
-54.32751848  
-49.43138858  
-40.50515318  
-32.0202313  
-27.00322643  
-25.96188742  
-26.78347359  
-25.68031609  
-18.89457089  
-4.565883159  
15.96513335  
38.01646586  
54.8026267  
59.74101063  
49.04251624  
23.58757575  
-10.74272022  
-44.58204943  
-68.03487974  
-74.06426825  
-61.06002152  
-33.58482643  
-0.9557649866  
25.86295594  
37.93390275  
31.25924464  
7.915531115  
-24.90604871  
-57.48419452  
-80.74861448  
-88.91150232  
-80.73740347  
-59.2415778  
-30.20590855  
-0.2446366699  
24.85872805  
41.12293359  
46.62840765  
41.33273978  
26.77289779  
5.83102723  
-17.49001015  
-38.48470406  
-52.52125581  
-56.12905518  
-48.09036954  
-30.07626866  
-6.444604158  
16.89267437  
34.23119568  
41.85635508  
39.17096286  
28.71428605  
15.04888027  
2.946240134  
-4.408934293  
-6.481235204  
-5.298159485  
-4.265968726  
-6.388376848  
-12.63551567  
-21.16282915  
-27.75311256  
-27.37650786  
-16.31179343  
5.983865038  
36.02857098  
66.93248473  
90.39615273  
99.4788479  
91.17785565  
67.83827318  
36.75889727  
7.977507477  
-9.094397954  
-9.023748596  
7.558790404  
34.00157942  
59.89857176  
74.81511449  
72.0943589  
51.27426898  
18.14917366  
-17.56503701  
-46.02571162  
-60.97052603  
-61.82068888  
-53.34682891  
-43.11652937  
-37.90325311  
-40.67697384  
-49.50853985  
-58.82952333  
-62.40002276  
-56.55122038  
-42.15538384  
-24.38599677  
-10.37946631  
-5.902748512  
-12.59876356  
-27.10502305  
-42.45774722  
-51.12779828  
-48.29182337  
-33.86771339  
-12.45263371  
8.711799679  
22.74370552  
25.72509913  
17.83229322  
2.689272124  
-14.5189559  
-29.14083301  
-38.39480506  
-41.52161684  
-39.01654309  
-31.65902568  
-20.04572352  
-4.891004748  
12.22897712  
28.38497941  
39.67410479  
42.58031404  
35.77443907  
21.3943843  
4.941550112  
-6.461826919  
-6.873273581  
5.82376517  
28.70576354  
54.72533508  
75.48048314  
84.6609758  
80.62595573  
66.93304946  
50.58086402  
38.79663594  
35.87279151  
41.50676289  
51.34912806  
59.39149623  
60.96011803  
54.84251999  
43.56804214  
31.82062895  
23.89282057  
21.526523  
23.22145668  
25.28904109  
24.01151574  
17.71401422  
7.645013458  
-2.774927927  
-9.896170157  
-11.90746719  
-9.909466916  
-7.419046079  
-8.56871281  
-15.95442838  
-29.26115334  
-45.37208725  
-59.87785765  
-69.1678406  
-71.99737198  
-69.73018744  
-65.18494747  
-60.77690099  
-57.02553985  
-52.29721689  
-43.96698976  
-30.38638723  
-12.55805501  
5.485309145  
17.95834946  
19.75515683  
8.894858996  
-12.23688101  
-37.53188939  
-59.47566479  
-72.11431573  
-73.32660297  
-65.37668969  
-53.53136618  
-43.42608803  
-38.42684332  
-38.19916597  
-39.09995795  
-36.14646711  
-25.60824041  
-7.024186287  
16.24502364  
38.13546217  
52.15181139  
53.8292757  
42.41940709  
21.22090136  
-3.463470654  
-24.27623054  
-34.96517272  
-32.10611975  
-15.97546448  
9.55692647  
38.01798585  
61.96162384  
74.89888208  
73.11041377  
56.87270459  
30.67769826  
2.223762167  
-19.6834702  
-27.7662341  
-18.59797083  
6.236703984  
40.63993922  
76.04082117  
104.2391328  
119.9628729  
122.156758  
113.5557743  
98.84368935  
82.30461829  
66.06255761  
49.67732837  
31.18072702  
8.928143954  
-16.74840733  
-42.97836715  
-65.20838737  
-79.07569254  
-82.37599309  
-76.14368586  
-64.2925772  
-51.96855493  
-43.38851932  
-40.1780226  
-40.96163423  
-42.34428792  
-40.75964586  
-34.27531883  
-23.51161578  
-11.29679922  
-1.298818291  
3.66329434  
2.830937482  
-2.267420796  
-8.581353167  
-12.85147531  
-12.84212055  
-7.999944463  
0.6081180445  
10.87304087  
20.36115344  
26.85889052  
28.65504622  
24.6848683  
14.72230368  
-0.3148298969  
-18.09925914  
-34.96519846  
-46.56155839  
-49.07197018  
-40.6394112  
-22.40108989  
1.423230427  
24.6070426  
40.87472541  
46.02996744  
39.40704483  
24.04019064  
5.468045385  
-10.33950668  
-19.0941992  
-19.52285035  
-13.47495411  
-4.892298415  
1.824949408  
3.356826969  
-1.632516602  
-12.40087072  
-26.65244907  
-41.30260053  
-53.15252781  
-59.3532907  
-57.74751058  
-47.243788  
-28.26876305  
-3.132772637  
23.99706345  
47.7779739  
63.03060211  
66.3847116  
57.62089316  
40.09346973  
19.92164927  
4.123629258  
-1.673258368  
4.895885396  
22.17252503  
45.07710462  
66.79090468  
80.84887957  
82.89528039  
71.59002782  
48.56064629  
17.66095892  
-16.03716641  
-47.1739427  
-70.83020963  
-83.13558503  
-81.88323263  
-67.14585244  
-41.67965603  
-10.77790971  
18.6741109  
39.8893106  
48.17228899  
42.50955011  
26.07585881  
5.326888533  
-12.10274066  
-19.97463051  
-15.54817696  
-0.4311727292  
20.10589694  
39.03642189  
49.94510419  
48.98861482  
35.8302577  
13.39213774  
-13.28278627  
-38.51888532  
-57.33438417  
-66.319043  
-64.04121226  
-51.11799663  
-30.0705657  
-4.971981172  
19.20391874  
37.58737807  
46.65049132  
45.32883878  
35.55647918  
21.84809134  
9.894116489  
4.569931719  
8.083406184  
19.01945171  
32.73161924  
42.99006972  
44.26609957  
33.75323056  
12.3367416  
-15.82645782  
-44.87020111  
-69.22495668  
-85.25015495  
-91.92208186  
-90.47853975  
-83.37952748  
-73.17282157  
-61.7699834  
-50.32234757  
-39.52918348  
-30.00755247  
-22.40093197  
-17.14734597  
-14.1088737  
-12.3981558  
-10.64377781  
-7.659273944  
-3.186252703  
1.742807962  
5.138468405  
5.04729091  
0.7770071667  
-6.279395884  
-12.74510341  
-14.40495027  
-7.999180428  
7.102251668  
28.14166472  
49.5739259  
64.88094689  
68.90349866  
59.73956569  
39.42547994  
13.13395428  
-12.74508411  
-32.81791297  
-44.28896463  
-47.36416994  
-44.42342028  
-38.4613642  
-31.5638016  
-24.08965381  
-14.84046741  
-2.020109296  
15.55098485  
37.56131689  
62.04584025  
85.93963839  
106.0291273  
119.84838  
126.1662437  
124.9579303  
117.0114979  
103.4557282  
85.457923  
64.17868175  
40.8888884  
17.05943723  
-5.725996115  
-26.04772661  
-42.98090416  
-56.2809797  
-66.28284562  
-73.52389406  
-78.26159869  
-80.13219762  
-78.14692908  
-71.06553179  
-58.00428913  
-39.01834017  
-15.40355195  
10.41444725  
35.36158074  
56.37966199  
71.03913186  
77.92106825  
76.70993858  
68.05568932  
53.32143812  
34.32086634  
13.09038  
-8.311219903  
-27.99776959  
-44.43922831  
-56.58851461  
-63.89887088  
-66.22054543  
-63.64078704  
-56.3869804  
-44.90200168  
-30.10191998  
-13.68311345  
1.764349461  
13.07206719  
17.31129723  
12.92450209  
0.7313238786  
-15.71895216  
-30.82077773  
-38.59731253  
-34.91208084  
-19.37467602  
3.923590167  
27.35596317  
42.2602147  
42.18554605  
25.65819851  
-2.711813114  
-33.40263662  
-55.17877439  
-59.21815014  
-42.60993151  
-9.814877951  
28.59302318  
59.53946623  
72.11608654  
61.54884692  
30.95319737  
-9.797366161  
-47.65464948  
-71.05794421  
-73.91661684  
-57.46112914  
-29.37252966  
-0.6607611628  
18.41749528  
21.83351682  
9.438694513  
-13.6283929  
-39.31607915  
-59.73517978  
-69.73015383  
-68.098333  
-57.25082457  
-41.72878934  
-26.33990972  
-14.65479607  
-8.285585841  
-6.950871966  
-9.026354809  
-12.2054117  
-14.02877918  
-12.26239453  
-5.246691568  
7.675155496  
25.70346502  
46.33669226  
65.62869357  
79.10201297  
83.1650953  
76.56093947  
