-7.264117451  
-29.86018731  
-45.7364654  
-51.98858254  
-49.33832918  
-42.07945926  
-36.04402332  
-35.58040571  
-41.13135533  
-48.75940815  
-51.99666658  
-45.18849863  
-26.67996133  
-0.1951785106  
26.39651047  
44.45598415  
48.53869702  
39.0553023  
22.3138798  
7.852828488  
4.251153745  
15.31920828  
38.38863442  
65.4336281  
86.45137437  
93.5308223  
83.80691033  
60.10824248  
29.23212144  
-1.14240678  
-25.37302361  
-41.32702634  
-49.97534732  
-53.65335229  
-54.14263894  
-51.68514113  
-45.40357276  
-34.74544575  
-20.95804381  
-7.568594043  
0.6005398313  
-0.4919691468  
-11.98471512  
-31.12356493  
-52.07512457  
-68.31743766  
-75.54247721  
-73.66185191  
-66.85972764  
-61.53805231  
-63.02470939  
-72.56766715  
-86.08806958  
-95.41348525  
-91.59570646  
-68.94412282  
-28.02773579  
23.70960247  
74.08438003  
110.2745386  
123.2895403  
111.0818775  
79.14974441  
38.4960034  
1.818420936  
-20.59654106  
-23.82464418  
-9.214850996  
16.79448109  
45.27436622  
67.76667536  
78.62510968  
76.15169595  
62.45121613  
42.32457948  
21.69699909  
6.040478839  
-0.8984731732  
2.098895751  
13.47146354  
29.22131538  
43.84901806  
51.76682996  
48.90739055  
34.08968707  
9.664899722  
-18.88999725  
-44.44064572  
-60.34440093  
-62.59501648  
-51.20772914  
-30.30772485  
-6.830857528  
11.74846409  
19.8796242  
15.72367103  
1.646359082  
-16.73159204  
-32.55300809  
-40.06954832  
-36.48598596  
-22.69750968  
-2.740012456  
17.75927485  
33.51676341  
41.21497163  
40.28988027  
32.70567134  
21.91727821  
11.48681823  
3.889471973  
-0.09039919239  
-1.240522166  
-1.234978759  
-1.733125154  
-3.652511545  
-6.884152239  
-10.50262083  
-13.31025018  
-14.43008824  
-13.67707195  
-11.56897204  
-9.023303965  
-6.932588455  
-5.850886207  
-5.942733587  
-7.185682056  
-9.66558792  
-13.73872578  
-19.90043124  
-28.36851732  
-38.57592972  
-48.87462157  
-56.70617541  
-59.30141024  
-54.70702254  
-42.73103491  
-25.35940035  
-6.368431891  
9.816972888  
19.62599069  
21.61216494  
16.9446931  
8.874280168  
1.354851993  
-2.61848274  
-2.2441337  
0.8327879248  
3.392263427  
2.286737011  
-3.845878772  
-13.57357994  
-22.8629156  
-26.46873254  
-20.00251477  
-1.854999956  
25.81541315  
57.45161798  
85.70855831  
103.7035004  
107.0738175  
95.12064673  
70.71008173  
39.09877499  
6.23785199  
-22.76845514  
-44.54118161  
-57.49781769  
-61.34542445  
-56.44364559  
-43.45747973  
-23.4812845  
1.504215621  
28.21341799  
52.07957478  
67.93502085  
71.24547647  
59.50004123  
33.22860805  
-3.78160051  
-45.20943009  
-83.6501235  
-112.3187505  
-126.4705343  
-124.1553979  
-106.2104016  
-75.67839126  
-36.99314467  
4.757944368  
44.36062852  
76.86620433  
98.04332567  
105.0331346  
97.15664545  
76.58982022  
48.49433237  
20.27464652  
-0.07002205657  
-6.12760498  
4.906173885  
31.13524077  
66.30944391  
101.606701  
128.2778913  
140.2019391  
135.3967601  
115.9360911  
86.38215232  
51.47808531  
14.16896866  
-25.12771248  
-67.65727714  
-114.2833043  
-163.2811267  
-209.1444179  
-243.1963638  
-256.0137876  
-240.8306283  
-196.5617271  
-129.134874  
-50.44044282  
24.84606123  
83.44741032  
117.1437942  
124.6011296  
110.8203983  
84.61599102  
55.27078583  
29.72587669  
11.2831851  
0.03134606655  
-5.577237116  
-7.009195674  
-4.717370391  
1.615442979  
11.95375043  
24.69697114  
36.22052524  
41.61250522  
36.40745309  
18.56741494  
-10.2216337  
-44.59385556  
-76.9499878  
-99.75041916  
-107.7548282  
-99.38696101  
-76.84081598  
-45.09939488  
-10.43182359  
21.00849893  
44.11976936  
55.34144482  
52.97437814  
37.582659  
12.44047204  
-16.35378719  
-40.61167799  
-51.91635172  
-44.33424011  
-17.07976632  
24.08287508  
67.67841934  
99.779424  
108.8005821  
90.09685563  
48.4451804  
-2.858018926  
-46.26278875  
-66.1658649  
-54.70975567  
-14.8734309  
40.44959163  
93.10776708  
126.3025302  
130.5940111  
107.0107658  
66.16892695  
23.90691348  
-4.731941753  
-10.81582227  
5.763814695  
36.93237423  
69.84154602  
91.5246376  
93.0466698  
71.86847671  
31.99848824  
-17.68002723  
-66.06171663  
-102.5908262  
-119.5652459  
-113.6999756  
-86.84303325  
-45.73886356  
-0.7115020489  
36.72536489  
56.96553437  
55.28908875  
33.61525978  
0.08600395963  
-33.76525074  
-57.48496149  
-66.13824867  
-62.75620431  
-57.42276499  
-62.96851811  
-88.79112078  
-135.3829648  
-192.1470117  
-239.9005911  
-257.5248614  
-230.3359383  
-156.7894645  
-50.58544472  
63.00269378  
155.3998539  
204.4901099  
202.0840115  
156.2184553  
87.51850709  
21.24311976  
-21.70995361  
-31.33722127  
-10.33425093  
28.99408613  
70.88115877  
102.4219505  
117.4895643  
117.054058  
106.4700613  
91.58135989  
75.74435453  
59.08287213  
39.94204423  
17.33248215  
