32.55515415  
22.24971356  
13.26099775  
7.087707889  
3.792431318  
2.402930129  
1.584149072  
0.2526070498  
-2.076334553  
-5.237230665  
-8.551210541  
-11.01668711  
-11.48987766  
-8.887529849  
-2.48051969  
7.71415634  
20.56124788  
33.67712624  
43.75193417  
47.37727037  
42.18193229  
27.85918814  
6.613916704  
-17.27376912  
-38.71891055  
-53.50621685  
-59.70820473  
-58.23773066  
-52.26223225  
-45.69256083  
-41.38179226  
-39.8243912  
-38.95196808  
-35.1500141  
-25.07438893  
-7.473880382  
15.80379029  
40.10915757  
59.52169824  
69.01072263  
66.34566974  
52.97341544  
33.50926518  
14.05686169  
0.04053286773  
-5.596966136  
-3.162830558  
4.271580345  
12.32112803  
17.05437479  
16.36236113  
10.44281884  
1.321659681  
-8.263309781  
-16.06385955  
-21.08380712  
-23.63056197  
-24.73345828  
-25.29236604  
-25.42110886  
-24.32845156  
-20.80128551  
-14.04910229  
-4.477289665  
6.032263532  
14.5445429  
18.08934993  
14.87674439  
5.187940129  
-8.478669895  
-22.13228617  
-31.64652247  
-34.22816141  
-29.41133981  
-19.17027864  
-7.104286621  
2.96529757  
8.40414253  
8.605861755  
4.95142096  
-0.03295145942  
-3.889076905  
-5.236336902  
-4.131355981  
-1.667444455  
0.9125408336  
3.077647059  
5.356307125  
8.961812367  
14.88496126  
22.95435225  
31.42491816  
37.41665089  
38.09867916  
32.10404847  
20.48403523  
6.671902919  
-4.634677275  
-9.246510038  
-5.145869435  
6.713531354  
22.84729518  
38.72983596  
50.64921731  
57.06838278  
58.87149201  
58.41405698  
57.88155545  
57.80681745  
56.52649337  
50.90022383  
37.98801913  
16.88673611  
-10.19013477  
-38.18310613  
-60.78597237  
-72.73532857  
-71.8225896  
-59.77159436  
-41.61934644  
-23.88025665  
-12.26974909  
-9.895295113  
-16.55571898  
-29.27342583  
-43.67398011  
-55.55137153  
-62.01272484  
-61.90801279  
-55.62925248  
-44.61082036  
-30.87186566  
-16.7543751  
-4.769087649  
2.66529078  
3.734666498  
-2.085367718  
-13.48322134  
-27.29064791  
-39.21417658  
-45.19883521  
-42.94751798  
-32.94459947  
-18.46550973  
-4.457582162  
4.321549542  
5.161988845  
-1.522939179  
-12.36437538  
-22.3740238  
-26.87309059  
-23.20130687  
-11.52524136  
5.505142911  
23.98904789  
40.27709337  
52.08285323  
58.81122646  
61.13355714  
60.19335538  
56.94070101  
51.9302789  
45.58858014  
38.65390743  
32.38776502  
28.3050397  
27.48349141  
29.81196264  
33.64449421  
36.1698927  
34.45439482  
26.7466057  
13.44609101  
-2.759939619  
-17.7307271  
-27.3706374  
-29.16924314  
-23.126772  
-11.67888166  
1.319494493  
12.08225596  
18.19990676  
19.23674143  
16.44353151  
11.82514227  
7.073961398  
2.889649032  
-1.034023983  
-5.432570819  
-10.67500037  
-16.20897644  
-20.55922509  
-21.8922811  
-18.86773665  
-11.35044702  
-0.6298371969  
10.96630387  
20.88712484  
27.23187833  
29.2972991  
27.58201863  
23.28979599  
17.59920178  
11.05871117  
3.390433076  
-6.213680403  
-18.44611525  
-33.1871544  
-49.07924497  
-63.58674193  
-73.56662996  
-76.18398101  
-69.87811947  
-55.05610567  
-34.26663047  
-11.7533621  
7.533113862  
19.22304056  
20.76585045  
12.25254429  
-3.458300516  
-21.41089599  
-35.8843414  
-42.03007031  
-37.32784546  
-22.39156376  
-0.8368738305  
21.78217531  
39.64781963  
48.43044664  
46.55029956  
35.55081652  
19.49305356  
3.616106038  
-7.259810894  
-10.06141848  
-4.136526088  
8.846544403  
25.62343293  
42.35403079  
55.58400727  
62.90115557  
63.21026123  
56.70033403  
44.64106187  
29.11901784  
12.74540508  
-1.699739369  
-11.72557239  
-15.66736281  
-13.18177456  
-5.515817348  
4.620862489  
13.64177788  
18.0221495  
15.33115145  
5.024924162  
-11.28231936  
-30.19283942  
-47.45565476  
-59.17437578  
-62.92157902  
-58.41856585  
-47.58326463  
-33.94551249  
-21.61756869  
-14.12728735  
-13.44303735  
-19.44972119  
-30.00009111  
-41.51082897  
-49.93529117  
-51.85713814  
-45.42492201  
-30.88984518  
-10.60626566  
11.51365556  
30.96246402  
43.77852521  
47.57261246  
42.16751708  
29.67101257  
13.94853186  
-0.3774046641  
-9.142400159  
-9.746399164  
-1.849768921  
12.53670118  
29.60077319  
44.7744532  
53.9920701  
54.81081026  
47.0733516  
32.91608462  
16.11222132  
0.9360815288  
-9.113017541  
-12.33655931  
-9.287055907  
-2.493858122  
4.452431991  
8.157505584  
6.601176679  
-0.1688142589  
-10.06948123  
-19.73125454  
-25.6970317  
-25.64070616  
-19.16700023  
-7.90971719  
5.091305788  
16.48251357  
23.73505114  
25.89845252  
23.70555199  
19.03157726  
13.97246231  
9.953869596  
7.251048716  
5.105917991  
2.352722562  
-1.769417178  
-7.026677888  
-12.13288828  
-15.28448833  
-15.0617425  
-11.27457285  
-5.323957887  
0.1561840502  
2.293668955  
-0.7776932642  
-8.960229642  
-19.97534891  
-30.0481455  
-35.27401758  
-33.13944151  
-23.57689265  
-9.105454593  
6.022551665  
17.33828728  
21.73369299  
18.48059231  
9.320686244  
-2.347420434  
-12.78872432  
-19.18817342  
-20.35853306  
-16.71194281  
-9.661495866  
-0.8560215873  
8.339980421  
16.91910134  
23.96007749  
28.34261032  
28.79337352  
24.3946624  
15.35777661  
3.605029506  
-7.316833123  
-13.2031689  
-10.80411302  
0.559863543  
18.16636763  
36.39358722  
48.55865917  
49.46559137  
37.63018288  
16.18241536  
-8.053519658  
-27.0357083  
-34.57444135  
-28.73266819  
-12.54410713  
7.25691868  
22.94771106  
28.81362669  
23.17393423  
8.646782619  
-9.33783886  
-25.00304911  
-34.51669418  
-37.12957452  
-34.79220614  
-30.62619514  
-27.13347816  
-25.0661304  
-23.45385071  
-20.63806454  
-15.63364277  
-9.001139602  
-2.725510841  
0.8224707153  
0.234486615  
-4.069297717  
-9.989466558  
-14.87424285  
-17.01715513  
-16.67012535  
-15.93774904  
-17.51354569  
-22.87692681  
-30.93459979  
-37.94381428  
-38.93856805  
-30.09549685  
-10.92101776  
14.87532378  
40.39290341  
58.11896914  
62.97036191  
54.41194739  
36.6480157  
16.76407777  
1.660699599  
-4.80383326  
-3.143882891  
2.533723852  
6.985678965  
6.722993372  
1.894660463  
-3.772705038  
-4.952249952  
2.368372874  
18.48777948  
39.32526973  
57.87665692  
67.15706169  
63.27727432  
47.22563736  
24.52786226  
2.938573164  
-10.78898657  
-13.61686741  
-7.260972099  
2.815518907  
9.906535016  
8.901609667  
-1.758234828  
-19.735111  
-40.02060593  
-57.0304026  
-66.59126724  
-67.04372979  
-59.20365464  
-45.47266027  
-28.69979955  
-11.35543447  
4.735419441  
18.2289506  
28.0190747  
33.22787911  
33.50171175  
29.4046413  
22.56979728  
15.36626729  
10.11511576  
8.176759681  
9.359569333  
11.981677  
13.60587986  
12.1276732  
6.709830683  
-1.870156292  
-11.60116184  
-20.12811589  
-25.69370687  
-27.68287276  
-26.56089602  
-23.3321679  
-18.8910453  
-13.65908281  
-7.695725769  
-1.158765918  
5.242877035  
10.17603503  
12.14143521  
10.27961794  
5.081083706  
-1.463674893  
-6.490440375  
-7.471935646  
-3.469649245  
4.216815077  
12.41651212  
17.4139376  
16.6942741  
10.30445004  
1.140980375  
-6.071977247  
-6.756978179  
1.410258466  
17.18973392  
35.88705566  
50.91848146  
56.24996508  
48.75186995  
29.53267607  
3.720080086  
-21.23510198  
-38.09740917  
-42.30082818  
-33.46063259  
-15.45769938  
4.873653616  
19.96639363  
23.90681343  
14.24767644  
-7.26400131  
-35.21014641  
-62.0820435  
-80.44653566  
-85.08249976  
-74.4870897  
-51.31817509  
-21.62736014  
6.915973596  
27.29603952  
35.22413948  
30.35292869  
16.22789388  
-1.011903769  
-14.73855056  
-20.01412857  
-15.08878019  
-1.725050008  
15.69937777  
31.90501083  
42.55610374  
45.55895865  
41.40426526  
