1.278846859  
-4.180512032  
-10.36323332  
-15.53329164  
-18.65299827  
-19.58626914  
-18.84991072  
-17.13002348  
-14.85873471  
-12.06229443  
-8.511779448  
-4.037513814  
1.202662653  
6.65875435  
11.55263414  
15.16611166  
17.09273513  
17.33374107  
16.22081826  
14.24450801  
11.90120663  
9.628980201  
7.818890653  
6.824013965  
6.889834058  
7.999252859  
9.718291292  
11.17871203  
11.29592998  
9.200152261  
4.716403639  
-1.351029559  
-7.33148276  
-11.23542522  
-11.55725173  
-7.995868702  
-1.743842291  
4.842354697  
9.108379978  
9.165298665  
4.69571648  
-2.862346123  
-10.85610476  
-16.46663827  
-17.82169478  
-14.7006368  
-8.544159  
-1.792412876  
3.133342791  
4.752324581  
2.969460724  
-1.094255701  
-5.738225497  
-9.443714465  
-11.40313808  
-11.61747296  
-10.6001888  
-8.919657671  
-6.864237576  
-4.408727376  
-1.463426615  
1.788740153  
4.718653375  
6.399554891  
6.045258617  
3.521684731  
-0.3578982335  
-3.96097342  
-5.393275289  
-3.272501958  
2.619614192  
11.10933611  
19.94821414  
26.55709567  
28.89512528  
26.11086664  
18.74576583  
8.465372449  
-2.513402099  
-12.03970098  
-18.47406614  
-20.87994073  
-19.02247673  
-13.30385564  
-4.728623635  
5.114470215  
14.16427871  
20.21491765  
21.481775  
17.26361731  
8.422666681  
-2.607367328  
-12.4269675  
-17.77026124  
-16.72127042  
-9.551439707  
1.219710332  
11.64396898  
17.77536032  
17.16095858  
9.784422367  
-1.936587672  
-14.10628786  
-22.86570232  
-25.83729557  
-22.91124498  
-16.08090234  
-8.451916098  
-2.895866677  
-0.9437479561  
-2.367287292  
-5.557551389  
-8.444716973  
-9.482269841  
-8.237715407  
-5.36626788  
-2.067107286  
0.6312762225  
2.357823575  
3.418478411  
4.386351447  
5.545328112  
6.550283563  
6.54095891  
4.679890537  
0.8229139299  
-4.082030273  
-8.16409014  
-9.378722891  
-6.527631428  
-0.05045116037  
7.859017489  
13.97164914  
15.33988249  
10.65854105  
1.040902254  
-10.19999741  
-18.74694024  
-20.98820124  
-15.52261055  
-3.801537373  
10.39179565  
22.42326069  
28.62642249  
27.6890921  
21.03137394  
12.04631509  
4.57049116  
1.27590464  
2.680217626  
7.166668858  
11.93389721  
14.38205253  
13.27170865  
9.138357636  
3.825993734  
-0.5683508112  
-2.778649716  
-2.936792196  
-2.358963386  
-2.69365259  
-4.898227957  
-8.595369494  
-12.16343688  
-13.53651169  
-11.31921331  
-5.645714556  
1.678271303  
7.866129043  
10.37635519  
8.098491267  
1.922640297  
-5.60392036  
-11.39745833  
-13.22518351  
-10.7122285  
-5.493199686  
-0.4336659379  
1.714246198  
-0.4090474333  
-6.154494299  
-13.19180783  
-18.61150493  
-20.26849332  
-17.72786868  
-12.37542772  
-6.663894781  
-2.882776282  
-2.061313557  
-3.536681325  
-5.382908262  
-5.469404791  
-2.60933284  
2.780190179  
8.837119394  
13.15467145  
13.97689545  
11.098037  
6.020480995  
1.29043345  
-0.6680339734  
1.340841087  
6.76369918  
13.59704517  
19.34059858  
22.12928298  
21.49750448  
18.42850118  
14.70420093  
11.91518062  
10.64379254  
10.22694692  
9.196838745  
6.150548702  
0.5876363738  
-6.716785028  
-13.98903409  
-19.23442931  
-21.11713011  
-19.50493547  
-15.42789251  
-10.50728598  
-6.178550747  
-3.118838936  
-1.157766183  
0.326697069  
1.793486696  
3.086104089  
3.423326277  
1.853592419  
-2.081940949  
-7.871031611  
-14.04753462  
-18.75155452  
-20.57296825  
-19.23854848  
-15.7542149  
-11.88408584  
-9.201265457  
-8.196152722  
-7.934198177  
-6.497742713  
-2.045356  
6.021118187  
16.3930421  
26.09841636  
31.62627479  
30.46082365  
22.31647947  
9.464304701  
-4.057470675  
-14.03719345  
-17.78843534  
-15.18991569  
-8.598345018  
-1.684961456  
2.258503996  
1.762367376  
-2.277792322  
-7.169579503  
-9.79165498  
-8.088319274  
-1.988754658  
6.644689391  
14.95413901  
20.40817878  
21.85544131  
19.83263617  
16.04985808  
12.38943602  
9.972461135  
8.768438588  
7.901719067  
6.422764526  
4.067498673  
1.551557246  
0.2179523608  
1.227928362  
4.750997373  
9.62985061  
13.75101664  
14.97607279  
12.17690897  
5.842624023  
-2.07259548  
-9.010062537  
-12.96306604  
-13.36121263  
-11.24959  
-8.686387625  
-7.677535511  
-9.196157935  
-12.77833315  
-16.87652667  
-19.75063732  
-20.3969036  
-19.00498561  
-16.70054733  
-14.73235536  
-13.58360373  
-12.54801554  
-10.07063204  
-4.729208477  
3.652709278  
13.4023799  
21.33747171  
24.01958665  
19.40132436  
8.080129869  
-6.516219291  
-19.22783107  
-25.15978633  
-21.7373552  
-9.89749563  
6.15796919  
20.59369288  
28.28166231  
26.84976123  
17.55978185  
4.653770931  
-6.516505706  
-11.73884987  
-9.591940857  
-1.821857443  
7.644773743  
14.53907632  
16.08615182  
12.04379677  
4.556771417  
-3.007926317  
-7.64284091  
-7.965442774  
-4.643209445  
0.1195805862  
3.702738516  
4.233952415  
