32.63167552  
10.99144434  
-16.44282648  
-43.75580477  
-64.44465307  
-73.47749005  
-68.77001925  
-51.66987351  
-26.40633455  
1.221914258  
25.47128975  
42.12023105  
49.40937418  
48.25511119  
41.72583249  
33.94856728  
28.75423607  
28.4475877  
33.07272321  
40.41927374  
46.79441856  
48.32803865  
42.37484677  
28.51359692  
8.768467648  
-13.04220406  
-32.58746551  
-46.44093277  
-53.0797518  
-53.08663082  
-48.51528136  
-41.7427893  
-34.35383766  
-26.58097763  
-17.56108521  
-6.276604187  
7.292354719  
21.40968797  
32.67073619  
37.01067299  
31.26914009  
14.64815936  
-10.61276972  
-39.72132074  
-66.86448983  
-87.20290683  
-98.50323165  
-101.6976458  
-100.0969585  
-97.56593264  
-96.44659389  
-96.17085401  
-93.24859215  
-82.74339759  
-60.68722101  
-26.42434522  
16.17605127  
59.29234566  
93.44770311  
110.7399058  
107.7705171  
87.09095682  
56.52344794  
26.53886558  
6.647382134  
2.162683633  
12.56338626  
32.04809308  
52.01711488  
64.46845772  
64.96911365  
54.08060853  
36.77466757  
20.18872865  
10.70099415  
11.50542352  
21.57914468  
36.31427369  
49.41323016  
55.20460886  
50.48477027  
35.30286184  
12.60351485  
-12.91967436  
-36.2049641  
-52.96351646  
-60.36802085  
-57.34382308  
-44.63994201  
-24.79259246  
-1.922393993  
18.81966459  
32.297001  
34.82613236  
25.59860772  
7.473220724  
-13.40003717  
-29.27705239  
-33.42484394  
-22.73143412  
0.7418918532  
30.02651623  
55.41048701  
67.79312181  
61.97623548  
38.59551305  
3.904617137  
-32.51616235  
-61.2111152  
-76.08586241  
-76.17942261  
-65.37110765  
-50.297558  
-37.47151974  
-30.84125409  
-30.72648943  
-34.38364156  
-37.72548051  
-37.28242282  
-31.51878559  
-21.05124687  
-7.906131905  
5.607640727  
17.74922872  
27.53924844  
34.37324006  
37.49832914  
35.86355137  
28.5870541  
15.84257388  
-0.3882534578  
-16.29558476  
-27.23290452  
-29.46053557  
-21.90551726  
-7.055347485  
9.596076408  
21.49948682  
23.67057076  
14.86829791  
-1.668172602  
-19.33552197  
-30.74195854  
-30.69225519  
-18.33006174  
2.464612047  
24.58024963  
40.43436606  
44.84037914  
36.83832252  
19.83825771  
0.1562933188  
-15.34233697  
-21.50946558  
-16.28001768  
-0.819481993  
21.32455568  
45.50292916  
67.10107157  
82.21613789  
87.91296571  
82.32957188  
64.899128  
36.74345892  
1.023931285  
-37.10858172  
-71.23475213  
-95.03671884  
-103.9470721  
-96.49443597  
-74.81242675  
-44.08118403  
-11.09209609  
17.53594576  
36.862777  
44.40742502  
40.10920895  
25.72240086  
4.070075907  
-21.48886514  
-47.27333903  
-69.3409699  
-83.6953821  
-86.85820002  
-76.76978114  
-53.70534403  
-20.75153257  
16.51804556  
51.23217199  
76.96971983  
89.49532409  
87.88245177  
74.64333245  
54.85552655  
34.62956651  
19.45531094  
12.93187479  
16.17463454  
27.91757651  
45.11838736  
63.79240143  
79.8456575  
89.77453585  
91.17991522  
83.06603605  
65.88428055  
41.28820175  
11.6313864  
-20.64984075  
-53.53177737  
-85.54247055  
-115.4490054  
-141.6358258  
-161.5391272  
-171.57449  
-167.8365249  
-147.4944706  
-110.4063346  
-60.23023149  
-4.380293152  
47.42499311  
85.69032879  
103.9042586  
100.5024099  
79.25318313  
47.89173397  
15.53160777  
-10.13199744  
-24.76954507  
-27.87752565  
-21.79867995  
-9.975917766  
4.616205361  
20.12242089  
35.36794815  
48.79122293  
57.58348561  
57.78230842  
45.5521695  
19.19826949  
-19.04743689  
-62.48297506  
-101.1908841  
-124.867088  
-126.2548137  
-103.8569421  
-62.80682299  
-13.47426606  
31.73327387  
62.21949035  
72.32687  
62.70258868  
39.56959468  
12.33935317  
-9.477541442  
-19.00917827  
-13.64787031  
4.69993043  
30.54002348  
56.43347919  
74.87075838  
80.0108072  
69.0493699  
43.03751311  
6.962612048  
-31.07682401  
-61.62897166  
-76.31906477  
-70.35407811  
-44.28914347  
-4.316847784  
39.24561724  
74.95713931  
93.81223542  
92.11904271  
72.62227734  
43.41126283  
14.98575317  
-3.440637261  
-7.034317996  
3.27298451  
21.52550194  
39.20578897  
48.39924707  
44.47030286  
27.36601335  
1.271345175  
-27.03133507  
-50.35511624  
-63.07420958  
-62.34437004  
-48.44136184  
-24.38453724  
4.869030467  
33.42697314  
55.54068552  
66.69178798  
64.55767197  
49.6122148  
25.06888514  
-4.004370569  
-32.2682416  
-55.90229061  
-73.88714723  
-88.14073956  
-102.2863884  
-119.4404163  
-139.9390793  
-160.0993633  
-172.7860709  
-169.8229721  
-145.4382746  
-99.35535763  
-38.12732141  
26.07564228  
79.0052801  
108.9882684  
110.9429297  
88.17995289  
51.23917495  
14.17090612  
-10.3279948  
-15.08371308  
-0.3975127331  
26.82784332  
56.27123046  
78.30576662  
87.39612697  
83.54423305  
71.41941253  
57.75737416  
48.24558679  
45.19974549  
46.89195076  
48.64584897  
45.09917948  
