62.15650804  
63.51925642  
57.19755777  
45.91746334  
33.74713611  
24.19699953  
18.62224961  
15.68889895  
12.17128516  
4.721065667  
-8.218643131  
-25.26598205  
-42.29493111  
-53.94213634  
-55.80193421  
-46.36919522  
-27.89049124  
-5.74821675  
13.38164219  
23.86060721  
22.99823012  
11.83916247  
-5.400249544  
-22.94532564  
-35.46048134  
-39.69324035  
-35.24066573  
-24.29326158  
-10.58814902  
1.964375106  
10.48550254  
13.81250715  
12.54088797  
8.521525677  
4.052878342  
1.052922488  
0.4581374918  
2.00564181  
4.438949006  
6.058048573  
5.430627751  
2.020285844  
-3.505230331  
-9.430056454  
-13.5935286  
-14.24353196  
-10.81607028  
-4.310787238  
2.934781869  
8.036110333  
8.640663065  
3.877651401  
-5.211074174  
-15.95095403  
-24.93347406  
-29.19003782  
-27.19042408  
-19.29840971  
-7.548185346  
5.118667866  
15.82179432  
22.54387669  
24.51614611  
22.14648151  
16.63724099  
9.524621304  
2.325525157  
-3.647178627  
-7.365078449  
-8.171938877  
-5.939059561  
-1.240641464  
4.58995445  
9.662082949  
12.02474415  
10.3321262  
4.419567114  
-4.486691011  
-14.08000298  
-21.7368508  
-25.45156497  
-24.55723113  
-19.91896496  
-13.50639961  
-7.526435259  
-3.497482766  
-1.675198708  
-1.081938004  
-0.1157743447  
2.5505594  
7.204475415  
12.82596366  
17.45484155  
19.04293493  
16.41932548  
9.942137362  
1.540946732  
-5.889147862  
-9.510401014  
-7.582972335  
-0.1212850329  
11.07699256  
23.02599902  
32.53608509  
37.22177349  
36.18285075  
30.14848931  
21.07952282  
11.41329179  
3.242379327  
-2.28503564  
-5.160277607  
-6.280967125  
-6.919607066  
-8.121656191  
-10.26856781  
-12.96322297  
-15.26196888  
-16.14005519  
-14.98819053  
-11.93056079  
-7.832481385  
-3.996599743  
-1.675792628  
-1.605134766  
-3.741547621  
-7.305856145  
-11.09076281  
-13.8901364  
-14.86862729  
-13.73978843  
-10.7264507  
-6.381531332  
-1.397713001  
3.496271271  
7.542449617  
9.942257732  
9.938293054  
7.046569377  
1.382087326  
-6.090145521  
-13.57840018  
-18.87424074  
-20.08172643  
-16.40597905  
-8.645137139  
0.9017417527  
9.170136074  
13.47248926  
12.58810336  
7.310087403  
0.1598342656  
-5.662692166  
-7.6667626  
-5.185747412  
0.3029682908  
5.834082571  
8.32298705  
6.03918434  
-0.4988209868  
-8.647135028  
-14.76157268  
-15.8370105  
-10.92051899  
-1.636328074  
8.44710334  
15.35012742  
16.43802493  
11.60364234  
3.326053161  
-4.445300657  
-8.100012677  
-6.065850327  
0.3706421345  
7.516036386  
10.83568661  
6.988821989  
-4.521568259  
-20.78788225  
-36.2883724  
-44.74869239  
-41.37697937  
-24.64164301  
3.046762145  
35.96807405  
66.78175073  
88.66578389  
97.19028116  
91.35707518  
73.56016081  
48.58849136  
22.07900096  
-1.052376292  
-17.73153862  
-27.12667692  
-30.31287599  
-29.4178373  
-26.60715992  
-23.28009464  
-19.73856553  
-15.39861034  
-9.406474363  
-1.368893615  
8.130644049  
17.46666829  
24.40636403  
26.87958033  
23.77292561  
15.41674453  
3.556713231  
-9.185584505  
-20.14800829  
-27.42799008  
-30.34774541  
-29.44395136  
-26.0527992  
-21.72205924  
-17.71975505  
-14.81389062  
-13.32756552  
-13.32564842  
-14.74225005  
-17.33725015  
-20.52201344  
-23.22802982  
-24.01632632  
-21.51290209  
-15.05714875  
-5.27344389  
5.768781705  
15.00670299  
19.37899171  
17.01496141  
8.123043978  
-4.842630126  
-17.87735185  
-26.75463172  
-28.47662923  
-22.26928384  
-9.737979335  
5.838951595  
20.73831277  
32.00487671  
38.17015111  
39.26932909  
36.29374418  
30.45966185  
22.70225594  
13.61600453  
3.770337612  
-5.901180305  
-13.98369059  
-18.91212887  
-19.64135688  
-16.30394759  
-10.44827365  
-4.62569312  
-1.420697341  
-2.329029886  
-7.013981058  
-13.33482909  
-18.19489854  
-18.86413948  
-14.19067994  
-5.145563  
5.55499711  
14.5813512  
19.36067713  
19.06793072  
14.81050445  
8.965131898  
4.019330452  
1.479357835  
1.339682624  
2.30881105  
2.610545695  
0.9173024496  
-3.052783006  
-8.530689541  
-14.21209852  
-18.95396613  
-22.24434466  
-24.19407321  
-25.09353666  
-24.84141908  
-22.64215118  
-17.2308209  
-7.586235192  
6.204674869  
22.40714828  
37.79274464  
48.54647721  
51.61811357  
45.961952  
33.11248146  
16.8003474  
1.715322663  
-8.114951876  
-10.69882179  
-6.682605954  
1.02142575  
8.393750691  
11.77627797  
9.099507207  
0.4653193129  
-12.03119231  
-25.07090148  
-35.13037439  
-39.40452499  
-36.40857591  
-26.20178487  
-10.29952583  
8.624981749  
27.18299188  
41.83984297  
49.60011052  
48.73474899  
39.38224665  
23.79228059  
6.014205462  
-9.018104555  
-16.83089627  
-14.80343656  
-3.138903202  
14.97267146  
34.13628747  
48.28879146  
52.52003236  
44.58444124  
25.60001393  
-0.2962878423  
-27.21046267  
-49.23725236  
-62.10887301  
-64.22694899  
-56.79849823  
-43.11888816  
-27.32942741  
-13.12134408  
-2.820361644  
2.905832708  
4.736577461  
4.026395939  
2.116863648  
-0.07661627513  
-2.084890457  
-3.604115912  
-4.156341473  
-2.954782563  
0.8804833417  
7.813897848  
17.33913828  
27.7036262  
36.15801172  
39.75564664  
36.45978386  
26.12343876  
10.89091984  
-5.242600564  
-17.64710628  
-22.64611677  
-18.87820702  
-7.875970499  
6.410787309  
19.00728879  
25.70521926  
24.56185284  
16.52114979  
4.920638191  
-5.903522461  
-12.34107249  
-12.86994938  
-8.532890238  
-2.382764217  
1.824611944  
1.124668847  
-5.577697166  
-17.23263139  
-31.19969669  
-44.32040224  
-54.02285101  
-59.02466051  
-59.43089421  
-56.31197931  
-51.05329143  
-44.80868083  
-38.26715514  
-31.73750614  
-25.38591379  
-19.41124873  
-14.02861788  
-9.290553929  
-4.909668808  
-0.270243924  
5.288057878  
12.00916118  
19.32604328  
25.80084925  
29.53726809  
28.96675575  
23.68608996  
14.93290218  
5.395042505  
-1.67082368  
-3.705894442  
0.02848105973  
7.999364577  
16.89651089  
22.94190497  
23.50052725  
18.29753891  
9.666632967  
1.645539364  
-1.7630389  
1.551465455  
10.65515588  
21.69426226  
29.34894847  
29.09056761  
19.32944983  
2.521451882  
-15.32141157  
-26.63816021  
-25.13335917  
-8.320468292  
21.22529537  
56.44853139  
88.06680658  
107.6761748  
110.551132  
97.0979224  
72.44527531  
44.37880589  
20.45135494  
5.387162232  
-0.2650373577  
0.1960161091  
1.381815738  
-1.782660202  
-11.99002918  
-28.59202269  
-48.02739074  
-65.34232773  
-76.10286346  
-77.91206832  
-70.9856781  
-57.68004669  
-41.30651235  
-24.81755917  
-9.929849943  
3.01326084  
14.49933398  
24.98342038  
34.17138951  
40.80776187  
43.06643097  
39.35634941  
29.17363805  
13.61800019  
-4.658829835  
-22.07172654  
-35.07156235  
-41.13056409  
-39.42458716  
-31.01328438  
-18.49318454  
-5.255877912  
5.417144524  
11.16974145  
11.08991718  
5.817564895  
-2.759810505  
-12.11809128  
-19.82874133  
-24.19815435  
-24.63207631  
-21.63491063  
-16.47900642  
-10.69280885  
-5.574656096  
-1.908961873  
0.04314960985  
0.3439926371  
-0.8661181643  
-3.485914466  
-7.35880221  
-12.03135197  
-16.55154281  
-19.51602983  
-19.46774068  
-15.54788755  
-8.119524181  
0.9895431452  
8.864283773  
12.47559776  
9.919189529  
1.396733014  
-10.55004963  
-21.76650555  
-27.97368313  
-26.45246966  
-17.21686659  
-3.141406747  
11.06446803  
20.64413673  
22.60827492  
16.8172148  
5.888330618  
-5.997750334  
-14.83786271  
-18.31855838  
-16.46256057  
-11.20084432  
-5.169528593  
-0.3752020155  
2.611766474  
4.586081162  
6.881393466  
10.30509742  
14.46171186  
17.86923072  
18.82915861  
16.58187891  
12.08984118  
7.950763732  
7.378856378  
12.68635331  
23.99665007  
38.85976319  
53.0363163  
