30.96959691  
38.70621779  
39.65130094  
33.35294413  
22.25675612  
10.65445272  
2.669007607  
0.2365215899  
2.114836856  
4.494080578  
3.004563758  
-4.812903689  
-17.81629093  
-31.29465357  
-38.87533254  
-35.53398961  
-20.3286806  
2.496506799  
24.71333966  
37.25033286  
33.98118557  
14.5012117  
-15.38426061  
-45.75937048  
-66.44529624  
-70.97598595  
-59.01620903  
-36.21729751  
-11.62723695  
6.175856794  
12.54027874  
8.338638391  
-0.8775065911  
-7.66674879  
-6.115886441  
5.621907817  
24.70087597  
44.99993543  
59.8210409  
64.61531727  
58.58288517  
44.59147006  
27.64166361  
12.70668492  
2.936968535  
-1.080168648  
-0.8862897919  
1.032665139  
2.494518532  
2.35153353  
0.4958495427  
-2.653303404  
-6.735626911  
-11.70956229  
-17.65688554  
-24.32547065  
-30.78589245  
-35.51746112  
-36.97624065  
-34.3853512  
-28.31024885  
-20.64704887  
-13.93777284  
-10.28353335  
-10.36700908  
-13.0809728  
-15.98725945  
-16.42938447  
-12.79154161  
-5.307965589  
3.972702293  
12.06378865  
16.35247448  
15.73293149  
11.03428179  
4.557500453  
-1.038254648  
-3.952939854  
-3.982930426  
-2.439102301  
-1.312372584  
-2.119429225  
-5.012377211  
-8.600753241  
-10.5828713  
-8.888518295  
-2.784851986  
6.588024007  
16.51995561  
23.75164526  
25.76642678  
21.79047716  
13.08080427  
2.40475249  
-7.033491816  
-12.74447739  
-13.71192225  
-10.495045  
-4.716123952  
1.769668305  
7.628099479  
12.41749133  
16.48510283  
20.52062955  
25.03197185  
29.99942435  
34.83811192  
38.63274886  
40.48952014  
39.82901986  
36.51394337  
30.81420441  
23.29131866  
14.69488349  
5.908716742  
-2.090348627  
-8.336634299  
-12.09004735  
-13.12273936  
-11.95158308  
-9.857102701  
-8.58919075  
-9.796146927  
-14.36447998  
-21.94361578  
-30.89506342  
-38.75083264  
-43.05137909  
-42.25534824  
-36.3585398  
-26.96013959  
-16.73363847  
-8.502700606  
-4.282572327  
-4.654573735  
-8.693456889  
-14.434399  
-19.65164921  
-22.61827695  
-22.56216978  
-19.69574647  
-14.89288249  
-9.222410597  
-3.569954614  
1.511861465  
5.728756099  
8.869173839  
10.6861964  
10.93437983  
9.545088002  
6.822533934  
3.514648567  
0.6718959109  
-0.6774069641  
0.1006383245  
3.000838304  
7.385545918  
12.24683775  
16.6044026  
19.85238993  
21.89596474  
23.02457353  
23.60200403  
23.74335659  
23.15378226  
21.22032598  
17.31995342  
11.19927292  
3.244968566  
-5.485293334  
-13.49339764  
-19.24349923  
-21.5845822  
-20.05046467  
-14.96043587  
-7.326367533  
1.371225446  
9.465235524  
15.39336773  
17.97947212  
16.68989917  
11.82444678  
4.567129647  
-3.183776959  
-9.237906839  
-11.71975169  
-9.685318813  
-3.516979142  
5.095067722  
13.63728781  
19.58779508  
21.27289787  
18.43431745  
12.27778471  
4.981696156  
-1.130264085  
-4.410039465  
-4.371485177  
-1.675010999  
2.32484265  
6.213484734  
9.018811774  
10.36766877  
10.28396983  
8.8134983  
5.749095023  
0.6624213791  
-6.741050588  
-16.1358339  
-26.26463848  
-35.05462137  
-40.21424289  
-40.1088623  
-34.53501113  
-25.01067831  
-14.3856241  
-5.872871291  
-1.872167735  
-3.069114276  
-8.191057216  
-14.52657932  
-18.99224072  
-19.30491925  
-14.78868342  
-6.518672223  
3.205407614  
11.79118999  
17.2890012  
18.9744254  
17.41055968  
14.05387338  
10.63331873  
8.570870333  
8.628842883  
10.82993431  
14.57975477  
18.88010851  
22.55472739  
24.47089544  
23.77659623  
20.15146201  
14.00938809  
6.539437933  
-0.5140296468  
-5.338959491  
-6.679699142  
-4.357714831  
0.557944625  
6.058923701  
9.907312339  
10.47522177  
7.35730769  
1.480388992  
-5.345212999  
-11.23014903  
-14.99200593  
-16.55618486  
-16.79232739  
-16.88874796  
-17.60121018  
-18.77985178  
-19.43810302  
-18.34491605  
-14.83942179  
-9.427427782  
-3.804733763  
-0.2257638508  
-0.4700245605  
-4.885855504  
-11.99236215  
-18.88672312  
-22.33716285  
-20.116642  
-12.00180677  
0.007863022682  
12.36313301  
21.26017042  
24.02864242  
20.06145552  
10.94863223  
-0.1777691361  
-9.769123113  
-14.98893199  
-14.44482219  
-8.346450517  
1.828970691  
13.91212656  
25.59209989  
34.79031103  
39.86677382  
39.76799389  
34.21424155  
23.91715845  
10.69407709  
-2.700552169  
-13.12898084  
-17.93022406  
-15.81640951  
-7.441320262  
4.649864124  
16.75322502  
25.1975096  
27.55693695  
23.4131368  
14.36729663  
3.312293661  
-6.718053135  
-13.63617772  
-16.88552709  
-17.32215366  
-16.51096782  
-15.80714126  
-15.66525051  
-15.4869585  
-14.04663652  
-10.25836562  
-3.892543133  
4.114132207  
11.90947687  
17.4227329  
19.18434045  
16.89315167  
11.47836707  
4.640191442  
-1.90897447  
-7.150454204  
-11.09342828  
-14.59579685  
-18.7673714  
-24.24010973  
-30.64774962  
-36.56198522  
-39.9300755  
-38.83999807  
-32.29976119  
-20.71315546  
-5.862360917  
9.590328648  
22.88160148  
31.91023084  
35.71569288  
34.53852263  
29.50447857  
22.11581746  
13.78121802  
5.557878757  
-1.849204736  
-7.921261926  
-12.15864628  
-14.06022357  
-13.29542909  
-9.984965881  
-4.914287573  
0.4953667682  
4.53422771  
5.78747009  
3.731758517  
-0.9276719156  
-6.376287812  
-10.28063793  
-10.65492836  
-6.66427293  
0.9791355968  
10.22095118  
18.41855987  
23.35197174  
24.07652128  
21.25506752  
16.82113128  
13.10954563  
11.82268105  
13.27499529  
16.24081893  
18.47022191  
17.65104668  
12.40785013  
2.920645585  
-9.080658322  
-20.92017571  
-29.90640503  
-34.20248463  
-33.30954358  
-28.02947037  
-20.00457151  
-11.08998622  
-2.837115886  
3.743052808  
8.139460462  
10.16489994  
9.823253718  
7.323265892  
3.206712021  
-1.553071405  
-5.64315937  
-7.761033104  
-7.132219052  
-3.969444243  
0.3838258105  
3.778627924  
4.005605453  
-0.2975129787  
-8.945096  
-20.0325887  
-30.42155904  
-36.74231629  
-36.55536039  
-29.23466218  
-16.2365448  
-0.6533175113  
13.77600005  
23.82912211  
27.72410971  
25.50468924  
18.80828686  
10.16517494  
2.124754982  
-3.475599253  
-5.882265359  
-5.383193099  
-2.950929949  
0.2409786921  
3.236964128  
5.529350205  
7.070003388  
8.118290304  
9.022167313  
10.02746801  
11.17617081  
12.30902054  
13.14990827  
13.42731256  
12.98523255  
11.84604088  
10.20765382  
8.379494394  
6.682390821  
5.34943602  
4.464369308  
3.959972451  
3.674597313  
3.441353524  
3.170031239  
2.885724576  
2.707579353  
2.77823801  
3.176774198  
3.853816555  
4.617100597  
5.172871291  
5.207064174  
4.478177592  
2.894526516  
0.5584087556  
-2.230818832  
-5.016972897  
-7.271000871  
-8.513935872  
-8.460457391  
-7.145068779  
-4.976985523  
-2.675318382  
-1.07009575  
-0.8125048078  
-2.095785566  
-4.512106197  
-7.139845683  
-8.867945856  
-8.85379488  
-6.928136016  
-3.75399723  
-0.6327016973  
0.9991327115  
0.1867238856  
-3.081614307  
-7.794377039  
-12.28567547  
-14.91730559  
-14.7837816  
-12.12170921  
-8.226637853  
-4.899868084  
-3.665719523  
-5.109953437  
-8.636411257  
-12.74528391  
-15.6928654  
-16.21977773  
-14.01455082  
-9.721793403  
-4.53401235  
0.3942849237  
4.403075355  
7.44166656  
9.832240398  
11.86999409  
13.5304027  
14.47586597  
14.35820955  
13.21344026  
11.66041808  
10.70580829  
11.18485434  
13.11051969  
15.31869765  
15.70269726  
12.05090559  
3.169714849  
-10.23440962  
-25.39904523  
-38.26436118  
-44.90888263  
-43.07751498  
-33.12584986  
-17.93626163  
-1.815988529  
11.14586592  
18.53535915  
20.25358959  
18.10597711  
14.61629444  
11.70389786  
9.899509427  
8.464423904  
6.28161712  
2.963784881  
-0.5016488953  
-2.002164093  
0.6207681663  
8.215104219  
19.44551994  
