46.14109327  
56.08276099  
58.83684608  
53.03996694  
39.084238  
19.35515231  
-2.223080896  
-21.25242932  
-34.17540954  
-39.34245738  
-37.41452506  
-30.94805481  
-23.34461127  
-17.60081393  
-15.35386194  
-16.560641  
-19.85549664  
-23.34122917  
-25.41350623  
-25.26155382  
-22.89237974  
-18.77962602  
-13.41216993  
-7.031263845  
0.2992201812  
8.360280471  
16.42262335  
23.13924732  
26.83276249  
26.11054727  
20.54867044  
11.11515236  
0.09437280993  
-9.514180875  
-14.9182727  
-14.42839436  
-7.987784097  
2.848735557  
15.45072561  
26.93650738  
34.97849141  
38.3321911  
36.97231418  
31.87608308  
24.59876137  
16.80747941  
9.894055672  
4.718843385  
1.491402773  
-0.2159981648  
-1.315058059  
-2.904007991  
-5.861130639  
-10.43241854  
-15.97372938  
-21.00388877  
-23.63511602  
-22.289409  
-16.45155735  
-7.133287741  
3.212616436  
11.38992367  
14.56741214  
11.38930384  
2.626678904  
-8.942900193  
-19.44161975  
-25.26908517  
-24.42367026  
-17.24055349  
-6.244293583  
4.829811477  
12.45268493  
14.59024941  
11.36134634  
4.833709001  
-1.914542675  
-6.049677778  
-6.033440538  
-2.070967618  
4.165007518  
10.34705921  
14.45454692  
15.4771089  
13.6107128  
9.944066249  
5.852097729  
2.408686878  
0.07367005565  
-1.258696935  
-1.95003104  
-2.263113008  
-2.173137874  
-1.442684932  
0.09886020436  
2.249514966  
4.302712625  
5.204995478  
3.971774772  
0.1905453394  
-5.622583568  
-12.00457651  
-16.92404493  
-18.45130824  
-15.48437728  
-8.256706473  
1.582159902  
11.37477639  
18.24303728  
20.00787973  
15.94125094  
7.095786164  
-3.913083214  
-13.62679852  
-18.76002608  
-17.20977874  
-8.745739131  
4.841054937  
20.19384463  
33.3270844  
40.76750446  
40.55058309  
32.76132294  
19.44968735  
3.951588052  
-10.15769426  
-20.12944566  
-24.77497827  
-24.63522741  
-21.55651954  
-17.85417499  
-15.38834901  
-14.89850457  
-15.83513304  
-16.73223894  
-15.95526191  
-12.5174869  
-6.634920052  
0.2063649518  
5.708529008  
7.582692351  
4.431380464  
-3.633332589  
-14.86823773  
-26.33087799  
-34.72963108  
-37.41508807  
-33.19249458  
-22.69794079  
-8.226196785  
6.927684576  
19.40318072  
26.70010883  
27.82368971  
23.47155157  
15.72675598  
7.366869375  
1.006537513  
-1.667161552  
-0.3425507934  
3.911074568  
9.07031583  
12.87551151  
13.60687183  
10.66646718  
4.772166646  
-2.305441857  
-8.379524615  
-11.63945323  
-11.31710393  
-7.976107008  
-3.298937828  
0.5712755727  
1.901983664  
0.1226413313  
-3.855024725  
-7.912197129  
-9.530465072  
-6.845277569  
0.4693450459  
10.86859765  
21.34871304  
28.50290705  
29.84527884  
24.88003668  
15.4539315  
5.187672541  
-1.851990057  
-2.752134132  
3.008774109  
13.21084316  
23.62158884  
29.56173846  
27.71347262  
17.45601188  
1.186872711  
-16.51038029  
-30.52323231  
-37.02881346  
-34.75430965  
-25.20572371  
-11.83483827  
1.441892882  
11.70760669  
17.87904845  
20.61935391  
21.47914715  
21.76595694  
21.74075893  
20.54400965  
16.86292279  
9.959896709  
0.4841189783  
-9.414987565  
-16.80641504  
-19.23298654  
-15.91115071  
-8.270360934  
0.4838074483  
6.640973982  
7.542573521  
2.71796903  
-5.928569746  
-14.97608948  
-21.00098142  
-22.05206367  
-18.41407074  
-12.32804225  
-6.832820343  
-4.303654805  
-5.393052737  
-8.864582072  
-12.36121948  
-13.68797501  
-11.94422505  
-7.931911581  
-3.647115938  
-1.138142334  
-1.343623839  
-3.538365528  
-5.703409967  
-5.653636109  
-2.347400043  
3.32120806  
8.712438159  
10.59495946  
6.749185881  
-2.754443228  
-15.26088102  
-26.43255045  
-31.99341071  
-29.54609807  
-19.63396653  
-5.55296592  
8.012528339  
16.91745795  
19.18487672  
15.62526165  
9.216401362  
3.588343897  
1.355048419  
3.068139717  
7.234974504  
11.31235191  
13.12277712  
11.9634107  
8.866919881  
5.922652852  
5.047392503  
6.866328476  
10.29700308  
13.06118728  
12.87149113  
8.690775713  
1.417441639  
-6.371958435  
-11.52782975  
-11.76657678  
-6.760465155  
1.644977738  
10.19817969  
15.64485009  
16.1261173  
11.94210116  
5.352510595  
-0.4705798494  
-2.847910165  
-0.7284706497  
4.9217354  
11.60085714  
16.36072103  
17.00281616  
12.87764339  
5.001343089  
-4.48018876  
-13.18411739  
-19.34103087  
-22.28313843  
-22.45114456  
-21.01153835  
-19.3046801  
-18.35060751  
-18.55330539  
-19.6302768  
-20.71776701  
-20.58568086  
-17.92180685  
-11.66807012  
-1.378899542  
12.47553274  
28.38287895  
43.95547395  
56.42571101  
63.36990924  
63.43211809  
56.77133898  
45.02912057  
30.79341018  
16.74434624  
4.810318092  
-4.334303513  
-11.24343716  
-17.18846405  
-23.41206935  
-30.48409329  
-38.0261733  
-44.88247921  
-49.6027805  
-50.97612108  
-48.36789605  
-41.7526046  
-31.51769988  
-18.23557633  
-2.59513774  
14.4460005  
31.40403689  
