64.36195144  
53.22450377  
34.43553877  
11.87858259  
-9.883607896  
-27.00732135  
-37.3911631  
-41.00068241  
-39.46492826  
-35.19107265  
-30.39099824  
-26.39113184  
-23.43201991  
-20.94261595  
-18.09088015  
-14.33418507  
-9.736477338  
-4.948218461  
-0.897288244  
1.648192477  
2.447526113  
1.930619226  
1.058308516  
0.9516951927  
2.429175649  
5.626268938  
9.850555321  
13.74822648  
15.75152954  
14.66894583  
10.20903802  
3.226011924  
-4.447108672  
-10.56801721  
-13.28379496  
-11.86615946  
-7.075149268  
-0.9560682179  
3.911423664  
5.457109779  
3.044174481  
-2.136547105  
-7.428542997  
-9.749950595  
-6.930525135  
1.204060012  
12.49195998  
23.05301052  
28.6836683  
26.50323527  
16.1840119  
0.2365906979  
-16.80769309  
-30.0215762  
-35.87719356  
-33.4970522  
-24.86874217  
-13.96154692  
-5.133750135  
-1.495316609  
-3.875448665  
-10.75428042  
-19.09048454  
-25.60919774  
-27.96703005  
-25.33769318  
-18.28318132  
-8.126688324  
3.750495191  
16.2960052  
28.70334693  
40.0128738  
48.7606532  
53.03078963  
51.04056973  
42.05807099  
27.19742261  
9.603174355  
-6.236794915  
-15.9142392  
-16.74473906  
-8.945889706  
4.204303229  
17.38621016  
25.10022129  
23.67012404  
12.61081379  
-5.166393623  
-24.37015197  
-39.14818348  
-45.00468864  
-40.12922772  
-25.7404568  
-5.462473004  
15.90007388  
33.68104779  
44.3520963  
46.03055452  
38.56732997  
23.40598823  
3.360309096  
-17.68616413  
-35.2766376  
-45.18691461  
-44.49453512  
-32.63407005  
-11.9982258  
12.32034847  
33.78242449  
46.37262542  
46.63420271  
34.97512851  
15.64884842  
-4.69927529  
-19.4425427  
-24.43263956  
-19.52946481  
-8.563724598  
2.279142442  
7.015864702  
2.330126167  
-11.05486042  
-28.64667933  
-43.972563  
-51.14705816  
-47.17995111  
-33.11817483  
-13.61042843  
4.879516894  
16.47027495  
17.93918807  
9.730442955  
-4.396065673  
-18.8423166  
-28.16210156  
-28.83633006  
-20.2698119  
-4.779620547  
13.29773085  
29.00305466  
38.19363723  
38.63115843  
30.48016721  
16.15474834  
-0.4006931429  
-14.80048659  
-23.40844226  
-24.32914921  
-17.92195863  
-6.659331193  
5.671645792  
15.20916776  
19.30202238  
17.38453844  
11.09862588  
3.586953494  
-1.790620051  
-2.81483116  
0.7187205982  
6.982462995  
12.97352164  
15.87851269  
14.34703656  
9.10107332  
2.595169016  
-2.132562392  
-2.904721644  
0.5170866948  
6.231094203  
10.99428304  
11.69182147  
6.834981957  
-2.584343647  
-13.28542984  
-20.89109801  
-21.64469818  
-13.95200896  
0.876662305  
18.97505874  
35.20984969  
44.89982  
45.32106518  
36.48177873  
20.96391148  
2.983171914  
-12.93236608  
-23.18196462  
-25.90136803  
-21.20245072  
-10.90589524  
2.052542777  
14.34490798  
22.95300359  
25.75664658  
21.94295284  
12.17106618  
-1.57039929  
-16.43183628  
-29.42291919  
-38.20003378  
-41.66879972  
-40.17799423  
-35.21696346  
-28.72560914  
-22.29736509  
-16.61442517  
-11.36071232  
-5.644996559  
1.272130669  
9.30356467  
17.25487213  
23.10046992  
24.71937171  
20.7733245  
11.33763804  
-1.9944781  
-16.5738535  
-29.51062548  
-38.48665618  
-42.24048232  
-40.58567969  
-34.06283434  
-23.49486544  
-9.728137612  
6.304398373  
23.28560282  
39.245967  
51.61542519  
57.73828547  
55.74044962  
45.40750359  
28.6495429  
9.251328743  
-8.109332035  
-19.27120335  
-21.91658325  
-16.31036547  
-5.168114216  
7.289041544  
16.72478338  
20.00920846  
16.02828425  
5.778309032  
-8.167145484  
-22.52194724  
-34.1410738  
-40.62800709  
-40.64010124  
-33.98058954  
-21.60064639  
-5.559342373  
11.12784839  
24.88503702  
32.29398333  
31.04634637  
20.84837406  
3.892066331  
-15.42298055  
-31.58302198  
-39.59920436  
-36.64874924  
-23.10312958  
-2.512991923  
19.4978379  
37.05320792  
45.89958245  
44.65570251  
35.0139604  
20.89067784  
6.923963897  
-3.0688061  
-7.114858169  
-5.30988384  
0.6804206517  
8.489071051  
15.86119676  
21.12038931  
23.24588035  
21.73787245  
16.52370453  
8.05579472  
-2.452835561  
-12.8896045  
-20.46855269  
-22.43942772  
-17.12619444  
-4.891079144  
11.46310271  
27.18280085  
36.92372077  
36.56003156  
24.76546277  
3.708607496  
-21.48225812  
-44.34535294  
-59.21390321  
-63.04200378  
-56.24058873  
-42.24104708  
-26.02038822  
-12.22716039  
-3.668179472  
-0.7106347714  
-1.724229767  
-4.235738508  
-6.194227875  
-6.763605668  
-6.343415157  
-5.920480306  
-6.176801943  
-6.871788199  
-6.8450433  
-4.643163599  
0.5638043433  
8.27541437  
16.5715689  
22.74872041  
24.42561318  
20.61574331  
12.25558671  
1.91695015  
-7.193443773  
-12.50990362  
-13.08801378  
-9.848405991  
-4.980024372  
-0.7853524271  
1.490997147  
2.299362049  
3.579278991  
7.78736759  
16.58803649  
29.79719696  
45.06840952  
58.49444245  
65.90693522  
