67.60448062  
66.83752813  
66.21258299  
63.54631758  
55.63430151  
40.2311505  
17.83164285  
-7.715987555  
-30.22113397  
-43.4757816  
-43.91941508  
-32.43275378  
-14.3681277  
2.326583235  
10.18466859  
5.230217858  
-11.36104882  
-33.6771949  
-53.40666581  
-63.11834331  
-59.11102209  
-42.66183516  
-19.21384677  
4.059359919  
21.19174967  
29.57693802  
30.45627853  
27.65589334  
25.28689073  
25.56790428  
27.81906905  
29.07295252  
25.94416653  
16.77784723  
2.956094348  
-11.35210031  
-20.94717554  
-22.05520059  
-14.29431853  
-1.146341509  
11.39250626  
17.44386473  
13.98325151  
2.392922573  
-11.95899481  
-22.0167917  
-22.24004613  
-11.2810226  
7.108733936  
25.42719766  
35.50833466  
32.03523992  
14.94797834  
-10.32687126  
-34.95836992  
-50.23497044  
-51.03935679  
-37.81858913  
-16.26097409  
5.115340978  
18.38270053  
19.17955285  
8.058775862  
-10.2069419  
-28.88306052  
-41.99732056  
-46.35192955  
-42.09717723  
-31.87246116  
-19.16742072  
-6.815918075  
3.68497592  
11.88564361  
17.54562547  
19.94931887  
17.93357172  
10.70350284  
-1.032118491  
-14.3718335  
-24.60871855  
-26.79825076  
-17.9520263  
1.144440535  
25.47050277  
47.12042984  
58.11009657  
53.56484783  
33.93651919  
5.221826471  
-23.03702764  
-41.24550719  
-43.36226444  
-29.16186051  
-4.247232992  
22.16667824  
40.77250068  
45.57554948  
35.87977651  
16.19162396  
-5.756857105  
-21.95239243  
-26.82827305  
-18.82351764  
-0.4035434795  
23.19508333  
45.81915348  
62.12118708  
68.6702181  
64.34574966  
50.1969611  
29.03029579  
4.882790321  
-17.62333762  
-34.11873025  
-41.49657845  
-38.86647249  
-28.05547606  
-13.27914396  
0.1276665531  
7.6048627  
7.190303284  
0.4619457838  
-7.947093975  
-12.23183839  
-8.022388655  
5.372984586  
24.1311493  
40.99797711  
47.99786952  
39.73427999  
15.91539203  
-18.00947382  
-52.47163228  
-77.09916313  
-84.44808731  
-72.68109628  
-46.1509524  
-13.69697387  
14.62288183  
31.05319576  
32.57175796  
21.39962029  
3.572709413  
-13.68676919  
-24.67193309  
-26.94238354  
-21.60585253  
-12.26034429  
-3.231265971  
2.09516186  
2.232000927  
-2.354768991  
-9.888126579  
-18.17602603  
-25.33987395  
-30.16194404  
-32.08875205  
-31.08272191  
-27.50854119  
-22.11107237  
-15.99456308  
-10.45546692  
-6.597686515  
-4.826495801  
-4.467340806  
-3.782845784  
-0.5207011903  
7.130362998  
19.54633762  
35.1054899  
50.40708772  
61.30849027  
64.44573884  
58.64179155  
45.59046604  
29.46013886  
15.49325057  
8.103653927  
9.208239955  
17.46248294  
28.72365952  
37.57987915  
39.36045432  
31.8568648  
16.10853446  
-4.014532573  
-23.22885799  
-36.68017719  
-41.51091711  
-37.60690878  
-27.33385454  
-14.47433843  
-2.854102687  
4.799080311  
7.390445703  
5.315456645  
-0.1435111323  
-7.509645351  
-15.5581397  
-23.37142158  
-30.0962204  
-34.66113359  
-35.72631063  
-31.9938245  
-22.7857474  
-8.611334924  
8.603902299  
25.83203343  
39.76069601  
47.82619516  
49.03899476  
44.23690918  
35.63687242  
25.86748474  
16.90829523  
9.416491363  
2.751568101  
-4.317781105  
-12.57456295  
-21.51361164  
-29.16490223  
-32.74531126  
-29.90513693  
-20.02057879  
-4.910741149  
11.42575759  
24.03788564  
28.7580938  
23.73987466  
10.14904785  
-8.28752516  
-26.68011232  
-40.72048684  
-48.03784806  
-48.63217064  
-44.29016477  
-37.35747141  
-29.51586339  
-21.16698996  
-11.68279338  
-0.3203895375  
12.75094051  
25.92358514  
36.47701077  
41.6520091  
39.95687582  
32.02958696  
20.5674347  
9.284662429  
1.34964257  
-1.963501052  
-1.749409941  
-0.8221397708  
-2.239491638  
-7.71416888  
-16.69461939  
-26.57961337  
-33.97149106  
-36.35023996  
-33.32628898  
-26.82682165  
-20.09759722  
-16.00377941  
-15.48639948  
-16.98037401  
-17.13871184  
-12.55499465  
-1.655094291  
14.19480424  
30.96825686  
43.58912273  
48.15670568  
43.7428031  
32.88975997  
20.5389981  
11.86313204  
10.00413223  
14.77334282  
22.91665679  
29.80309838  
31.71708441  
27.65090838  
19.74259023  
12.16333174  
9.009312172  
12.22878706  
20.58969529  
30.18046092  
36.19214092  
35.11669167  
26.31137687  
12.20652493  
-2.89579596  
-14.80489086  
-21.22387542  
-22.48827286  
-20.96885342  
-19.52920768  
-19.8940153  
-21.80121177  
-23.37522528  
-22.49678814  
-18.39859688  
-12.5701513  
-8.3923161  
-9.578791521  
-18.14813725  
-32.95435089  
-49.59827506  
-61.90985135  
-64.43223061  
-54.81973475  
-35.04642446  
-10.82847911  
10.53556913  
22.98430166  
23.9500819  
15.09287763  
1.248803544  
-11.86080465  
-20.07815803  
-22.31006933  
-20.46622519  
-17.97823265  
-17.70639591  
-20.29488056  
-23.77264318  
-24.55774901  
-19.32553276  
-6.786698014  
11.51443444  
31.76949429  
49.54629117  
61.67382727  
67.43562972  
68.49245881  
