35.0436615  
34.53220157  
25.96517958  
13.26785119  
1.686726028  
-4.514583338  
-3.764061829  
2.390774664  
10.20758919  
15.50803681  
15.44878727  
9.569400043  
-0.225514837  
-10.60589847  
-18.18281716  
-20.72090799  
-17.78551493  
-10.7099977  
-2.035086861  
5.300562296  
8.760424442  
6.841403477  
-0.5344562427  
-11.91207956  
-24.53402467  
-34.95136825  
-39.96296026  
-37.66987909  
-28.28407082  
-14.30646431  
0.1378727625  
10.68793089  
14.38054227  
10.85706304  
2.568389549  
-6.203943391  
-11.16205522  
-9.873813298  
-2.865689012  
6.613904111  
14.10158042  
16.03026633  
11.46115232  
2.597202076  
-6.20390323  
-10.48567394  
-7.858122198  
0.7636087653  
11.46036586  
19.03707678  
19.38358785  
11.37111389  
-2.59124673  
-17.57642973  
-28.23156511  
-30.95664318  
-25.18987802  
-13.29645233  
0.7496283447  
13.14315094  
21.59158881  
25.65010807  
26.06638145  
23.69416339  
18.72851576  
10.76633926  
-0.3515821858  
-13.49037028  
-25.73920966  
-33.01630997  
-31.67881397  
-20.43384465  
-1.550590451  
19.4003413  
35.38626975  
40.64451578  
33.10981755  
15.39377046  
-6.205626203  
-24.27776189  
-33.31703434  
-31.82201141  
-22.54314513  
-10.8257414  
-1.897648726  
1.565564671  
0.4382943184  
-1.715425853  
-0.8472584979  
5.199823485  
15.38150142  
25.88055956  
32.04808818  
30.85460565  
22.58483974  
10.88948395  
1.136736024  
-2.136527007  
2.581738535  
13.0228162  
24.19076718  
30.70839525  
29.31274679  
20.3021058  
7.266420293  
-4.722060421  
-11.54420612  
-11.90981614  
-7.798566691  
-3.313460766  
-2.560724355  
-7.608529828  
-17.48973935  
-28.67012706  
-36.69145301  
-38.1690479  
-32.21817801  
-20.71922242  
-7.41169286  
3.668573404  
9.669104362  
9.723721522  
4.882783921  
-2.604922386  
-10.20475994  
-15.79293574  
-17.96889829  
-16.08266331  
-10.20332912  
-1.181823257  
9.238802096  
18.48486331  
23.60995449  
22.18217367  
13.34049316  
-1.455694103  
-18.44604751  
-32.54193778  
-39.00493397  
-35.21079115  
-21.76160875  
-2.431423334  
17.09444376  
31.21114015  
36.32846803  
31.99161401  
20.79160435  
7.182796656  
-4.244912033  
-10.32835085  
-10.16998629  
-5.06091293  
2.31621352  
8.97383308  
12.55988289  
11.89479203  
7.080163915  
-0.6886910006  
-9.451403795  
-16.87456394  
-20.71153483  
-19.3410373  
-12.30853029  
-0.6819029192  
13.00648862  
25.35553745  
33.12412261  
34.34520123  
29.06055653  
19.3155341  
8.358807298  
-0.638513095  
-5.782574802  
-7.032039949  
-5.897454321  
-4.444397021  
-4.13078265  
-5.09045188  
-6.235506921  
-6.104276526  
-3.964814871  
-0.5221874025  
2.227846533  
1.995649175  
-2.445512773  
-10.28249359  
-18.66357631  
-23.79802048  
-22.69310792  
-14.69027743  
-2.000091654  
11.10695387  
20.13409996  
22.36465163  
18.06454879  
10.27098283  
3.243793  
0.3249784691  
2.2642685  
6.854766536  
10.08146457  
8.228701802  
-0.09932884707  
-13.06571515  
-26.28110841  
-34.77618598  
-35.31904663  
-27.94707333  
-15.95691029  
-4.345422106  
2.54897577  
3.064349144  
-1.083465552  
-5.753391948  
-6.524022344  
-0.9971578805  
9.84687057  
21.89558827  
29.65127809  
28.6832337  
17.67845298  
-0.8143616852  
-21.2524987  
-37.17473863  
-43.58873551  
-38.70013367  
-24.35555586  
-5.143139529  
13.37441611  
26.54807524  
31.96936048  
29.87291584  
22.64628308  
13.77672065  
6.668493316  
3.688909137  
5.636881489  
11.66886142  
19.62274398  
26.64172779  
29.97678995  
27.80879855  
19.88243996  
7.736333814  
-5.612741837  
-16.50599935  
-21.7673289  
-19.73674528  
-10.82612069  
2.623505298  
17.13044985  
29.19200038  
36.29689101  
37.46543133  
33.18684245  
24.89792466  
14.32441878  
3.003972129  
-7.858210166  
-17.27605435  
-24.33809714  
-28.24768196  
-28.60075867  
-25.74632135  
-20.9510619  
-16.14642722  
-13.25285838  
-13.33955086  
-16.03285435  
-19.52590514  
-21.27568528  
-19.12777318  
-12.36546217  
-2.179882132  
8.685187522  
16.96567953  
20.10956264  
17.14245505  
8.800068231  
-3.052370441  
-16.32830512  
-29.42649517  
-41.36480098  
-51.34506169  
-58.13054495  
-59.77610126  
-54.0785294  
-39.68604422  
-17.34887572  
9.42732075  
34.88818348  
52.73839677  
58.46344655  
51.2685375  
34.68626795  
15.42940467  
0.8481113716  
-3.979300083  
1.733052769  
14.2499905  
26.99822583  
33.42575155  
29.77643579  
16.5737003  
-1.786126346  
-19.06211065  
-29.83353678  
-31.58579764  
-25.34665164  
-14.73551192  
-4.037095606  
3.687009265  
7.558576311  
8.578413715  
8.404423434  
8.011287399  
7.030322061  
4.133621003  
-1.795760871  
-10.43479787  
-19.52202897  
-25.49948612  
-25.08041623  
-16.99353035  
-2.991110752  
12.48182956  
23.92564017  
27.05381144  
20.67552422  
7.324369659  
-7.677940274  
-18.32696923  
-20.29799725  
-12.56078042  
2.394788881  
19.73134902  
34.24758585  
42.28910386  
42.82316037  
37.3544677  
28.89294733  
20.55569595  
14.44519488  
11.20925674  
10.30443561  
10.66175473  
11.33341269  
11.81059469  
11.94934971  
11.67400632  
10.72489247  
8.644969259  
5.022818554  
-0.1619756898  
-6.312270037  
-12.26282125  
-16.61301582  
-18.20373133  
-16.53370135  
-11.94976158  
-5.556971055  
1.090916766  
6.395920955  
9.094598853  
8.536708516  
4.833003845  
-1.142043517  
-7.913062344  
-13.74624281  
-17.13860273  
-17.33787878  
-14.70067579  
-10.69163666  
-7.431312239  
-6.892406383  
-10.04117318  
-16.31131907  
-23.7073949  
-29.57390484  
-31.74449719  
-29.56018503  
-24.25084934  
-18.43490561  
-14.90670641  
-15.25103636  
-18.95730839  
-23.51230568  
-25.50062528  
-22.24432093  
-13.21481966  
-0.5138214798  
11.86464573  
19.70076952  
20.39240564  
14.11283367  
3.726809715  
-6.506388494  
-12.83343087  
-13.61201391  
-9.868871096  
-4.575618438  
-1.035324879  
-1.202340358  
-4.770743346  
-9.461531197  
-12.32065736  
-11.32507338  
-6.447735828  
0.3735630233  
6.334923315  
9.335678154  
9.16616806  
7.655598468  
7.670950832  
11.47604681  
19.324654  
29.07257686  
37.08467123  
40.03766502  
36.72422273  
28.91176259  
20.74346364  
16.883863  
20.25444333  
30.44973693  
43.63791403  
54.06071899  
56.48553214  
48.49834202  
31.58703948  
10.52371288  
-8.657704792  
-21.15170691  
-25.21369886  
-22.54976091  
-17.17474724  
-13.35994498  
-13.67607921  
-18.02918253  
-24.05741212  
-28.58212519  
-29.31936168  
-25.9842763  
-20.27796712  
-14.83419435  
-11.72419904  
-11.31461749  
-12.06494146  
-11.3569498  
-6.925278297  
1.834250473  
13.33082666  
24.28511369  
31.04135015  
31.0811032  
24.06317103  
11.95759703  
-1.737452674  
-13.31364189  
-20.13495037  
-21.39231096  
-18.11511421  
-12.54913419  
-7.233310301  
-4.150902735  
-4.21431957  
-7.159579125  
-11.77496365  
-16.32645061  
-19.05643298  
-18.67158099  
-14.74720055  
-7.952507937  
0.01686117615  
6.872689046  
10.48266128  
9.712757973  
5.01893476  
-1.53744071  
-6.978099847  
-8.611368755  
-5.271122456  
1.992022575  
10.17481259  
15.53937103  
15.31465267  
9.113064229  
-0.6563081658  
-9.684600774  
-13.66704665  
-10.38675038  
-0.9847116624  
10.27517955  
17.76744645  
17.08083991  
7.247993787  
-8.455318617  
-23.62520348  
-31.37526055  
-27.39119052  
-12.02323196  
9.576490607  
29.41106342  
39.88332306  
36.92220151  
21.61864865  
-0.3395906178  
-21.15639727  
-34.2018663  
-36.60449874  
-30.03998948  
-19.45351591  
-10.41246111  
-6.397175124  
-7.315564387  
-9.897694386  
-9.698260396  
-3.660530763  
8.057691484  
21.91387235  
32.56052843  
35.41003994  
28.93695929  
15.59449687  
0.8840424481  
-9.006095052  
-9.905045175  
-1.467817924  
12.72198971  
26.76992413  
