14.72190782  
15.68469294  
12.60871564  
6.041481714  
-2.11536202  
-9.34526546  
-13.49135452  
-13.5704173  
-10.09902261  
-4.811263363  
0.09601650672  
2.858588212  
2.799466897  
0.4788462868  
-2.693833333  
-5.179920293  
-6.019065308  
-5.202551655  
-3.561493584  
-2.255033983  
-2.131540965  
-3.287282441  
-5.039104404  
-6.314773508  
-6.252445261  
-4.694148443  
-2.31032749  
-0.2786079406  
0.3315419235  
-0.8403801544  
-3.173767602  
-5.284774759  
-5.656508116  
-3.393896397  
1.260947118  
6.918940698  
11.57583376  
13.46637968  
11.8629399  
7.453943824  
2.120515205  
-1.80303424  
-2.469428103  
0.7418586414  
6.993115183  
14.34451944  
20.5231395  
23.76468528  
23.38225774  
19.86303945  
14.51595033  
8.882972732  
4.198372335  
1.111119009  
-0.2774352269  
-0.1743417374  
1.147232684  
3.431464767  
6.330526303  
9.213545733  
11.08015337  
10.72601401  
7.168856246  
0.177955489  
-9.352614153  
-19.42228689  
-27.41766937  
-30.9507632  
-28.73418299  
-21.13487349  
-10.15532815  
1.184150351  
9.842724476  
13.75878119  
12.47426887  
7.162413543  
0.08059223786  
-6.305759994  
-10.17231477  
-10.84526279  
-8.82569002  
-5.393150303  
-2.010572442  
0.2038396314  
0.7483147652  
-0.2902801994  
-2.466805904  
-5.245045806  
-8.161020303  
-10.83496196  
-12.88741622  
-13.87161273  
-13.3152681  
-10.88726612  
-6.613889791  
-1.01940618  
4.913992534  
9.989414861  
13.16177202  
13.87941601  
12.25418379  
8.986469461  
5.081111108  
1.481521368  
-1.220051664  
-2.883123742  
-3.712483589  
-4.024866259  
-4.021146794  
-3.680460429  
-2.819523911  
-1.271164555  
0.9245425969  
3.424297879  
5.635120581  
6.892395731  
6.677888629  
4.780801085  
1.344065552  
-3.197570321  
-8.229984641  
-13.05624532  
-16.94742984  
-19.17329856  
-19.07477913  
-16.22623883  
-10.6722178  
-3.142174224  
4.9002026  
11.48978998  
14.68479947  
13.2463781  
7.21881784  
-1.862983545  
-11.30297254  
-18.06805197  
-19.84169622  
-15.90680761  
-7.48248658  
2.667111034  
11.24242142  
15.65861703  
15.03429027  
10.50205618  
4.694752866  
0.6069147098  
0.3049863784  
4.037173598  
10.13414529  
15.75700985  
18.18022154  
16.05732861  
10.11186914  
2.934740424  
-2.049803102  
-2.025595903  
3.972448101  
14.54513411  
26.37368633  
35.45134329  
38.60320983  
34.68126189  
24.96228281  
12.6104857  
1.446411414  
-5.468802228  
-6.87649079  
-3.614657753  
1.892007092  
6.680684948  
8.383935641  
6.006586412  
0.0930082923  
-7.697294063  
-15.35611383  
-21.28441356  
-24.74780497  
-25.90570919  
-25.48587735  
-24.31093378  
-22.90745208  
-21.34978987  
-19.35975005  
-16.56796068  
-12.78961621  
-8.189738333  
-3.28396909  
1.200395078  
4.531513724  
6.171252632  
5.91451971  
3.951537885  
0.8540987348  
-2.512371938  
-5.152238086  
-6.170891331  
-5.036692855  
-1.799258693  
2.830124846  
7.608862431  
11.10784741  
12.18049095  
10.38987608  
6.214163603  
0.9180988027  
-3.890570642  
-6.860956865  
-7.412980837  
-5.942488747  
-3.617189586  
-1.840241735  
-1.611057335  
-3.068365239  
-5.427551452  
-7.350501509  
-7.588585969  
-5.60835671  
-1.908776566  
2.128683669  
4.806452592  
4.853293555  
2.017383937  
-2.754868456  
-7.64095917  
-10.63538761  
-10.32635503  
-6.437951973  
0.07432975967  
7.395713959  
13.52329243  
16.96034114  
17.17258105  
14.66366981  
10.68900726  
6.75806365  
4.126736755  
3.444311241  
4.629347585  
6.95607263  
9.279064765  
10.32020702  
8.96812093  
4.563032211  
-2.863345295  
-12.45073813  
-22.5561027  
-31.04605652  
-35.82716567  
-35.49680303  
-29.90083777  
-20.36005966  
-9.407016319  
-0.04787566475  
5.236103544  
5.392277768  
1.244156093  
-4.732398807  
-9.267054234  
-9.492655543  
-4.036777491  
6.415022041  
19.30961447  
31.10446602  
38.4999019  
39.56060732  
34.31587822  
24.64384027  
13.52524787  
3.984008769  
-1.878561764  
-3.422968913  
-1.446948805  
2.316977646  
5.934904083  
7.946794584  
7.768157497  
5.741433974  
2.895650329  
0.5506609774  
-0.09154104194  
1.728204616  
6.125970527  
12.50587643  
19.62489252  
25.80024582  
29.25942259  
28.5921721  
23.20283245  
13.61343476  
1.472712911  
-10.79760279  
-20.65769123  
-26.21078615  
-26.80288567  
-23.22493571  
-17.41833229  
-11.77574404  
-8.296042036  
-7.918690137  
-10.29499588  
-14.07509258  
-17.57486785  
-19.52942836  
-19.60683357  
-18.4652172  
-17.33853375  
-17.34474893  
-18.8336939  
-21.07788594  
-22.4640481  
-21.12875851  
-15.78924832  
-6.429345522  
5.452643563  
17.16289049  
25.6110435  
28.31921179  
24.28811898  
14.41296667  
1.295207315  
-11.49880077  
-20.49655566  
-23.35578595  
-19.54736966  
-10.46875735  
1.044170069  
11.6456639  
18.54509525  
20.35979451  
17.47581833  
11.80055332  
5.99894746  
2.486356808  
2.541253249  
5.861805144  
10.73030046  
