63.7543047  
60.83748666  
53.14121735  
43.54997575  
34.72539754  
28.00568386  
23.00501116  
18.08006509  
11.41231015  
2.160126232  
-8.893329671  
-19.51912112  
-26.96354569  
-29.16389291  
-25.67008259  
-17.83256903  
-8.179644066  
0.6963449687  
7.191509325  
11.17421396  
13.69007171  
16.07735151  
18.98110065  
21.80189621  
22.88873074  
20.39740416  
13.38437151  
2.56811339  
-9.661012276  
-20.03892894  
-25.69339433  
-25.3019055  
-19.61192965  
-11.09408173  
-2.906467393  
2.339345188  
3.453256727  
0.829814035  
-4.087097701  
-9.687205526  
-14.93360312  
-19.59156702  
-23.89029078  
-27.89102603  
-31.00302099  
-32.00245521  
-29.6137353  
-23.36568228  
-14.2301766  
-4.608710539  
2.458079909  
4.573658805  
1.176152064  
-5.97244734  
-13.3218731  
-16.94504525  
-14.24147773  
-5.168999493  
7.585357562  
19.62150927  
26.61684079  
26.11503571  
18.52449593  
6.887914475  
-4.463749035  
-11.76012245  
-13.31543924  
-10.06559033  
-4.920388001  
-1.275880065  
-1.399984545  
-5.433636385  
-11.4352679  
-16.39849931  
-17.72646499  
-14.46027273  
-7.706034765  
-0.1029628794  
5.374999854  
6.702847801  
3.590421897  
-2.54214396  
-9.315372533  
-14.45673715  
-16.66435023  
-15.9012149  
-13.06765353  
-9.312823784  
-5.399227998  
-1.460850342  
2.754604475  
7.356148647  
11.85816346  
15.13527453  
15.8836313  
13.39258977  
8.221849444  
2.372784653  
-1.243290804  
0.09857295237  
7.714654751  
20.71447527  
36.03650826  
49.38677419  
56.75453168  
55.91071795  
47.27360959  
33.77133543  
19.73945688  
9.289018985  
4.798757889  
6.128513976  
10.84937174  
15.36581833  
16.44605234  
12.52608981  
4.267538699  
-5.825907242  
-14.53564255  
-19.30354917  
-19.27886507  
-15.6170653  
-10.9349315  
-8.174331426  
-9.35781785  
-14.74370843  
-22.70671368  
-30.36849435  
-34.70670231  
-33.70087332  
-27.08564432  
-16.45773682  
-4.740493094  
4.761426162  
9.365858807  
7.750318841  
0.2329288322  
-11.41416228  
-24.48728554  
-36.01572395  
-43.39293287  
-44.86614211  
-39.84080753  
-28.9897552  
-14.15695925  
1.959940832  
16.34347217  
26.34021631  
30.34450202  
28.27227207  
21.62841329  
13.07842716  
5.611179328  
1.555962187  
1.810039494  
5.585359884  
10.79689514  
14.95738518  
16.22404345  
14.16280518  
9.902644407  
5.607694767  
3.493257737  
4.817324077  
9.297911679  
15.22146899  
20.19823953  
22.22627145  
20.58059855  
16.11979818  
10.8658036  
7.046920829  
6.044737953  
7.734133585  
10.53015488  
12.1313989  
10.62710701  
5.462344635  
-2.187483541  
-9.819173019  
-14.61947954  
-14.65967649  
-9.747688169  
-1.568938073  
6.942928163  
12.73300062  
13.7734175  
9.763839814  
2.123469696  
-6.676349043  
-14.1194828  
-18.55583029  
-19.65831079  
-18.29399289  
-15.93985804  
-13.95376302  
-13.03609597  
-13.09034769  
-13.48210877  
-13.51148361  
-12.83472742  
-11.62858903  
-10.44298516  
-9.855216653  
-10.13557421  
-11.1151073  
-12.32678272  
-13.33296304  
-14.04165405  
-14.80708185  
-16.21751105  
-18.64348936  
-21.76900075  
-24.37898576  
-24.59070268  
-20.52394433  
-11.18391638  
2.81437454  
19.04534555  
33.78651898  
43.15382742  
44.48580255  
37.44837471  
24.38370015  
9.681182514  
-1.678184611  
-5.908115042  
-1.866048557  
8.419011925  
20.39840056  
28.64576457  
28.9025349  
19.75699553  
3.303458138  
-15.49557614  
-30.52565665  
-36.67901722  
-31.65023345  
-16.70885844  
3.808202913  
24.04852118  
38.62049066  
44.25089238  
40.55718327  
29.754754  
15.54512963  
1.715131656  
-8.987951559  
-15.3443371  
-17.48234737  
-16.29367429  
-12.8307235  
-7.989434366  
-2.553646548  
2.562291528  
6.156783177  
6.893817898  
3.785759838  
-3.20688733  
-12.79991277  
-22.51984311  
-29.4096869  
-31.07978309  
-26.6741323  
-17.31144247  
-5.763111649  
4.540412188  
10.779756  
11.76349403  
8.266816141  
2.563576458  
-2.62126794  
-5.263207021  
-4.790104681  
-2.131003615  
0.9091219862  
2.613083989  
2.180830736  
0.04102706558  
-2.471064721  
-3.873032928  
-3.330352419  
-1.08051977  
1.723913396  
3.668918012  
3.893392268  
2.64354573  
1.267902082  
1.622178217  
5.142298288  
12.01529868  
20.85183324  
29.04945836  
33.73042666  
32.87719288  
26.18956612  
15.29377836  
3.198035527  
-6.798555836  
-12.3120252  
-12.71406823  
-9.275356516  
-4.561114658  
-1.327292339  
-1.363779792  
-4.748822151  
-9.813793293  
-13.83421114  
-14.1742447  
-9.430283691  
-0.1146923934  
11.40252454  
21.68833243  
27.48129503  
26.89340403  
20.11311771  
9.335268171  
-2.053814786  
-10.71415428  
-14.52514852  
-13.2384718  
-8.374280138  
-2.439273378  
2.174398815  
4.128625831  
3.523089148  
1.589590935  
-0.1199626822  
-0.6391459244  
-0.1358258383  
0.1703432492  
-1.311107892  
-5.592148491  
-12.36398858  
-19.85624397  
-25.41891403  
-26.60618633  
-22.29127884  
-13.30287775  
-2.270612338  
7.288886861  
12.27830949  
11.17892201  
4.588780553  
-5.061022189  
-14.46325302  
-20.64716875  
-21.95732438  
-18.45232046  
-11.65376343  
-3.847215794  
2.719020633  
6.426108093  
6.524911937  
3.078910581  
-3.218926925  
-11.19940391  
-19.30262528  
-25.68761112  
-28.50307912  
-26.37510599  
-18.99819219  
-7.562432686  
5.278891064  
16.05198755  
21.59198058  
20.26151067  
12.73543719  
1.942196126  
-7.918116876  
-12.94938242  
-11.10044126  
-3.008979404  
8.247026064  
18.42140314  
23.87157498  
23.06959986  
17.19194155  
9.526534448  
3.957837485  
3.201078971  
7.567839014  
14.80749888  
21.09186607  
22.70807753  
17.72359098  
6.912300185  
-6.437593579  
-17.73378621  
-22.79349903  
-19.37060661  
-7.925978077  
8.589169221  
25.77226778  
39.18261453  
45.61079801  
43.82344119  
34.65189437  
20.53280235  
4.743114307  
-9.419632276  
-19.33654075  
-23.56086593  
-22.06916357  
-16.24088852  
-8.534333378  
-1.863837096  
1.224703464  
-0.6318459305  
-7.092986242  
-16.13082116  
-24.66194829  
-29.63026044  
-29.16150203  
-23.33144667  
-14.20453554  
-5.078869409  
0.796953827  
1.532382544  
-2.604821813  
-9.234197153  
-14.74751726  
-15.68206009  
-10.03731809  
1.975043154  
18.0126931  
34.43982319  
47.55606911  
54.73523516  
55.07844746  
49.41999909  
39.7894845  
28.61624773  
17.99665605  
9.246557649  
2.797586403  
-1.644556968  
-4.821542055  
-7.640656662  
-10.93811068  
-15.28081784  
-20.79342169  
-27.03498744  
-32.99230557  
-37.25823006  
-38.40477501  
-35.46250573  
-28.33500619  
-17.96373471  
-6.139346269  
4.999077219  
13.59188052  
18.5619061  
19.79222383  
17.92709425  
13.92317157  
8.593468942  
2.379467102  
-4.544011247  
-11.91558138  
-19.01847435  
-24.55614696  
-26.91641561  
-24.7628081  
-17.70058925  
-6.688623035  
6.04542005  
17.61342721  
25.38195056  
27.82446491  
24.9572047  
18.187509  
9.665711121  
1.449253026  
-5.146000161  
-9.746710328  
-12.65105398  
-14.29988859  
-14.8221172  
-13.92574458  
-11.19701371  
-6.625025988  
-1.016666838  
4.002346721  
6.501176142  
5.091457248  
-0.2856964455  
-8.055046766  
-15.41864921  
-19.38986121  
-18.04386229  
-11.4349789  
-1.737117272  
7.512973015  
12.79410685  
12.03418907  
5.486760068  
-4.33396465  
-13.64179598  
-18.87499971  
-18.07051911  
-11.55131502  
-1.672161128  
8.216185434  
15.10097242  
17.35997479  
15.12204237  
9.866959505  
3.542702231  
-2.331227444  
-7.154433796  
-11.15651149  
-14.86838463  
-18.51086493  
-21.67374697  
-23.47232781  
-23.08401603  
-20.34068564  
-16.00401852  
-11.51320352  
-8.282602189  
-6.891843671  
-6.607517686  
-5.542073023  
-1.450528013  
7.165452992  
20.16200888  
35.52152232  
49.94963435  
60.07815365  
