72.12005936  
79.22125428  
75.01443034  
55.17142801  
21.97588563  
-15.89683896  
-46.74738019  
-60.84543346  
-54.69613484  
-32.55160139  
-4.455508752  
18.23270522  
27.70249408  
22.6797518  
8.235518677  
-7.316448757  
-16.77350496  
-17.45607443  
-12.04935396  
-6.596172848  
-6.806345686  
-14.66032  
-27.07805093  
-37.33068715  
-38.46194685  
-26.97718942  
-4.941402776  
20.55984659  
40.3346047  
46.97123184  
37.87874565  
16.14136571  
-11.05438163  
-35.52204487  
-51.18624341  
-55.84510046  
-51.02820796  
-40.37518527  
-27.60331014  
-15.14209926  
-3.950455334  
5.733363688  
13.47250339  
18.29658444  
19.20465786  
16.1132491  
10.47485678  
4.936905324  
2.013742839  
2.451424258  
4.32653462  
3.66187128  
-3.459005535  
-18.22792212  
-37.37092129  
-53.5524596  
-58.15988404  
-45.43180716  
-16.00220076  
22.05516131  
55.5810214  
71.39003428  
61.93293445  
28.97147465  
-16.58302519  
-58.82263462  
-83.279126  
-82.80423766  
-60.23892701  
-26.66973686  
3.876638649  
20.78418544  
21.26049298  
10.80211771  
-0.3534025976  
-2.894437841  
6.682085855  
24.42893553  
41.32674889  
48.39147898  
41.80872754  
25.35589147  
8.749100012  
2.653750496  
12.86552421  
36.69154136  
63.54481936  
79.68935756  
74.95813853  
48.17814127  
8.543473474  
-27.93644666  
-45.42015488  
-35.46311477  
-1.118085823  
44.04153203  
81.57190824  
95.91857074  
80.78894534  
41.35534222  
-8.499941673  
-52.39795566  
-78.14554335  
-81.88763356  
-68.13380842  
-46.13657872  
-24.79431402  
-8.757628952  
2.452217775  
12.23582183  
23.20444353  
34.2848762  
40.41141643  
35.0715369  
14.33108112  
-19.93123657  
-59.51991448  
-92.69687903  
-109.0525086  
-104.1319114  
-81.49932633  
-51.14213044  
-24.91760443  
-11.222092  
-11.45626582  
-19.97147845  
-27.45181881  
-25.98697963  
-13.2724954  
6.156489917  
23.24088121  
29.06264396  
19.49545104  
-2.48628601  
-27.97240095  
-46.14639315  
-49.17008317  
-35.54285537  
-10.38148544  
17.36232894  
39.21836157  
50.836434  
53.19916055  
50.99716217  
49.25154607  
50.14060569  
51.79462587  
49.68992541  
39.81387779  
21.77277869  
0.008266842791  
-17.7123988  
-23.8901113  
-15.15515768  
5.654983495  
30.40426441  
49.24073098  
55.14231221  
47.16200523  
30.71302973  
14.70660961  
6.956903862  
10.1765281  
20.62282938  
30.12999545  
30.53535124  
18.25249586  
-3.390675558  
-25.35235582  
-37.152031  
-32.17622799  
-11.38393047  
16.51007846  
38.61022247  
43.58019398  
26.8688332  
-7.044789056  
-46.45600026  
-77.44129232  
-89.72858149  
-80.7314814  
-55.98822933  
-25.99829441  
-1.150367388  
12.74563493  
16.24588284  
14.73810889  
14.63664485  
19.44838165  
27.80899342  
34.46224977  
33.55594025  
22.38171082  
3.451780149  
-16.30850482  
-28.9210834  
-29.5402651  
-19.2216772  
-4.701831732  
4.865175034  
2.658086802  
-11.98744469  
-32.73631068  
-49.01125549  
-51.15277532  
-35.49569758  
-6.78975703  
23.40901224  
41.81340998  
39.64815795  
17.09002142  
-16.31773038  
-45.64556586  
-57.23883115  
-45.02357926  
-13.5121337  
23.95740921  
51.02239678  
55.53911907  
34.99106084  
-2.378071581  
-41.19058526  
-65.64221209  
-66.24855588  
-43.63902581  
-7.819703749  
26.58269539  
46.79854843  
47.14933997  
30.78971576  
7.4212663  
-11.68891986  
-18.9047775  
-13.22705623  
0.09952853407  
12.89234986  
18.41005821  
14.58008621  
4.569127909  
-5.392848198  
-9.642033965  
-6.202488614  
2.213956173  
9.793830131  
10.90921167  
3.35729398  
-10.15271264  
-23.06503499  
-28.09302168  
-20.84848618  
-2.188207277  
21.88699708  
42.74853614  
52.87624917  
49.05652881  
33.58082362  
12.97006844  
-5.070626582  
-14.96976237  
-15.33871403  
-8.907326234  
-0.5609036854  
5.413295863  
7.461556911  
7.275708313  
8.545691924  
14.69265764  
26.78134304  
42.64300306  
57.58425517  
66.26646728  
64.82143939  
52.25356254  
30.62489098  
4.152397616  
-22.18609126  
-43.8576235  
-57.41158796  
-60.61914177  
-52.49502768  
-33.55104649  
-6.295515656  
24.41779755  
51.76921373  
68.43377719  
68.90273318  
51.82469807  
21.23018673  
-14.21597161  
-43.98396365  
-59.53577428  
-57.672267  
-41.81886985  
-20.51799852  
-3.655884777  
1.935900322  
-4.531879306  
-17.69635659  
-28.95330102  
-31.06543943  
-22.24240748  
-7.614710348  
2.800453927  
-1.138339707  
-24.37420668  
-63.33926145  
-106.3995194  
-138.1019938  
-145.475839  
-123.6078354  
-77.96005544  
-22.3294831  
26.68126394  
56.236609  
61.98848256  
48.94471432  
28.28474699  
11.77914948  
6.496218975  
12.21773949  
22.58261288  
29.14641493  
26.17632195  
13.74906455  
-2.328576497  
-13.6052385  
-13.39300855  
-0.197103313  
21.57218164  
43.90888172  
59.285362  
64.3419653  
61.27351381  
56.21283776  
55.48938424  
61.7629881  
