184.4084208  
152.9985784  
105.3932921  
55.40779782  
13.58577195  
-15.88919592  
-34.87029267  
-48.16762935  
-59.59992655  
-69.30325581  
-73.61910639  
-67.49181797  
-48.02275324  
-17.26271924  
17.28828947  
44.88876903  
55.58880665  
44.34127243  
13.38493539  
-28.15626995  
-67.32885381  
-91.83955591  
-94.22889847  
-74.18663184  
-38.2819249  
2.593873877  
36.96332237  
56.27541009  
57.05748968  
41.21543697  
14.70161539  
-14.72898837  
-39.81866273  
-55.49666803  
-59.65776202  
-53.07995313  
-38.74063343  
-20.83128346  
-3.70320963  
9.102640714  
15.62424818  
15.91138883  
11.98184059  
7.211989749  
5.225364276  
8.540319892  
17.40552081  
29.28003179  
39.26598994  
41.49079101  
31.07618805  
6.062433128  
-31.40400195  
-75.11488415  
-116.178965  
-145.3777585  
-155.7870139  
-144.8309878  
-115.0996035  
-73.64960686  
-29.99704447  
6.577545678  
29.58308452  
36.96707909  
31.39733937  
19.14712232  
7.974139436  
4.66382915  
12.96801591  
32.51513887  
58.95803908  
85.26320079  
103.7387004  
108.222425  
95.84300707  
67.90470059  
29.6897347  
-10.75460832  
-44.53401043  
-64.06103096  
-64.927372  
-47.04524881  
-14.77676681  
24.00301635  
59.71687602  
83.37158703  
88.79296676  
74.27209163  
43.19112292  
3.413623569  
-34.49548045  
-59.86093851  
-64.7065711  
-46.07317929  
-7.185064208  
42.96339745  
91.65023431  
125.6936594  
135.1383929  
116.3259654  
73.37336306  
17.45346649  
-36.10766239  
-72.21209464  
-80.59101188  
-59.17962842  
-15.09637224  
37.23798096  
80.38621087  
99.29775699  
86.10446  
42.72386128  
-19.62137501  
-83.8372577  
-132.2245924  
-151.8523701  
-138.3100599  
-96.70026718  
-39.68958937  
16.59903693  
57.42828245  
73.48646049  
62.98929543  
31.43081009  
-10.67436014  
-51.17522759  
-79.72776654  
-90.37736007  
-82.72424799  
-61.5350405  
-35.02866372  
-12.32185058  
-0.676126409  
-3.244448733  
-17.95855089  
-37.9818547  
-53.76617085  
-56.24383316  
-40.21228338  
-6.732658301  
36.47027062  
77.01570263  
101.8170393  
101.690822  
74.9343817  
28.42344436  
-24.3580025  
-67.76989232  
-89.35313572  
-84.04812661  
-55.69562423  
-15.28892234  
23.25968085  
48.11189138  
53.3063612  
40.02248948  
15.09058164  
-12.31908944  
-34.24795527  
-46.27269428  
-47.89059391  
-41.25341485  
-29.2624617  
-14.16131982  
2.734459315  
20.32437948  
36.81398552  
49.50016363  
55.66833244  
54.2331138  
47.13158914  
39.40872001  
37.52530746  
46.39282198  
66.48212446  
92.56714746  
115.0536787  
123.6398505  
111.831293  
80.23386149  
36.93144185  
-5.474841609  
-35.01335155  
-45.39696084  
-38.62901005  
-23.8608614  
-12.94180919  
-14.69595802  
-30.63169132  
-54.16942601  
-73.82982579  
-78.9235838  
-65.04675219  
-36.7221424  
-5.845002371  
13.42918221  
11.02288972  
-14.42419673  
-54.74482254  
-95.59804247  
-122.3930877  
-126.0526083  
-106.0665261  
-69.66804678  
-27.83583426  
9.731920326  
38.2038687  
58.20230876  
73.46140056  
87.12803958  
98.88686515  
104.5290692  
98.18363956  
75.94835213  
38.88263472  
-6.343730905  
-49.60229415  
-81.22091596  
-95.68860153  
-93.29405236  
-78.95345877  
-58.98633529  
-37.68801891  
-15.62304827  
9.420098663  
39.40164436  
72.75840307  
102.9755633  
120.1834672  
115.3333202  
85.00427893  
34.3404677  
-23.64308693  
-72.43122093  
-98.25930331  
-95.42507853  
-68.19583013  
-28.43801565  
9.849945507  
36.43585306  
48.36660618  
49.54805486  
46.8949556  
45.32905803  
44.47615713  
38.96368422  
22.22489149  
-8.289373411  
-47.5296514  
-83.26032202  
-100.8156862  
-90.19888967  
-52.04703734  
0.7837341625  
47.34176079  
67.0056399  
48.58892901  
-4.074601294  
-72.83620062  
-132.1883927  
-159.5481645  
-144.3655966  
-92.05583675  
-21.11129492  
45.1426577  
88.30083727  
101.7451081  
91.74579721  
72.7274479  
59.35750559  
59.45681319  
71.08667929  
84.91711821  
90.29134429  
81.61448492  
61.6753713  
40.21526239  
28.58278149  
33.35768357  
52.35504752  
75.18226334  
88.16493864  
81.19291527  
53.01905002  
12.28530895  
-26.32397299  
-48.96789417  
-49.22130078  
-31.13190757  
-7.295949784  
7.072771048  
1.178798479  
-26.58311083  
-68.29196816  
-110.5433151  
-140.6876786  
-152.1174738  
-146.1040774  
-129.5733094  
-110.3330352  
-92.53054541  
-74.87726999  
-52.58270821  
-21.83609883  
15.81322134  
51.89929291  
73.61133195  
69.59761676  
36.25030749  
-18.80215492  
-78.12838846  
-120.6880772  
-130.2695651  
-102.4141667  
-46.59195358  
17.52420624  
68.15247125  
90.31011656  
81.59009963  
52.29245352  
19.98619431  
1.111369558  
3.530512139  
23.41346204  
47.76144625  
61.23606118  
53.99461672  
26.83605928  
-8.71656835  
-35.39078776  
-37.87151095  
-9.72605215  
43.52592108  
106.4547113  
159.8280279  
188.0014204  
