33.3922272  
40.47490722  
42.2773958  
37.64201879  
27.61252814  
15.22732084  
4.360480217  
-1.898852365  
-2.575386055  
0.8054915389  
4.990842715  
6.593856211  
3.760305166  
-2.892969093  
-10.5324113  
-15.45231548  
-14.88237132  
-8.403110931  
1.705746474  
11.3585341  
16.39381244  
14.35446858  
5.52262985  
-7.2271762  
-19.64692039  
-27.82609325  
-29.63504476  
-25.31664463  
-17.06931934  
-7.922584586  
-0.4813503732  
3.906476389  
5.279134829  
4.577626348  
2.912712722  
0.9990435844  
-0.9917959992  
-3.179450971  
-5.565112532  
-7.762983252  
-9.050919191  
-8.704197209  
-6.39927673  
-2.433993501  
2.374891586  
7.060934945  
10.92871345  
13.78066568  
15.82127199  
17.30431342  
18.14874177  
17.77922444  
15.32703  
10.12033113  
2.213379346  
-7.346309347  
-16.70094256  
-23.78418114  
-27.09440932  
-26.29428977  
-22.36095857  
-17.21363277  
-12.97954862  
-11.20944201  
-12.35523605  
-15.68392021  
-19.60446165  
-22.2273989  
-21.92831062  
-17.74925943  
-9.587872427  
1.782880426  
14.80171934  
27.2961645  
36.78968975  
40.98223157  
38.3691674  
28.83980886  
14.00360716  
-2.98529371  
-18.17416479  
-27.95031192  
-30.17837694  
-24.88003752  
-14.14718373  
-1.293292855  
10.41349559  
18.89197649  
23.77062219  
26.08741895  
27.3601509  
28.53039576  
29.34605779  
28.52081235  
24.59790432  
17.05815988  
7.049837194  
-2.722301635  
-8.995487626  
-9.4127569  
-3.746917881  
5.759257049  
15.18718706  
20.57549095  
19.66562724  
12.93818028  
3.420777657  
-4.683029914  
-7.929563329  
-5.235604969  
1.615276976  
8.811649892  
12.31156975  
9.751467641  
1.560797651  
-9.248129851  
-18.51419709  
-22.89985103  
-21.45949233  
-16.05704724  
-10.43844031  
-8.407670784  
-11.98009826  
-20.38926069  
-30.40961769  
-37.82784264  
-39.35522866  
-34.08078662  
-23.80341932  
-12.12916575  
-2.805595252  
1.892776759  
1.97391161  
-0.6002438672  
-3.146060387  
-3.72855491  
-2.115343916  
0.2510601873  
1.213360813  
-0.7366747265  
-5.423956078  
-10.8505809  
-14.05995283  
-12.59967732  
-5.861255625  
4.386622751  
14.57729245  
20.81104491  
20.54731042  
13.74459621  
2.915956878  
-7.933357945  
-15.00609119  
-16.28217489  
-12.2579883  
-5.545765631  
0.4528337167  
3.170418628  
2.048647013  
-1.257526404  
-3.713266997  
-2.372176675  
4.197185344  
15.16255734  
27.67370036  
37.97249723  
42.86940836  
40.95619731  
33.07105502  
21.87465167  
10.7712477  
2.654392835  
-1.020860812  
-0.5240310561  
2.528224624  
5.971516677  
7.94709427  
7.483847189  
4.65019802  
0.3147946718  
-4.305284356  
-8.096226306  
-10.3464457  
-10.84502835  
-9.819206837  
-7.787263678  
-5.389320955  
-3.223607345  
-1.695391761  
-0.8925617104  
-0.5273410379  
0.004594687053  
1.420545575  
4.23824639  
8.461915579  
13.41237127  
17.8174559  
20.18044539  
19.31546564  
14.84036007  
7.40542676  
-1.471700946  
-9.929893137  
-16.4471073  
-20.39407595  
-22.20963455  
-23.10399712  
-24.40386227  
-26.82166554  
-29.98062824  
-32.43010764  
-32.18051126  
-27.5594913  
-18.04165723  
-4.697660106  
9.948953034  
22.63660824  
30.40462901  
31.57885596  
26.34358242  
16.69299966  
5.781564659  
-3.095606294  
-7.540842192  
-6.766857079  
-1.76490261  
5.102757114  
10.93076413  
13.23934675  
10.77546839  
3.903933432  
-5.518148668  
-14.73050517  
-20.93025593  
-22.1335544  
-17.77219904  
-8.844329905  
2.41850096  
13.24995263  
21.17679223  
24.70138236  
23.6227251  
18.91595927  
12.25400289  
5.382454268  
-0.4025154895  
-4.489105791  
-6.855052089  
-7.752894761  
-7.379977288  
-5.727735109  
-2.696214605  
1.596058574  
6.5016503  
10.75364348  
12.72426358  
10.98863881  
4.978584927  
-4.573227265  
-15.64416241  
-25.45495101  
-31.36545666  
-31.79775755  
-26.8154998  
-18.11153571  
-8.393434295  
-0.4040385674  
4.035626426  
4.586600809  
2.352576016  
-0.7108886945  
-2.66608667  
-2.371001755  
0.1429536771  
3.812673233  
7.09653386  
8.667661056  
7.941443948  
5.233475488  
1.524552838  
-2.015694892  
-4.5054849  
-5.613959739  
-5.520221113  
-4.632101701  
-3.240373835  
-1.304621195  
1.509832842  
5.556495115  
10.83273847  
16.7042852  
21.8963792  
24.80768498  
24.0596519  
19.07987808  
10.47975996  
0.04565512891  
-9.702773809  
-16.26956336  
-18.00698353  
-14.71336069  
-7.7705946  
0.2598746198  
6.470912107  
8.596475088  
5.803180383  
-1.007246326  
-9.509261983  
-16.77804429  
-20.33051737  
-18.99667646  
-13.29502084  
-5.174789662  
2.764830894  
8.263825745  
10.20742554  
8.941040109  
5.995684686  
3.36931125  
2.684110598  
4.570304007  
8.505983809  
13.13058495  
16.84628765  
18.41957392  
17.33365274  
13.79287879  
8.459481586  
2.119127943  
-4.529661311  
-10.87748319  
-16.2626414  
-19.85460414  
-20.72353199  
-18.14334648  
-12.01663821  
-3.196396303  
6.514937895  
14.77769747  
19.42879867  
19.22303898  
14.28684161  
6.078464328  
-3.136679728  
-11.07380157  
-16.14751484  
-17.83833362  
-16.60278312  
-13.4396523  
-9.369948622  
-5.089060413  
-0.9185205961  
3.003675262  
6.487090735  
9.207074015  
10.85402412  
11.414719  
11.36927402  
11.6044604  
13.00193989  
15.87222023  
19.54952849  
22.43954244  
22.60941345  
18.71940005  
10.86715394  
0.8863602305  
-8.148874702  
-13.09372534  
-12.10454374  
-5.587399421  
3.761948886  
11.92205289  
15.14712384  
11.52249892  
1.783693518  
-10.97594408  
-22.58603997  
-29.49844516  
-30.15267746  
-25.42332699  
-18.00251058  
-11.06325572  
-6.861325256  
-5.919159423  
-7.113588436  
-8.52919363  
-8.575155924  
-6.772805807  
-3.838400088  
-1.08555518  
0.461102414  
0.7089121347  
0.519744076  
1.097910535  
3.099805383  
5.997334908  
8.108093817  
7.349670778  
2.370982898  
-6.523918619  
-17.17925392  
-26.29454029  
-30.75873162  
-29.00293547  
-21.72629589  
-11.6329546  
-2.28592782  
3.395364241  
4.300503852  
1.433254643  
-2.748190702  
-5.600435475  
-5.544676922  
-2.707355416  
1.314542359  
4.3914606  
4.999193421  
2.985871608  
-0.3850784608  
-3.090027716  
-3.330418298  
-0.343508528  
5.339716907  
12.26204214  
18.78590342  
23.80401134  
27.06166515  
28.97823184  
30.1344304  
30.75852099  
30.51472381  
28.69973972  
24.70788433  
18.4715432  
10.60726431  
2.178089825  
-5.785548377  
-12.71757974  
-18.63618993  
-23.87021453  
-28.54982823  
-32.17638586  
-33.56736664  
-31.27893198  
-24.34102039  
-12.94278507  
1.307414075  
15.73679711  
27.47001416  
34.4327163  
36.04838611  
33.31566808  
28.24363708  
22.92219778  
18.66549144  
15.61229474  
12.93004373  
9.473240776  
4.538740783  
-1.660683018  
-8.018977125  
-13.01243573  
-15.36966538  
-14.60586238  
-11.18819923  
-6.29919577  
-1.356284983  
2.466559836  
4.518078999  
4.691846068  
3.274565192  
0.7667591309  
-2.218621522  
-4.977640016  
-6.745055163  
-6.830670596  
-4.88127713  
-1.166204984  
3.293350095  
6.904060926  
8.005470626  
5.536357139  
-0.4257585178  
-8.52848487  
-16.52914929  
-22.08124305  
-23.60573696  
-20.8754186  
-15.06258474  
-8.242313415  
-2.587697328  
0.3835844373  
0.2047907187  
-2.611072627  
-6.986255583  
-11.77009849  
-16.05408994  
-19.20913818  
-20.73783901  
-20.15161182  
-17.05210774  
-11.43359664  
-4.032080077  
3.554443367  
9.179517561  
10.87993167  
7.753070701  
0.5579772645  
-8.31827152  
-15.62170647  
-18.4621913  
-15.49824478  
-7.536930236  
2.749787389  
11.89151493  
17.0034283  
16.87266069  
12.27809155  
5.445173831  
-1.050402947  
-5.369946356  
-6.971689267  
-6.428364874  
-4.691240949  
-2.278151588  
1.115190654  
6.33844086  
13.99894811  
23.63603593  
