49.45235754  
40.81518744  
27.87065362  
13.22673965  
-0.4737434275  
-11.0758392  
-17.36385741  
-19.33079894  
-18.14919981  
-15.78213883  
-14.29154542  
-15.04559697  
-18.12468837  
-22.21290992  
-25.10768474  
-24.72743951  
-20.24536985  
-12.84715868  
-5.691414699  
-2.939955356  
-8.124713338  
-22.45825016  
-43.81265181  
-66.90352828  
-84.76757091  
-91.0866384  
-82.51268238  
-60.0750156  
-29.05826363  
2.679249532  
27.35494086  
39.88707733  
39.49853336  
29.70498119  
16.73612901  
7.054605945  
4.968642812  
11.2502197  
23.21899783  
36.13861853  
45.26009665  
47.64726452  
43.09124885  
33.86238352  
23.54699029  
15.55172639  
11.90778218  
12.78120492  
16.73661818  
21.48647221  
24.72526076  
24.7271099  
20.59331424  
12.24364573  
0.331923237  
-13.79378185  
-28.1142832  
-40.09631313  
-47.13188996  
-47.26620885  
-40.00556566  
-26.8424846  
-11.150004  
2.688124766  
10.70695098  
10.84413082  
3.861451786  
-6.748939588  
-15.93992228  
-18.97767376  
-13.2936069  
0.4223464975  
18.35177146  
34.87985071  
44.62718557  
44.39811449  
34.30294534  
17.65022605  
-0.3074236815  
-14.25500748  
-20.59848832  
-18.51026089  
-9.922660867  
1.427989346  
11.4687756  
17.19382838  
17.52139928  
13.37633901  
7.072439241  
1.30108127  
-1.875784842  
-1.686707032  
1.215550659  
5.135713808  
8.057747465  
8.440747593  
5.818140634  
1.00293617  
-4.169119433  
-7.476036165  
-7.111587565  
-2.369030525  
6.052369917  
16.25420305  
25.80495373  
32.6228929  
35.72589916  
35.52897486  
33.5440728  
31.5905349  
30.85260698  
31.2138237  
31.20042434  
28.60626208  
21.55658479  
9.54359416  
-6.056671089  
-22.27124583  
-35.55477884  
-43.14319259  
-44.15501307  
-39.94508942  
-33.53035493  
-28.31620035  
-26.66705203  
-28.94153497  
-33.41027791  
-37.08387279  
-37.07711708  
-31.90486758  
-22.1497968  
-10.23420699  
0.5685618515  
7.423237328  
8.958742713  
5.622789234  
-0.7157507877  
-7.660395441  
-13.22971201  
-16.43862236  
-17.33239363  
-16.57622862  
-14.90501697  
-12.7592289  
-10.27579585  
-7.565670372  
-5.029148636  
-3.435564184  
-3.641422562  
-6.055814142  
-10.15203222  
-14.35610344  
-16.48362491  
-14.61933713  
-8.074894024  
2.03788646  
12.9566076  
21.17278529  
23.77357484  
19.67450244  
10.20339916  
-1.25325294  
-10.44302262  
-13.82403923  
-9.903844038  
0.1861596136  
13.09627858  
24.46772318  
30.46610236  
29.0625319  
20.62269402  
7.657212393  
-6.096128993  
-16.87510109  
-21.9587458  
-20.29349302  
-12.57925791  
-0.901741036  
11.89841485  
22.92109601  
29.82348187  
31.27867125  
27.23305891  
18.9255307  
8.635260305  
-0.8401213275  
-6.89743654  
-7.860682731  
-3.5041208  
4.83850339  
14.66205207  
23.07821602  
27.74179515  
27.58146201  
23.06611999  
15.91838403  
8.408467152  
2.525523726  
-0.6434609443  
-1.108500084  
0.2721863654  
2.308327505  
3.988068779  
4.752134021  
4.453142155  
3.100359587  
0.6015370113  
-3.300415676  
-8.826884863  
-15.8040361  
-23.37061529  
-29.97879913  
-33.78206625  
-33.30394282  
-28.11300087  
-19.18308751  
-8.727153244  
0.4862955504  
6.091404347  
6.979729912  
3.70109651  
-1.757190801  
-6.724585241  
-8.830753933  
-6.832057099  
-0.977308465  
7.188562114  
15.45647289  
21.74107412  
24.72250715  
24.14226065  
20.71758117  
15.78378625  
10.8403133  
7.152929179  
5.487738575  
5.977716055  
8.093203566  
10.70704137  
12.28159384  
11.21154492  
6.307268153  
-2.689330754  
-14.74707392  
-27.54973378  
-37.97345258  
-42.9687814  
-40.58664878  
-30.77306682  
-15.59410721  
1.257723548  
15.54947826  
23.81446251  
24.40651675  
17.91787583  
6.828450438  
-5.444361496  
-15.70220336  
-21.88612092  
-23.45752298  
-21.1890787  
-16.56453631  
-11.11351983  
-5.97221157  
-1.789939042  
1.100009449  
2.455208576  
2.047569733  
-0.1922154714  
-3.906058095  
-8.123891832  
-11.35318269  
-11.99353387  
-8.939755678  
-2.104921515  
7.401220345  
17.56009345  
26.10127084  
31.25375561  
32.26865647  
29.50375312  
24.07596365  
17.29484995  
10.1808268  
3.297378224  
-3.069432813  
-8.561881414  
-12.5134498  
-14.04047715  
-12.47400272  
-7.909147238  
-1.523981246  
4.613406246  
8.281964198  
8.114419846  
4.391763077  
-0.8313938764  
-4.456368057  
-3.703419983  
2.463729113  
12.5302945  
22.70540136  
28.28403155  
25.59223407  
13.69936788  
-4.878363214  
-24.85946444  
-40.05046984  
-45.63905437  
-39.98778621  
-25.19184586  
-6.192247513  
11.15050925  
22.19160647  
24.96867518  
20.46449962  
11.69098481  
2.134872719  
-5.663763814  
-10.77558263  
-13.59916467  
-14.93872469  
-15.05894197  
-13.30599956  
-8.540897926  
-0.1558593401  
10.91621992  
21.84288037  
28.53722906  
27.16214756  
15.88512139  
-3.919212808  
-27.64201212  
-48.72657588  
-60.83498664  
-60.06468421  
-46.34241396  
-23.45537956  
2.266652205  
24.07433061  
36.90313763  
38.71197494  
30.67828787  
16.35432791  
0.2610467668  
-13.48495976  
-22.0663263  
-24.24348288  
-20.16913625  
-11.02742738  
1.273052185  
14.30541745  
25.35420429  
31.83531293  
31.95159792  
25.41638538  
13.90649103  
0.9038468768  
-9.210404296  
-12.60820017  
-7.502483341  
4.954957482  
20.82562105  
34.64431689  
41.37264886  
38.30170269  
26.13269415  
8.770751022  
-8.114504243  
-19.19919299  
-21.44583605  
-15.11125192  
-3.454575829  
8.678796318  
16.77100348  
18.2489753  
13.18601202  
3.896931032  
-6.285092968  
-14.44359395  
-19.09275104  
-20.39300305  
-19.59319884  
-18.07678911  
-16.53393715  
-14.6643362  
-11.51131718  
-6.19737083  
1.364152888  
10.17480308  
18.43770728  
24.28176385  
26.5537143  
25.2772031  
21.55048166  
16.94329654  
12.70908894  
9.220896641  
5.922508514  
1.818104198  
-3.760014464  
-10.52066746  
-17.08010026  
-21.44310877  
-21.90457924  
-17.94947654  
-10.7013797  
-2.662409351  
3.18797961  
4.563732078  
0.8041415481  
-6.843371466  
-15.71151603  
-22.75010664  
-25.65188408  
-23.58670591  
-17.26580157  
-8.382420046  
1.23755185  
10.32949128  
18.39834242  
25.39138831  
31.08681345  
34.61428309  
34.46530926  
29.09097885  
17.85026358  
1.834186686  
-15.92090795  
-31.08073328  
-39.38181347  
-38.2217823  
-27.81019433  
-11.3492695  
5.910938392  
18.43428242  
22.31713989  
16.62444423  
3.629980661  
-12.11263805  
-25.47957139  
-32.58725203  
-32.01843441  
-25.05174853  
-14.90047482  
-5.350803248  
0.6186199536  
1.717274753  
-1.530370321  
-7.330081696  
-13.50053859  
-18.28265492  
-20.77537045  
-20.91875235  
-19.15928518  
-16.04529582  
-11.97352014  
-7.178651409  
-1.904247195  
3.402556016  
8.027220965  
11.12221471  
11.98913668  
10.37481943  
6.638313699  
1.707454648  
-3.160548719  
-6.720997331  
-8.063585816  
-6.817992517  
-3.203598521  
2.061922853  
7.951227775  
13.36740308  
17.39749964  
19.54157037  
19.86597907  
19.01746999  
18.0478827  
18.05268422  
19.71182499  
22.89944247  
26.55288253  
28.92750832  
28.21802708  
23.35345843  
14.65022093  
4.007869781  
-5.52289094  
-10.72291332  
-9.410246055  
-1.400858586  
11.1980672  
24.55100927  
34.36710133  
37.43437277  
32.82819105  
22.30248262  
9.673080679  
-0.6055077776  
-5.1433236  
-2.946526222  
4.146015339  
12.10811436  
16.23011795  
12.92992662  
1.200718687  
-16.84215359  
-36.52414788  
-52.09339687  
-58.60798497  
-53.58261523  
-37.84416679  
-15.32675618  
8.10460471  
26.4002101  
35.07719741  
32.44066196  
19.93602239  
1.584755972  
-17.26367785  
-31.44605989  
-37.3117517  
-33.51200022  
-21.10330029  
-3.033289553  
16.75975337  
34.33795849  
46.58793123  
51.72582998  
