87.03891263  
86.71084253  
72.54026371  
48.20183426  
19.97120161  
-5.287283321  
-22.28462919  
-28.83393906  
-26.20551044  
-18.24427422  
-9.669494949  
-4.274568907  
-3.734080761  
-7.418677532  
-13.16164873  
-18.52000737  
-21.9048872  
-23.0830665  
-22.8996122  
-22.46558853  
-22.30348083  
-21.93272936  
-20.12257572  
-15.67444668  
-8.306692911  
0.8526166485  
9.47069166  
14.86845155  
15.15178171  
10.0812363  
1.25432229  
-8.505815465  
-16.28482539  
-20.2153283  
-20.09975225  
-17.24860996  
-13.64261992  
-10.84874032  
-9.229964784  
-7.834654096  
-5.010555218  
0.5716205759  
9.004290129  
18.80805122  
27.36666255  
31.95287858  
30.8824637  
24.27170525  
14.05823478  
3.284328584  
-5.028540031  
-8.918904298  
-8.011881704  
-3.366328974  
3.205923324  
9.974425055  
15.87640875  
20.62139935  
24.34865026  
27.10072095  
28.45351048  
27.53723274  
23.45601474  
15.88745286  
5.532872564  
-5.850196841  
-15.9032328  
-22.44317034  
-24.23582251  
-21.43710339  
-15.51909042  
-8.721831084  
-3.266875677  
-0.6490803936  
-1.262518702  
-4.454441873  
-8.921470466  
-13.24468365  
-16.34701503  
-17.73427546  
-17.49726308  
-16.14552451  
-14.3769263  
-12.86328647  
-12.08399403  
-12.20554532  
-13.00546183  
-13.86372177  
-13.86368787  
-12.02827219  
-7.660766943  
-0.6890181908  
8.130974315  
17.27423741  
24.80075004  
28.9123098  
28.52049859  
23.61124391  
15.26351447  
5.317594248  
-4.171007368  
-11.47902027  
-15.57250933  
-16.18719832  
-13.67761661  
-8.771304653  
-2.369817028  
4.537082803  
10.88291137  
15.56937097  
17.63871521  
16.57506724  
12.61795724  
6.902096326  
1.271438113  
-2.248917115  
-2.161559391  
1.90044241  
8.960882552  
17.01414752  
23.76736712  
27.50318458  
27.67813253  
24.9779291  
20.80106743  
16.42179535  
12.25453238  
7.611672382  
1.117271547  
-8.387721099  
-20.88115386  
-34.64140797  
-46.50884041  
-52.91264641  
-51.2805482  
-41.2348147  
-25.02611805  
-6.957555666  
8.023730999  
16.02876638  
15.54962328  
7.883576949  
-3.486681893  
-14.27318406  
-20.9436433  
-21.84448689  
-17.49024475  
-9.999240771  
-2.009599222  
4.40995079  
8.3999694  
10.30013271  
11.10399021  
11.72298402  
12.44866973  
12.85901485  
12.16775827  
9.792664395  
5.82403501  
1.144563744  
-2.860921548  
-4.861704644  
-4.136624815  
-0.8749476833  
3.898623796  
8.717694339  
12.19418164  
13.4393904  
12.23667231  
8.950090866  
4.273879687  
-1.02412575  
-6.250133748  
-10.80128107  
-14.11929046  
-15.6835781  
-15.10901575  
-12.32942048  
-7.767743059  
-2.36770221  
2.591044589  
5.870957751  
6.720251148  
5.20068874  
2.245897576  
-0.6029582845  
-1.707307055  
0.09157072625  
5.036921695  
12.31822584  
20.2747612  
26.86488777  
30.24077186  
29.24935978  
23.72320676  
14.5042449  
3.224404756  
-8.07662802  
-17.39464247  
-23.16958273  
-24.58525917  
-21.71014469  
-15.45481311  
-7.350778744  
0.8088221396  
7.388957695  
11.28874502  
12.1704477  
10.47278343  
7.204265731  
3.584403273  
0.6526026598  
-1.02540511  
-1.462173649  
-1.144338106  
-0.7757897424  
-0.9741570741  
-2.032514942  
-3.82148301  
-5.848047126  
-7.43196366  
-7.930447198  
-6.941915787  
-4.442134757  
-0.8322843867  
3.103376823  
6.32658575  
7.754066887  
6.528065534  
2.303709895  
-4.523687378  
-12.74756764  
-20.51477097  
-25.74437605  
-26.72546574  
-22.72602814  
-14.39697248  
-3.784172833  
6.128008842  
12.25703537  
12.4068081  
6.07254158  
-5.231331535  
-18.27727159  
-29.01233102  
-33.76931397  
-30.41823716  
-19.07893928  
-2.152389517  
16.34961213  
31.96551369  
41.06691204  
41.86088926  
34.81094345  
22.37201608  
8.157137846  
-4.174756871  
-11.95174437  
-14.13543828  
-11.41859168  
-5.795818844  
0.2094118877  
4.389457855  
5.501946849  
3.544562743  
-0.3901050633  
-4.590779126  
-7.353677867  
-7.549778879  
-4.962714349  
-0.311389184  
5.026100074  
9.484220031  
11.82382555  
11.53185263  
8.990824696  
5.372375581  
2.287984671  
1.298611997  
3.424808089  
8.800604928  
16.57623302  
25.10523433  
32.36918611  
36.5204959  
36.38450045  
31.7704841  
23.49826161  
13.1362464  
2.539616051  
-6.659033685  
-13.44355823  
-17.57625142  
-19.49925024  
-20.04079317  
-20.05709768  
-20.15011949  
-20.55513194  
-21.21033192  
-21.94048683  
-22.64296086  
-23.37497399  
-24.29878235  
-25.51715982  
-26.89044774  
-27.93942761  
-27.90184988  
-25.94115595  
-21.43760422  
-14.25409277  
-4.877354517  
5.618413192  
15.77526483  
24.06152994  
29.2037973  
30.46321902  
27.80128704  
21.90520841  
14.06171655  
5.88563763  
-1.064555036  
-5.711657511  
-7.808205259  
-8.069453798  
-7.980319201  
-9.259464726  
-13.103035  
-19.46395082  
-26.68098813  
-31.7047667  
-30.97137692  
-21.70908435  
-3.234526866  
22.28628938  
50.00773516  
73.58344622  
