-22.85940899  
-5.570038727  
13.26253852  
27.78901498  
33.653213  
29.53180267  
17.46862968  
1.922573856  
-12.02347092  
-20.52650908  
-22.17714112  
-18.11525269  
-11.14685307  
-4.354963583  
0.1383208006  
1.74492916  
1.166816238  
-0.4166026996  
-2.233840889  
-4.394687031  
-7.718430497  
-13.03923671  
-20.39092106  
-28.54270632  
-35.182094  
-37.71494821  
-34.33434601  
-24.86128971  
-10.94974247  
4.460938533  
18.21480886  
28.05639927  
33.30590307  
34.81523907  
34.2695909  
33.2049951  
32.23632813  
30.8732583  
28.000491  
22.7604354  
15.36408744  
7.376688033  
1.271606032  
-0.5943639297  
2.869791163  
10.76635023  
20.30135145  
27.72977992  
29.80349673  
25.12683158  
14.836355  
2.28707798  
-8.160730604  
-12.78457138  
-9.921380975  
-0.6077503889  
11.8036987  
22.88375909  
28.72493489  
27.2836684  
18.98173973  
6.392666054  
-6.806389329  
-17.17797586  
-22.65640646  
-23.08775427  
-20.0494712  
-16.08857899  
-13.70266328  
-14.43590462  
-18.38023675  
-24.20878493  
-29.68998495  
-32.49147916  
-31.01165981  
-24.98071215  
-15.64073565  
-5.431431966  
2.749567954  
6.503573012  
4.802765709  
-1.534768398  
-9.978957548  
-17.04841263  
-19.4817338  
-15.42096232  
-5.161761049  
8.843763581  
22.77197363  
32.72495787  
36.04338891  
32.11920125  
22.39618057  
9.595974561  
-3.453833245  
-14.84226115  
-23.98827776  
-31.29574642  
-37.29124722  
-41.76125602  
-43.42162141  
-40.38369548  
-31.25147671  
-16.30317729  
1.914942414  
19.03758504  
30.34515883  
32.69041986  
26.02503434  
13.74880463  
1.577286994  
-4.711358743  
-1.737768435  
9.889342863  
25.61458712  
38.67770098  
42.86992995  
35.14360112  
16.94630954  
-6.308637332  
-27.411322  
-40.22123158  
-41.99079328  
-34.16616711  
-21.38101928  
-9.168723423  
-1.472284024  
0.9211684826  
0.3599444732  
0.8137277408  
5.642012753  
15.72223894  
28.80854826  
40.39221323  
45.63732692  
41.49346183  
28.04976468  
8.579871674  
-11.66717217  
-27.34489734  
-34.74828486  
-32.76472164  
-22.80891905  
-7.970738201  
8.124466303  
22.2558581  
32.10087748  
36.33402111  
34.56233291  
27.30398554  
16.03573282  
3.142179765  
-8.453407302  
-16.05185547  
-18.13813246  
-15.11185572  
-9.339205815  
-4.324170951  
-3.221057266  
-7.299143136  
-15.10173454  
-22.80469899  
-25.75070519  
-20.55499417  
-6.839128942  
12.25498683  
31.09779213  
43.76523309  
46.4362916  
38.90638663  
24.51499552  
8.524986539  
-4.27091366  
-11.56663467  
-14.21690512  
-15.26758976  
-17.86572541  
-23.14802038  
-29.23865844  
-31.94639572  
-26.89304459  
-12.05378244  
10.57641414  
35.10851567  
53.75867279  
59.89612118  
50.78204056  
28.74963756  
0.2805022827  
-26.59981012  
-45.41904838  
-53.46469232  
-52.17842908  
-45.70616884  
-38.4464426  
-32.87459226  
-28.70988184  
-23.75445919  
-15.84745542  
-4.79514886  
6.846425673  
14.65421134  
14.51625066  
5.016919303  
-11.23550569  
-28.1377006  
-38.38541849  
-36.5628488  
-21.6228553  
2.413738476  
27.91593345  
46.64976757  
53.02246436  
46.15507067  
29.9262221  
11.05645955  
-3.832678428  
-10.84896348  
-10.03788243  
-4.77492586  
0.2073562243  
1.133143552  
-3.236254814  
-11.37575776  
-20.04227742  
-25.92525511  
-27.03725412  
-23.23418449  
-15.78695042  
-6.433990789  
3.440919711  
13.03512656  
21.72531713  
28.44407714  
31.41818927  
28.65632779  
19.10370455  
3.898655781  
-13.04724647  
-25.71426597  
-27.89144591  
-15.69760022  
10.35491267  
44.75669148  
78.31719698  
101.0552364  
105.6141705  
89.87410508  
57.71903951  
17.65229652  
-20.18234153  
-47.39652434  
-59.87590413  
-58.54485301  
-48.24993107  
-35.38094744  
-25.28063981  
-20.45830523  
-20.18130771  
-21.39831941  
-20.43148861  
-14.66047495  
-3.554961564  
11.22032147  
26.4975559  
38.69820271  
44.88333055  
43.45799473  
34.43608697  
19.33579365  
0.8333760579  
-17.73054969  
-32.95049478  
-42.02784159  
-43.42427925  
-37.3274704  
-25.7297361  
-11.99610225  
0.02662330102  
7.107117545  
7.553988713  
1.619229823  
-8.774518826  
-20.85982274  
-32.04511228  
-40.69503439  
-46.35991048  
-49.41351537  
-50.34588389  
-49.1212979  
-44.9701121  
-36.75452637  
-23.74469213  
-6.410901654  
13.20377768  
31.79448095  
45.74617161  
52.38247092  
51.01350757  
43.3434074  
33.04464795  
24.62796852  
21.99958744  
27.19521877  
39.69570043  
56.50869137  
72.94927985  
83.86015686  
84.93141005  
73.80377327  
50.72659145  
18.64637503  
-17.29929459  
-50.81236731  
-75.81457511  
-87.89326871  
-85.44887511  
-70.18452267  
-46.70885137  
-21.27489238  
0.01907586562  
13.00486786  
16.58076538  
12.77904059  
5.715591224  
-0.1918348704  
-2.039987666  
0.4432900545  
4.947531421  
7.777291012  
5.690600432  
-2.420755211  
-14.75980539  
-27.13575692  
-34.58108224  
-33.41177577  
