18.92463137  
19.19515714  
10.20626397  
-6.370041416  
-24.16906712  
-34.86330829  
-32.15972733  
-15.11148567  
10.9518174  
36.45308297  
51.6921498  
51.15083526  
35.93158786  
13.15478063  
-7.404704335  
-17.82921441  
-15.55715701  
-4.213925658  
8.564640396  
15.17966078  
11.9435194  
0.8446876285  
-11.66086932  
-18.19940819  
-14.55182565  
-2.154426782  
12.29693044  
20.02598629  
14.6223812  
-4.4285764  
-30.92357302  
-54.34125791  
-64.43675465  
-55.93903693  
-31.17328571  
0.6292538758  
27.06306454  
37.67948349  
28.27322692  
2.504023426  
-29.74719847  
-56.45473031  
-68.13473624  
-61.18847094  
-38.67401126  
-8.470356395  
20.11654855  
39.74830375  
47.1226172  
43.16275248  
31.66548924  
17.32646504  
4.109844271  
-5.485230589  
-10.30302467  
-10.02643222  
-4.826075611  
4.579312026  
16.6046965  
28.6449831  
37.467425  
40.20135901  
35.55731186  
24.65630944  
10.933516  
-1.014782136  
-7.245179108  
-6.16978951  
0.6431909125  
8.993336508  
13.73013136  
10.89581994  
-0.5878445212  
-18.41136269  
-37.75539179  
-53.16783937  
-60.64574722  
-59.07824014  
-50.51277561  
-39.21133006  
-29.93733831  
-26.16517362  
-28.86161947  
-36.21121361  
-44.2902086  
-48.38915398  
-44.53160206  
-30.74799124  
-7.782907902  
20.92205968  
49.96520605  
73.2892672  
85.76498471  
84.6607459  
70.56846516  
47.44056016  
21.61880729  
0.05618464229  
-11.75239556  
-11.45123279  
-0.5128543406  
16.34373487  
32.82316653  
43.21635462  
44.26767527  
36.08229179  
21.79418926  
6.204107273  
-6.02434773  
-11.90313003  
-10.86248331  
-4.54084124  
4.144639078  
12.17247766  
17.35648013  
18.763468  
16.59701251  
11.75036762  
5.304307105  
-1.823302464  
-9.008974351  
-15.8852135  
-22.22302134  
-27.79602406  
-32.24347292  
-34.94224044  
-34.94043328  
-31.05629113  
-22.23605127  
-8.157226057  
10.11482566  
29.75882606  
46.46620239  
55.49486775  
53.29600516  
39.14004724  
16.0008601  
-9.875159916  
-30.80066334  
-40.33961776  
-35.84266882  
-19.73372108  
1.12757419  
17.90927417  
23.19944367  
13.96690632  
-7.158014575  
-32.86241241  
-54.0203815  
-63.27597681  
-57.85824997  
-40.49019577  
-18.08780173  
1.109559286  
10.706255  
8.3036394  
-4.134448867  
-21.63607653  
-38.49133269  
-50.33756284  
-55.20529141  
-53.29635539  
-45.92252465  
-34.39101926  
-19.51481835  
-1.949388987  
17.00244331  
34.7982193  
47.85479511  
52.65122493  
47.27509392  
32.60468105  
12.40736414  
-7.85947841  
-23.08900046  
-30.47211677  
-30.39765315  
-25.83390627  
-20.47440956  
-16.57971043  
-13.64536944  
-8.647948506  
2.165891504  
20.79870468  
45.60578494  
71.06162442  
89.51195905  
94.26914102  
82.6993908  
57.85191763  
27.76673874  
2.613503858  
-9.20355357  
-4.343377263  
14.17517706  
38.23327614  
57.89251927  
65.31308551  
57.69127949  
38.05940711  
13.72496771  
-6.891249381  
-17.64383767  
-16.9027522  
-7.828419766  
3.280357418  
9.763970984  
7.328827496  
-4.328460188  
-21.5318088  
-38.14343113  
-47.9257781  
-46.85300362  
-34.58630524  
-14.67227137  
6.539319429  
21.88372453  
25.6661169  
15.57085629  
-6.376651195  
-34.13087864  
-59.22805065  
-73.28915691  
-70.72014606  
-50.7494598  
-18.05280505  
18.38874998  
47.96427781  
61.82633167  
55.84854439  
32.06789962  
-1.963001401  
-35.72500736  
-59.26643466  
-66.4241386  
-56.56588768  
-34.29049417  
-7.341974419  
16.32225551  
31.11009937  
35.0852821  
29.67815737  
18.23436987  
4.268726751  
-9.719328478  
-22.43626132  
-33.15883619  
-40.89406236  
-44.02818156  
-40.81986459  
-30.53595974  
-14.56310708  
3.27357237  
17.61496304  
23.49758463  
18.51533918  
4.17845626  
-14.29592419  
-29.84257328  
-36.35463619  
-31.23571646  
-16.54205838  
1.844656289  
16.68914116  
22.43705699  
17.46342145  
4.54398722  
-10.61734461  
-22.07196661  
-26.23950028  
-23.2337631  
-16.33340643  
-9.942718503  
-7.124697318  
-7.984339817  
-9.737626478  
-8.434663554  
-1.439920267  
10.65519054  
23.77992324  
32.08106391  
30.86762974  
19.40357639  
2.103549489  
-12.6509464  
-15.77302404  
-1.494431858  
29.61951415  
70.10059623  
107.8836557  
130.673559  
130.6321755  
107.4549334  
68.5502206  
26.23927043  
-6.867563317  
-22.42604118  
-19.03284565  
-2.051477404  
19.15309188  
35.25311769  
40.50703878  
34.3970171  
20.87190189  
5.79928127  
-6.024780159  
-12.88206576  
-16.31186864  
-19.56557609  
-25.27918539  
-33.64775019  
-42.08196873  
-46.53748601  
-43.83286172  
-33.73908427  
-19.69871079  
-7.684068881  
-3.619867302  
-10.53601236  
-26.81510941  
-46.44807314  
-61.30738571  
-64.5065453  
-53.38174938  
-30.75841162  
-3.911895281  
18.34531829  
29.18103829  
26.33510375  
12.68731156  
-5.36973188  
-20.93338731  
-29.55214623  
-30.79859006  
-27.80417229  
-25.0945551  
-25.87388269  
-30.15012918  
-34.65804267  
-34.62930121  
-26.52196078  
-10.3092701  
9.898977245  
27.34243689  
35.60791841  
31.75884741  
18.07048173  
1.430790597  
-9.469942367  
-7.986359313  
7.315408469  
31.65157848  
55.72780254  
69.5012414  
66.4028965  
46.18810702  
15.16714957  
-16.28884519  
-37.88232351  
-43.38093699  
-32.78365186  
-11.8227168  
10.84571022  
27.41278859  
33.94780304  
31.41404813  
24.3826908  
18.22926501  
16.25535492  
18.12914544  
20.33349563  
18.3046154  
9.12479488  
-6.609384706  
-24.69336864  
-39.06028042  
-44.52927853  
-39.23510888  
-25.57374798  
-9.212543407  
3.368190365  
7.652511355  
2.909356134  
-7.742111332  
-18.97980743  
-25.8009218  
-25.70836633  
-19.56290611  
-10.78269653  
-3.377003492  
0.1574067524  
0.02524297496  
-1.155996621  
0.06713486867  
5.948888443  
16.09989333  
27.38286965  
35.22981417  
35.75829672  
27.66623343  
12.98010436  
-3.725331525  
-17.29356693  
-24.2332182  
-24.20437671  
-20.0548011  
-16.38538431  
-17.30050063  
-24.36818401  
-35.71857194  
-46.69541671  
-51.78534058  
-46.99335949  
-31.64752305  
-8.874392952  
15.44369856  
34.78987737  
44.35284894  
42.67718483  
32.03240312  
17.43963306  
4.807632273  
-1.077884823  
2.016147591  
13.35420672  
29.84277841  
47.30775077  
61.89013361  
71.05748839  
73.95438544  
71.1135296  
63.79001716  
53.28197997  
40.53689404  
26.16314052  
10.75517877  
-4.710972375  
-18.68411576  
-29.22110338  
-34.5360249  
-33.71692114  
-27.29916593  
-17.40353696  
-7.30063593  
-0.4875278703  
0.4237732485  
-5.39567578  
-16.65446945  
-30.3107645  
-42.52947794  
-49.88386786  
-50.37410339  
-43.92522558  
-32.24659536  
-18.18670752  
-4.882354179  
4.981475462  
9.613523294  
8.261051069  
1.19730422  
-10.29465861  
-23.90551949  
-36.37475346  
-43.87116513  
-42.81991402  
-31.08493298  
-9.131671814  
19.37910355  
48.03748081  
69.29119223  
76.82476774  
67.88847274  
44.6195484  
13.68373801  
-15.80624881  
-35.41564037  
-40.37978063  
-31.26791187  
-13.61964753  
4.320598074  
14.85175542  
13.71807736  
1.500828783  
-16.99350521  
-34.97230263  
-46.47131807  
-48.51640083  
-41.78893314  
-29.69407564  
-16.465981  
-5.316832037  
2.508775562  
7.47590913  
10.66448755  
12.62131395  
12.89744988  
10.54264251  
5.211711028  
-1.878868063  
-7.875110695  
-9.341341191  
-4.025434281  
7.587774736  
21.87258452  
33.23682296  
36.49643309  
29.38367352  
13.93282497  
-4.064339856  
-17.4358196  
-20.81932455  
-13.17322591  
1.634174045  
16.52143296  
24.44042655  
21.65847621  
9.505033815  
-6.274021356  
-18.25929233  
-20.87764293  
-12.99193175  
1.692081589  
16.57315452  
25.45954698  
25.5594306  
18.65414041  
9.88240797  
4.791984288  
6.215397157  
12.6320432  
