72.91057666  
67.66889525  
51.1167574  
26.66531325  
-0.2590866413  
-23.82875189  
-39.54603447  
-45.50136416  
-42.73855708  
-34.63597625  
-25.56914322  
-19.36816386  
-18.12725444  
-21.7552115  
-28.34980562  
-35.16386468  
-39.73119084  
-40.70647508  
-38.13555268  
-33.13136955  
-27.1720887  
-21.36708439  
-16.01129863  
-10.59451336  
-4.224213355  
3.752334837  
13.21326121  
23.05350247  
31.40224952  
36.19634156  
35.9024526  
30.12489874  
19.87293462  
7.376614363  
-4.507890115  
-13.12260915  
-16.79715401  
-15.33923106  
-10.0514308  
-3.253434169  
2.539487875  
5.500240457  
5.117405435  
2.327154092  
-0.9124976928  
-2.453324784  
-0.8741312519  
3.884842299  
10.43995547  
16.48659917  
19.72886957  
18.84093782  
14.05948413  
7.149179464  
0.7396812769  
-2.706556397  
-1.881236197  
2.823738586  
9.425012516  
15.06003229  
17.01809361  
13.69897958  
5.163258458  
-6.881897995  
-19.60205947  
-29.84148114  
-34.94781613  
-33.40391902  
-25.16266967  
-11.67637093  
4.343502397  
19.40116697  
29.89603862  
32.94461446  
27.20312908  
13.46212312  
-5.245452725  
-24.19434226  
-38.14319652  
-42.84786621  
-36.4297551  
-20.093046  
2.125376393  
24.54480536  
41.57437704  
49.37630326  
46.86997716  
35.76015206  
19.66916929  
2.797377576  
-11.32732682  
-20.57344158  
-24.27278455  
-22.82651463  
-17.22264564  
-8.781345657  
0.8002199051  
9.309358962  
14.12822209  
12.83048268  
4.193812214  
-10.78837561  
-28.48550153  
-43.25226509  
-49.11743015  
-42.02268497  
-21.71492565  
7.60323945  
38.32528895  
61.94618732  
72.10217451  
66.91506281  
49.63528414  
27.26723965  
7.723062749  
-3.302672336  
-4.41462803  
1.308789825  
8.065973763  
10.17534536  
4.712602435  
-7.229490824  
-21.17506263  
-31.43635666  
-33.78118519  
-27.36910959  
-15.11012432  
-2.350683256  
5.44990506  
4.975938809  
-3.729460999  
-17.52413436  
-31.64236364  
-41.61604166  
-44.77077769  
-40.74363741  
-31.00915394  
-17.86942704  
-3.53273491  
10.28394335  
22.19791037  
30.79210911  
34.49943421  
32.01019954  
23.07963418  
9.261555219  
-5.992338682  
-18.16972036  
-23.28618676  
-19.5783264  
-8.482425686  
5.677315407  
17.29669501  
21.77041918  
17.4440377  
6.330087015  
-6.784319812  
-16.47185743  
-19.08272533  
-14.33596388  
-5.346650511  
2.920605872  
6.043148038  
2.250828175  
-6.733597494  
-16.51066613  
-22.08087996  
-20.19969728  
-10.91033267  
2.444861381  
14.71472501  
21.21982933  
19.77094976  
11.53028288  
0.3825515081  
-8.829080647  
-12.36027792  
-9.000770828  
-0.320655457  
10.26210116  
19.06203414  
23.59708228  
23.33682771  
19.5243422  
14.31662257  
9.758059942  
7.08157702  
6.572297358  
7.892926268  
10.54595032  
14.14121131  
18.32882734  
22.51364895  
25.63323627  
26.25647071  
23.06293414  
15.50936782  
4.331512508  
-8.435280072  
-20.01462351  
-27.83334885  
-30.44968469  
-28.04995045  
-22.29201476  
-15.57602419  
-10.08288533  
-7.009260835  
-6.308096851  
-6.984572491  
-7.737075882  
-7.600125635  
-6.297144015  
-4.200451357  
-2.010316586  
-0.385918073  
0.2674043736  
-0.2052063011  
-1.826567397  
-4.547332612  
-8.136125059  
-11.94566579  
-14.7479458  
-14.86276891  
-10.67683367  
-1.419104867  
12.15092862  
27.5402714  
41.04244344  
48.89663238  
48.66902931  
40.26946324  
26.11579999  
10.30485114  
-2.909858025  
-10.70516692  
-12.66283164  
-10.71901674  
-8.136629738  
-7.987693214  
-11.84074484  
-19.22507569  
-28.05299873  
-35.71761816  
-40.27676195  
-41.1332755  
-38.9205215  
-34.74145272  
-29.25776636  
-22.20072372  
-12.63359072  
0.1370266702  
15.50111337  
30.98187834  
42.61706565  
46.27605092  
39.40841564  
22.43741335  
-0.9031079373  
-24.55718153  
-42.14332588  
-49.17324447  
-44.58084605  
-30.93131109  
-13.24515288  
3.037174993  
14.07458266  
18.79863843  
18.8195048  
17.21950911  
16.86562789  
19.03814761  
22.96879262  
26.42146759  
26.95822126  
23.24015943  
15.74072981  
6.56561404  
-1.487545311  
-6.146832436  
-6.577412617  
-3.582106261  
0.9543963003  
5.064151772  
7.633115794  
8.829852333  
9.843302033  
12.08448239  
16.25685775  
21.75214733  
26.66957611  
28.46872534  
24.98565282  
15.38800503  
0.6776477701  
-16.45971513  
-32.39957049  
-43.64227635  
-47.82367361  
-44.34931399  
-34.4839987  
-20.91967806  
-6.999494867  
4.150475048  
10.34475481  
10.75742138  
5.979347629  
-2.250706312  
-11.54122174  
-19.43940598  
-23.98679795  
-24.1262055  
-19.88201166  
-12.28333286  
-3.05398663  
5.853661395  
12.76405202  
16.69164081  
17.5491828  
16.08990736  
13.5952546  
11.39792759  
10.38848434  
10.6734371  
11.51967096  
11.63687318  
9.734072169  
5.174439924  
-1.515680675  
-8.514563413  
-13.0773379  
-12.36683025  
-4.510099082  
10.48153326  
30.29954375  
50.66741137  
66.40062833  
