76.77647552  
56.55941887  
14.21062984  
-38.75290146  
-87.11650658  
-117.0757927  
-121.2146881  
-101.1385208  
-66.4405426  
-30.32775192  
-3.85242157  
8.565618896  
10.21037102  
9.284596634  
13.75877342  
26.56618576  
43.7008873  
56.27265778  
55.47947583  
37.85707092  
7.92250061  
-23.37797165  
-43.81197395  
-46.03045731  
-31.51987801  
-10.11269226  
4.922671509  
3.855737305  
-14.03211021  
-39.43066254  
-57.22889175  
-54.1019619  
-25.754245  
19.8766571  
65.27831192  
90.850243  
83.77381821  
44.06426678  
-15.09767265  
-72.920609  
-109.8062726  
-115.2597668  
-91.31153412  
-50.13913651  
-7.439221668  
24.91117935  
43.22920837  
51.49681053  
56.66552505  
62.73470688  
67.13274841  
61.60418129  
37.27639847  
-8.811484051  
-69.4207962  
-127.7851097  
-163.4894562  
-161.0881577  
-117.4300995  
-44.07762909  
36.56705132  
99.85818634  
128.4268356  
118.4098465  
79.76582336  
30.85032845  
-9.95401001  
-31.57113533  
-33.31400833  
-22.76777344  
-10.10613022  
-2.083308411  
1.177141571  
5.159819794  
16.59725571  
38.40723343  
66.83321762  
92.42475739  
104.38256  
95.9868103  
68.25807114  
29.93745346  
-6.196649933  
-28.78924103  
-32.40341187  
-18.91568375  
4.625583267  
30.24068146  
52.8823349  
71.79435997  
88.76057854  
104.5120033  
115.7260735  
114.8534088  
93.47533646  
47.81912842  
-16.45460892  
-83.1665451  
-129.6867188  
-135.1510178  
-89.5923687  
0.1027854919  
110.4740734  
208.5165588  
263.0278748  
255.8391052  
188.3758881  
80.86299667  
-35.46999779  
-129.9412804  
-183.0200287  
-191.8426529  
-168.8049805  
-134.3722  
-107.5881416  
-98.47376556  
-105.3625  
-117.8247208  
-123.3113968  
-114.1249725  
-91.41502113  
-64.47307968  
-45.87673492  
-44.93626099  
-62.61465378  
-90.32746582  
-113.2120865  
-116.42397  
-91.68842487  
-41.26327629  
22.36766467  
80.90501289  
116.876062  
119.8015129  
89.50817719  
35.51046906  
-26.96338272  
-82.43885612  
-119.8919434  
-134.9991646  
-129.5017181  
-108.5407633  
-77.59086647  
-40.54773827  
0.2767456055  
42.62412567  
82.46200562  
113.2852638  
127.3853867  
118.8450813  
86.97291832  
38.41628113  
-13.44550552  
-52.11914825  
-63.55551147  
-41.56272831  
9.184124756  
73.97916412  
132.7198006  
166.7318268  
165.2232773  
128.8900986  
69.29790344  
4.352204323  
-48.28370094  
-77.19061279  
-80.31631317  
-64.19443665  
-39.89162388  
-17.64320526  
-2.570601654  
6.73760705  
16.36065598  
32.96480484  
59.53382969  
92.96238708  
124.667387  
143.9809832  
142.8208588  
119.5489212  
80.26672974  
36.89001465  
2.718327332  
-12.72572937  
-7.492618561  
11.91600914  
32.98598366  
42.05081177  
29.74982567  
-4.958081818  
-53.73199463  
-101.176635  
-129.8102432  
-126.0184082  
-85.01778488  
-13.17857018  
73.1011261  
151.6998215  
201.0070427  
206.2379082  
163.9297289  
83.23026886  
-16.48098831  
-111.0066353  
-178.2131384  
-204.3247395  
-187.701878  
-138.9163376  
-77.08281708  
-23.60544891  
4.643934631  
0.4910430908  
-31.7239357  
-78.24644089  
-121.1581516  
-144.925383  
-141.935759  
-115.0683578  
-76.38431473  
-42.40173645  
-27.64515076  
-38.79784241  
-71.61296844  
-111.7978962  
-139.7011734  
-137.2749298  
-94.92895813  
-15.8413414  
83.91738129  
179.704483  
245.8050629  
263.7045227  
228.3657974  
150.3222321  
52.74064941  
-35.70744019  
-89.88498077  
-96.15732517  
-56.61992416  
11.84364471  
83.35109863  
131.6859138  
138.8984375  
100.9679382  
28.71566925  
-56.16934357  
-128.4632828  
-167.5031914  
-163.3361435  
-119.0501148  
-48.83635979  
27.20313873  
89.51594849  
124.641534  
128.2237061  
104.9165066  
65.68373489  
23.73173561  
-9.477032185  
-26.97986984  
-27.27956009  
-13.60213966  
8.001953888  
30.94691238  
50.05978317  
62.6695013  
68.62357864  
69.35642929  
66.43074417  
60.17479248  
49.0488945  
30.15023804  
0.8183998108  
-39.22964706  
-86.2019619  
-131.9724403  
-165.8104507  
-177.8250366  
-162.9578217  
-123.8308456  
-70.93033142  
-19.53716545  
15.79424973  
27.15187187  
17.01240044  
-2.137295532  
-12.65865498  
0.5317970276  
42.53376541  
104.6870499  
166.5637693  
203.4840454  
196.8186798  
142.8268219  
56.02775955  
-34.8533783  
-97.25389557  
-107.5414566  
-60.98181152  
25.39639282  
118.5521957  
181.7544922  
188.6240845  
133.2329895  
32.16560402  
-82.22993698  
-174.5220127  
-219.5187714  
-210.8110779  
-161.2945557  
-95.93378143  
-40.31376801  
-10.14134369  
-6.151452637  
-16.23063507  
-23.23172989  
-14.46418762  
11.71596603  
45.21152649  
69.47932816  
70.05856743  
42.11228256  
-6.674658203  
-59.21648254  
-96.65656967  
-106.8806358  
-89.9025444  
-57.62588806  
-28.13402348  
-17.19702358  
-30.92971458  
-62.9376606  
-97.18252487  
-115.1802223  
-104.2447617  
-63.13170013  
-2.72232666  
58.34099274  
100.9843773  
112.7981651  
92.0714386  
47.49541092  
-5.790707397  
-51.73638306  
-78.12906113  
-78.98991756  
-54.41831131  
-8.860342216  
50.80178909  
116.3804367  
178.6999146  
227.8555817  
254.3333496  
251.3224182  
217.5795837  
159.4313812  
90.46009178  
28.24971008  
-11.07398643  
-18.55487633  
4.00775528  
44.3116991  
83.82856331  
104.5738297  
95.72779388  
57.47601318  
0.5912704468  
-57.95388794  
-101.4545826  
-119.4006973  
-110.6492908  
-82.9103611  
-49.16175613  
-22.70644989  
-12.84542809  
-22.55402985  
-48.52882919  
-83.0450119  
-116.6090645  
-140.4962357  
-148.6748428  
-139.0173447  
-113.8254791  
-79.57987061  
-45.68862762  
-22.11851196  
-16.24507751  
-29.86126404  
-57.6591114  
-88.26753025  
-108.0205238  
-106.3476044  
-80.64452248  
-38.30662537  
5.440692139  
33.4886322  
34.2945816  
7.563379288  
-34.64343491  
-72.30866318  
-85.81466103  
-64.71534996  
-12.93330002  
52.22055779  
107.0954163  
131.897818  
119.5283615  
78.98627014  
31.62166977  
1.732627869  
5.626959229  
44.04988098  
101.4355488  
152.4060463  
172.7020245  
149.7674698  
88.39715042  
9.080529785  
-60.11723022  
-94.57308578  
-82.40087128  
-28.39837227  
48.52022095  
122.8263859  
171.4477783  
180.8696014  
150.0499588  
88.94016914  
14.08301353  
-56.56410141  
-107.8625824  
-130.0876389  
-120.1055878  
-81.65752144  
-24.93796883  
34.87073669  
80.61237564  
97.70149841  
79.16421204  
29.24012222  
-36.48099117  
-95.36201096  
-125.5399628  
-114.477121  
-64.60608368  
6.756407928  
73.76078758  
112.3589615  
110.3214233  
72.47893829  
18.64830093  
-25.0821579  
-37.98196106  
-14.05595474  
35.07808533  
85.16846619  
109.9628418  
92.73485508  
33.57591019  
-50.68905945  
-133.7139069  
-190.542923  
-207.2867859  
-185.4511536  
-139.4681999  
-89.14866085  
-50.92925262  
-31.96157532  
-29.34613304  
-34.11312485  
-37.30226593  
-34.76481991  
-28.35376205  
-23.33083897  
-23.88521423  
-29.57561378  
-34.82781105  
-31.80932083  
-15.06427612  
14.70845337  
49.90243073  
78.81922302  
90.68777771  
80.36348877  
50.37241516  
9.380955505  
-31.97124748  
-65.63067627  
-88.76231842  
-103.2957504  
-112.957254  
-119.7140564  
-121.7900761  
-114.4406334  
-93.02275925  
-56.52550659  
-9.384762573  
39.69008942  
81.48003998  
110.6976669  
128.6696617  
142.6245865  
161.6924728  
191.4929932  
230.0680847  
267.3849701  
288.9453217  
282.0090057  
241.5951706  
173.4447723  
92.50048218  
17.5226284  
-35.80439835  
-60.31650162  
-59.17982101  
-43.59495354  
-27.70996323  
-23.09235497  
-34.9799408  
-61.44451218  
-95.19548492  
-126.7388763  
-147.4082897  
-151.3243332  
-136.1692352  
-103.2416775  
-57.28844757  
-6.191512489  
39.87461433  
70.2801651  
