36.50407403  
43.4675763  
48.23612897  
46.77831963  
36.5795185  
18.32337942  
-3.981573478  
-24.55157511  
-38.299455  
-42.98764441  
-39.97515157  
-33.19407671  
-26.90662071  
-23.43239047  
-22.05715377  
-19.72097796  
-13.14366041  
-1.258682065  
13.38985965  
25.15572913  
27.62150168  
16.71685375  
-6.882680595  
-37.32484116  
-65.47802521  
-82.42451188  
-83.03909695  
-68.06117449  
-43.72661971  
-19.11717915  
-2.399722673  
2.404350107  
-3.24109295  
-13.41876504  
-20.58661781  
-18.88280945  
-6.47087015  
13.98364111  
36.72730346  
55.43058234  
65.61949661  
66.03115066  
58.49853398  
46.66719878  
34.30567243  
24.00598748  
16.73013578  
12.15862583  
9.418747312  
7.684577338  
6.349946746  
4.823292287  
2.256048172  
-2.450490601  
-10.22332068  
-21.15458248  
-33.99034285  
-46.15538511  
-54.44799358  
-56.18423332  
-50.29990329  
-37.88873755  
-21.89207803  
-6.043176239  
6.480857176  
14.11657449  
17.24301906  
17.69305685  
17.72991131  
18.98894943  
21.85161681  
25.46777213  
28.32128842  
28.99610776  
26.76606321  
21.78189511  
14.86993756  
7.144361038  
-0.3256071656  
-6.658302868  
-11.14945637  
-13.26063245  
-12.74236611  
-9.89160226  
-5.777330538  
-2.195399989  
-1.20051161  
-4.289667781  
-11.55553874  
-21.24744187  
-30.0723626  
-34.25984152  
-31.03648605  
-19.8961779  
-3.06472565  
15.13775653  
29.85404841  
37.55077841  
37.3921136  
31.51565621  
24.07113993  
19.43238565  
20.36711385  
26.97123812  
36.82320517  
46.25445254  
52.11976479  
53.22689668  
50.75488603  
47.4729473  
46.14462812  
47.89412687  
51.34121477  
52.96388359  
48.58010357  
35.31585438  
13.18075861  
-14.47945687  
-41.91140071  
-62.92962981  
-73.15581049  
-71.61990628  
-61.08057352  
-46.942377  
-35.20461913  
-30.24577715  
-33.28497204  
-42.07145255  
-51.86565297  
-57.29245448  
-54.3538208  
-41.87740789  
-21.93186088  
0.8644053703  
20.83037626  
32.96221683  
34.35941579  
24.93831238  
7.303363746  
-14.0880339  
-34.15446091  
-48.45068852  
-54.15399419  
-50.59473242  
-39.27653075  
-23.43372336  
-7.239393649  
5.183500455  
10.76317379  
8.28550194  
-1.201771284  
-14.54513144  
-27.24391773  
-34.68343961  
-33.53402923  
-22.89173934  
-4.748019397  
16.45294817  
35.11678757  
46.28658869  
47.31719645  
38.81980659  
24.48105444  
9.762324076  
-0.08293941579  
-1.944529745  
4.003681076  
14.42014552  
24.14820928  
28.28692241  
24.16372054  
12.42102912  
-3.216373195  
-17.389667  
-25.17187686  
-23.91082599  
-14.12150693  
0.8850389111  
16.41527623  
28.20935501  
33.89471249  
33.52261548  
29.07215808  
23.26334402  
18.29055723  
15.05503575  
13.17600532  
11.65268985  
9.737453807  
7.511857638  
5.85475497  
5.842565335  
7.942938152  
11.48338339  
14.74012305  
15.66450355  
12.91709333  
6.691110942  
-1.122317258  
-7.573590619  
-9.859624116  
-6.572727035  
1.569135358  
11.85114192  
20.5108899  
24.11174053  
20.7725444  
10.771192  
-3.669262895  
-19.25264326  
-32.73238565  
-41.83443748  
-45.68750823  
-44.72560019  
-40.25039654  
-33.92446069  
-27.39513926  
-22.09109767  
-19.09786817  
-18.99058455  
-21.59248219  
-25.77008971  
-29.46613231  
-30.12969822  
-25.52736981  
-14.6904606  
1.40020994  
19.76667878  
36.17600606  
46.48915029  
48.13633217  
41.12864157  
28.16261254  
13.72690418  
2.530885853  
-2.140787077  
0.4877482024  
8.560339929  
18.42840508  
26.07492578  
28.54147588  
24.829836  
16.01318133  
4.633782283  
-6.272926248  
-14.10916999  
-17.29347704  
-15.40174746  
-8.98969424  
0.6917325237  
11.92530928  
22.67211075  
30.72659089  
34.00906497  
31.03727486  
21.47052495  
6.494917479  
-11.19416527  
-27.93373339  
-40.06699015  
-45.05063415  
-42.30111148  
-33.4483337  
-21.87371068  
-11.66997829  
-6.371634335  
-7.878882599  
-15.91481671  
-28.15873943  
-40.96967384  
-50.44165232  
-53.46239878  
-48.48919013  
-35.86934754  
-17.67354942  
2.868062068  
22.15701898  
37.04070159  
45.45878129  
46.78139904  
41.78365753  
32.29953656  
20.68644928  
9.275912211  
-0.0359341424  
-5.985061104  
-7.956481389  
-5.927927742  
-0.4472884928  
7.330335221  
15.6342083  
22.25832806  
25.05296095  
22.6885737  
15.43913265  
5.579889396  
-2.969879773  
-5.869411925  
-0.1441252984  
14.13959778  
33.12555301  
49.92061004  
56.85085851  
48.52320384  
24.49332278  
-9.692124188  
-43.78069759  
-66.20206294  
-68.3876453  
-48.31830119  
-11.76268472  
29.47291257  
61.74256802  
74.60288293  
64.67440268  
36.73717982  
1.614673713  
-28.2456411  
-43.61662838  
-41.73531283  
-26.66611433  
-6.804837064  
9.194029688  
16.13956051  
14.00965766  
7.001067152  
0.5819031581  
-1.853118946  
-0.9827181977  
-1.189443614  
-8.011015072  
-24.71860405  
-49.79477698  
-76.67123956  
-95.99821263  
-99.48188453  
-83.54702809  
-51.13488901  
-10.80257486  
26.47032654  
51.3345979  
59.22162802  
51.32974832  
33.24546717  
12.08359792  
-6.387556056  
-19.34183256  
-26.71390911  
-29.71625216  
-29.16649369  
-24.71653491  
-15.43511365  
-1.310342039  
15.39067341  
29.97546685  
36.8231577  
31.99659142  
15.68720644  
-6.90345797  
-27.00108982  
-35.65330461  
-27.67998029  
-4.352245559  
26.57577874  
53.70338639  
66.58077117  
60.09237924  
36.68013708  
5.39176141  
-21.84698135  
-35.09997887  
-30.30879259  
-10.5652043  
15.65220479  
38.33758361  
50.09835644  
48.75909536  
37.44100846  
22.35616199  
9.580459046  
2.416487953  
0.5092084809  
0.9054482198  
0.2691836795  
-3.037337206  
-8.101242236  
-12.18492832  
-12.50488736  
-7.996031323  
-0.05611494513  
8.131472424  
13.29441538  
13.8211019  
10.57508426  
6.306413753  
3.973139055  
4.900588729  
7.820539755  
9.380600201  
5.929040353  
-4.323332813  
-19.9105126  
-36.28679052  
-47.59226172  
-49.22066841  
-39.9688043  
-22.71818725  
-3.29367553  
11.98380447  
18.91288916  
16.99594926  
9.30761631  
0.7961446776  
-4.100946526  
-3.366549633  
2.025264529  
9.037754853  
14.4124905  
16.4174618  
15.60331118  
14.22471981  
14.69290285  
17.92458189  
22.49375765  
25.07165804  
21.97611082  
11.08590003  
-6.816029266  
-27.93900964  
-46.7062419  
-57.77869695  
-58.01331177  
-47.55033974  
-29.64323699  
-9.395421048  
8.005402544  
18.84081323  
21.68506772  
17.35882605  
8.236348024  
-2.686604832  
-12.59754529  
-19.36652426  
-21.76656806  
-19.54095102  
-13.41054111  
-5.005403919  
3.378414608  
9.27404041  
10.74205998  
7.063850649  
-0.8616288021  
-10.64820162  
-19.11294309  
-23.31460776  
-21.55903816  
-13.98605144  
-2.520180667  
9.772869197  
19.65403016  
24.63884601  
23.59025392  
16.85854566  
6.036209222  
-6.501285413  
-18.10618708  
-26.33829721  
-29.40618052  
-26.56886628  
-18.43381656  
-7.010207605  
4.631630974  
13.13482191  
15.90634393  
12.0912232  
3.051897434  
-7.936008377  
-16.7594749  
-19.95695536  
-16.03923793  
-6.084749249  
6.664999786  
18.06016175  
24.62900676  
24.83656441  
19.51528253  
11.34697118  
3.692410949  
-0.6798551761  
-0.4340146238  
4.19040643  
11.84158146  
20.77078605  
29.4062938  
36.57223081  
41.41007703  
43.2512573  
41.68231274  
36.8473161  
29.77852018  
22.41302178  
17.05593627  
15.36511487  
17.28896725  
20.57023578  
21.27884946  
15.37867493  
0.769023572  
-21.13376435  
-45.15780012  
-63.84771747  
-70.23533217  
-60.81560155  
-37.40615684  
-6.947200979  
20.84241497  
37.07646672  
37.09204648  
22.17451815  
-1.123102604  
-23.75270814  
-37.80301106  
-39.4075632  
-29.72258812  
-13.6929824  
2.651399847  
14.99325086  
22.29149273  
26.47319419  
30.58569339  
