83.59801331  
60.12619386  
30.24922444  
2.142532169  
-18.82230498  
-31.53522209  
-38.43552638  
-43.19349859  
-48.08356283  
-52.42801521  
-52.89816034  
-45.49896539  
-28.2022731  
-2.848945642  
24.72775704  
46.55900039  
55.62471478  
48.80413887  
28.35426254  
1.221128905  
-23.55153989  
-38.21862775  
-39.1087377  
-27.66378951  
-9.419852003  
8.500336154  
20.22307529  
23.09046134  
18.05787539  
8.585852875  
-1.252018  
-8.471288956  
-11.9523643  
-12.12109122  
-9.950904559  
-6.008316062  
-0.1448143831  
8.011390621  
18.13199589  
28.50084206  
36.13333007  
37.82944313  
31.72753022  
18.56117469  
1.866012607  
-13.15332692  
-21.71924833  
-21.62524126  
-14.39213301  
-4.787725132  
1.201049486  
-0.8910198632  
-11.78239474  
-27.79695636  
-42.18323093  
-47.90792366  
-40.74491621  
-21.30915383  
4.882456133  
29.39493907  
44.09376971  
44.26412713  
30.35743177  
7.696438116  
-15.66217824  
-31.9664485  
-36.46408763  
-28.74880375  
-12.38953989  
6.798569493  
22.98986338  
32.16638426  
32.92449826  
26.20451572  
14.34030517  
0.01629363166  
-14.40458209  
-27.04463854  
-36.35542507  
-40.98060812  
-39.89092973  
-32.79724804  
-20.60079025  
-5.541247244  
9.181844805  
20.27669251  
25.40823741  
23.995569  
17.40930877  
8.477237012  
0.5026870625  
-3.80683273  
-3.102404571  
2.377958157  
11.09565045  
20.80160487  
29.16762107  
34.27979008  
34.95606562  
30.94623081  
23.06454721  
13.2116759  
4.151329655  
-1.087617622  
-0.1645794202  
7.515947864  
20.0878896  
33.30039983  
41.60414502  
40.04189452  
26.31233401  
2.159328861  
-26.61974696  
-51.76531587  
-65.30874733  
-62.50722182  
-43.80607289  
-14.98051424  
14.70544468  
35.69476561  
41.49610726  
30.92407513  
8.368788857  
-17.98439072  
-39.2668062  
-49.15605363  
-46.005713  
-33.13110132  
-17.24179038  
-5.707360331  
-3.730416464  
-12.45777291  
-28.64415686  
-45.88564443  
-56.89932504  
-56.02454207  
-41.12665058  
-14.34741052  
18.45840153  
49.37049999  
70.62502941  
76.77982403  
66.23152214  
41.67387949  
9.361633278  
-22.6325419  
-46.6875962  
-57.76721304  
-54.76046686  
-40.59478052  
-21.07772666  
-2.85907338  
8.774761297  
11.49680506  
6.380864232  
-2.908131042  
-11.78338791  
-16.55347161  
-15.65974764  
-9.898182432  
-1.653353056  
6.404853255  
12.52090084  
16.4259137  
19.11073074  
22.02965022  
26.2157861  
31.77198865  
37.94534485  
43.64734769  
48.04235282  
50.82155048  
52.00755446  
51.45650467  
48.44981892  
41.74966278  
30.22947801  
13.81670382  
-5.782251371  
-25.09302328  
-39.81772051  
-46.4229291  
-43.67939512  
-33.37516661  
-19.73971696  
-7.71043308  
-0.7669806323  
0.6552221702  
-0.6457222258  
-0.04645416641  
6.461756161  
19.91386272  
37.25019694  
52.08224628  
57.14552831  
47.44181517  
22.70315321  
-11.94427713  
-47.4771701  
-74.06041552  
-84.4674035  
-76.46111788  
-53.24382931  
-21.93290245  
9.160862335  
33.25504091  
46.76040657  
49.42730618  
43.24384951  
30.86988047  
14.4595716  
-4.636500644  
-25.36415832  
-46.18200768  
-64.6404795  
-77.69514476  
-82.65190984  
-78.23970436  
-65.20335833  
-46.0617831  
-24.13691537  
-2.365566561  
17.47522855  
34.74227256  
49.18535504  
60.01522639  
65.45069988  
63.16926956  
51.56347434  
31.18449897  
5.532120713  
-19.42389383  
-37.01392403  
-42.28318737  
-34.00287297  
-15.32539975  
7.293049534  
26.49043234  
36.68637826  
35.89423876  
25.91678671  
10.96416631  
-4.52070483  
-17.70576919  
-27.9989265  
-36.27072963  
-43.26002436  
-48.20781617  
-48.64372424  
-41.60095093  
-25.6915409  
-2.886091155  
21.15134903  
38.67916051  
42.9631913  
31.50530527  
7.841284929  
-19.14730971  
-38.37442631  
-40.95191021  
-23.98476705  
7.948393172  
44.37966816  
73.01262477  
84.56362056  
76.32473785  
52.94734492  
24.17322972  
0.577290907  
-10.77604424  
-8.892315684  
1.381634377  
12.09704267  
16.07764457  
10.1315343  
-3.780771841  
-19.78402303  
-30.97567687  
-32.51658016  
-23.51012721  
-6.946213565  
12.03881579  
28.56472823  
39.84494446  
45.64939616  
47.37208438  
46.41703722  
42.92169858  
35.57603024  
22.63175863  
3.497247168  
-20.04221493  
-43.7638757  
-62.27849164  
-71.08176991  
-68.38852289  
-55.82458958  
-37.61558386  
-18.67799827  
-2.58685847  
9.5400527  
18.68681016  
26.35337335  
32.67511386  
35.40124096  
30.48684088  
14.20986281  
-14.14805115  
-50.46605586  
-85.96062608  
-109.6751701  
-112.4764575  
-90.92979488  
-49.30647623  
1.332692605  
46.8115634  
74.88543544  
79.62106959  
63.29690686  
35.04049417  
6.809689593  
-11.54288339  
-16.01211559  
-9.437789904  
0.5597670199  
5.666167702  
1.072197248  
-12.12576457  
-27.38055325  
-35.74872095  
-30.11826849  
-8.678183228  
23.92755037  
58.25316545  
83.74415515  
92.82214865  
