36.65466977  
29.5951812  
20.13617761  
11.09030176  
4.962858569  
3.243042814  
5.954022509  
11.64118782  
17.85907119  
22.04128381  
22.47064467  
18.98496688  
13.11561381  
7.551646737  
5.090029397  
7.457720762  
14.47575334  
23.92892526  
32.23886218  
35.71919369  
31.94707554  
20.72387696  
4.246387138  
-13.58913411  
-28.49295936  
-37.21073515  
-38.54823231  
-33.63113389  
-25.33632357  
-17.14262844  
-11.85249015  
-10.65955128  
-12.88233912  
-16.41711425  
-18.6934588  
-17.74187694  
-12.96492895  
-5.338517139  
3.000783406  
9.593215522  
12.57866934  
11.35104696  
6.711021969  
0.4880672979  
-5.190533867  
-8.67958427  
-9.340504733  
-7.630594068  
-4.768195033  
-2.160975669  
-0.8675364079  
-1.317621105  
-3.369519654  
-6.604778826  
-10.64492937  
-15.27944038  
-20.32147914  
-25.29280715  
-29.17817271  
-30.49806263  
-27.80117855  
-20.4364196  
-9.24994533  
3.20966204  
13.2399126  
17.2222628  
13.12441281  
1.628301018  
-13.69409073  
-27.38791366  
-34.0327234  
-30.35823885  
-16.68311851  
2.9808824  
22.2909767  
34.91172143  
36.90084879  
28.16417849  
12.37665269  
-4.586177118  
-17.02884085  
-21.6148824  
-18.44036794  
-10.60605244  
-2.559807743  
1.992132225  
1.658318436  
-2.242751457  
-6.55656882  
-7.943539079  
-4.491198801  
3.455090089  
13.56992035  
22.71971347  
28.4102296  
29.81066451  
27.91550245  
24.85599614  
22.78242244  
22.9036925  
25.13088229  
28.41723473  
31.51696043  
33.69449764  
34.99032739  
35.93693487  
36.9478199  
37.79113969  
37.50529858  
34.84936204  
29.05839635  
20.47265591  
10.64806458  
1.818224593  
-4.072195299  
-6.293621658  
-5.738188907  
-4.569000675  
-5.248550117  
-9.396690358  
-17.02186877  
-26.48986534  
-35.23447555  
-40.85703734  
-42.08548183  
-39.15674351  
-33.4917995  
-26.89102702  
-20.70133811  
-15.38511872  
-10.67473263  
-6.161046464  
-1.924670035  
1.199097464  
1.917475131  
-0.7916019857  
-6.914174014  
-15.04516012  
-22.70054753  
-27.21632907  
-26.84185825  
-21.51533306  
-12.94353128  
-3.934758905  
2.714007401  
5.271758988  
3.610632536  
-0.9676907401  
-6.464709758  
-11.07448649  
-13.79388205  
-14.50707559  
-13.59928029  
-11.4044853  
-7.857591709  
-2.574797376  
4.68784348  
13.49199649  
22.46323698  
29.56040557  
32.81933698  
31.24362955  
25.39307624  
17.33041236  
9.880795512  
5.495045025  
5.217034607  
8.229688634  
12.20099736  
14.28936596  
12.37039416  
5.952974857  
-3.597919561  
-13.59851837  
-21.08107263  
-23.871628  
-21.2796759  
-14.17817825  
-4.534466925  
5.331462926  
13.42559451  
18.46371439  
19.91850593  
17.85540878  
12.74268141  
5.359481732  
-3.202371778  
-11.5539507  
-18.16711739  
-21.71270317  
-21.48067047  
-17.68643037  
-11.47501327  
-4.558304875  
1.399272216  
5.388935543  
7.378852188  
8.187611648  
8.958799696  
10.48316996  
12.70017504  
14.6338755  
14.813822  
11.99459877  
5.835813424  
-2.787568587  
-12.00755869  
-19.63349246  
-23.97633958  
-24.46094179  
-21.75987875  
-17.40492333  
-13.07124046  
-9.872493511  
-7.986971385  
-6.767888327  
-5.256387921  
-2.826088751  
0.3699966007  
3.379775319  
4.882001952  
3.870850077  
0.2716031122  
-4.814994533  
-9.385697429  
-11.24486968  
-8.877626749  
-2.131396729  
7.582996563  
17.67474235  
25.21907257  
27.96455146  
25.13657017  
17.74572451  
8.287106058  
-0.06691276324  
-4.503992844  
-3.488001909  
2.748546475  
12.29033209  
22.16258312  
29.2770912  
31.38830922  
27.75669892  
19.32270144  
8.360234168  
-2.254098702  
-9.907603289  
-12.97954073  
-11.22205267  
-5.712399187  
1.564049161  
8.334015242  
12.65543641  
13.36321269  
10.2525542  
4.004578133  
-4.070205959  
-12.36851162  
-19.32471051  
-23.68537636  
-24.71307233  
-22.31653772  
-17.09801227  
-10.29268999  
-3.57447116  
1.273114839  
2.775627888  
0.180041516  
-6.261041498  
-15.23969816  
-24.62305359  
-31.92371576  
-34.89260064  
-32.07492368  
-23.18324531  
-9.199132339  
7.805517626  
25.06762807  
39.65466194  
49.00786724  
51.42411245  
46.41246423  
34.86966892  
19.01962449  
2.073961498  
-12.3859292  
-21.22448751  
-22.58764866  
-16.51037823  
-5.05269338  
8.172584832  
19.02394838  
24.13173927  
22.04743076  
13.80475435  
2.624228559  
-7.206564291  
-11.91670127  
-9.721445312  
-1.594854464  
9.002596931  
17.39257724  
19.48817595  
13.44398632  
0.4782099082  
-15.49164897  
-29.28539194  
-36.41316436  
-34.76766354  
-25.37683385  
-11.92380034  
0.7502347123  
8.526509039  
9.496373636  
4.47077269  
-3.636181464  
-11.20934322  
-15.46210636  
-15.4239249  
-12.00859958  
-7.235967552  
-3.070757686  
-0.4903574412  
0.7663272029  
1.695901365  
3.105666768  
4.823034432  
5.523836062  
3.331613339  
-3.084789353  
-13.48483655  
-25.68211362  
-36.1087374  
-41.14633503  
-38.6520776  
-28.97346091  
-14.95287677  
-0.8787454175  
9.170388924  
12.86046248  
10.34915229  
3.957063194  
-3.018710547  
-7.74557798  
-8.86999912  
-6.686849396  
-2.502972673  
2.352489664  
7.26623108  
12.40861145  
18.13227762  
24.12401618  
28.91669976  
30.19950901  
25.9165809  
15.65135165  
1.528967436  
-11.99571353  
-19.5953952  
-17.26557833  
-4.298022293  
15.94187312  
36.93985428  
51.40690678  
54.1547457  
44.23311765  
25.36344923  
4.436942402  
-11.29291595  
-17.10468571  
-12.53642757  
-1.230470756  
10.95867307  
18.6696356  
19.29665911  
13.81356583  
5.881173429  
-0.2211224767  
-1.770845936  
1.175099358  
6.049766583  
9.314264435  
8.420817269  
3.180730976  
-4.143267401  
-10.03064299  
-11.53788699  
-7.820036176  
-0.5667519038  
6.849029016  
11.0514149  
10.30010622  
5.256218098  
-1.492330122  
-6.870984548  
-8.958317959  
-7.968614763  
-6.070988992  
-6.145192474  
-10.12545817  
-17.79738892  
-26.68506643  
-33.11340687  
-33.93704001  
-28.0901553  
-17.19641883  
-4.939044683  
4.50879435  
8.248686319  
5.79994999  
-0.8736160984  
-8.401845263  
-13.56248186  
-14.59805661  
-11.71019201  
-6.58772853  
-1.306138  
2.784695922  
5.614781026  
8.153728609  
11.57047757  
16.29498944  
21.51396418  
25.38608025  
25.87517225  
21.77682412  
13.4163897  
2.664446957  
-7.745064818  
-15.27446827  
-18.53432256  
-17.71523713  
-14.34935213  
-10.56179048  
-8.181033294  
-8.095547326  
-10.0839037  
-13.10670126  
-15.85242738  
-17.26380709  
-16.84335025  
-14.68370142  
-11.30324878  
-7.419517989  
-3.759656727  
-0.9300886262  
0.6886374225  
1.051736878  
0.540945709  
-0.04344424286  
0.3311477868  
2.558790789  
6.951852256  
12.92748632  
19.02178339  
23.3093887  
24.11441211  
20.73109298  
13.82214444  
5.275830961  
-2.463470837  
-7.326485844  
-8.407411466  
-6.253239587  
-2.519934352  
0.8423119296  
2.487641262  
2.227544694  
0.9772719756  
0.1332066308  
0.7042521127  
2.649220056  
4.778969456  
5.306363466  
2.801264306  
-2.90939442  
-10.35839621  
-16.81191167  
-19.29645969  
-15.86614041  
-6.565577082  
6.348232237  
19.06317516  
27.52326893  
28.89996164  
22.66139909  
10.834089  
-2.639960242  
-13.21357366  
-17.24299485  
-13.17509962  
-2.025790678  
12.98089207  
27.46351334  
37.26150876  
39.69424212  
34.31291215  
22.92869519  
8.931017718  
-3.871056941  
-12.50377448  
-15.7678661  
-14.54898586  
-11.38984036  
-9.465712162  
-11.31940991  
-17.81202791  
-27.68563037  
-37.92313146  
-44.80007289  
-45.25819838  
-38.09730096  
-24.53723919  
-7.929316588  
7.289145981  
17.02535702  
18.84090445  
12.69379052  
0.8863324999  
-12.71814518  
-23.90337377  
-29.31675475  
-27.32467109  
-18.30275323  
-4.360096394  
11.34193178  
25.44082861  
35.1709149  
38.94807806  
