10.60125669  
5.439560918  
1.716542669  
-0.5484645428  
-1.492287197  
-1.110498646  
0.6926403703  
3.771128424  
7.404991815  
10.29201779  
11.01123242  
8.804447727  
4.26632224  
-0.5157808089  
-2.616016983  
0.4349295102  
9.250225983  
21.77888833  
33.60696586  
39.41812712  
35.11029988  
19.69117994  
-3.918601068  
-29.63072036  
-50.27989244  
-60.24902096  
-57.5438688  
-44.43521033  
-26.38991503  
-9.750898514  
0.830053993  
4.104605241  
2.3742345  
0.06327918087  
1.408672751  
8.331176636  
19.44508178  
30.62859888  
36.86946722  
34.54023687  
23.0906297  
5.430443213  
-13.13276971  
-26.91561715  
-31.97688826  
-27.48165764  
-15.83059854  
-1.609272703  
10.13065179  
15.55223322  
13.08760936  
3.610478533  
-10.1555989  
-24.62983744  
-36.36370067  
-42.75710825  
-42.42939908  
-35.32019203  
-22.62848337  
-6.635791531  
9.6214796  
22.88570492  
30.3981401  
30.6550015  
23.94363541  
12.40554342  
-0.4896458748  
-10.95052589  
-16.02994194  
-14.5380352  
-7.366557172  
2.888486063  
12.85126379  
19.48276685  
20.98884776  
17.2334798  
9.583291572  
0.3215013249  
-8.108840723  
-13.7710275  
-15.64307628  
-13.72549839  
-8.898331975  
-2.613412505  
3.500417928  
8.054505024  
10.26822197  
10.1923018  
8.686367102  
7.098873436  
6.708242065  
8.117253725  
10.87337897  
13.54814975  
14.33377475  
11.96376979  
6.556691719  
-0.06259120158  
-4.832101831  
-4.63401888  
2.257847583  
15.1141123  
30.63176307  
43.95055936  
50.4789599  
47.78884512  
36.73132194  
21.21058959  
6.628396983  
-2.376011227  
-3.902415434  
0.4264406227  
6.273357247  
8.664871517  
4.409562383  
-6.268133577  
-19.67878885  
-30.28790182  
-33.30671429  
-27.07097375  
-14.07714266  
-0.128242014  
8.101600739  
6.034927228  
-6.635424543  
-25.57122502  
-43.43131562  
-52.8567665  
-49.52453094  
-33.9620826  
-11.36123757  
10.49913323  
24.30490124  
25.93677762  
15.77807658  
-1.834624041  
-20.63755907  
-34.96857768  
-41.70225465  
-40.86748986  
-34.88259061  
-26.96443345  
-19.56735943  
-13.57158319  
-8.47680458  
-3.317211353  
2.325026126  
7.815014533  
11.7393203  
12.76676025  
10.56705604  
6.223925932  
1.858302402  
-0.3821300178  
0.552193679  
3.985481094  
7.764544034  
9.315857273  
7.01730501  
1.199021999  
-5.761376818  
-10.35983129  
-9.517933099  
-2.060849127  
10.5745969  
24.75447385  
36.02516194  
40.85531988  
37.98277411  
28.79759784  
16.63661781  
5.351036881  
-2.189625564  
-5.011300332  
-4.03023885  
-1.238879529  
1.444208643  
3.072324364  
3.903406934  
4.918054361  
6.939305008  
9.860826418  
12.41880623  
12.65475544  
8.861565146  
0.5569115301  
-10.99534805  
-22.98940276  
-31.95017357  
-34.92015009  
-30.47718728  
-19.18953296  
-3.367582151  
13.73545183  
28.92203282  
39.8671719  
45.50574992  
45.95702409  
42.1402542  
35.31564298  
26.74128255  
17.51484135  
8.548433301  
0.5696056554  
-5.92777282  
-10.77641713  
-14.19180215  
-16.69882512  
-18.89841434  
-21.14642513  
-23.29832555  
-24.677973  
-24.34113608  
-21.5604418  
-16.32755226  
-9.621586673  
-3.26521333  
0.6420038557  
0.5287583792  
-3.920641926  
-11.43695143  
-19.42045518  
-24.74098521  
-24.82137518  
-18.61278949  
-7.089717382  
6.942936858  
19.68959259  
27.57185379  
28.38924881  
22.03135458  
10.49895012  
-2.765627508  
-13.99921232  
-20.30119708  
-20.48189949  
-15.30853676  
-7.100720183  
1.145667687  
6.774721543  
8.269060217  
5.578899101  
-0.07876554881  
-6.809492996  
-12.74761467  
-16.59620562  
-17.8250241  
-16.52435563  
-13.07169641  
-7.839219331  
-1.119366894  
6.700017599  
14.84591321  
21.99015682  
26.40271752  
26.47613427  
21.45464364  
12.03818102  
0.5136155885  
-9.774673618  
-15.51726113  
-14.71265383  
-7.59114042  
3.258135295  
13.70546321  
19.59264609  
18.36002342  
10.11413831  
-2.342140268  
-14.57413857  
-22.26332771  
-22.92018105  
-16.84128974  
-6.907154  
2.683766105  
8.186095621  
7.810383684  
2.316658731  
-5.521475333  
-12.28717724  
-15.45879354  
-14.39657495  
-10.34427415  
-5.501887843  
-1.681115114  
0.7443777324  
3.034937486  
7.305118405  
15.15176776  
26.40193486  
38.67134629  
48.05454149  
50.71824044  
44.70059463  
31.06708738  
13.81971403  
-1.495430718  
-9.940040303  
-9.181567763  
-0.4610232723  
11.90927243  
22.31520741  
26.11661501  
21.4501688  
9.800984066  
-4.856722871  
-17.91179295  
-26.09534799  
-28.69739403  
-27.51441476  
-25.62573668  
-25.64043224  
-28.28382169  
-32.0075114  
-33.79906744  
-30.78361686  
-21.82674664  
-8.344429145  
6.095993708  
17.22318313  
21.89250138  
19.4436975  
11.94167043  
3.173796873  
-3.139323505  
-5.089476702  
-3.461510227  
-1.320942927  
-2.476604103  
-9.512534919  
-22.29778486  
-37.68274296  
-50.56737866  
-55.91219061  
-50.83638442  
-35.89881066  
-15.00647341  
6.013377146  
21.57367926  
28.32036028  
26.15662728  
17.93934449  
8.064869327  
0.61631342  
-2.120216202  
-0.1906093385  
4.55095323  
9.64935125  
13.28932339  
14.97124009  
15.3608485  
15.49760529  
15.87587371  
15.9627511  
14.4648599  
10.23240597  
3.310030912  
-4.48899105  
-9.915876019  
-9.518012971  
-1.28353361  
14.06351748  
32.80315144  
49.2617706  
57.8411297  
55.23629828  
41.89683751  
22.05679763  
2.247604033  
-11.14228942  
-14.27394934  
-7.242759221  
6.117915603  
19.90313443  
28.54199804  
28.91974433  
21.35046618  
9.065185008  
-3.461872515  
-12.53763724  
-16.70789391  
-17.04282834  
-16.21507016  
-16.89367102  
-20.26690907  
-25.4042388  
-29.73588149  
-30.38334044  
-25.67528507  
-16.11343447  
-4.333316968  
5.91148389  
11.25988464  
10.05846374  
2.911975881  
-7.721960106  
-18.64093574  
-27.16106777  
-31.97018653  
-33.25534192  
-32.16605745  
-29.98359551  
-27.46292164  
-24.66090545  
-21.2638804  
-17.14234604  
-12.74476298  
-9.052331516  
-7.085544264  
-7.233284705  
-8.808316533  
-10.14325728  
-9.267205113  
-4.884654262  
2.816965697  
11.96930445  
19.61005442  
22.86233197  
20.21493621  
12.33148077  
1.99796199  
-6.815351659  
-10.41641607  
-6.787338612  
3.650833071  
18.20087785  
32.89081889  
43.89133353  
48.78475671  
47.21816722  
40.75178734  
32.0427954  
23.744589  
17.56569328  
13.81517656  
11.53645605  
9.099775524  
4.978630241  
-1.587777569  
-10.2590914  
-19.66045904  
-27.79366796  
-32.64411506  
-32.80109361  
-27.91764877  
-18.88077831  
-7.630281451  
3.347297076  
11.7255703  
16.04091701  
16.15304928  
13.27584448  
9.521990401  
7.086703676  
7.355685732  
10.28759448  
14.34705079  
17.06111892  
16.0179592  
9.923742328  
-0.7180415091  
-13.61058452  
-25.38741538  
-32.79321046  
-33.86233724  
-28.62535265  
-19.06294953  
-8.332495545  
0.4125458314  
5.13417224  
5.521237584  
2.891677151  
-0.5245263159  
-2.587330237  
-2.107328235  
0.7680802383  
4.753665348  
8.069827646  
9.221163544  
7.576961675  
3.539306908  
-1.719198187  
-6.78414836  
-10.53864689  
-12.48655193  
-12.75614775  
-11.83602296  
-10.21013377  
-8.087673034  
-5.360573964  
-1.799664387  
2.620969889  
7.452450258  
11.71894537  
14.16018849  
13.70982186  
10.02892738  
3.858185782  
-3.009180195  
-8.201015245  
-9.574361425  
-6.085472966  
1.624336111  
11.21152382  
19.27874073  
22.52689872  
19.02007137  
9.073978296  
-4.629641574  
-17.83139933  
-26.16099132  
-26.76080519  
-19.43629998  
-6.847215394  
6.389498304  
15.38028786  
16.78401766  
10.07293773  
-2.277089176  
-15.74242828  
-25.46574418  
-28.03877353  
-22.65459407  
-11.21217981  
2.595396274  
14.76544893  
22.39997881  
24.49927186  
21.90822792  
16.58071209  
