43.89938935  
49.74979449  
43.52363074  
25.39278284  
0.07145605335  
-24.78788352  
-41.4585552  
-45.10611656  
-35.64132922  
-17.69906738  
1.240562935  
13.80840924  
15.56847321  
6.576489834  
-8.907622044  
-24.36180159  
-33.73927897  
-33.85315546  
-25.45699524  
-12.65141063  
-0.9521482602  
5.111828463  
3.85525715  
-2.989225301  
-11.14998675  
-15.71517067  
-13.2235746  
-3.088005104  
12.19269853  
28.05812511  
39.6765858  
43.75339853  
39.64859999  
29.41265685  
16.80030164  
5.720666536  
-1.227441835  
-3.563403622  
-2.802850688  
-1.522030315  
-2.046779935  
-5.335935465  
-10.52659266  
-15.32065122  
-17.03850065  
-13.8872583  
-5.898900344  
4.875967787  
15.03113088  
21.08280303  
20.85686943  
14.41593949  
4.124996495  
-6.205673962  
-12.78431968  
-13.33173717  
-7.997947719  
0.6862294683  
8.821766375  
12.71892489  
10.3976808  
2.391803253  
-8.479100678  
-18.27421794  
-23.5428161  
-22.70332572  
-16.61334699  
-8.105668638  
-0.7134754304  
2.843772621  
1.748713591  
-2.713273412  
-7.896318682  
-11.10745759  
-10.86797577  
-7.536458482  
-3.016573756  
0.292250546  
0.7831407108  
-1.463166862  
-4.624270904  
-5.971079428  
-3.213084019  
4.279355816  
14.96801795  
25.62772045  
32.63414445  
33.50028399  
27.97591481  
18.20956379  
7.885546171  
0.7032625602  
-1.143304243  
2.168600462  
8.242330746  
13.54576371  
14.94250783  
11.00619667  
2.57012448  
-7.687763283  
-16.40399247  
-20.90844671  
-20.2361026  
-15.37753972  
-8.722479299  
-2.992515222  
-0.1479253126  
-0.7174783768  
-3.778083278  
-7.513666885  
-10.04955945  
-10.18312998  
-7.729799767  
-3.409862815  
1.589496036  
6.126431076  
9.45704376  
11.31719585  
11.77662279  
11.01419866  
9.172909522  
6.373783352  
2.852688386  
-0.9036376104  
-4.153029055  
-6.084705005  
-6.142311956  
-4.336066743  
-1.372810335  
1.501118933  
2.924648868  
1.965021698  
-1.441243567  
-6.349676673  
-11.06233756  
-13.71120966  
-12.96825198  
-8.614798659  
-1.740497797  
5.531808228  
10.72532201  
11.86925412  
8.236193568  
0.6824879476  
-8.554473569  
-16.55891226  
-20.71364962  
-19.61362321  
-13.58467815  
-4.603410029  
4.374749351  
10.45253616  
11.81871152  
8.381622958  
1.760521973  
-5.371076493  
-10.3402268  
-11.51095806  
-8.882296025  
-3.999009713  
0.7914627563  
3.422004634  
3.057942535  
0.4891741671  
-2.234975049  
-2.794321787  
0.2129551873  
6.418447148  
13.58886422  
18.39505989  
17.7723129  
10.31825831  
-2.878234879  
-18.37572224  
-31.49315158  
-37.99279432  
-35.67324677  
-25.22862383  
-10.01568002  
5.188961293  
15.95070444  
19.76061634  
16.82603213  
9.78777503  
2.524551246  
-1.433624477  
-0.2289455856  
5.772580776  
14.36217057  
22.56634608  
27.91424289  
29.34746408  
27.42385829  
23.80128089  
20.3044879  
18.03829547  
16.95193075  
16.02126046  
13.91605018  
9.796651652  
3.839662508  
-2.764418704  
-8.337119931  
-11.50481009  
-11.87334711  
-10.25342461  
-8.314167723  
-7.808266811  
-9.714661684  
-13.69194027  
-18.10729618  
-20.65658808  
-19.33265099  
-13.34030055  
-3.567552704  
7.601956945  
17.08374478  
22.1956376  
21.64297404  
16.00270042  
7.517301772  
-0.7235304037  
-5.90231666  
-6.471685802  
-2.661204212  
3.685343072  
9.865510984  
13.36980945  
12.82831488  
8.499306668  
2.125718429  
-3.775822513  
-6.917874235  
-6.157352535  
-1.980597941  
3.620804899  
7.837611173  
8.042945681  
2.744588852  
-7.847606885  
-21.83158248  
-36.18362531  
-47.67636087  
-53.8209349  
-53.51967673  
-47.23902961  
-36.69536966  
-24.21711124  
-12.04080716  
-1.786404969  
5.748248043  
10.48064142  
12.75450821  
13.04713615  
11.81169945  
9.490263717  
6.623918758  
3.926468936  
2.209510651  
2.138769517  
3.917246505  
7.066322317  
10.4650068  
12.70352709  
12.65272983  
10.01851455  
5.611647446  
1.153245125  
-1.372856166  
-0.5934109736  
3.522006246  
9.425118944  
14.42613533  
15.70038773  
11.49290259  
2.020431122  
-10.35125258  
-21.80224225  
-28.41012851  
-27.64350966  
-19.38552567  
-6.037524391  
8.379741522  
19.78602764  
25.62480083  
25.79937333  
22.55114456  
19.31896086  
19.06804801  
22.82650247  
29.09809112  
34.45008312  
35.05837587  
28.55311298  
15.34541602  
-1.189502463  
-15.81950437  
-23.44243836  
-21.14727762  
-9.489605366  
7.56524267  
24.02781087  
34.04638091  
33.9813839  
23.58592148  
5.880033944  
-14.14278323  
-31.37529984  
-42.24244909  
-45.52268264  
-42.15420468  
-34.2986088  
-24.2251336  
-13.57121468  
-3.256184202  
6.070300728  
13.46321426  
17.46968086  
16.51517511  
9.757512132  
-2.048672727  
-16.22704382  
-28.73418247  
-35.50854123  
-34.09374604  
-24.79830504  
-10.7833154  
3.084158135  
12.20669399  
14.23048354  
10.12054313  
3.788870303  
0.3547761123  
3.747099751  
14.70001744  
30.07557912  
