65.58556541  
64.74357657  
55.57836144  
40.16425683  
22.90322486  
8.638852681  
0.5638244961  
-1.068092717  
1.176263896  
3.338440607  
2.083792383  
-3.677484572  
-12.3158153  
-20.32626679  
-24.03142808  
-21.30684019  
-12.53941983  
-0.4430583296  
11.08880946  
18.49869583  
19.76354912  
14.83287465  
5.279013658  
-6.510565062  
-18.13838397  
-27.67074229  
-33.72864419  
-35.38821665  
-32.15105391  
-24.11466605  
-12.24724681  
1.492551072  
14.43129548  
23.88854022  
28.07842592  
26.79042009  
21.47800681  
14.64755361  
8.794240513  
5.384181019  
4.384443436  
4.575217081  
4.471073691  
3.34408507  
1.766354955  
1.327611469  
3.624656813  
9.036595177  
15.96985088  
21.07429764  
20.4702595  
11.50912144  
-5.725154339  
-27.91089925  
-49.30507037  
-63.62409869  
-66.25327658  
-55.89662823  
-35.01981413  
-8.954961252  
15.91683249  
34.15577937  
42.68955556  
41.25852571  
31.91375109  
17.96317224  
2.880620545  
-10.44312353  
-20.0062312  
-24.70622973  
-24.29006832  
-19.38470966  
-11.55786367  
-3.217341963  
2.831947095  
4.17756463  
-0.3029388004  
-9.834887998  
-21.79037799  
-32.49447964  
-38.55170355  
-38.16788168  
-31.88431143  
-22.35969891  
-13.24403925  
-7.603816846  
-6.581757562  
-8.893175041  
-11.402926  
-10.54950331  
-4.001546518  
8.179779829  
23.39098769  
37.43188323  
46.1593296  
47.16134695  
40.75842239  
29.92297253  
19.15489584  
12.7688063  
13.26970266  
20.43704304  
31.44102498  
41.90866375  
47.50515858  
45.43034854  
35.29871936  
19.13334216  
0.545394288  
-16.54055251  
-29.12217312  
-35.88326351  
-37.26929863  
-34.9373704  
-30.87533936  
-26.58230726  
-22.63555745  
-18.77370885  
-14.38942305  
-9.149326058  
-3.417996654  
1.728526126  
4.908531966  
5.062814528  
1.998333097  
-3.420486787  
-9.531807512  
-14.47088254  
-16.82487332  
-16.05478792  
-12.51838558  
-7.135400767  
-0.9138885877  
5.391292291  
11.31893772  
16.47290131  
20.23956239  
21.72171892  
20.03991986  
14.91348018  
7.206949608  
-0.9459271018  
-6.676307437  
-7.481931597  
-2.459119585  
6.943995309  
17.13740477  
23.64272636  
22.95918815  
14.24233448  
-0.02294307799  
-14.78894406  
-24.44509841  
-25.23909422  
-17.03609452  
-3.557235299  
9.11012545  
15.14505941  
11.61805084  
-0.09563903577  
-14.80803354  
-25.75447516  
-27.59869669  
-18.85350111  
-2.601681928  
14.83220026  
26.6693044  
28.65898781  
20.89880878  
7.673665544  
-4.588418943  
-10.28038192  
-7.126898772  
2.896485629  
14.61627262  
22.14638317  
21.61969039  
12.90250365  
-0.4592149434  
-12.969178  
-19.72397201  
-18.57207066  
-10.92505892  
-0.9275751015  
6.538336088  
8.035580966  
2.946838215  
-6.505900903  
-16.47680219  
-23.27062031  
-24.81180133  
-21.18173798  
-14.11374816  
-5.848335687  
1.984451007  
8.889017689  
15.24593097  
21.52417869  
27.48899481  
31.90019409  
32.90238315  
28.9148273  
19.55279107  
6.08786893  
-8.810000541  
-21.94648021  
-30.69328112  
-33.807968  
-31.65168921  
-25.77730433  
-18.15313331  
-10.42181937  
-3.518264719  
2.258454862  
6.873131283  
10.17376762  
11.7572999  
11.1604789  
8.246581087  
3.535136443  
-1.752834788  
-6.007368292  
-7.780218698  
-6.32551215  
-1.886519259  
4.389473223  
10.85010264  
15.85968749  
18.22715974  
17.40592255  
13.4645398  
6.93382962  
-1.341658407  
-10.2789956  
-18.5873602  
-24.84552658  
-27.70536706  
-26.21763417  
-20.17235346  
-10.29210834  
1.849197701  
14.19464898  
24.73454741  
31.99130164  
35.26832539  
34.58867364  
30.40160676  
23.24446941  
13.55427152  
1.72302861  
-11.66049114  
-25.5593543  
-38.42429608  
-48.41908016  
-53.88052488  
-53.82094228  
-48.241403  
-38.10693789  
-24.99761711  
-10.60730238  
3.670772103  
16.89248401  
28.42242207  
37.64853383  
43.78186985  
45.92467812  
43.43110055  
36.39721025  
26.0024482  
14.45430202  
4.456111407  
-1.650440533  
-2.736040225  
0.6385563245  
6.349722132  
11.42520783  
13.07887224  
9.664944197  
1.191921954  
-10.76922313  
-23.69293079  
-34.93586204  
-42.45968468  
-45.198298  
-43.02277639  
-36.44520342  
-26.29229665  
-13.53519909  
0.678604795  
14.90007898  
27.34731992  
36.11490631  
39.63136664  
37.20807615  
29.42734859  
18.14384809  
6.022855631  
-4.259456877  
-10.86578215  
-13.3676893  
-12.80746738  
-11.22472394  
-10.83531836  
-13.18150473  
-18.56973856  
-25.98063845  
-33.44112368  
-38.67811554  
-39.79515675  
-35.75199686  
-26.54440307  
-13.11535566  
2.890326312  
19.41329862  
34.25535223  
45.36174536  
51.15427481  
50.91763949  
45.14927407  
35.70312867  
25.55225817  
18.09770931  
16.13913959  
20.81546164  
30.92716248  
42.9880074  
52.12383036  
53.61013443  
44.55146883  
25.08625946  
-1.380521858  
-29.0784915  
-51.6432812  
-64.14487519  
-64.63930626  
-54.67573878  
-38.58443203  
-21.83764264  
-9.122259238  
-2.851868457  
-2.641730243  
-5.865777288  
-8.983665892  
-9.047511473  
-4.78191743  
3.134780429  
12.59115132  
21.03628082  
26.46346794  
27.97719215  
25.78626333  
20.75532514  
13.83575861  
5.702352417  
-3.240959084  
-12.55766727  
-21.42694686  
-28.52192934  
-32.26494394  
-31.38808049  
-25.53982173  
-15.62201385  
-3.649822499  
7.853357676  
16.69096957  
21.70834262  
23.08668191  
22.10248859  
20.47512859  
19.59628192  
19.9668405  
21.05270958  
21.57379283  
20.06014579  
15.42233195  
7.320709839  
-3.759038556  
-16.67970256  
-29.94873705  
-42.01175067  
-51.48020944  
-57.30237297  
-58.9144711  
-56.38126886  
-50.47464864  
-42.599831  
-34.50342872  
-27.78847238  
-23.37930065  
-21.15351065  
-19.93717234  
-17.93112606  
-13.45119824  
-5.706690975  
4.70904118  
15.84965254  
25.00011741  
29.61706677  
28.27494776  
21.25554599  
10.5534448  
-0.7081286422  
-9.240017766  
-12.59112499  
-9.860784694  
-1.906064174  
8.990877651  
19.86172313  
27.95525842  
31.53461445  
30.34288036  
25.60613659  
19.56783373  
14.6792686  
12.68651907  
13.91862634  
17.05984579  
19.56009051  
18.61854214  
12.4324328  
1.236235584  
-12.34147076  
-23.86676169  
-28.53627518  
-22.98355576  
-6.755946431  
17.1818486  
43.21474664  
64.8994678  
77.16362144  
78.00591293  
68.99777648  
54.38048177  
39.15335202  
26.98854885  
18.87865134  
13.08408356  
6.349893472  
-4.219076101  
-19.52546675  
-37.85345738  
-55.51727732  
-68.43643284  
-73.85430748  
-71.37040413  
-62.81838063  
-51.10805062  
-38.66681602  
-26.30512183  
-13.10002902  
2.643305816  
21.85937098  
43.43911341  
63.9170699  
78.3834165  
82.27471608  
73.25573067  
52.33966443  
23.73513582  
-6.516257468  
-32.5143964  
-50.25317277  
-58.47182913  
-58.3812855  
-52.55935269  
-43.6391235  
-33.41502309  
-22.68805602  
-11.74785005  
-1.065275499  
8.292058526  
14.80153686  
17.11564173  
14.81780638  
8.859637963  
1.396194475  
-4.951376855  
-8.086481381  
-7.238325939  
-3.229576005  
1.87954658  
5.588843402  
5.856562934  
1.771310359  
-6.183859967  
-16.27596982  
-25.95831526  
-32.46181839  
-33.44646327  
-27.64908333  
-15.43078463  
0.9495787049  
17.55672435  
29.63883644  
33.0432176  
25.79880801  
9.247452505  
-11.87987623  
-30.72253691  
-40.61725987  
-37.68485005  
-22.60974409  
-0.7456698117  
19.68371829  
30.70128655  
27.78226196  
11.78622839  
-11.27585853  
-32.62348227  
-44.27589286  
-42.29741661  
-28.32255352  
-8.711832227  
8.265719583  
15.95812946  
12.0115632  
-0.9264195905  
-16.68800393  
-28.46587135  
-31.7163964  
-25.77923476  
-13.58768356  
0.2182656448  
11.72534868  
19.48961576  
24.77918952  
30.31603748  
38.28367652  
48.71230229  
59.11721957  
