26.69372982  
16.51183208  
2.543484241  
-12.24483916  
-25.47194471  
-35.71826467  
-42.31926014  
-44.88791581  
-42.98659792  
-36.22500424  
-24.75698826  
-9.859085379  
5.839370531  
18.77030987  
25.46211713  
23.82887503  
14.1573023  
-0.6945488539  
-16.0619487  
-26.96473543  
-29.76520435  
-23.34987664  
-9.389017528  
8.386970819  
25.55566002  
38.44178637  
45.07908976  
45.40453601  
40.7529072  
33.00689461  
23.84705754  
14.4138661  
5.425585286  
-2.461673074  
-8.379101792  
-11.30172123  
-10.4575525  
-5.870681143  
1.301317796  
8.905632462  
14.44637012  
16.0125729  
13.06761563  
6.708788738  
-0.770654081  
-6.861158067  
-9.934645575  
-9.959069246  
-8.486111847  
-7.894891361  
-10.21930274  
-16.08686125  
-24.25751119  
-31.98637153  
-36.06747865  
-34.11438523  
-25.53558395  
-11.80719501  
4.040424467  
18.47124021  
28.57439086  
32.83728919  
31.32587581  
25.32121581  
16.68296382  
7.268721462  
-1.375808295  
-8.047267639  
-11.80170526  
-11.96807322  
-8.360831314  
-1.604552221  
6.668409737  
13.99715045  
17.74024345  
16.0289435  
8.641679941  
-2.636125873  
-14.43382605  
-22.93391362  
-25.31651665  
-20.91255005  
-11.54544112  
-0.8680701527  
7.063210991  
9.389589504  
5.548064104  
-2.595797283  
-11.61692478  
-17.99662489  
-19.52812937  
-16.05894179  
-9.2956693  
-1.840412739  
4.029670136  
7.246257974  
8.115577398  
7.772494744  
7.294964311  
7.005943978  
6.359946288  
4.466811698  
0.9317658798  
-3.51213318  
-7.017987145  
-7.387559292  
-3.263253958  
4.85397846  
14.35064607  
21.27509939  
21.91049804  
14.49240507  
0.2779166669  
-16.59356867  
-30.49324126  
-36.42948923  
-32.03286544  
-18.55180943  
-0.4176597719  
16.45497646  
26.92803013  
28.52597059  
22.18956033  
11.63646539  
1.658179468  
-3.890853683  
-3.571917919  
1.257949621  
7.238046069  
10.55701857  
8.581335871  
0.9076639672  
-10.51948014  
-22.18074248  
-30.27012133  
-31.98419814  
-26.37677122  
-14.5644254  
0.6827135921  
15.75569698  
27.15632811  
32.34386642  
30.31433849  
21.81773776  
9.17175358  
-4.312425589  
-15.19492876  
-20.8642448  
-20.30671766  
-14.40863239  
-5.62932673  
2.89613213  
8.524713409  
10.09385022  
8.312830782  
5.364548956  
3.862851281  
5.608989949  
10.70507259  
17.44195313  
23.03542275  
24.88989056  
21.81186658  
14.60500643  
5.75985501  
-1.6246237  
-5.186033963  
-4.28251048  
-0.1643563883  
4.722325466  
7.935343728  
8.138365739  
5.568741061  
1.669106737  
-1.885777306  
-4.223389063  
-5.797002354  
-8.098484602  
-12.69684939  
-20.11319247  
-29.15907745  
-37.15253034  
-40.98480245  
-38.56037173  
-29.90628781  
-17.3683442  
-4.734955984  
4.34876818  
7.949918877  
6.653896209  
3.206760603  
1.142170221  
3.031375644  
9.186516347  
17.44397128  
24.14878901  
25.8933341  
21.20309854  
11.38093924  
0.1067177919  
-8.040688134  
-9.486627258  
-3.157650952  
9.059124271  
23.0518143  
34.05300293  
38.35289336  
34.46587997  
23.35906686  
7.788945109  
-8.844687813  
-23.5884802  
-34.56157976  
-41.00732374  
-42.95110835  
-40.78823591  
-35.06582588  
-26.52487512  
-16.26099555  
-5.770526981  
3.278133605  
9.519665301  
12.39788737  
12.41781591  
10.95585993  
9.658865854  
9.686336732  
11.15509283  
13.0694128  
13.79391256  
11.86298531  
6.752490775  
-0.7484825864  
-8.74203318  
-14.91206832  
-17.39524411  
-15.46191033  
-9.744694817  
-1.968025394  
5.657580245  
11.10592582  
13.03276653  
10.99496306  
5.428063101  
-2.506972233  
-11.12030909  
-18.42628697  
-22.46897707  
-21.7786132  
-15.89420763  
-5.761009846  
6.244833222  
16.8287936  
22.77556067  
22.1212649  
15.02696521  
3.921818687  
-7.251031103  
-14.46523332  
-15.16493104  
-9.28022207  
0.7623744619  
11.0730418  
17.94175918  
19.36572211  
15.77403944  
9.627294301  
4.096730329  
1.466703942  
2.03973022  
4.081985319  
4.838302303  
2.114295216  
-4.369899325  
-12.5546671  
-18.8015752  
-19.51520014  
-12.86767068  
0.2040843952  
16.22601866  
30.55886386  
39.28804391  
40.75919866  
36.06102462  
28.26560007  
20.83139677  
15.96424767  
13.72771999  
12.30304556  
9.217754947  
2.881626357  
-6.372730454  
-16.28284662  
-23.68690186  
-26.06363406  
-22.79342087  
-15.4947502  
-7.263757828  
-1.206637234  
0.9810716611  
-0.3426568232  
-3.230118015  
-5.463328247  
-6.016909687  
-5.851694989  
-7.548805612  
-13.88867386  
-26.05172708  
-42.37350764  
-58.38256005  
-68.26423512  
-67.19919306  
-53.5573817  
-29.92356351  
-2.409729025  
21.53651324  
35.93486731  
38.49964643  
31.34056941  
19.85085969  
10.28830631  
7.116832699  
11.2565817  
19.9614368  
28.30668585  
31.56407867  
27.38115797  
16.81465265  
3.815825488  
-6.535279538  
-10.2181389  
-5.918966575  
4.52990109  
17.01541581  
26.84372114  
30.49206812  
