34.42800696  
44.55977424  
47.21534262  
41.30803942  
29.10193681  
15.0813507  
3.86249181  
-1.841764904  
-2.253167034  
-0.1180939098  
0.8787322599  
-1.933333715  
-8.837481337  
-17.56106821  
-24.34393492  
-25.70172876  
-20.05791126  
-8.531167417  
5.412065457  
17.22154298  
22.86972346  
20.16265635  
9.327327816  
-7.209603666  
-25.6363703  
-41.81063435  
-52.23518131  
-54.76629982  
-48.98965896  
-36.25472403  
-19.36263619  
-1.913651619  
12.60590642  
21.78772041  
24.99734709  
23.48906568  
19.80396147  
16.6180374  
15.4988865  
16.1449319  
16.52179445  
13.91451204  
6.454656507  
-5.606959963  
-19.5594487  
-31.09677786  
-36.08248213  
-32.43330851  
-21.22110699  
-6.413142727  
6.702303142  
13.72450545  
12.97583379  
6.113352318  
-2.762867396  
-9.070051532  
-9.832734494  
-4.920783773  
3.110105311  
10.42527171  
13.81351423  
12.12575014  
6.573094344  
-0.1767171953  
-5.544418986  
-8.361270581  
-9.269243764  
-10.03458407  
-12.21912073  
-16.00596315  
-19.88128457  
-21.38759651  
-18.55070857  
-11.18581393  
-1.323737355  
7.540623704  
12.03744508  
10.5407171  
3.966830682  
-4.676669779  
-11.76425956  
-14.77474246  
-13.35685515  
-9.190773693  
-4.757217457  
-1.732759824  
0.05436846773  
2.475936973  
7.800411882  
16.949094  
28.33415529  
38.05169454  
41.50259353  
35.72307063  
21.24661807  
2.45848247  
-13.89827582  
-21.48653104  
-17.15392732  
-2.399254631  
17.21425511  
34.46722463  
43.60468401  
42.71499209  
34.27549514  
23.66584637  
16.42734129  
15.62573805  
20.5765634  
27.47782234  
31.53749089  
29.46456447  
21.06533118  
9.194084532  
-1.830494357  
-8.463745806  
-9.661643332  
-7.24770213  
-4.808327615  
-5.760030177  
-11.61785229  
-21.3284052  
-31.92853401  
-40.08994136  
-43.68466681  
-42.56718987  
-38.25462176  
-32.81078318  
-27.65200397  
-22.97422306  
-18.08193424  
-12.33440986  
-6.046715285  
-0.7115752852  
1.671281973  
-0.1929846311  
-5.869975243  
-13.04129961  
-18.43916941  
-19.45802764  
-15.58916988  
-8.842196109  
-2.814887343  
-0.8046565639  
-3.922247979  
-10.24820718  
-15.58476889  
-15.53383326  
-7.897846616  
5.842975582  
20.82093813  
30.81359982  
31.09316761  
20.7069203  
3.037196101  
-15.67639529  
-29.15298512  
-33.84289262  
-30.28739897  
-22.4112187  
-15.14936087  
-11.66976617  
-11.66304503  
-11.61709808  
-6.94973135  
5.122396229  
23.52453158  
43.24137536  
57.373475  
60.37427728  
50.85202888  
32.4787534  
12.46235643  
-1.744454181  
-5.914818879  
-0.9840521711  
7.533926113  
12.39971848  
8.389992817  
-4.91314549  
-22.67753563  
-36.97515506  
-40.51712349  
-30.17567634  
-8.59620922  
16.87527932  
37.43355228  
46.68048361  
43.29979648  
31.3260091  
17.96017528  
10.04195643  
10.8800235  
18.90558665  
28.69233617  
33.74809649  
29.68178371  
16.24904349  
-2.608948722  
-20.62933723  
-32.01538448  
-33.81829134  
-26.88239661  
-15.07811313  
-3.358683285  
4.348736593  
6.462288017  
3.821756023  
-1.279736209  
-6.448197074  
-10.19997308  
-12.21968457  
-12.93044326  
-12.80763244  
-11.93305329  
-10.05063699  
-7.015184042  
-3.255405242  
0.1383796372  
1.843179832  
1.040413793  
-1.982873298  
-5.781647092  
-8.370815496  
-8.243598809  
-5.253485368  
-0.8466659133  
2.551300631  
2.73847285  
-1.068418085  
-7.681810424  
-14.36665031  
-18.07496398  
-16.89671755  
-10.99532659  
-2.540248353  
5.346696818  
10.10430454  
10.93040274  
9.043914646  
6.868458272  
6.563228817  
8.68428718  
11.7170294  
12.78659887  
9.240591463  
0.3182288843  
-11.97769123  
-23.33844129  
-28.8337715  
-25.10328593  
-12.04642528  
6.810573136  
25.50779968  
37.93074675  
40.20035028  
32.14051  
17.20342512  
0.920514438  
-11.40857653  
-16.76964921  
-15.36974693  
-10.12987425  
-5.064793862  
-3.350062046  
-5.962204323  
-11.45791593  
-16.90395318  
-19.44516974  
-17.73941355  
-12.59784589  
-6.570757826  
-2.716897081  
-3.153346977  
-8.055509029  
-15.54560715  
-22.49624194  
-25.87456916  
-24.03376436  
-17.40451428  
-8.310470017  
-0.00305573945  
4.677667823  
4.473828783  
0.2533103734  
-5.280651172  
-8.603013399  
-6.727444529  
1.583432155  
15.20215355  
30.85155477  
44.10238128  
50.83222119  
48.65422255  
37.81693397  
21.23850044  
3.628115497  
-10.03236946  
-16.13142249  
-13.61480796  
-4.281423355  
7.929378718  
18.39980933  
23.49781749  
21.81360849  
14.50815742  
4.668665448  
-4.032988633  
-8.807974007  
-8.741843719  
-4.933289007  
0.2122816753  
4.160246133  
5.335304828  
3.640187007  
0.2227683552  
-3.316534021  
-5.821374484  
-7.098840856  
-7.802795394  
-8.77965575  
-10.28023758  
-11.53256975  
-10.99075912  
-7.206447693  
0.1009788412  
9.374120365  
17.41430184  
20.51545659  
16.12400947  
4.28434727  
-11.86620174  
-26.92373671  
-35.15539717  
-32.8039062  
-19.78223698  
0.02035513456  
20.03765871  
33.46112374  
35.83360944  
26.73394851  
9.856185478  
-8.535458324  
-22.10893456  
-26.86752528  
-22.4704505  
-11.98481886  
-0.2734791873  
8.203660064  
11.1917126  
9.301885194  
5.341357393  
2.727766146  
3.783148634  
8.696322388  
15.5759488  
21.48147222  
23.87366035  
21.77215591  
16.09927699  
9.110963325  
3.25538093  
0.04432119985  
-0.5301421718  
0.1958301185  
0.3627086302  
-1.436226477  
-5.494166608  
-10.93500215  
-16.2299163  
-19.97631238  
-21.52963846  
-21.19369495  
-19.9275484  
-18.77686757  
-18.35491174  
-18.63542468  
-19.12208027  
-19.24680902  
-18.73714593  
-17.73715632  
-16.63254062  
-15.71547273  
-14.92108439  
-13.81843953  
-11.87536858  
-8.83660344  
-4.966852024  
-0.9745631768  
2.381743358  
4.797381183  
6.725178455  
9.240372886  
13.45334945  
19.72248543  
27.08225486  
33.25743984  
35.38216145  
31.1926256  
20.18592372  
4.183544161  
-13.04397794  
-27.02947044  
-34.26392261  
-33.55823955  
-26.50195303  
-16.7790757  
-8.598360256  
-4.895693991  
-6.086632898  
-9.923824635  
-12.54139813  
-10.25055405  
-1.317285526  
13.05160685  
28.95895041  
41.23044035  
45.42960963  
39.6620591  
25.44167449  
7.269290735  
-8.915104101  
-17.81255117  
-16.59582802  
-5.826856116  
10.83863577  
28.00227361  
40.40007684  
44.61917827  
40.06856388  
28.92131103  
15.12508761  
2.895639416  
-4.745058641  
-6.882843103  
-4.803655478  
-1.297933948  
0.5173193578  
-1.595251347  
-8.189360307  
-17.9920688  
-28.42673634  
-36.56726613  
-40.15093417  
-38.28200311  
-31.60028317  
-21.90386585  
-11.41875337  
-2.022009829  
5.288276457  
10.50918032  
14.34729165  
17.69990974  
21.14422795  
24.64414312  
27.57300878  
29.01314001  
28.18830995  
24.84857677  
19.46102112  
13.14046325  
7.344379748  
3.426454565  
2.181553064  
3.519250795  
6.379564786  
8.95433342  
9.199124043  
5.523738214  
-2.543731989  
-13.97041171  
-26.31932356  
-36.40322782  
-41.34157902  
-39.66618411  
-32.02602659  
-21.13132895  
-10.84884325  
-4.72253345  
-4.49027309  
-9.245370892  
-15.68123612  
-19.41634005  
-16.90663976  
-7.137311615  
7.683730211  
22.81433197  
32.82873017  
33.8655099  
25.28548367  
9.977129372  
-6.859960672  
-19.92581551  
-26.02458536  
-25.24886275  
-20.60029271  
-16.24572501  
-15.27032507  
-18.04528481  
-22.04007129  
-23.20295595  
-18.24694674  
-6.697110354  
8.370729645  
21.36084099  
26.55907647  
20.8115481  
5.205380003  
-15.09193393  
-32.82723881  
-41.61977973  
-38.55161765  
-25.22756817  
-6.859917004  
10.14620035  
20.94929415  
24.09665805  
21.63775947  
17.59831187  
15.67261067  
17.32967258  
21.26310477  
24.39331681  
23.82927512  
18.71447363  
10.96167978  
4.468009207  
3.193369642  
9.076887695  
20.85869356  
