27.54307932  
24.38371925  
17.42874238  
7.904766848  
-2.890933003  
-13.73799633  
-23.45591731  
-30.82830053  
-34.651188  
-33.98110075  
-28.51757218  
-18.93970748  
-6.989768371  
4.820180429  
13.84555633  
18.09785663  
16.90307705  
11.17355711  
3.168133849  
-4.199129452  
-8.27616685  
-7.508769041  
-1.918150929  
6.929944942  
16.44128357  
23.81367146  
26.89257474  
24.79456359  
18.11850063  
8.700341517  
-0.9914590203  
-8.61988899  
-12.66457296  
-12.8245383  
-10.02867456  
-6.067201347  
-2.974075061  
-2.363815055  
-4.93463563  
-10.28970707  
-17.11932939  
-23.66569809  
-28.30061043  
-30.01760388  
-28.68204696  
-24.97886002  
-20.1084437  
-15.36425241  
-11.74953836  
-9.751962367  
-9.315982143  
-9.97145059  
-11.03028354  
-11.76573725  
-11.5325109  
-9.838237714  
-6.407466944  
-1.267514417  
5.158847221  
12.01718023  
18.12000058  
22.22058737  
23.41923408  
21.56854272  
17.49670595  
12.89947803  
9.865543496  
10.15520709  
14.48387581  
22.10188259  
30.88136499  
37.93743173  
40.59698381  
37.37107911  
28.56009464  
16.2433237  
3.634083091  
-5.974308048  
-10.28729876  
-8.720763734  
-2.501377926  
5.848580284  
13.41402199  
17.82091341  
17.86643457  
13.66569475  
6.347123956  
-2.496914436  
-11.33571  
-18.99921757  
-24.69991381  
-27.88212625  
-28.08488379  
-24.97170525  
-18.55594236  
-9.502103734  
0.7061143233  
9.916396664  
15.82734852  
16.73984886  
12.25557737  
3.606862684  
-6.582727074  
-15.08841387  
-19.17038266  
-17.55688217  
-10.93781678  
-1.757421277  
6.63722394  
11.18182916  
10.17158034  
3.828766118  
-5.839210555  
-15.81630763  
-23.1757036  
-26.07682158  
-24.29939983  
-19.14806797  
-12.80981412  
-7.447090364  
-4.389061371  
-3.718959696  
-4.384224466  
-4.750021629  
-3.357250399  
0.414515758  
6.026511403  
11.91512557  
16.02857496  
16.57614618  
12.7314871  
5.046633413  
-4.575877953  
-13.36917328  
-18.5173725  
-18.05946642  
-11.59400997  
-0.5372332923  
12.18900491  
22.98429859  
28.67595521  
27.54952134  
19.94325067  
8.173611732  
-4.215366371  
-13.63620271  
-17.65736429  
-15.77553414  
-9.469149292  
-1.517173614  
5.138964073  
8.524115548  
8.286082352  
5.61958176  
2.517334518  
0.707093125  
0.7773059753  
1.909591565  
2.355637897  
0.440975993  
-4.386686784  
-10.99441308  
-16.81124347  
-18.84086111  
-15.02239262  
-5.325675203  
7.954542501  
20.90728507  
29.47539026  
31.08706905  
25.74637375  
16.08751005  
6.33363579  
0.5752570709  
1.084904058  
7.379907952  
16.42773174  
23.90209046  
25.9519188  
20.73914213  
9.115884603  
-5.803715494  
-19.94657522  
-29.87006999  
-33.9618607  
-32.78271198  
-28.48429682  
-23.6377038  
-20.03831563  
-18.01734484  
-16.52243973  
-13.8644703  
-8.734966919  
-1.004698043  
8.054912387  
16.20396215  
21.10417499  
21.2369916  
16.49082392  
8.208936738  
-1.271864244  
-9.368417333  
-13.98849452  
-14.02183907  
-9.488184745  
-1.386922623  
8.626532852  
18.61300502  
26.69740781  
31.37387981  
31.76687079  
27.82315804  
20.37242023  
10.98756537  
1.623287142  
-5.897495318  
-10.39189322  
-11.63078765  
-10.32553157  
-7.783297777  
-5.372152999  
-4.02454221  
-3.990472224  
-4.931033439  
-6.276079934  
-7.640016459  
-9.064800803  
-10.95540055  
-13.74201568  
-17.45888406  
-21.48703333  
-24.63502225  
-25.55917272  
-23.34251127  
-17.9536891  
-10.35078972  
-2.160521333  
4.92844143  
9.776853033  
12.12664132  
12.51169355  
11.82115556  
10.76610662  
9.544160439  
7.882444506  
5.423021062  
2.21241993  
-1.021137209  
-3.021367416  
-2.576402862  
0.749648318  
6.117360527  
11.4695716  
14.22344712  
12.3576412  
5.426167402  
-4.989876867  
-15.6650995  
-22.85637808  
-23.73656438  
-17.53630276  
-5.898271241  
7.721280729  
19.35886262  
26.00929497  
26.64311836  
22.37875087  
15.79130244  
9.712080195  
6.06886453  
5.256470055  
6.250430552  
7.324782281  
6.976042006  
4.604303215  
0.6683186667  
-3.683643757  
-7.249266707  
-9.315352601  
-9.841941642  
-9.245693384  
-7.969062172  
-6.131632491  
-3.494673879  
0.2289050783  
4.907110061  
9.668413105  
12.97678598  
13.146904  
9.097830741  
0.9869206691  
-9.612339493  
-20.12588797  
-27.84504279  
-30.87700422  
-28.76509554  
-22.51514678  
-14.04573588  
-5.350278588  
2.216390588  
8.198634752  
12.76955965  
16.13787778  
18.01610308  
17.502214  
13.5009307  
5.501981455  
-5.698072311  
-17.77072612  
-27.36208277  
-31.21787777  
-27.4889418  
-16.63955299  
-1.508214045  
13.58221899  
24.35169171  
28.11970628  
24.74987719  
16.58871617  
7.428908884  
0.9390856996  
-0.7794077693  
2.082646281  
7.306241988  
11.74023018  
12.72930188  
9.258302636  
2.350141712  
-5.40502641  
-10.94123084  
-11.94158347  
-7.694512976  
0.7233384998  
10.93691035  
20.16373541  
26.11080367  
