-0.9803699967  
-7.692534687  
-20.81819991  
-35.990704  
-46.72547346  
-47.40163297  
-35.95478333  
-15.01060086  
9.084506623  
28.89661688  
38.98803532  
38.040902  
29.07672868  
17.73131757  
9.449417889  
6.941098312  
9.076452021  
11.68061213  
9.783213634  
0.2116408552  
-16.6988929  
-37.04049493  
-54.87735833  
-64.62849208  
-63.1879974  
-50.88898859  
-31.02247967  
-8.303080605  
12.90363125  
29.79397395  
41.38175569  
47.94090573  
50.16514936  
48.61789766  
43.75657815  
36.38739286  
28.10137187  
21.23478769  
18.19272242  
20.39395805  
27.39135248  
36.71183244  
44.62668252  
47.5857135  
43.67374743  
33.39750995  
19.41844755  
5.363559361  
-5.69405799  
-12.33899514  
-14.98399324  
-15.09275063  
-13.94499239  
-11.67770477  
-7.181436748  
1.04529913  
13.52745003  
28.70476326  
42.78004552  
50.77120601  
48.40211345  
34.01161201  
9.590086334  
-19.58448878  
-46.61362153  
-65.27054659  
-71.97296592  
-66.66889903  
-52.38126233  
-33.75530462  
-15.34437756  
-0.3816974861  
9.554032404  
14.07266185  
13.18953957  
6.803645838  
-5.220424329  
-22.43732766  
-43.10433356  
-63.90478013  
-80.45061148  
-88.49933585  
-85.42243848  
-71.28366489  
-49.01501372  
-23.55926399  
-0.2955562269  
16.63388849  
25.45402051  
26.95755321  
23.79168904  
19.20938928  
15.83310694  
14.90122572  
16.20683539  
18.62763461  
20.92249094  
22.41333604  
23.27547294  
24.35549306  
26.63290233  
30.56647526  
35.59498454  
40.00060857  
41.22870758  
36.61666841  
24.34997555  
4.360909212  
-21.15221499  
-47.84699587  
-70.09661998  
-82.43828261  
-81.21861313  
-65.89771573  
-39.51423546  
-8.054571819  
21.15659078  
41.55863971  
49.25832291  
44.08998039  
29.48748851  
11.24949193  
-4.336384387  
-12.35746976  
-10.54718737  
0.3442009426  
17.04389791  
34.82308872  
48.7505897  
54.81908078  
50.77261408  
36.58057406  
14.53782584  
-11.05475417  
-34.68212158  
-50.85043708  
-55.55574024  
-47.57887617  
-29.11189455  
-5.348385968  
16.98559178  
31.74763831  
35.39818458  
28.14174166  
13.7140872  
-2.115286943  
-13.71532621  
-17.55046269  
-13.15156386  
-2.800903518  
9.779835666  
21.02823  
28.6703334  
31.96224422  
31.1525571  
26.6977399  
18.84439273  
7.890587693  
-5.070192948  
-17.52844213  
-25.71116528  
-25.77033308  
-15.63461114  
3.376265505  
26.16800073  
45.24616277  
53.52963675  
47.47363217  
29.03532297  
5.390540287  
-13.71918208  
-20.00043445  
-10.23803868  
12.14141494  
38.38035904  
58.07075241  
63.57501639  
53.17624266  
31.51572497  
7.147739639  
-11.59329555  
-20.41954353  
-20.78241909  
-18.65880163  
-21.08650322  
-32.20618225  
-50.79669857  
-70.53973362  
-82.89209492  
-81.15763715  
-63.77053659  
-35.20798678  
-4.128971654  
20.31256919  
32.17796095  
30.73577738  
19.91214905  
5.668911312  
-7.215998658  
-17.27513114  
-26.35205875  
-37.61247442  
-52.76607137  
-70.10553342  
-84.52090633  
-89.58804611  
-80.72008698  
-57.78538264  
-25.83179949  
6.515106246  
30.27555169  
39.48762794  
33.23020343  
15.50057605  
-6.801401602  
-26.68358343  
-39.32981657  
-42.93970706  
-38.10099672  
-26.42047853  
-9.41257612  
11.68964945  
35.24682731  
58.34490326  
76.63229076  
85.35495189  
81.31798702  
64.81293772  
40.35894979  
15.57252274  
-1.596271674  
-6.121460987  
1.875475191  
17.08825256  
31.33074662  
37.20535591  
31.45175423  
16.39692592  
-1.191873118  
-13.3115062  
-14.45958112  
-4.136236644  
13.04068473  
29.588653  
38.63155858  
36.89633896  
25.84678781  
10.54116642  
-3.066442714  
-10.93877156  
-12.48319878  
-10.14649038  
-7.474597863  
-6.821019183  
-8.008419812  
-8.664211258  
-5.987107552  
1.110758827  
10.76968687  
18.65737725  
20.01971854  
12.28698144  
-3.151459698  
-21.02721469  
-34.23912413  
-36.9749146  
-27.44123069  
-8.880668453  
11.64648179  
26.18200272  
29.16520874  
19.63001761  
1.382534345  
-18.80528583  
-34.05777477  
-39.98860347  
-35.94961015  
-24.58848644  
-10.18192987  
3.297709877  
13.46211497  
19.70398903  
22.51937155  
22.5920205  
20.28396655  
15.80055371  
9.789215781  
3.805853492  
0.1382285967  
0.8818132994  
6.6827275  
15.87728749  
24.66525831  
28.46603742  
23.97010641  
10.95123386  
-7.094848842  
-23.93596677  
-32.9193846  
-29.67468733  
-14.03494672  
9.678085436  
34.14522783  
51.6847769  
56.92596215  
48.45375829  
28.86664475  
3.404685989  
-22.11390554  
-43.12189204  
-57.22486692  
-64.06718698  
-64.5061522  
-59.70769986  
-50.67273696  
-38.34400013  
-24.05350446  
-9.868214052  
1.52702827  
7.469197866  
6.207576686  
-2.400192626  
-16.74831835  
-33.97611233  
-50.84898957  
-64.60210614  
-73.3837606  
-76.19205387  
-72.50244629  
-61.9528045  
-44.39178419  
-20.33689344  
8.420313901  
38.49864429  
65.2667973  
83.90215649  
90.85400279  
85.13230275  
68.84420419  
46.68102026  
24.4930096  
7.477730091  
-1.335735278  
-1.760779091  
3.894101574  
11.96093646  
18.82413451  
22.06245018  
20.97178848  
16.42380575  
10.27798876  
4.668876014  
1.428315491  
1.741791894  
5.993907593  
13.70964759  
23.55037815  
33.41921842  
40.7741777  
43.1937986  
39.09906145  
28.39240412  
12.72500565  
-4.799019923  
-20.45343761  
-30.98984919  
-34.60140493  
-31.38779663  
-23.16819733  
-12.76643267  
-3.104170615  
3.525572149  
5.77410121  
3.15877268  
-4.188732441  
-15.67242466  
-30.13318241  
-45.58756863  
-59.08430418  
-66.9890273  
-65.82521279  
-53.48748778  
-30.35745953  
0.2340419707  
32.56666201  
60.07160949  
77.36012067  
81.9694413  
75.10381343  
61.0280686  
45.32908356  
32.7483133  
25.48478371  
22.66676681  
21.18129276  
17.45161993  
9.337065234  
-2.714097132  
-15.78175088  
-25.80229307  
-29.49852443  
-26.02789697  
-17.59080153  
-8.703484338  
-4.429159631  
-8.313629254  
-20.89109426  
-39.37024331  
-58.60455697  
-72.92140497  
-78.06249349  
-72.4947746  
-57.66308122  
-37.21230368  
-15.60376225  
3.277849616  
17.02972152  
24.94217428  
27.63609598  
26.4535283  
22.93716478  
18.57369913  
14.75544052  
12.76807326  
13.61671306  
17.65166487  
24.15382651  
31.16450885  
35.80645194  
35.13978907  
27.31788563  
12.59395556  
-6.300174504  
-24.68358351  
-37.29062292  
-40.03084675  
-31.49606564  
-13.61569951  
8.835979382  
29.73810866  
43.59243905  
47.24420264  
40.73744971  
27.03147731  
10.74495067  
-3.548520027  
-12.81759613  
-16.33995916  
-15.54263595  
-13.09437239  
-11.69500249  
-13.06486752  
-17.48762705  
-23.98201021  
-30.91045761  
-36.68457965  
-40.24841873  
-41.18512926  
-39.50151026  
-35.30081084  
-28.58349706  
-19.31432285  
-7.723797153  
5.344296849  
18.28192748  
28.93548811  
35.19610886  
35.7723773  
30.8329113  
22.21088264  
13.00896491  
6.671242979  
5.818169951  
11.26575888  
21.62101232  
33.65486931  
43.36923233  
47.40187789  
44.25695163  
34.88605342  
22.36609153  
10.75843859  
3.557294264  
2.316868308  
6.005593352  
11.37191563  
14.21834724  
11.11330922  
0.879279125  
-14.73932227  
-31.51832729  
-44.16682355  
-48.19375296  
-41.53333695  
-25.335232  
-3.650857447  
17.83272169  
33.52555545  
39.52359778  
34.56161945  
20.12525495  
-0.1693960952  
-21.61175691  
-39.49713741  
-50.04750404  
-51.06525102  
-42.33155709  
-25.75556784  
-5.203962218  
14.1136556  
26.76673229  
28.59994152  
18.20990207  
-2.161451902  
-26.8265328  
-48.12356524  
-58.82981171  
-54.71526537  
-36.23948134  
-8.620443981  
19.89334082  
40.96892307  
49.21344926  
44.03890497  
29.57562236  
12.66610786  
-0.1871235073  
-5.571994299  
-4.395006605  
-1.055703569  
