42.89848149  
45.45219939  
44.26259869  
40.1118217  
34.85766318  
30.68377504  
29.07567859  
30.0301692  
31.94152851  
32.30419652  
28.96869657  
21.37999171  
11.18091408  
1.817809979  
-2.762626944  
0.2045268092  
10.98587211  
27.01767497  
43.75372377  
56.3576884  
61.51219452  
58.55340988  
49.44262957  
37.61843542  
26.2895683  
16.98258231  
9.030069531  
0.2307771125  
-11.65280948  
-27.30281125  
-44.96158095  
-60.73213073  
-69.98833616  
-69.29602104  
-57.996273  
-38.73957868  
-16.71680236  
2.103742567  
13.01057946  
14.04791892  
6.436081582  
-6.154707165  
-19.08491703  
-28.34251165  
-31.66689582  
-28.89806347  
-21.60691407  
-12.3206251  
-3.714142222  
1.987084302  
3.345429583  
-0.1155088467  
-7.801579291  
-18.00546551  
-28.05269876  
-34.78214648  
-35.38473718  
-28.40685292  
-14.53354982  
3.261510418  
20.4203683  
32.22548581  
35.45196501  
29.58093603  
17.0261632  
2.217432309  
-10.12154716  
-16.79188819  
-17.26302301  
-13.65767827  
-9.608691501  
-8.523550475  
-12.04788832  
-19.40913271  
-27.89570294  
-34.1942603  
-35.9217048  
-32.629246  
-25.84451752  
-18.20006838  
-12.13441313  
-8.828902157  
-7.884598299  
-7.839190405  
-7.187590672  
-5.325027782  
-2.896270715  
-1.369897828  
-2.080082427  
-5.270189213  
-9.679643187  
-12.93579183  
-12.5922649  
-7.309865227  
2.413136025  
14.34370091  
25.42482951  
33.0724803  
36.24784961  
35.80590114  
33.97496636  
33.23900505  
35.16786373  
39.74189306  
45.45361407  
50.08180915  
51.71823142  
49.53730534  
43.96820132  
36.25717567  
27.72100019  
19.1281938  
10.54106346  
1.67218135  
-7.491678334  
-16.20382207  
-22.94803801  
-25.98342795  
-24.20831491  
-17.90643224  
-8.958996292  
-0.3447066576  
4.909056191  
4.887320973  
-0.4474122516  
-9.225315633  
-18.38650499  
-24.82960001  
-26.50090733  
-22.98932195  
-15.44096009  
-5.92105576  
3.422608594  
11.00565843  
16.02732509  
18.28365618  
17.80423321  
14.60519994  
8.738280906  
0.5969427394  
-8.754744811  
-17.52450389  
-23.57812423  
-25.19854511  
-21.90569224  
-14.92191047  
-6.972831751  
-1.394504496  
-0.8494940753  
-6.176899376  
-15.89597518  
-26.63493291  
-34.36450397  
-35.95429597  
-30.40530275  
-19.22855334  
-5.796689834  
6.062537836  
13.62840325  
16.33042906  
15.824716  
15.08075837  
16.8969626  
22.51469741  
30.95778162  
39.39686743  
44.37694558  
43.35796008  
35.87664306  
23.80961534  
10.62227274  
-0.05613383196  
-5.89128172  
-6.691367048  
-4.28352448  
-1.507501641  
-0.8157343648  
-3.139299707  
-7.541235273  
-11.79933238  
-13.61801755  
-11.87171985  
-7.269209565  
-2.106117445  
0.7910269697  
-0.5636194214  
-6.278861803  
-14.38779329  
-21.60351257  
-24.70316278  
-21.92196293  
-13.73159331  
-2.657260915  
7.777481656  
14.50195724  
16.10551823  
13.28819007  
8.39489509  
4.281391417  
3.036992035  
5.118590437  
9.233074094  
12.95920646  
13.78798255  
10.1211336  
1.842093661  
-9.697222776  
-22.17219905  
-32.9984516  
-39.98298593  
-41.74756957  
-37.90789479  
-29.08743543  
-16.84238054  
-3.498881388  
8.16712314  
15.47141895  
16.54323596  
11.03186739  
0.4962255247  
-11.79363575  
-21.72238854  
-25.65567152  
-21.7685196  
-10.84027279  
3.862985882  
17.64917408  
26.04131039  
26.37410557  
18.71909261  
5.779816395  
-8.176516612  
-18.89120009  
-23.54383559  
-21.49240099  
-14.10628801  
-3.877309067  
6.717643489  
16.07777119  
23.73224757  
29.98351428  
35.23243788  
39.40033356  
41.76850377  
41.30429165  
37.27457005  
29.79789673  
20.02390359  
9.825568972  
1.137361463  
-4.754043833  
-7.642891488  
-8.376491213  
-8.39810571  
-9.081126152  
-11.14751521  
-14.40163182  
-17.85554999  
-20.1571044  
-20.1288461  
-17.21656872  
-11.7128903  
-4.716005389  
2.136805328  
7.080112819  
8.681715917  
6.256362748  
0.1299396268  
-8.342131983  
-17.05853439  
-23.72919951  
-26.56472016  
-24.86601658  
-19.27438324  
-11.54449642  
-3.893866493  
1.819330178  
4.736353671  
5.162175195  
4.177165721  
2.896019325  
1.771363367  
0.3430573921  
-2.383149048  
-7.085060096  
-13.25667034  
-18.86081963  
-20.83345529  
-16.35256627  
-4.348212981  
13.49184316  
32.83223601  
48.05724933  
54.43530786  
50.17170591  
37.38732834  
21.46736978  
8.933119307  
4.68738267  
9.831617804  
21.06740878  
32.0272867  
36.02235581  
29.03424814  
11.63069972  
-11.06811347  
-31.39564971  
-42.26704366  
-40.08168376  
-26.1564217  
-6.100850156  
12.54804983  
23.37243028  
23.48929573  
14.36144106  
0.7789195907  
-11.40773625  
-17.72679977  
-16.64298267  
-9.672879966  
-0.2019233273  
8.280847799  
13.63175654  
15.5487339  
15.02395175  
13.20149968  
10.35662528  
5.592730723  
-2.572775992  
-15.06087727  
-31.16417216  
-48.17989979  
-62.02081805  
-68.59899351  
-65.39423364  
-52.51875426  
-32.81174245  
-10.92783563  
8.187783305  
20.81307385  
25.3835283  
22.57567239  
14.64804148  
4.431331971  
-5.57034459  
-13.65409982  
-18.9211721  
-20.9996073  
-19.77340919  
-15.32669375  
-8.120692307  
0.7660507908  
9.582001565  
16.20320473  
18.77170445  
16.44760902  
9.937079791  
1.503292452  
-5.640483855  
-8.396692705  
-4.933737283  
4.526203028  
17.6219928  
30.55844576  
39.38694015  
41.41364579  
36.21387479  
25.85500869  
14.21015355  
5.581993929  
3.125659298  
7.654605784  
17.29143215  
28.12052156  
35.62130372  
36.35360796  
29.2529601  
16.03054512  
0.5136826859  
-12.82000831  
-20.5366474  
-21.49518489  
-17.15743343  
-10.85132219  
-6.310564394  
-6.108974573  
-10.63862728  
-18.03652018  
-25.05342746  
-28.46270884  
-26.39987227  
-19.08736352  
-8.695361979  
1.530719049  
8.454266773  
10.04562966  
5.849756191  
-3.13834429  
-14.98945011  
-27.43355856  
-38.28939665  
-45.67744036  
-48.13996067  
-44.83888294  
-35.8905537  
-22.69891724  
-8.003694243  
4.611281594  
11.77584745  
11.65060451  
4.941359755  
-4.961729779  
-12.99496583  
-14.35071573  
-6.607200755  
8.877695507  
27.04297681  
40.82902935  
43.94726817  
33.61632381  
12.08082856  
-13.8299925  
-35.04500064  
-43.61749809  
-35.76712688  
-13.35045636  
16.84698303  
45.69891583  
65.1336152  
70.95571603  
63.99911145  
49.254643  
33.47172711  
22.32922827  
18.36376275  
20.42403812  
24.70733259  
26.76323377  
23.5102481  
14.4200252  
1.486560475  
-11.83207746  
-22.10143088  
-27.14309887  
-26.5570958  
-21.47223432  
-13.80886631  
-5.482659099  
2.111529801  
8.228218945  
12.62826123  
15.37572536  
16.72454957  
17.0984794  
17.04921173  
17.07665632  
17.31378912  
17.23490103  
15.62509113  
10.97176296  
2.223311078  
-10.38678857  
-24.88370295  
-37.80922708  
-45.24712472  
-44.29072436  
-34.35497526  
-17.72048649  
1.021953097  
16.49178734  
24.42738908  
23.20321305  
14.31709432  
1.646092564  
-10.19665559  
-17.68478545  
-19.6015523  
-17.1781554  
-13.16906851  
-10.36642327  
-10.28286836  
-12.60788737  
-15.63591367  
-17.37915251  
-16.75339907  
-14.21335342  
-11.51536287  
-10.74199874  
-13.10537056  
-18.16385968  
-23.88103124  
-27.53163179  
-27.02607427  
-22.00094456  
-14.11956362  
-6.400595661  
-1.865006929  
-2.130320849  
-6.62351915  
-12.80286082  
-17.30740508  
-17.51357337  
-12.7781233  
-4.784307332  
3.182161161  
7.707098166  
6.804542778  
0.8482917676  
-7.546767192  
-14.64296987  
-17.19917256  
-13.87330055  
-5.797667638  
3.907377645  
11.44433543  
13.88687133  
10.30083329  
1.993247735  
-8.150857301  
-16.88672372  
-21.81522019  
-22.06864256  
-18.25732571  
-11.82021715  
-4.184749625  
3.818084046  
12.02359212  
20.53333926  
29.15207264  
37.04974415  
