17.06989089  
2.202820386  
-6.116257883  
-3.020726237  
11.01007568  
30.48012099  
47.23380315  
53.79466002  
46.3185399  
26.03935302  
-1.251603905  
-27.36916238  
-44.63032851  
-48.38567372  
-38.32783868  
-18.24517901  
5.52768545  
26.28908868  
38.97712953  
41.37117788  
34.2207358  
20.43902187  
3.794870073  
-12.36361628  
-25.92359389  
-36.17130758  
-43.38903079  
-48.17013566  
-50.80092426  
-50.97676349  
-47.94258262  
-40.95407959  
-29.82626636  
-15.31577802  
0.8299270529  
16.17835049  
28.15854521  
34.66263773  
34.52770591  
27.79429814  
15.72178521  
0.5938253827  
-14.64258883  
-26.87513159  
-33.42977677  
-32.70652037  
-24.70096958  
-11.21075101  
4.450508193  
18.27638119  
26.75715083  
28.05858711  
22.72579337  
13.56005968  
4.616067652  
-0.3568024864  
0.5786691217  
6.738398722  
15.09627973  
21.58146778  
22.85807379  
17.80530288  
8.021583  
-2.893575565  
-10.96204595  
-13.60421969  
-10.73731409  
-4.678662614  
1.088227027  
3.672091375  
2.18523297  
-1.892726003  
-5.575327056  
-6.012555701  
-2.075283374  
4.93766175  
11.84694192  
15.13399717  
12.70510113  
4.989212065  
-5.1825452  
-13.84738795  
-17.6809784  
-15.37701712  
-7.974365372  
1.95641221  
11.74498004  
19.83501814  
26.10061134  
31.13476552  
35.01640352  
36.42446939  
32.8246096  
21.85267478  
3.265838693  
-19.65125126  
-40.24209447  
-50.52195516  
-44.45452299  
-21.03412241  
14.38473218  
51.41649011  
78.35169869  
86.79271814  
75.19169415  
49.61776369  
21.2528063  
1.594181823  
-2.558979856  
7.914974405  
24.90309252  
36.77882558  
33.75822647  
12.48379314  
-22.24016991  
-59.34952128  
-86.20244483  
-93.93870404  
-81.13799043  
-54.20818531  
-24.43389765  
-3.100994482  
3.09394291  
-5.620876267  
-22.87061333  
-39.4485438  
-47.50918996  
-43.72969507  
-30.16499499  
-12.68409937  
2.020204152  
9.324544252  
8.185066148  
0.8012988915  
-9.083511034  
-18.17101073  
-24.83353064  
-29.09099119  
-31.6103726  
-32.52878384  
-30.92804814  
-25.32997093  
-14.91680604  
-0.6951712945  
14.2056854  
25.46067672  
29.3725347  
24.7176981  
13.63783849  
1.016667312  
-7.48380841  
-7.873975632  
0.3583935631  
13.94783387  
27.2210192  
34.52490299  
32.61839189  
21.97259601  
6.453307823  
-8.389552102  
-17.59275474  
-18.592261  
-11.85397479  
-0.2032851772  
12.66888837  
23.73622806  
31.5168341  
36.03371031  
38.07963445  
38.32227788  
36.77844557  
32.90045403  
26.13732953  
16.57250155  
5.233058066  
-6.11027795  
-15.52436383  
-21.53956369  
-23.49171264  
-21.4559228  
-15.91365604  
-7.453007717  
3.251021606  
15.15762204  
26.53150354  
34.93415739  
37.78236087  
33.39496488  
22.08932564  
6.714369726  
-7.848689756  
-16.24666701  
-14.76404265  
-3.102794175  
15.03126121  
32.95793419  
43.39936075  
41.30289935  
25.94196372  
1.370487109  
-25.02219197  
-45.30260958  
-53.99482146  
-50.06182337  
-37.07632655  
-21.56342375  
-10.26315242  
-7.479231424  
-13.58475139  
-25.20981343  
-36.90143474  
-43.4558782  
-41.91930204  
-32.4941914  
-18.12557724  
-3.110241215  
8.578915696  
14.55801793  
14.48473025  
9.710452306  
2.469553964  
-4.954478759  
-10.77201476  
-13.86903998  
-13.76494269  
-10.54644656  
-4.884517668  
1.922822747  
8.049863673  
11.52743291  
10.89286375  
5.884406164  
-2.160130468  
-10.48276775  
-15.71617703  
-15.08044149  
-7.499362633  
5.846892684  
21.80700962  
36.30429065  
45.73471491  
48.15560066  
43.79994592  
34.75599842  
24.01490225  
14.34403878  
7.471616255  
3.868333597  
3.094279306  
4.405822102  
7.227819913  
11.22417224  
15.97445358  
20.52679595  
23.20573514  
21.938973  
15.07827084  
2.380221897  
-14.35757644  
-31.42791795  
-44.22354182  
-48.826054  
-43.55970248  
-29.83941103  
-11.88568965  
4.663654725  
14.74380153  
15.67729638  
8.082350564  
-4.494135221  
-17.06530004  
-25.19992277  
-26.70952574  
-22.35362188  
-15.3135128  
-9.700573656  
-8.75520948  
-13.49218274  
-22.32690317  
-31.78244738  
-37.92147535  
-37.87043953  
-30.80903512  
-18.07330701  
-2.423374882  
13.12275266  
26.34267807  
36.31598924  
43.24614171  
47.79916164  
50.37355602  
50.71423693  
48.07314721  
41.81237861  
32.09753477  
20.26134674  
8.571805869  
-0.5622711285  
-5.610309929  
-6.673208045  
-5.559046479  
-5.060641762  
-7.689127587  
-14.40204682  
-23.92076276  
-33.01244462  
-37.70514182  
-34.97851241  
-24.22461649  
-7.821508649  
9.495748585  
22.28241855  
26.42263646  
20.73683507  
7.487906404  
-8.445807047  
-21.41509518  
-27.12515076  
-24.19042604  
-14.50955769  
-2.346902916  
7.459608642  
11.40102032  
8.535511198  
0.606031792  
-8.923543256  
-16.4231752  
-19.54066207  
-17.94247826  
-13.11984161  
-7.461758315  
-3.099669548  
-1.06968097  
-1.122138389  
-2.156617815  
-2.960053939  
-2.82086597  
-1.720712167  
-0.08172174657  
1.691009115  
3.530254892  
5.662973798  
8.231957753  
10.85961167  
12.51224989  
11.8747825  
8.133785797  
1.765686795  
-5.179363106  
-9.623726428  
-8.749535306  
-1.495195649  
10.50099437  
23.12526313  
31.29530936  
31.22155153  
22.42432805  
8.478465632  
-4.064815909  
-8.315079225  
-0.1943242647  
19.30724781  
43.91229815  
64.18079997  
71.23533856  
60.55583146  
34.17502653  
0.2203180666  
-30.12454366  
-47.02071304  
-45.88274285  
-29.11354025  
-4.916898127  
16.28438502  
26.24581431  
22.19351424  
7.61116678  
-9.734095546  
-21.54266411  
-22.75817562  
-13.66473701  
0.5708060718  
12.58442858  
16.38653662  
10.12200666  
-3.233069291  
-17.47339362  
-26.21392933  
-25.89172486  
-17.31286174  
-5.087503434  
4.676328178  
7.245125969  
1.319355117  
-10.63403272  
-23.81048708  
-33.44558171  
-36.92665204  
-34.64025992  
-29.25510086  
-23.94856556  
-20.59208599  
-18.87271634  
-16.78483904  
-12.17250188  
-4.432739997  
4.604088381  
11.17533184  
11.30272353  
2.906116323  
-12.75342542  
-31.08624704  
-45.74944473  
-51.14599845  
-44.75586911  
-28.2589996  
-6.939456384  
12.38512476  
24.03135307  
25.60405534  
18.7771466  
8.44446052  
0.6562191517  
0.2142280382  
8.867770835  
24.74653052  
43.14686285  
58.28346996  
65.31679062  
61.94543199  
49.07377732  
30.40956871  
11.18704888  
-3.548892244  
-10.56179049  
-9.453668643  
-2.779672153  
4.823164952  
8.263323625  
3.881847505  
-9.042748919  
-27.75205518  
-46.71995019  
-59.46472983  
-60.85794913  
-49.07155583  
-26.37858546  
1.561651766  
27.69664727  
46.07154807  
53.80699693  
51.76297713  
43.65832021  
34.10350494  
26.48285308  
21.66743029  
18.11789811  
13.24715358  
5.289610883  
-5.325409916  
-15.8431589  
-22.40692804  
-22.04253112  
-14.39441206  
-2.293500762  
9.206598302  
14.93260379  
11.86684639  
0.5216085225  
-15.23931086  
-29.84225325  
-38.32720109  
-38.27014871  
-30.45589768  
-18.0944352  
-5.090606516  
5.696457734  
13.34024694  
18.53404046  
22.40851317  
25.27944797  
26.13396801  
23.21075652  
15.36343848  
3.387217436  
-9.56993189  
-18.94409093  
-20.74171623  
-13.64581317  
-0.1328358598  
14.11066401  
22.3782704  
19.83168464  
5.76761235  
-15.83051166  
-37.7783469  
-52.58324472  
-55.44481358  
-46.01418415  
-28.16130253  
-7.953649413  
9.109672717  
20.25354683  
25.98144751  
28.89058331  
31.50946383  
34.40970333  
35.67332323  
32.05041796  
21.20622181  
3.814752394  
-15.74580184  
-30.68082563  
-34.62792659  
-24.78890071  
-3.805672834  
20.67156859  
38.7431423  
42.26669661  
28.391811  
1.033427316  
-30.44154258  
-54.82939058  
-63.50888603  
-53.80884182  
-29.9223561  
-1.024309884  
22.56292763  
33.5120233  
30.22149207  
