-2.930764978  
-2.883447768  
-4.118580345  
-6.89523272  
-10.77518274  
-14.64449915  
-17.02034628  
-16.57618596  
-12.70824158  
-5.914312798  
2.203039326  
9.366738853  
13.37416843  
12.90518608  
8.079149127  
0.5245644664  
-7.098023303  
-11.96751583  
-12.055588  
-6.809642995  
2.685704452  
14.11705282  
24.74804493  
32.30231924  
35.59039592  
34.672089  
30.55173231  
24.59972092  
17.99267445  
11.42570535  
5.193549782  
-0.4604947427  
-4.974140039  
-7.339305186  
-6.364322571  
-1.263335846  
7.685888334  
18.76341849  
28.98175774  
34.87067036  
33.6538422  
24.38726122  
8.582081406  
-10.01063226  
-26.46750461  
-36.28399444  
-36.92364288  
-28.73638299  
-14.86814809  
-0.1577859898  
10.5907582  
14.32005098  
10.76586189  
2.4381474  
-6.454407891  
-11.71467017  
-10.8319317  
-3.966007487  
6.139285672  
15.26744452  
19.41331615  
16.36539094  
6.561500738  
-7.10690108  
-20.44043586  
-29.54806863  
-32.27848327  
-28.9055389  
-21.82763611  
-14.45087546  
-9.752853356  
-9.132989949  
-12.00731886  
-16.26946317  
-19.3648469  
-19.47381399  
-16.27655264  
-10.98253137  
-5.650212335  
-2.143983614  
-1.229999536  
-2.235380028  
-3.423321187  
-2.898252376  
0.3951290765  
6.060919987  
12.33280162  
16.82755319  
17.63682005  
14.25705302  
7.921947877  
1.166024431  
-3.204845306  
-3.290311173  
1.097243659  
8.35083512  
15.74860824  
20.59654065  
21.3358415  
18.14030859  
12.75979986  
7.69880042  
5.102695794  
5.836553948  
9.138075339  
12.96471664  
14.85630618  
12.93252758  
6.618689761  
-3.158980505  
-14.32841467  
-24.37867994  
-31.11766334  
-33.21715613  
-30.42136212  
-23.45094895  
-13.73076562  
-3.071905669  
6.627084495  
13.66789084  
16.85847332  
15.81948266  
11.19218427  
4.600324218  
-1.739122371  
-5.722282898  
-6.167706  
-3.392049944  
0.7632568135  
3.578700077  
2.60418832  
-3.135498839  
-12.42405915  
-22.03009714  
-27.82507214  
-26.46525753  
-16.9558428  
-1.391102413  
15.54078669  
28.19118462  
32.11845357  
25.90863098  
11.86297963  
-4.789895456  
-17.88465209  
-22.72005679  
-17.88370275  
-5.741352917  
8.61239667  
19.4975435  
22.98314647  
18.44034234  
8.686484115  
-1.300011985  
-6.514125853  
-3.992361956  
6.035859426  
20.34135251  
34.07860401  
42.72217035  
43.73618728  
37.3336273  
26.11332265  
13.84353041  
3.975951774  
-1.493481708  
-2.434612366  
-0.2438002928  
2.952366037  
5.131618739  
4.917539488  
1.721460417  
-4.398041496  
-12.93433195  
-23.01951147  
-33.38536084  
-42.33854343  
-47.93534825  
-48.4425721  
-42.98075294  
-32.07459526  
-17.79447219  
-3.30654736  
8.090058393  
14.09820192  
14.2595013  
10.10824937  
4.532743836  
0.5823562514  
0.2153560059  
3.524325783  
8.774538286  
13.23362844  
14.42032253  
11.21693931  
4.359257121  
-3.895758759  
-10.75250509  
-14.05374928  
-13.12713154  
-8.946971004  
-3.581354101  
0.7829588472  
2.773016006  
2.304355533  
0.4208232728  
-1.372303962  
-1.927437055  
-1.025323667  
0.5583906743  
1.490410491  
0.5813929736  
-2.597091522  
-7.466656866  
-12.65984533  
-16.57226005  
-17.97666828  
-16.42584355  
-12.29936691  
-6.533149973  
-0.2128938245  
5.753486832  
10.75073887  
14.36809884  
16.2386647  
15.97028057  
13.26086671  
8.159038035  
1.314161181  
-5.971262829  
-11.99600238  
-15.17737112  
-14.63761213  
-10.59812655  
-4.377849196  
2.045000606  
6.753435938  
8.604296477  
7.634050986  
4.984440637  
2.381391926  
1.394187687  
2.795593142  
6.293879757  
10.73879857  
14.69115299  
17.08639889  
17.68654799  
17.11713215  
16.47839834  
16.71660805  
18.0537894  
19.75332636  
20.35333034  
18.29264437  
12.67407214  
3.834089176  
-6.549334412  
-15.90152576  
-21.61621353  
-22.0290048  
-17.12331532  
-8.673374273  
0.2717742308  
6.413365898  
7.385042594  
2.659721201  
-6.17297402  
-15.898383  
-22.79737686  
-24.01193659  
-18.65682034  
-8.244602465  
3.774846971  
13.23446651  
16.80616402  
13.31461941  
4.2890514  
-6.502957761  
-14.4152148  
-15.69701967  
-9.013898336  
3.889319904  
18.68313062  
29.96724863  
33.26121297  
26.72154074  
11.91629538  
-6.664183573  
-23.19646385  
-32.61689213  
-32.41875101  
-23.4644353  
-9.509803558  
4.353613519  
13.70530817  
16.44703046  
13.44752309  
7.946220258  
3.989393359  
4.564426506  
10.214052  
18.70758653  
25.9077211  
27.47987872  
20.74874316  
5.948697455  
-13.63885285  
-32.72427922  
-45.8270214  
-49.18039254  
-42.0159778  
-26.77548971  
-8.213783676  
8.235628756  
18.21772584  
19.72206444  
13.47063165  
2.386301417  
-9.574272676  
-18.75531687  
-22.84326312  
-21.32434129  
-15.31456819  
-6.937059017  
1.46376208  
7.993265233  
11.59173969  
12.10099132  
10.08870021  
6.552193348  
2.608017052  
-0.7714766114  
-2.953594618  
-3.765130448  
-3.520353157  
