31.99260621  
8.999034271  
-19.51107285  
-45.10360014  
-60.62726012  
-63.23147688  
-55.22134867  
-42.49361477  
-31.46763214  
-26.08167262  
-26.27942389  
-28.58282148  
-28.285094  
-22.03957375  
-9.523243116  
6.576207619  
22.09421237  
33.52562472  
39.60856916  
41.57851511  
42.077822  
43.42762975  
46.27102685  
49.33217346  
50.37208228  
47.73160681  
41.5192359  
33.70791548  
27.03688159  
23.32263039  
22.16949559  
20.90879986  
15.94817506  
4.916947362  
-11.52416729  
-29.27713738  
-42.22586687  
-44.97321629  
-35.64763605  
-17.37245095  
2.466681568  
15.01082669  
13.62658685  
-3.131089465  
-30.67320148  
-60.10084921  
-81.78655838  
-89.24600308  
-81.59657159  
-63.54907194  
-43.00948949  
-27.44725707  
-20.71043282  
-21.70175492  
-25.41542488  
-25.7197409  
-18.48716266  
-3.580583652  
15.17885657  
31.93261918  
41.57031093  
41.99860741  
34.84263275  
24.35411364  
15.19455322  
10.27603565  
9.736393428  
11.47826845  
12.86047308  
12.53652343  
11.3895362  
12.02934647  
17.11897499  
27.45833613  
40.92188099  
52.92886999  
58.32772774  
53.81198235  
39.65329978  
19.82525049  
0.366409472  
-13.28569793  
-18.71845289  
-17.53657533  
-14.41616642  
-14.6630282  
-21.46546064  
-34.19912698  
-48.63334549  
-58.94934379  
-60.57380438  
-52.41204133  
-37.35178162  
-20.76948149  
-7.781993146  
-0.6421519371  
2.364613761  
5.897597925  
14.8623535  
31.36962762  
52.92887075  
72.90921029  
83.21552408  
78.0146766  
56.76089576  
25.01072235  
-7.496487386  
-30.74409101  
-38.6173308  
-31.46216563  
-15.82874774  
-1.47415255  
3.04990223  
-5.752897151  
-24.75824969  
-45.62493356  
-58.5071223  
-56.3915829  
-38.13371636  
-8.900028432  
22.0777896  
45.33780106  
54.86534946  
50.04142916  
35.16337843  
16.97536281  
1.500985791  
-8.330612278  
-13.28410094  
-16.58531529  
-21.67179898  
-30.14298208  
-40.90511199  
-50.8130882  
-56.33187381  
-55.26741907  
-47.67284137  
-35.54918112  
-21.6359189  
-8.054774473  
4.407233824  
16.0082257  
27.00068716  
36.53112826  
42.25679235  
41.0595536  
30.61201636  
11.02551811  
-14.32481402  
-39.35988137  
-57.14575383  
-62.29487065  
-52.88463202  
-31.06052177  
-2.093210834  
27.63579546  
52.78958145  
70.44947326  
80.23579053  
83.35245803  
81.24046043  
74.63727089  
63.5196143  
47.84626512  
28.53277342  
7.949166492  
-10.48848529  
-23.52160511  
-29.43757486  
-28.86574164  
-24.47603646  
-19.65353702  
-16.80001388  
-16.16548156  
-15.88110416  
-13.247345  
-6.640111918  
2.995784003  
11.96144487  
15.19623924  
8.698322688  
-8.169915106  
-31.68153348  
-54.68483375  
-69.20835718  
-69.63317311  
-55.0095629  
-29.44740069  
-0.3829673169  
24.49300285  
40.24702473  
46.30562706  
45.99271481  
44.33702208  
45.29428071  
49.76344862  
55.33377625  
57.81084384  
53.68298704  
42.24209344  
26.27626001  
10.98717438  
1.673309899  
1.315738307  
9.218483638  
21.30522655  
31.85305266  
35.77653102  
30.38490414  
15.89453194  
-5.331638223  
-30.20210567  
-56.09774268  
-81.22361936  
-104.0665535  
-122.4991652  
-133.320818  
-132.7879332  
-118.0886141  
-89.09007649  
-49.39364594  
-5.959294784  
32.77769026  
59.61339704  
70.95413555  
67.80750172  
54.94819917  
38.67438642  
24.22491908  
14.05074735  
7.661458741  
2.944022023  
-1.897144629  
-6.913874179  
-10.30955347  
-9.702331187  
-4.011924392  
5.164386185  
13.59156394  
16.01471849  
8.647531854  
-8.711033034  
-32.07154625  
-54.59162706  
-69.31863349  
-72.06954998  
-63.0730531  
-46.58686079  
-28.70106565  
-14.43977582  
-5.615501465  
-0.4892272305  
4.654869275  
12.91530662  
24.59493446  
36.66100264  
44.19873722  
43.13584833  
32.79143655  
16.82564879  
1.949542116  
-5.087538186  
-0.7756329496  
13.29231591  
31.01042593  
44.6352593  
48.60321989  
42.40333233  
31.01137611  
22.55268159  
24.23712895  
38.51562532  
61.38109433  
83.75934148  
95.46370736  
89.92802138  
67.50078549  
35.70282986  
6.238022349  
-9.951847107  
-7.388002469  
11.57967441  
37.76751607  
59.0280211  
65.2559672  
52.3641018  
23.61645004  
-12.05650139  
-43.82345877  
-63.06779344  
-66.16467177  
-55.00716405  
-35.44427603  
-14.63637468  
1.41494839  
9.273087129  
8.218736814  
-0.4233187741  
-14.13247476  
-29.78394386  
-43.99571354  
-53.56953665  
-56.33367068  
-52.30679981  
-44.61635233  
-39.37671631  
-44.00833793  
-64.21255465  
-100.669934  
-147.0207777  
-190.4554226  
-215.2695138  
-208.3966567  
-164.8424416  
-90.67989636  
-2.056029704  
79.76221469  
135.5715579  
154.8618334  
139.2224099  
101.1383285  
58.70266748  
28.47682346  
19.46388433  
30.60019289  
52.57460901  
72.8872801  
81.71493888  
75.94880847  
59.75992918  
41.72911195  
30.14975017  
28.85353666  
35.51409122  
43.09386386  
43.56472817  
