106.6201652  
89.02301504  
54.05499576  
13.66794578  
-19.43517355  
-36.64764385  
-36.30739183  
-23.51147547  
-7.200548049  
4.046190746  
5.614190571  
-1.641500295  
-12.46565959  
-20.16011058  
-19.95775268  
-11.25975666  
2.205565861  
14.25118608  
19.16986666  
14.36099161  
1.483198065  
-14.3102805  
-26.62589179  
-30.522759  
-24.47191006  
-10.80721792  
5.407328517  
18.49771987  
24.33812557  
21.68296411  
12.24841329  
-0.3175326788  
-12.00928886  
-19.88790003  
-22.8450003  
-21.56078023  
-17.863493  
-13.88469448  
-11.37597486  
-11.36835043  
-14.14567246  
-19.37807487  
-26.26937669  
-33.67135497  
-40.22195179  
-44.59066928  
-45.84221946  
-43.80774657  
-39.26763402  
-33.77578252  
-29.10104291  
-26.46348178  
-25.8924025  
-26.036616  
-24.59081503  
-19.22869272  
-8.680967832  
6.508446737  
23.90836572  
39.88997768  
50.83061037  
54.35446508  
50.11267762  
39.80651838  
26.48321092  
13.43672657  
3.185911872  
-3.076187853  
-5.419111762  
-4.648634573  
-1.66297022  
2.956123022  
8.937644861  
15.97562447  
23.31836893  
29.60977258  
33.1623111  
32.59653406  
27.55806609  
19.13729777  
9.720721232  
2.251393083  
-0.8462352826  
1.352045133  
7.799745871  
15.74059593  
21.62723558  
22.36042487  
16.39061804  
4.287866791  
-11.40061743  
-26.92254614  
-38.4300851  
-43.05521317  
-39.6358811  
-28.92952117  
-13.31980864  
3.846209455  
19.09221298  
29.61820962  
33.911452  
32.04237129  
25.57821959  
17.11558156  
9.521024902  
5.064814674  
4.699335692  
7.730619968  
12.03299395  
14.78049237  
13.47296095  
6.901181492  
-4.309202491  
-17.79504395  
-30.17592363  
-38.13985026  
-39.4963782  
-33.82035909  
-22.48168494  
-8.10281287  
6.301330075  
18.1566789  
25.85428877  
28.85442126  
27.45035921  
22.39206124  
14.57241606  
4.88189834  
-5.792712969  
-16.53503799  
-26.4372829  
-34.73530786  
-40.96760402  
-45.03781265  
-47.10244164  
-47.31645083  
-45.58330586  
-41.49491768  
-34.57079051  
-24.7386372  
-12.82740589  
-0.7671940473  
8.725848301  
12.97863723  
10.43300832  
1.511188397  
-11.15837171  
-23.35978694  
-30.6052702  
-29.67846672  
-19.80269021  
-2.954429007  
16.81573856  
34.78662465  
47.13313165  
52.04957464  
50.03829441  
43.34499956  
34.87617428  
27.10719069  
21.41898649  
18.03719009  
16.43982261  
15.90188587  
15.85194949  
15.89948811  
15.63668374  
14.47324498  
11.73753924  
7.0823231  
0.9857505432  
-5.005917219  
-8.585512224  
-7.56897755  
-1.042663853  
9.768275767  
21.42942351  
29.23666036  
28.91513153  
18.4224767  
-0.9321668441  
-24.614869  
-46.28978853  
-60.0196124  
-62.35965198  
-53.48281099  
-36.88101044  
-17.80631207  
-1.157405244  
10.26445889  
16.41086089  
19.36191985  
21.82745996  
25.56219589  
30.47597887  
34.83795856  
36.40972802  
33.87910032  
27.82601597  
20.69909215  
15.78436211  
15.65518733  
20.85345803  
29.44280243  
37.65596614  
41.34210556  
37.55808786  
25.61202515  
7.157679668  
-14.6000389  
-36.1332031  
-54.65575217  
-68.59551468  
-77.40748001  
-81.02099262  
-79.37256172  
-72.36246641  
-60.26059552  
-44.26260742  
-26.74974753  
-10.93121837  
0.1158961259  
4.625493754  
2.96429005  
-2.374600665  
-7.708444265  
-9.677580258  
-6.670052009  
0.5038710548  
9.018355812  
15.34752464  
16.88266692  
13.09953053  
5.739560289  
-2.055486664  
-7.217193781  
-8.114832676  
-5.169992038  
-0.4691520581  
3.379605917  
4.540968491  
2.752533146  
-0.7281141593  
-3.930604806  
-5.250188743  
-4.201117574  
-1.460426666  
1.767434747  
4.646860644  
7.303168491  
10.7249345  
16.00023738  
23.32473767  
31.40134123  
37.68313191  
39.46377079  
35.32335047  
26.16603813  
15.20878008  
6.768274354  
4.316121734  
8.712117448  
17.53373701  
25.95679402  
28.90338657  
23.51549007  
10.770454  
-4.619336499  
-16.11093247  
-18.26328528  
-9.377394246  
7.418299917  
25.24051923  
36.30823547  
35.36839649  
22.16367821  
1.800079628  
-17.21323406  
-26.44434686  
-21.05061817  
-1.816128901  
25.13792482  
50.8010736  
66.78717037  
68.40847769  
56.07014434  
34.541551  
10.60324326  
-9.776311243  
-23.49095767  
-30.80769425  
-34.35043399  
-37.26008635  
-41.52007663  
-47.21646819  
-52.93165641  
-56.86854248  
-57.97711913  
-56.45319459  
-53.41277754  
-50.05336844  
-46.904872  
-43.68750076  
-39.88527793  
-35.65495001  
-32.41083993  
-32.54372555  
-38.20616551  
-49.68914141  
-64.28704585  
-76.46226103  
-79.56061287  
-68.54137683  
-42.55870627  
-6.116031456  
31.97317974  
61.63060644  
75.41007264  
71.58130416  
54.964957  
35.00202668  
21.7624221  
21.57096559  
34.18640711  
52.85602282  
67.32517059  
68.55231732  
53.06649738  
24.99396563  
-5.241395002  
-25.08945014  
-25.18161905  
-3.499745351  
33.41588675  
72.78798098  
100.5128867  
