41.2208344  
39.00411959  
28.03041776  
10.26447225  
-9.887469374  
-27.29070533  
-37.96867249  
-40.4215844  
-35.91516017  
-27.71678875  
-19.66919248  
-14.7127212  
-13.92774259  
-16.40433505  
-19.88795907  
-21.84741514  
-20.48761523  
-15.31430068  
-7.097146567  
2.64709054  
12.34027068  
20.85939562  
27.67902818  
32.65130574  
35.6272385  
36.19445617  
33.72800435  
27.76018853  
18.47713754  
7.043077246  
-4.495478393  
-13.78293896  
-19.01553888  
-19.72212067  
-17.08076513  
-13.55908656  
-11.95797029  
-14.22282669  
-20.52693457  
-29.05107964  
-36.60568637  
-39.87955822  
-36.81467391  
-27.5295645  
-14.38841062  
-1.16682636  
8.352550204  
11.78243171  
8.963915799  
1.912028071  
-6.067385388  
-11.69114466  
-12.89189907  
-9.430044799  
-2.744391532  
4.806272722  
10.92368004  
14.14769163  
14.16018264  
11.59933938  
7.589241086  
3.274236781  
-0.4297306768  
-2.83409961  
-3.361523422  
-1.510548112  
2.982173184  
9.831708117  
17.94808678  
25.47029123  
30.21327693  
30.43230558  
25.6031133  
16.83963509  
6.683053924  
-1.73876105  
-5.885085157  
-4.828108578  
0.3218508299  
6.803626871  
11.266265  
11.06723996  
5.265725233  
-5.092634005  
-17.48394317  
-28.94223621  
-37.14140505  
-41.0547969  
-40.95525162  
-37.84903416  
-32.70359214  
-25.90424659  
-17.22621471  
-6.317228753  
6.599555846  
20.225611  
32.22792018  
39.89332969  
41.15565168  
35.54536397  
24.61253886  
11.58556198  
0.3566909121  
-5.822142441  
-5.422841847  
0.9119974405  
10.70808141  
20.61548196  
27.58212051  
29.79230515  
27.05236996  
20.55270469  
12.18410377  
3.733411364  
-3.716488422  
-9.984546335  
-15.57355241  
-21.18347031  
-27.18463031  
-33.26404153  
-38.37473578  
-41.00404933  
-39.67525908  
-33.52739291  
-22.79200564  
-8.999323424  
5.197218643  
16.59489426  
22.30697546  
20.69167767  
12.04200161  
-1.247877552  
-15.19303838  
-25.33634108  
-28.16569243  
-22.35799333  
-9.377143228  
6.858978267  
21.20178966  
29.0004904  
27.7265036  
17.8862271  
2.856190265  
-12.32352358  
-22.7600755  
-25.44287714  
-20.24565047  
-9.821600861  
1.549318418  
9.693367968  
12.16883463  
9.151757436  
3.25387351  
-1.628153419  
-1.954610119  
3.980020826  
15.30872641  
28.862369  
40.32253775  
45.79654732  
43.21216556  
33.02071706  
17.97799953  
2.12496618  
-10.62091803  
-17.73283097  
-18.75319131  
-15.18196474  
-9.678266146  
-4.927524906  
-2.628786092  
-2.978883752  
-4.814440047  
-6.303813021  
-5.8682534  
-2.935036681  
1.78783735  
6.615028491  
9.619470378  
9.473959598  
6.035090931  
0.4222962675  
-5.433777491  
-9.570468581  
-10.75955954  
-8.935010276  
-5.113747805  
-0.8701597821  
2.379578162  
3.953520291  
4.090603538  
3.691370513  
3.768419617  
4.892630558  
6.907716509  
9.039899916  
10.32565002  
10.12299675  
8.438711711  
5.910313955  
3.468073351  
1.870809401  
1.368224038  
1.662723783  
2.167611834  
2.386232963  
2.164811432  
1.648513571  
0.9547546842  
-0.2280426243  
-2.822508164  
-8.115279817  
-17.09900333  
-29.6789819  
-44.16621502  
-57.41450377  
-65.690526  
-66.00707325  
-57.37638788  
-41.40339842  
-21.88084608  
-3.477685679  
9.966094421  
16.81509052  
18.0792635  
16.72046428  
16.1396235  
18.54050324  
23.92794826  
30.20253162  
34.29443682  
33.78006313  
28.18922007  
19.35335729  
10.60534535  
5.198133055  
4.697061141  
8.127848799  
12.31421701  
13.27909777  
8.080021363  
-3.758989842  
-19.87156201  
-35.89567066  
-47.15527218  
-50.42964458  
-45.05803757  
-32.96547596  
-17.69957485  
-2.992200168  
8.491661757  
15.73087482  
19.1490783  
19.92159073  
19.25763214  
18.03882585  
16.90511047  
16.56749477  
17.97878557  
22.09692973  
29.26880627  
38.57281465  
47.59050251  
52.93197072  
51.46353064  
41.77174479  
25.17037618  
5.666700232  
-11.26824726  
-20.72061271  
-20.31975464  
-11.30286715  
1.873443407  
13.27955502  
17.90955019  
13.71042228  
2.371831849  
-11.45340056  
-22.13730079  
-25.39125004  
-19.91179663  
-7.699549651  
6.987983442  
19.48463294  
26.49178061  
27.02519523  
22.23508351  
14.36376416  
5.487495948  
-3.285568905  
-11.81174435  
-20.23563031  
-28.15622376  
-34.22783864  
-36.5259815  
-33.55039748  
-25.33413133  
-14.00275764  
-3.361504758  
2.429514763  
0.543687087  
-9.24516453  
-24.35242612  
-40.38601895  
-52.94020769  
-59.36199304  
-59.66402168  
-56.15544893  
-51.97765087  
-49.27236827  
-47.905689  
-45.42010863  
-38.29624533  
-23.95624251  
-2.542498317  
22.44060613  
45.04177938  
59.04162626  
60.49678149  
49.53758156  
30.59027238  
10.85756037  
-2.359524006  
-4.410058532  
5.013996521  
21.92324353  
39.76660949  
52.11105915  
55.14834423  
49.01845395  
37.46323455  
26.03010363  
19.63208696  
20.49706327  
27.32994083  
35.9725986  
