26.19690747  
21.71556155  
10.5851166  
-2.700377832  
-12.18639252  
-13.06391734  
-3.862087832  
12.7458696  
30.89509787  
43.85492533  
46.76032277  
38.61361691  
22.728854  
5.436256919  
-6.428120408  
-8.237481107  
0.5882923934  
16.34649613  
32.50166583  
42.24327028  
41.14280028  
28.86990103  
9.30081217  
-11.01515043  
-25.41988171  
-29.72445722  
-23.77711375  
-11.39866041  
1.283511668  
8.423011438  
6.90299258  
-2.365537713  
-14.83950709  
-24.27634014  
-25.40076247  
-16.18788951  
1.201113899  
21.22821414  
37.19049632  
43.89875271  
39.69585986  
26.98563633  
11.09507795  
-1.992049975  
-8.029630623  
-6.023640526  
1.706528559  
10.82609945  
16.96410271  
17.45652035  
12.1330787  
2.940811009  
-7.241872017  
-15.9131206  
-21.73441316  
-24.52236256  
-24.64914839  
-22.37473661  
-17.6221995  
-10.37994391  
-1.463297941  
6.938959042  
11.4742429  
8.750600127  
-3.010343746  
-22.58502144  
-45.441851  
-64.91367578  
-74.55279298  
-70.74275096  
-54.40131574  
-30.91804161  
-8.215094954  
6.328421377  
8.796709156  
0.2335911369  
-13.94577645  
-26.3655126  
-30.84921575  
-24.93622942  
-10.67863044  
6.553348434  
20.62327538  
27.31947104  
25.96738848  
19.31230499  
11.86321641  
7.594614423  
8.142894206  
12.31466824  
17.03052047  
19.11693785  
16.98227157  
11.33978083  
4.679797687  
-0.1463366919  
-1.430030239  
0.6058662243  
4.118420203  
6.836638275  
7.445248476  
6.380621356  
5.587754556  
7.355782393  
12.85641391  
21.18690215  
29.474718  
34.05823929  
32.19780615  
23.48055737  
10.21103905  
-3.435463701  
-13.12142859  
-16.1271427  
-12.3836762  
-4.307017182  
4.441707841  
10.64451032  
12.85310439  
11.75450469  
9.467639083  
8.185213361  
8.87630776  
10.70502301  
11.44557418  
8.673921434  
1.138122528  
-10.37137018  
-23.08792629  
-33.26635435  
-37.68187781  
-34.9802603  
-26.30415996  
-14.93849633  
-5.125471273  
-0.5214074195  
-2.879369938  
-11.42325113  
-23.10159618  
-33.5970123  
-38.73013593  
-35.80307983  
-24.47598906  
-6.927428248  
12.74371048  
29.70867512  
39.85670403  
41.07475324  
33.94916665  
21.62225997  
8.788005759  
0.1089369958  
-1.42170896  
4.429137053  
15.0426227  
25.95488279  
32.62796723  
32.30928752  
25.21874746  
14.53516551  
5.131879053  
1.543041356  
5.994740488  
17.34252559  
31.39585444  
42.52784729  
45.91405924  
39.46563625  
24.64786768  
5.853235037  
-11.38178639  
-22.54110377  
-25.76141319  
-22.28322754  
-15.60948256  
-9.82295804  
-7.848258606  
-10.41012462  
-16.07166485  
-22.22006208  
-26.44893984  
-27.65369539  
-26.35277652  
-24.16082504  
-22.75831497  
-22.92534788  
-24.13764837  
-24.90939721  
-23.67715022  
-19.74579599  
-13.79503662  
-7.673174786  
-3.567957886  
-2.957483896  
-5.856903098  
-10.73712038  
-15.17065408  
-16.9148051  
-14.93571796  
-9.90390584  
-3.934567838  
0.3125612414  
0.7759166136  
-3.118180421  
-10.19212549  
-17.97239931  
-23.64890986  
-25.12374399  
-21.7233175  
-14.31690618  
-4.849221091  
4.464982931  
11.92168663  
16.77157132  
19.19416078  
19.8905304  
19.54515048  
18.4431127  
16.42958729  
13.21455688  
8.844927188  
4.070211621  
0.3621121004  
-0.4975548245  
2.859278919  
10.64272492  
21.48684111  
32.60996985  
40.58958133  
42.52942024  
37.20350911  
25.71926459  
11.3835036  
-1.259933755  
-7.930079017  
-6.122203697  
3.931237919  
19.23808297  
35.00657606  
46.25808662  
49.50445093  
43.87111979  
31.25851522  
15.51015823  
0.9408050111  
-9.184770483  
-13.63797326  
-13.34030137  
-10.6414137  
-8.139989914  
-7.58693595  
-9.328345075  
-12.46697786  
-15.57853491  
-17.57440148  
-18.26392674  
-18.34915349  
-18.88905309  
-20.54767731  
-23.05383687  
-25.19272138  
-25.37462006  
-22.5174192  
-16.79478349  
-9.83504847  
-4.202102509  
-2.335162443  
-5.404710098  
-12.61880009  
-21.34049257  
-28.02526839  
-29.61521974  
-24.80409228  
-14.62495961  
-2.092892224  
8.958732484  
15.36167566  
15.79534328  
11.18424836  
4.173252303  
-2.058961754  
-5.114994091  
-4.258618478  
-0.5157547748  
3.988024585  
7.101467504  
7.621005604  
5.731395588  
2.75351062  
0.3714109694  
-0.2555650807  
0.9426271504  
2.967334087  
4.323058916  
3.839338461  
1.324873636  
-2.274921179  
-5.299834546  
-6.175972506  
-4.210808262  
0.003463415397  
4.781424021  
8.057231909  
8.302458056  
5.238070517  
0.02177154225  
-5.174095683  
-8.012114993  
-6.906434853  
-1.630684625  
6.61190016  
15.65009419  
23.11857973  
27.22146794  
27.2077052  
23.43469943  
17.0795638  
9.683158241  
2.731213823  
-2.601713022  
-5.539103623  
-5.704582786  
-3.136999802  
1.644637129  
7.581348712  
13.1320668  
16.54154585  
16.31315116  
11.753194  
3.36742483  
-7.099460232  
-17.07043463  
-23.89701358  
-25.7171974  
-22.08847269  
-14.14414606  
-4.202652024  
5.021547312  
11.30068312  
13.53629795  
11.94026944  
7.733141027  
2.534345215  
-2.27206167  
-5.937814977  
-8.393645396  
-9.988034692  
-11.10695067  
-11.8884575  
-12.16742493  
-11.64625507  
-10.16350938  
-7.88677876  
-5.30832864  
-3.040335052  
-1.524193449  
-0.8210747524  
-0.6089370294  
-0.3973801935  
0.1541593033  
0.995786144  
1.674653249  
1.583365093  
0.3565541278  
-1.793084969  
-4.000036601  
-5.015919596  
-3.735206366  
0.2554632126  
6.37369287  
13.15678827  
18.77903121  
21.75642937  
21.52025329  
18.58520107  
14.22193053  
9.78175759  
6.002315382  
2.65060147  
-1.288482866  
-6.933775308  
-14.65357661  
-23.4714376  
-31.08660333  
-34.59663945  
-31.67566095  
-21.71245292  
-6.376350722  
10.71096157  
25.142627  
33.29665673  
33.66517414  
27.36879404  
17.61552256  
8.31842114  
2.462918572  
0.9371158906  
2.340571941  
3.85114513  
2.745939562  
-2.13470677  
-9.676470709  
-16.89157196  
-20.2742792  
-17.50285255  
-8.698850736  
3.36152386  
14.22029132  
19.49041628  
16.62227772  
5.906819303  
-9.714470477  
-25.91816094  
-38.74500863  
-46.02466347  
-47.86085195  
-46.03076368  
-42.68134874  
-39.03460669  
-34.78062018  
-28.46035365  
-18.61011606  
-5.025439589  
10.58081199  
24.95351622  
34.59542915  
37.38119724  
33.66500907  
26.26789341  
19.26473234  
16.09632552  
17.90291072  
22.91411259  
27.24879338  
26.7971521  
19.3112715  
5.692364521  
-10.18158096  
-23.05574809  
-28.60126218  
-25.33782842  
-15.25534933  
-2.825526497  
7.132386107  
11.70948476  
11.19939177  
8.797164065  
8.849740906  
14.51001272  
25.94368909  
39.97785216  
51.38665445  
55.21948693  
49.07514877  
34.25203433  
15.24459251  
-2.157453671  
-13.26222726  
-16.25446124  
-12.58633853  
-5.8963117  
-0.07216065123  
2.556615957  
2.043199465  
0.3533477461  
-0.04285058775  
2.289165108  
6.898136403  
11.69836382  
14.1309479  
12.56647558  
7.177542593  
-0.1778397946  
-6.969994535  
-11.32922225  
-12.95460271  
-13.10594602  
-13.70331147  
-16.06142203  
-19.99667296  
-23.84250206  
-25.3988588  
-23.30142667  
-18.02524386  
-11.89806622  
-8.02023698  
-8.600596819  
-13.58830884  
-20.39222286  
-24.95288874  
-23.72322786  
-15.59204192  
-2.735559304  
10.13537324  
17.87494821  
17.38305862  
9.242421247  
-2.36240627  
-11.51087386  
-13.37869406  
-6.697668143  
5.37915218  
16.50960486  
20.00014451  
11.96963948  
-6.639661193  
-30.18085065  
-50.55262107  
-60.59306935  
-57.0918138  
-42.06794354  
-21.76037191  
-3.826283527  
5.951727319  
5.960159836  
-0.9357354779  
-9.108632102  
-13.02043561  
-9.83041494  
-0.557807132  
10.67165494  
18.84066597  
20.58649482  
15.83396772  
7.751601209  
1.097527291  
-0.2038705287  
4.940142705  
14.1901479  
22.86338947  
