35.99720705  
38.22797583  
40.90113863  
44.22205513  
46.66436038  
45.70931464  
39.21021577  
26.72247022  
10.13789377  
-6.731297784  
-19.49703468  
-24.91685215  
-22.2517768  
-13.65686142  
-3.40415428  
3.768726419  
4.520664191  
-1.773560221  
-12.77460817  
-24.08909936  
-30.96213313  
-30.07635888  
-20.76640452  
-5.219583896  
12.3510784  
27.1818548  
35.49026835  
35.51141077  
27.73958274  
14.41613748  
-1.415857612  
-16.86206016  
-29.78980287  
-38.97873344  
-43.91621586  
-44.48398493  
-40.77218938  
-33.1230668  
-22.32986712  
-9.795387548  
2.545013243  
12.61125496  
18.77426485  
20.41692315  
18.18899657  
13.79424121  
9.347005159  
6.536699712  
5.943822407  
6.809733319  
7.383786226  
5.730723627  
0.6795263373  
-7.48000998  
-16.86153486  
-24.50379396  
-27.38961075  
-23.60281095  
-13.1956205  
1.571333632  
16.74395848  
27.81351502  
31.13145022  
25.14839629  
11.06434691  
-7.351342268  
-24.76026801  
-35.80733899  
-36.76934551  
-26.78633938  
-8.262716814  
13.73662788  
32.95493362  
43.84402383  
43.29313578  
31.60826935  
12.39344668  
-8.645281708  
-25.57060292  
-34.10673389  
-32.88771323  
-23.63506738  
-10.24745  
2.797727619  
12.07674403  
16.24925604  
16.13122757  
13.88100293  
11.74755805  
10.99193596  
11.4687985  
12.00427344  
11.30309006  
8.856645943  
5.337805644  
2.250617543  
1.016323402  
2.005964817  
4.098607089  
5.099841389  
2.905729902  
-3.135344778  
-11.39622447  
-18.23153116  
-19.38434022  
-12.01541329  
3.556679399  
23.29897316  
40.530132  
48.33696448  
42.41743502  
23.1449554  
-4.106173993  
-30.64169605  
-47.55259372  
-49.02903653  
-34.54016282  
-8.984619615  
19.2461423  
41.48560335  
51.96751269  
49.68735583  
38.26661126  
23.99397222  
12.96681141  
8.576948209  
10.36062737  
14.58653563  
16.19588956  
11.16809393  
-1.715119698  
-20.38906899  
-40.38734064  
-56.5909002  
-65.0546329  
-64.19842506  
-55.01762758  
-40.42191397  
-24.13450322  
-9.648746333  
0.4331988321  
4.634643985  
2.582079122  
-5.055275123  
-16.56991409  
-29.25527498  
-39.68323537  
-44.3686319  
-40.7639134  
-28.27719532  
-8.866297245  
13.16748742  
32.27701761  
43.3685607  
43.51218506  
33.00347186  
15.33228474  
-3.96916905  
-19.18213185  
-26.26805732  
-24.05905654  
-14.37065884  
-1.069384713  
11.47339693  
19.91174912  
22.87594801  
21.06293039  
16.54918252  
11.69816004  
8.142451919  
6.228175265  
5.080088427  
3.188070599  
-0.7680561349  
-7.193781759  
-15.22345584  
-22.85100904  
-27.49938643  
-26.84536628  
-19.64289402  
-6.284201627  
11.09850541  
29.068297  
43.77644735  
52.07771255  
52.52541655  
45.89645213  
35.01492898  
23.86832361  
16.27150167  
14.53072522  
18.60036263  
26.0731731  
33.04407021  
35.5498018  
31.05404573  
19.41875259  
2.999590422  
-14.15532833  
-27.67954069  
-34.30853333  
-32.83608752  
-24.31410103  
-11.51510228  
2.056126928  
13.20019082  
19.77106641  
20.97993648  
17.29794943  
10.12035024  
1.356990336  
-6.963415985  
-13.07093412  
-15.82948539  
-15.06897715  
-11.74944773  
-7.800442505  
-5.557080644  
-6.894207783  
-12.35903819  
-20.70099632  
-29.10870052  
-34.18917617  
-33.37228096  
-26.16248859  
-14.64195997  
-2.897922786  
4.490149953  
4.318555758  
-3.820527394  
-17.22769788  
-31.09337323  
-40.41785043  
-42.03425643  
-35.84141475  
-24.69586617  
-13.0188319  
-4.767122241  
-1.71158262  
-2.818027316  
-4.996553958  
-4.827893796  
-0.4059609969  
7.616814808  
16.29994625  
21.8700012  
21.63997482  
15.43746556  
5.820507462  
-3.044880412  
-7.310400207  
-5.236931864  
2.025598606  
11.05313135  
17.8526471  
19.81372326  
16.93856464  
11.74074282  
7.866491946  
8.134194423  
12.98663849  
20.15449946  
25.73062558  
26.14599453  
20.07187324  
9.282974559  
-1.993173645  
-8.980717294  
-8.629437926  
-1.168338133  
9.833377657  
18.97551707  
21.44284967  
15.2285265  
2.142924267  
-12.86141491  
-23.75109424  
-25.93913964  
-18.16534432  
-2.931625482  
14.64091438  
28.96899257  
36.2011194  
35.51707503  
29.05791351  
20.6463757  
13.96986476  
11.06409748  
11.71121275  
13.88931916  
14.9275027  
12.75598956  
6.69292894  
-2.486859099  
-13.08011559  
-23.20732538  
-31.39594261  
-36.79025886  
-39.04597668  
-38.14440495  
-34.3537736  
-28.39353736  
-21.63954665  
-16.09352726  
-13.91826323  
-16.58664008  
-23.97595844  
-33.88962018  
-42.39227989  
-45.01341439  
-38.45007768  
-22.0908917  
1.337793873  
26.39317001  
46.66969503  
57.0430784  
55.50720883  
43.83865522  
26.79796563  
10.19409368  
-1.37782268  
-6.179965091  
-5.690341551  
-3.576032273  
-3.7841066  
-8.621000868  
-17.6668354  
-27.97179231  
-35.39682202  
-36.45658164  
-29.82375751  
-16.8405398  
-0.857166604  
14.24524987  
25.63741003  
32.50619022  
