41.43295531  
42.78873475  
40.98293985  
36.20780396  
29.70879922  
23.67067967  
20.40910167  
21.18095217  
25.25280034  
29.84848818  
31.2024527  
26.35362613  
14.84344556  
-0.5897646317  
-14.81661406  
-22.39692401  
-20.03499903  
-8.243362735  
8.642075149  
24.1884964  
32.57758364  
31.03787121  
20.84373451  
6.416782954  
-6.998043792  
-15.89823507  
-20.03067017  
-22.08548067  
-25.76509361  
-33.27198515  
-43.58625039  
-52.51885244  
-54.61673461  
-46.01737098  
-26.80995859  
-1.645825068  
21.8265957  
36.05397798  
36.77643493  
24.82850012  
5.695067021  
-12.95361781  
-24.56949432  
-26.32872929  
-19.87111534  
-9.959749589  
-1.855791343  
1.220958896  
-0.6942219526  
-4.914361764  
-8.050715078  
-8.163309584  
-5.915500687  
-4.12118856  
-5.965807744  
-12.91069934  
-23.46818064  
-33.5737855  
-38.43138304  
-34.91244476  
-23.27403483  
-7.282887185  
7.367550939  
15.59839122  
15.21204883  
7.788539731  
-2.200780893  
-9.597159046  
-10.98059072  
-6.150941659  
2.001007482  
9.085798247  
11.42100889  
7.748481677  
-0.3354709974  
-9.354312539  
-15.7505571  
-17.56368021  
-15.17032014  
-10.79751588  
-7.154810844  
-5.946102948  
-7.02117299  
-8.546159384  
-8.028123923  
-3.617751082  
4.970834753  
16.32796535  
27.97778902  
37.37878847  
42.78831314  
43.64672517  
40.4485305  
34.33916926  
26.74859405  
19.23441233  
13.4708424  
11.15600792  
13.64338823  
21.31955401  
33.01664911  
45.87750223  
55.96539368  
59.56152709  
54.68708977  
42.15975289  
25.59957421  
10.22852868  
0.8732327253  
0.001580938315  
6.674845323  
16.92428604  
25.42570965  
27.74430648  
22.15128853  
10.2077957  
-4.115185132  
-16.33478539  
-23.468581  
-25.2342398  
-23.92362349  
-23.07793732  
-25.64561836  
-32.51350748  
-42.08076605  
-51.02291711  
-55.83257023  
-54.39335521  
-46.88148747  
-35.64784146  
-24.21720377  
-15.91078515  
-12.69663309  
-14.68889626  
-20.37721383  
-27.35536946  
-33.17422158  
-36.00018851  
-34.94151022  
-30.08411656  
-22.36059963  
-13.3434438  
-4.968482045  
0.8514596529  
2.719958383  
0.2433042266  
-5.699448691  
-13.10031731  
-19.43020886  
-22.53305713  
-21.44472134  
-16.75277566  
-10.29277262  
-4.288025458  
-0.3258323578  
1.33295349  
1.764570496  
2.708856864  
5.568649622  
10.62385919  
16.90028117  
22.78402561  
27.05294359  
29.73589931  
32.26109485  
36.71284131  
44.50670233  
55.15839891  
65.85599985  
72.20065991  
69.91325205  
56.79057065  
34.00124919  
6.058617549  
-20.61080816  
-39.93672073  
-48.34877535  
-45.88093199  
-35.79859502  
-22.98513567  
-11.8708126  
-4.847208702  
-1.818571896  
-0.954723621  
-0.1295211743  
1.761265687  
4.276888178  
5.910055694  
5.225199087  
1.972343983  
-2.474113947  
-5.621110886  
-5.058382098  
0.2714890272  
9.404569993  
19.64721788  
27.69162406  
31.00062554  
28.78413422  
22.11685928  
13.19994088  
4.202618275  
-3.691397691  
-10.55593347  
-17.23213408  
-24.41819009  
-31.90206414  
-38.40140084  
-42.11596081  
-41.67976958  
-36.95759638  
-29.20215313  
-20.44046253  
-12.40182782  
-5.586443177  
0.9632715247  
8.986888834  
19.72595218  
32.71790528  
45.37918072  
53.74412732  
54.146591  
45.10595912  
28.48650505  
9.258054773  
-6.197816088  
-12.60064812  
-8.031875462  
5.08550076  
20.7961145  
31.94195298  
33.06341335  
22.64934375  
3.777313896  
-17.12850248  
-32.89088954  
-38.4284964  
-32.67947293  
-18.84344679  
-2.915512653  
8.801980813  
12.13877356  
6.464592685  
-5.420022284  
-18.7286933  
-28.75261321  
-32.63792114  
-30.18803153  
-23.48926651  
-15.68074051  
-9.512860031  
-6.341455314  
-5.91818176  
-6.924163562  
-7.858603801  
-7.785259326  
-6.588659076  
-4.698780555  
-2.540803144  
-0.1021487621  
3.082973871  
7.492866998  
12.97428532  
18.30737975  
21.32817071  
19.68827507  
11.98526956  
-1.252425117  
-17.25699014  
-31.66835651  
-39.9973251  
-39.36436804  
-29.78461823  
-14.39943716  
1.532978202  
12.54846949  
15.04048002  
8.627903156  
-3.752518048  
-17.07637501  
-26.26513652  
-28.15762876  
-22.58638143  
-12.1324986  
-0.7273949729  
8.212830435  
13.23907974  
15.2432936  
16.62116001  
19.68442529  
25.15325847  
31.5248167  
35.68189978  
34.48116542  
26.54676836  
13.34994904  
-1.035056988  
-11.48224756  
-14.00667803  
-7.585117642  
5.278646954  
19.55881528  
29.85770092  
32.71731727  
28.01034421  
18.75386923  
9.441662073  
3.715745082  
2.533921297  
3.764215504  
3.443153277  
-1.899219365  
-13.00897121  
-26.94212796  
-37.95745734  
-39.96859283  
-29.46577883  
-7.52430285  
20.12033366  
45.08333203  
59.6071229  
59.6695129  
46.5305103  
26.02110127  
5.903879285  
-7.48348082  
-11.77244209  
-9.164274434  
-4.879157042  
-4.25907547  
-9.95008601  
-20.52387535  
-31.18515125  
-36.19388201  
-31.80450918  
-18.28238786  
-0.01334613638  
16.34959362  
24.81218269  
22.64170362  
11.425485  
-3.871619691  
-17.3355774  
-24.79978475  
-25.50070189  
-21.94064865  
-18.12472217  
-17.1572439  
-19.48819596  
-22.73955363  
-23.19943521  
-18.17789628  
-7.932467797  
3.944185835  
12.00976942  
11.6830361  
1.839904852  
-14.07867715  
-29.15188958  
-35.89711833  
-29.72045116  
-11.25818301  
13.57924937  
35.99306357  
48.08341175  
46.30588178  
32.97596353  
15.09350903  
1.021159123  
-3.421124373  
2.408543808  
13.86588913  
23.48513571  
24.81569889  
15.75256939  
-0.2881609966  
-15.9604312  
-23.60727267  
-19.15804957  
-4.381542854  
13.66518021  
25.81067174  
25.10457234  
10.2588292  
-13.47753043  
-36.48825691  
-49.04525526  
-45.69391244  
-27.73592029  
-2.659758205  
19.20803356  
29.26975391  
24.3363045  
7.764351949  
-12.38845526  
-27.23442541  
-31.08688529  
-23.78110626  
-10.29330183  
2.017784835  
7.11043075  
3.085992543  
-7.165002997  
-17.68380218  
-22.55953531  
-18.83693813  
-7.79634704  
5.932768177  
16.85650765  
21.35672321  
19.28280827  
13.64755086  
8.695571349  
7.454330829  
10.1139474  
14.10140412  
15.78093356  
12.82004842  
5.883387119  
-1.346048749  
-3.935149496  
1.595730412  
15.03942644  
31.97722563  
45.38320117  
48.7103827  
39.02966738  
18.69643709  
-5.326820948  
-24.27048442  
-31.25138074  
-24.19876627  
-6.698426818  
13.59871523  
28.24907907  
31.48164621  
22.33951969  
4.65164423  
-14.99200235  
-30.20511493  
-37.31745572  
-36.37249186  
-30.34467321  
-23.16474613  
-17.63803983  
-14.27550108  
-11.50287784  
-6.983947839  
0.7401541624  
11.18457561  
21.95325389  
29.79985694  
32.12951143  
28.17378572  
19.28607572  
8.278888391  
-1.804291868  
-8.856599531  
-12.28784024  
-12.84032664  
-11.85988346  
-10.47950065  
-9.144638398  
-7.662794961  
-5.647362727  
-3.023667984  
-0.2715763251  
1.732662387  
2.16160957  
0.691583343  
-2.303525567  
-5.927938651  
-9.202593039  
-11.51797928  
-12.85716608  
-13.68555014  
-14.59077648  
-15.88381885  
-17.37310246  
-18.41198807  
-18.16790212  
-15.96018757  
-11.51199818  
-5.042667575  
2.773063184  
10.90544617  
18.08402803  
22.95064682  
24.3170934  
21.55277592  
15.00986492  
6.271375482  
-2.019309735  
-6.862561153  
-5.998230763  
1.011053061  
12.23009919  
23.72014952  
30.84291774  
30.06599146  
20.52523632  
4.611909879  
-12.77785279  
-26.10888749  
-31.43226352  
-28.0007541  
-18.53500762  
-7.992369941  
-1.373352635  
-1.550568292  
-8.100748368  
-17.65361633  
-25.56298811  
-28.09477011  
-24.10470398  
-15.44986221  
-5.998877846  
0.2303957786  
0.8946966475  
-3.728101136  
-11.03813429  
-17.41136931  
-19.80022406  
-16.87097325  
-9.225569633  
1.238195419  
12.35565313  
22.52180469  
30.94161904  
37.33101665  
