22.98344796  
23.17122851  
22.30271577  
19.39574338  
13.30966322  
3.68836704  
-8.339325262  
-20.15327522  
-28.44484295  
-30.52601003  
-25.55632954  
-15.09661711  
-2.686591287  
7.412971563  
11.78993567  
9.099847805  
0.440382227  
-11.2241113  
-22.27606307  
-29.73618898  
-32.10100177  
-29.46487561  
-23.02724465  
-14.35357745  
-4.806203349  
4.615181414  
13.07016652  
19.58670443  
23.00258227  
22.29589637  
17.18793179  
8.676286564  
-0.8823767096  
-8.336492525  
-10.82150009  
-6.93293836  
2.548788398  
14.77049932  
25.78881587  
32.05875997  
31.81342264  
25.74146635  
16.66092896  
8.321252918  
3.841319296  
4.443785654  
9.006620542  
14.59506391  
17.71980007  
15.78038922  
8.107536757  
-3.779003394  
-16.74017785  
-27.13313004  
-32.01779239  
-30.02806246  
-21.66967223  
-9.048313291  
4.783116934  
16.60367703  
23.72190732  
24.48403002  
18.56942043  
7.076971949  
-7.611618573  
-22.22548558  
-33.26044661  
-37.81657796  
-34.42207115  
-23.57613766  
-7.771003005  
9.100181595  
22.82387031  
30.10573202  
29.54852748  
22.01909942  
10.27259196  
-2.02213293  
-11.49116248  
-16.06133922  
-15.4280122  
-10.87754343  
-4.609445381  
1.127624144  
4.74697107  
5.658144884  
4.187862417  
1.220997309  
-2.226832047  
-5.324516218  
-7.554687062  
-8.696518885  
-8.762271259  
-7.96948213  
-6.758685117  
-5.792044469  
-5.84645404  
-7.563016531  
-11.11142092  
-15.91569261  
-20.61090621  
-23.33171118  
-22.29491471  
-16.49181077  
-6.222678544  
6.765533089  
19.64079185  
29.25866101  
33.09378405  
30.01171937  
20.62214286  
7.110761656  
-7.3660661  
-19.50317688  
-26.62430012  
-27.2175001  
-21.14754753  
-9.578084724  
5.305069802  
20.68484474  
33.57658336  
41.35375927  
42.30731322  
36.14456211  
24.2623444  
9.613183275  
-3.932488473  
-12.64714718  
-14.14143097  
-8.268526507  
2.663813025  
14.56503335  
22.96999915  
24.70500967  
19.1602804  
8.608840195  
-2.642423422  
-10.00342632  
-10.57504275  
-4.514569174  
4.84254914  
12.24740007  
12.7385115  
3.89042822  
-12.85878305  
-32.43237751  
-47.89289033  
-53.11040316  
-45.25046505  
-26.04677065  
-1.302645583  
21.20755088  
34.60108633  
35.36200336  
24.45025272  
6.651010449  
-11.48941063  
-24.22411178  
-28.58989085  
-25.05626106  
-16.7087303  
-7.483606925  
-0.3457219257  
3.758156339  
5.778030261  
7.477305233  
10.05265615  
13.22905621  
15.31386353  
14.1701035  
8.576256509  
-0.7717864606  
-11.18825773  
-18.95770035  
-20.90471888  
-15.83191827  
-5.133612589  
7.71466939  
18.55352354  
24.16906214  
23.41255569  
17.34422372  
8.431488379  
-0.7110494059  
-8.363220397  
-14.01937212  
-17.91731504  
-20.16669132  
-20.09932857  
-16.33923663  
-7.663720474  
5.772464796  
21.57807112  
35.27428631  
41.63741481  
36.80336123  
20.23231748  
-4.431160516  
-30.15954271  
-48.84521384  
-54.24807057  
-44.38519444  
-22.34562052  
4.839568267  
28.81650567  
42.93537304  
44.45424256  
35.08309115  
19.77230193  
4.398225212  
-6.587507587  
-11.56347696  
-11.73406188  
-9.927404743  
-8.919623178  
-10.12852885  
-13.22606344  
-16.69315093  
-18.86607212  
-18.83585374  
-16.73179942  
-13.3278028  
-9.31520398  
-4.764223625  
0.8464097873  
8.024172865  
16.4605164  
24.58200448  
29.85438589  
29.83223755  
23.50010091  
12.20942167  
-0.3692718482  
-9.42416129  
-10.90204222  
-3.328025554  
11.28809235  
27.92667662  
40.28471023  
43.0732342  
33.9573659  
14.37728966  
-11.01798907  
-36.01059547  
-54.81193301  
-63.64883255  
-61.45040375  
-49.5985383  
-31.08801058  
-9.582976386  
11.27420044  
28.23157703  
38.64944464  
40.80875002  
34.38160782  
20.88147596  
3.734510594  
-12.33390903  
-22.61118048  
-24.02517428  
-16.42512265  
-2.873715129  
11.33107456  
20.62780421  
21.38626207  
13.3820774  
-0.1288923988  
-13.81484942  
-22.55919978  
-23.62748421  
-17.73961956  
-8.573348996  
-0.9464180708  
1.465021524  
-2.190817386  
-9.624633517  
-16.5682817  
-18.83282543  
-14.27334898  
-3.74495017  
9.358750557  
20.70791339  
26.97414285  
27.1766102  
22.83989788  
16.9706904  
12.43229525  
10.55590126  
10.66085139  
10.66421836  
8.402150064  
2.944088308  
-4.781685387  
-12.3519518  
-16.98612878  
-16.85862317  
-11.92568455  
-3.885389383  
4.652445111  
11.31486091  
14.83579382  
15.24477545  
13.36953444  
10.02694651  
5.429577263  
-0.8166663325  
-9.1170176  
-19.06530995  
-28.93894063  
-35.91987821  
-37.06889119  
-30.65181067  
-17.17320961  
0.4454770088  
17.72522862  
30.21222029  
35.10639582  
32.2149352  
23.81410033  
13.50896186  
4.641238938  
-1.014161033  
-3.691993676  
-5.083928028  
-7.140357578  
-10.86874719  
-15.73321187  
-19.92351514  
-21.30810551  
-18.54716449  
-11.78675143  
-2.598535692  
6.763476249  
14.36719348  
19.33115367  
21.91632501  
