46.21596146  
41.18422957  
26.8682944  
6.278974937  
-15.33607189  
-32.3504295  
-40.79877021  
-39.77877598  
-31.65137373  
-20.97028808  
-12.59519436  
-9.773122063  
-12.97076475  
-19.90943486  
-26.73950704  
-29.81288412  
-27.27551401  
-19.8029337  
-10.19190074  
-2.025325765  
1.972873318  
1.154912518  
-2.796632628  
-6.677499033  
-7.261707256  
-2.819038015  
6.025963389  
16.47445824  
24.69553025  
27.43250396  
23.37798428  
13.72970583  
1.701019635  
-8.786928304  
-14.65788639  
-14.81532648  
-10.39688391  
-4.082484805  
1.196401337  
3.550437889  
2.856179505  
0.6141547598  
-0.9524748209  
-0.1089751288  
3.451645094  
8.385988395  
12.3004016  
12.89486582  
9.116459813  
1.77810284  
-6.662067502  
-13.08523229  
-15.03640515  
-11.80548481  
-4.782821045  
3.075891522  
8.450578148  
9.009574899  
4.339438166  
-3.930650108  
-12.83644094  
-19.28584386  
-21.23170249  
-18.31745779  
-11.76208136  
-3.603948094  
4.293553673  
10.98721861  
16.6105668  
21.90802113  
27.42757332  
32.82635708  
36.69035601  
37.01571589  
32.16349075  
21.84442204  
7.639086648  
-7.255950142  
-19.02482764  
-24.59805093  
-22.8275933  
-14.97044498  
-4.261015946  
5.267083074  
10.23823835  
9.093509909  
2.515139106  
-6.999115551  
-16.17569194  
-22.15542575  
-23.35905833  
-19.74791892  
-12.49519576  
-3.335207323  
6.049234996  
14.3379453  
20.53934385  
23.78524173  
23.22364089  
18.20086573  
8.715722689  
-4.092916437  
-17.76813892  
-28.92358139  
-34.20142803  
-31.49831794  
-20.95603575  
-5.232787812  
11.1741963  
23.38951807  
27.87931677  
23.74934888  
13.07498059  
0.09618506877  
-10.42088203  
-15.001702  
-12.7256217  
-5.429713298  
3.203085681  
9.262401258  
10.24132178  
6.001903198  
-1.298733443  
-8.242671929  
-11.66613786  
-9.996415515  
-3.862639678  
4.231777914  
10.98192485  
13.61207342  
10.91010982  
3.583710062  
-6.13039948  
-15.36523379  
-21.62309327  
-23.49273469  
-20.88191321  
-14.79488754  
-6.855071616  
1.184578711  
7.781937779  
11.77135103  
12.43501968  
9.578768348  
3.643346531  
-4.216858447  
-12.21284355  
-18.24968146  
-20.48010743  
-17.91763887  
-10.86119965  
-0.9157570061  
9.45813386  
17.73146901  
22.13687329  
22.21209457  
18.83980331  
13.78038724  
8.91233893  
5.513773671  
3.885600975  
3.446348603  
3.206251988  
2.357931239  
0.6858099063  
-1.394454762  
-3.156314796  
-4.048887644  
-4.073895707  
-3.84012562  
-4.253370139  
-5.992975782  
-9.043485497  
-12.53321834  
-14.98947752  
-14.92014  
-11.47327568  
-4.88204139  
3.506103912  
11.63824645  
17.43925932  
19.50066354  
17.51885194  
12.34557733  
5.67226803  
-0.5006350967  
-4.411246753  
-4.941306895  
-1.808635075  
4.437459134  
12.55920443  
20.85931043  
27.47348857  
30.7202876  
29.48220766  
23.54179224  
13.75455639  
1.945599038  
-9.508994454  
-18.33176844  
-23.02182957  
-23.3087588  
-20.1884085  
-15.50089631  
-11.20189283  
-8.617241353  
-7.990480419  
-8.513093467  
-8.818809469  
-7.71615027  
-4.825503202  
-0.8288888327  
2.783178865  
4.354607402  
2.806984114  
-1.848727063  
-8.454212633  
-15.11404411  
-19.88102328  
-21.41359001  
-19.33582052  
-14.18633825  
-7.038413103  
0.9844936383  
9.054099956  
16.70220412  
23.63074541  
29.43341285  
33.43794292  
34.80183618  
32.8425301  
27.43744905  
19.26931065  
9.751802423  
0.622272757  
-6.644149626  
-11.34641317  
-13.76542551  
-14.9720287  
-16.32059697  
-18.85374059  
-22.87594375  
-27.86547312  
-32.73118687  
-36.26596864  
-37.5757506  
-36.30339879  
-32.59141163  
-26.86730287  
-19.61529108  
-11.2780293  
-2.328727596  
6.571571935  
14.48958636  
20.34043674  
23.2293372  
22.88474484  
19.95987869  
15.99805786  
12.99215997  
12.66147661  
15.72758891  
21.51063356  
28.05807345  
32.80061273  
33.49903643  
29.10831046  
20.20682279  
8.814493902  
-2.324013034  
-10.69715236  
-14.84363924  
-14.72494954  
-11.55011775  
-7.180119078  
-3.394014282  
-1.317364568  
-1.19901271  
-2.543042863  
-4.450144529  
-5.967368559  
-6.301887342  
-4.877380556  
-1.323776583  
4.476165318  
12.22440997  
20.99250797  
29.11952315  
34.39812051  
34.616128  
28.33583672  
15.62400257  
-1.61321449  
-19.93018474  
-35.27335101  
-44.26035285  
-45.3323104  
-39.3066123  
-29.06893937  
-18.48646685  
-10.95483264  
-8.160851784  
-9.567779168  
-12.83216186  
-14.96621096  
-13.73733914  
-8.692721738  
-1.360573395  
5.456639175  
8.978455286  
7.749358399  
2.360312383  
-4.741586057  
-10.2788131  
-11.55320722  
-7.614990991  
0.3279765699  
9.440733845  
16.4917881  
19.23244962  
17.31113916  
12.32376025  
6.995833515  
3.887508376  
4.227601314  
7.419020663  
11.44290034  
13.96527512  
13.61379894  
10.79874361  
7.651602436  
7.059652688  
11.20538417  
20.2770886  
31.97807112  
42.13370158  
