-2.149661445  
-2.481080246  
-2.327209561  
-1.958046751  
-2.064267853  
-3.340210234  
-5.976653182  
-9.377693576  
-12.30047891  
-13.38382286  
-11.81251694  
-7.776605986  
-2.479974003  
2.322727482  
5.045125371  
4.904125178  
2.181694141  
-1.981317305  
-6.120350656  
-9.02557459  
-10.08668214  
-9.282457484  
-6.900300357  
-3.214284423  
1.650872233  
7.581629505  
14.1705407  
20.4842486  
25.1332856  
26.71113833  
24.44489387  
18.73426976  
11.25415593  
4.474268379  
0.7306020026  
1.227853399  
5.429699571  
11.1530715  
15.37831405  
15.4620692  
10.24459629  
0.5782736505  
-10.94809161  
-20.96471278  
-26.54636159  
-26.20138384  
-20.24858523  
-10.49196803  
0.5943655182  
10.77953796  
18.70823128  
24.05131849  
27.21715072  
28.8504474  
29.39314227  
28.89180716  
27.07339268  
23.57509604  
18.16814568  
10.87081243  
1.947674365  
-8.129186379  
-18.67912781  
-28.76161361  
-37.1509726  
-42.44991606  
-43.40277351  
-39.34868182  
-30.63273043  
-18.75099915  
-6.085830323  
4.734924338  
11.63015848  
13.68563127  
11.33285205  
6.012240297  
-0.512969447  
-6.859847107  
-12.41381105  
-17.24218652  
-21.62993763  
-25.54054482  
-28.34494153  
-29.01033737  
-26.67054537  
-21.2609222  
-13.82725625  
-6.264916348  
-0.5445784337  
2.219344262  
2.371322582  
1.624848498  
2.251601933  
5.901623166  
12.6362559  
20.69610307  
27.19076287  
29.43538442  
26.30656918  
18.93187334  
10.31706013  
4.022669608  
2.484836325  
5.787038129  
11.51159838  
15.80118457  
15.17576879  
8.265971702  
-3.366747018  
-15.74107421  
-24.09505141  
-24.91770053  
-17.45096971  
-3.991173262  
11.11558866  
23.28461702  
29.46112589  
29.06300266  
23.75358029  
16.28055483  
9.04733084  
3.151496465  
-1.686634797  
-6.3935737  
-11.53525946  
-16.68120934  
-20.54307105  
-21.80953371  
-20.16128342  
-16.7989629  
-14.05862305  
-14.2013711  
-17.97696932  
-23.77979608  
-27.99344969  
-26.53838824  
-16.97970711  
-0.1654310247  
19.51895397  
35.59324142  
42.11520038  
36.35783406  
20.26179897  
-0.1141765021  
-17.0222598  
-24.31482851  
-20.11982292  
-7.652201636  
6.26473772  
14.34253959  
12.22289482  
0.5678972316  
-15.13193439  
-26.96809171  
-28.15730261  
-16.11111144  
6.355329759  
32.20230666  
53.1671488  
63.20502715  
60.82302619  
49.31223626  
34.87843175  
23.63272775  
18.88458996  
19.96802008  
23.05139324  
23.42244293  
18.06091023  
7.228136625  
-5.670072142  
-15.82362201  
-19.46355205  
-15.79740623  
-7.498575897  
0.4684730816  
3.104892039  
-2.360325248  
-15.24567601  
-31.75083729  
-46.62809848  
-55.37292004  
-55.93346816  
-49.23547274  
-38.41666472  
-27.26137388  
-18.63335504  
-13.60389872  
-11.54631467  
-10.96243747  
-10.48006787  
-9.464574083  
-7.987619598  
-6.305462378  
-4.283313992  
-1.207447027  
3.839236837  
11.24003217  
20.21389553  
28.75430445  
34.31037282  
34.96013973  
30.49968317  
22.83504873  
15.35963729  
11.49757156  
13.04551158  
19.11372308  
26.2439767  
29.75538328  
25.78229251  
13.104689  
-6.079723876  
-26.8415557  
-43.40811516  
-51.44777338  
-49.75131844  
-40.57816484  
-28.53412151  
-18.5075731  
-13.60112136  
-13.97566241  
-17.08470065  
-19.13183759  
-17.03185618  
-9.950108073  
0.2800730115  
10.02400341  
15.56226488  
14.84735254  
8.495825779  
-0.4163900221  
-7.638254281  
-9.516653583  
-4.482483751  
6.36026161  
19.72994689  
31.46717067  
38.05267057  
37.73560325  
30.9011522  
19.66775826  
7.009124811  
-4.183428362  
-11.76871876  
-14.63586739  
-12.68319226  
-6.67367949  
1.90651312  
10.98996596  
18.17904837  
21.20877039  
18.597064  
10.2816071  
-2.066715744  
-15.31296672  
-25.75140837  
-30.36598824  
-27.97428145  
-19.74424639  
-8.794377592  
1.026604118  
6.70310693  
7.292759691  
4.284234652  
0.888444011  
0.5562745643  
5.377120316  
15.08017989  
27.09492833  
37.64479182  
43.37136471  
42.74415707  
36.61748212  
27.7060431  
19.26401489  
13.62561834  
11.31084904  
11.1010765  
10.98868465  
9.458846787  
6.392462389  
3.082418693  
1.331206873  
2.111452896  
4.550541274  
5.890071136  
2.601108408  
-7.772582463  
-24.91665906  
-45.10715886  
-62.12592557  
-69.51953013  
-63.31922601  
-44.03128268  
-16.93369834  
9.593614391  
27.11940173  
30.36576492  
19.22297735  
-1.29550301  
-23.1550912  
-38.5717536  
-43.06224449  
-36.98979502  
-24.99208162  
-13.6120489  
-8.22960659  
-10.66927993  
-18.51904719  
-26.40472545  
-28.58464964  
-21.66068718  
-6.187610782  
13.50605311  
31.154002  
41.18523573  
40.97957614  
31.79145882  
18.0197117  
5.237865609  
-2.092200064  
-2.234555362  
3.492246391  
11.67308805  
18.48348565  
21.29543267  
19.52542162  
14.47349391  
8.388525888  
3.311558134  
0.2647119685  
-0.9024647989  
-1.068789993  
-1.147481695  
-1.561662834  
