32.77563439  
25.13095474  
11.85906733  
-4.960486245  
-22.20027924  
-36.50363593  
-45.21071954  
-47.07220486  
-42.50624061  
-33.33036757  
-22.09953304  
-11.31879547  
-2.817135649  
2.533271535  
4.73560738  
4.359524734  
2.205069101  
-0.9028521728  
-4.149578643  
-6.678171771  
-7.590518959  
-6.104737252  
-1.858668911  
4.773748025  
12.54605543  
19.52979479  
23.64042844  
23.33955894  
18.24225987  
9.363365122  
-1.132895816  
-10.61324334  
-16.83473105  
-18.65110629  
-16.29548514  
-11.14603058  
-5.096112529  
0.1929211933  
3.847045298  
5.936695893  
7.215013045  
8.597871827  
10.6433222  
13.26329253  
15.77408268  
17.22985604  
16.86106076  
14.41107089  
10.23212345  
5.126601997  
0.0361546419  
-4.263746822  
-7.333961308  
-9.06339057  
-9.536024615  
-8.883616404  
-7.223802262  
-4.71663666  
-1.688290254  
1.283079368  
3.417386449  
3.94956843  
2.450054595  
-0.8885257159  
-5.149610763  
-8.868360532  
-10.46682905  
-8.815474093  
-3.717137436  
3.882548951  
12.06749259  
18.47939621  
21.04294701  
18.64946072  
11.56580733  
1.423499887  
-9.217161899  
-17.59198503  
-21.51810956  
-19.99726026  
-13.46235185  
-3.614097257  
7.075782547  
16.02499578  
21.16710321  
21.38571275  
16.6811906  
8.083349017  
-2.61648878  
-13.22567262  
-21.53641063  
-25.70496368  
-24.60661304  
-18.13325343  
-7.363617483  
5.491399659  
17.44829223  
25.41661042  
27.04781559  
21.52572382  
10.00566409  
-4.526916002  
-18.02950412  
-26.6205678  
-27.85281725  
-21.57887355  
-10.05454482  
2.809545089  
12.81001056  
16.93337128  
14.39691842  
6.84326815  
-2.386067734  
-9.603628642  
-12.20836508  
-9.62420279  
-3.384898992  
3.632306513  
8.467817151  
9.286689779  
6.031741757  
0.2857653366  
-5.54079783  
-9.296892708  
-9.961906973  
-7.943372348  
-4.727325605  
-2.102630634  
-1.349798584  
-2.758826651  
-5.646642765  
-8.789842063  
-11.00251481  
-11.55901832  
-10.28944518  
-7.381108984  
-3.085280434  
2.436656845  
9.00571505  
16.12666178  
22.72678986  
27.18601918  
27.77765382  
23.40545697  
14.31432093  
2.388328517  
-9.213920895  
-17.04923881  
-18.65834555  
-13.58920146  
-3.705529714  
7.411128224  
15.77137084  
18.48534131  
14.84880388  
6.555771697  
-3.046533854  
-10.33792664  
-12.85432846  
-10.17411141  
-3.921826466  
3.060408908  
7.971829867  
9.181709123  
6.762008905  
2.251030518  
-2.177086093  
-4.718125609  
-4.661891257  
-2.546729719  
0.2606342878  
2.306159657  
2.738132125  
1.635539888  
-0.136992523  
-1.431261187  
-1.407246655  
0.06495820912  
2.356350909  
4.370610749  
5.015959163  
3.641482335  
0.2700257942  
-4.429249718  
-9.372243563  
-13.37684546  
-15.45167615  
-14.99385063  
-11.88909753  
-6.535960784  
0.1908842899  
7.047697779  
12.61854962  
15.60029162  
15.12519879  
11.02601449  
3.937393059  
-4.828142814  
-13.60818413  
-20.81460667  
-25.30325626  
-26.56270249  
-24.67878517  
-20.13256037  
-13.55683436  
-5.576292945  
3.20976803  
12.1374274  
20.38538241  
26.98837254  
31.00278596  
31.77338821  
29.17742488  
23.71539786  
16.38677984  
8.396550342  
0.8279007689  
-5.566960547  
-10.37330845  
-13.35213486  
-14.24746109  
-12.72638469  
-8.541488593  
-1.864504945  
6.392765967  
14.50021667  
20.22339058  
21.49810621  
17.23543164  
7.912797711  
-4.352426343  
-16.35735748  
-24.83899871  
-27.59277829  
-24.23963339  
-16.32432372  
-6.699480419  
1.552556469  
6.218414516  
6.635064367  
3.71009403  
-0.6694072316  
-4.532225291  
-6.609094427  
-6.683323641  
-5.40982105  
-3.764299649  
-2.445348316  
-1.544701049  
-0.6366765596  
0.7940113432  
2.847695132  
4.930021551  
5.880205747  
4.476068973  
0.08300177391  
-6.873750203  
-14.86415959  
-21.69309056  
-25.25782582  
-24.30935759  
-18.89985308  
-10.33803175  
-0.6880442565  
7.96393807  
14.17066446  
17.46454914  
18.28816975  
17.60576961  
16.40717388  
15.32896498  
14.52913898  
13.81522567  
12.90897196  
11.68690204  
10.27455778  
8.966013024  
8.034938007  
7.554047343  
7.325773465  
6.96262263  
6.07726121  
4.489004878  
2.347733893  
0.1158581658  
-1.588273323  
-2.226118064  
-1.565625474  
0.1826330786  
2.368937809  
4.051770548  
4.252724073  
2.251892284  
-2.156768705  
-8.527873152  
-15.79956859  
-22.51449152  
-27.18489473  
-28.70646714  
-26.69297851  
-21.61270152  
-14.66296078  
-7.408132177  
-1.296763486  
2.772701843  
4.678901921  
5.014869067  
4.767154169  
4.872366226  
5.834640293  
7.557492932  
9.44708635  
10.72545428  
10.80402073  
9.549882917  
7.334772378  
4.860603031  
2.854958675  
1.779900901  
1.677400868  
2.201216518  
2.797127542  
2.935599484  
2.297079808  
0.8543328949  
-1.142982296  
-3.234895455  
-4.822907838  
-5.235454985  
-3.815945493  
-0.07408628351  
6.092611353  
14.16487233  
22.87121743  
30.28450942  
34.20576077  
