18.91085405  
19.93565265  
23.6506479  
30.23540445  
37.99544479  
43.89479908  
44.71929148  
38.38235863  
24.83488025  
6.223202925  
-13.73666443  
-30.89041375  
-41.83749177  
-44.77647043  
-39.7912736  
-28.60991276  
-14.04272381  
0.656671624  
12.34847717  
18.45425722  
17.3487259  
8.73112356  
-6.088635629  
-24.15920204  
-41.2958601  
-52.99078911  
-55.66197923  
-47.85398808  
-30.9107076  
-8.759337853  
13.23778568  
30.01674175  
38.49376088  
38.52127693  
32.70505455  
25.13514569  
19.55708866  
17.77234071  
18.97662762  
20.33771109  
18.55487364  
11.68150844  
0.3493384841  
-12.21575128  
-21.45072866  
-23.45730818  
-16.85326595  
-3.614067758  
11.52175485  
22.87187553  
26.08872911  
19.91919988  
6.692150089  
-8.65591184  
-20.5687167  
-24.99935184  
-20.78870753  
-9.783314792  
4.227877313  
17.1630089  
26.08873568  
29.85274376  
28.77524271  
23.76408418  
15.48277755  
4.107123758  
-10.18960874  
-26.36020068  
-41.84665314  
-52.7528303  
-54.99149835  
-46.02282911  
-26.39399393  
-0.2555948364  
25.58136224  
43.83435301  
49.36223601  
41.11624704  
22.56737866  
0.3817843212  
-18.12567214  
-27.69363172  
-26.84364244  
-17.95411728  
-5.74206497  
5.079232282  
11.86256357  
14.88464178  
16.6774851  
20.24635159  
27.10614196  
36.13396135  
43.8238341  
45.8467809  
39.18898388  
23.85856031  
3.341890216  
-16.44533637  
-29.29374017  
-31.03178746  
-21.09368639  
-2.713102357  
18.27591771  
35.48703171  
44.04118092  
41.88001678  
29.95606062  
11.41144662  
-9.769013275  
-30.02978127  
-46.99556378  
-59.56967263  
-67.55529705  
-71.13674496  
-70.52794494  
-65.92314605  
-57.6825811  
-46.56097127  
-33.78946771  
-20.93006736  
-9.559529903  
-0.9287003523  
4.258553553  
5.883856305  
4.307885668  
0.2192727368  
-5.469823315  
-11.65906911  
-17.08218602  
-20.40894946  
-20.48691166  
-16.69387337  
-9.277413455  
0.4898136046  
10.47288176  
18.17698087  
21.46753713  
19.27487045  
12.02505508  
1.613761153  
-9.105415058  
-17.17341856  
-20.44343686  
-18.25305252  
-11.61329657  
-2.836289326  
5.283031472  
10.4563339  
11.71580519  
9.754569229  
6.65218564  
5.062104498  
7.142487034  
13.62599946  
23.39776975  
33.78000046  
41.46157118  
43.75386811  
39.70467923  
30.62589222  
19.79343001  
11.38694678  
9.035183982  
14.49776086  
26.97610245  
43.31446292  
59.01750382  
69.70843015  
72.49950994  
66.80270111  
54.33877101  
38.40926097  
22.75057923  
10.39886392  
2.933946339  
0.2847805281  
1.059670372  
3.200351408  
4.69993023  
4.166959274  
1.116289262  
-4.030404071  
-10.18254695  
-15.97125454  
-20.19397291  
-22.20495494  
-22.13813871  
-20.86912586  
-19.68633177  
-19.7484505  
-21.51900415  
-24.42865994  
-26.97220016  
-27.28551052  
-24.02735682  
-17.20453937  
-8.535016099  
-1.088711197  
1.757157889  
-2.315587896  
-13.44264291  
-29.2239916  
-45.38074462  
-57.23535168  
-61.44872264  
-57.29585956  
-46.92292794  
-34.44754031  
-24.26147469  
-19.24825473  
-19.67327528  
-23.21475019  
-26.10792745  
-24.89093865  
-17.98891329  
-6.457707493  
6.412582479  
16.43774482  
20.23559819  
16.56915194  
6.813232455  
-5.588114727  
-16.39474728  
-22.03772275  
-20.73308192  
-12.89959464  
-0.8415231264  
12.08226599  
22.46265613  
27.71303243  
26.6335753  
19.62518661  
8.58674485  
-3.457109019  
-12.96252179  
-16.65485974  
-12.37918724  
0.1931990683  
19.25177942  
41.11630371  
61.10580901  
74.79650507  
79.2745129  
73.94999444  
60.63588314  
42.86592571  
24.71639824  
9.575650104  
-0.7009892179  
-6.002213082  
-7.563063266  
-7.219614106  
-6.668387531  
-7.006285266  
-8.640083541  
-11.46257113  
-15.09585769  
-19.03439883  
-22.64752355  
-25.13263264  
-25.56451319  
-23.12907053  
-17.49561902  
-9.157495193  
0.46888836  
9.312177303  
15.24018811  
16.77193419  
13.6227228  
6.852972632  
-1.446374822  
-8.80957054  
-13.14490684  
-13.31911229  
-9.417191333  
-2.658537177  
4.938320545  
11.01626055  
13.3728281  
10.44447046  
1.754655272  
-11.74521562  
-27.57827837  
-42.04567288  
-51.00751335  
-51.03438637  
-40.60848758  
-20.92222697  
4.124041231  
28.86955056  
47.55524849  
56.14036824  
53.58985705  
42.11443583  
26.251118  
11.14445216  
0.7209253541  
-3.520851367  
-2.664861372  
0.4915284406  
2.86363541  
2.395132626  
-1.28673177  
-7.061651822  
-13.12016419  
-17.88466528  
-20.56639257  
-21.1423578  
-19.89408093  
-16.89944446  
-11.87099929  
-4.494076983  
4.927282877  
14.95255477  
23.04624252  
26.33703035  
22.84757454  
12.62992673  
-1.80692214  
-16.11425923  
-25.62167121  
-27.15841081  
-20.38488724  
-8.018984234  
5.183256561  
14.2759049  
16.01377175  
9.990322813  
-1.417455238  
-14.19281962  
-24.33661238  
-29.28350629  
-28.50705746  
-23.17854956  
-15.20607137  
-6.23596147  
2.864273956  
11.84882025  
20.4749224  
27.89707055  
32.53249583  
32.57680468  
26.95847025  
16.23529233  
2.904814644  
-9.146799357  
-15.92583427  
-14.84498046  
-5.831540422  
8.458964537  
23.44505783  
34.14166957  
36.82983616  
30.26843476  
16.05272186  
-1.939458766  
-18.75792773  
-29.81493828  
-32.11287898  
-24.96440347  
-10.08713623  
8.888334715  
27.35227074  
40.88437057  
46.40591844  
43.03586697  
32.38893527  
18.15142345  
4.968264376  
-3.078255983  
-3.911625628  
1.711989735  
10.36593661  
17.12991515  
17.39862466  
8.653892306  
-8.497239262  
-30.44798444  
-51.84905557  
-67.50532562  
-74.16061314  
-71.48175488  
-61.90135797  
-49.45992823  
-38.18194501  
-30.66298034  
-27.38941955  
-26.95300265  
-26.93950427  
-25.03463624  
-19.88861409  
-11.4735433  
-0.9337894612  
9.875851421  
18.92157037  
24.43540798  
25.24832607  
21.05874341  
12.65419108  
2.002707662  
-7.944199581  
-13.85910212  
-13.0091302  
-4.311507725  
10.95984132  
29.21668913  
45.49112042  
55.02133424  
54.91238424  
45.19055891  
28.77534958  
10.33971131  
-5.479243293  
-15.75734937  
-20.12954254  
-20.46727111  
-19.5913945  
-19.67089097  
-21.09039429  
-22.32285766  
-20.83874022  
-14.56804092  
-3.161205522  
11.5979168  
26.44470386  
38.03440111  
44.39796418  
45.73290227  
44.13926443  
42.43296631  
42.62348788  
44.80542671  
47.01036985  
46.09831738  
39.27064244  
25.49715187  
6.198687715  
-15.11777552  
-34.09659141  
-47.09095267  
-52.38093444  
-50.58248657  
-44.15330707  
-36.2806698  
-29.64704872  
-25.54910751  
-23.63621172  
-22.26135919  
-19.22686463  
-12.62999425  
-1.558722014  
13.50925702  
30.65879852  
46.84331047  
58.51458685  
62.49466411  
56.91772427  
41.97290406  
20.14648755  
-4.242067681  
-26.1815818  
-41.46728076  
-48.01878773  
-46.47417007  
-39.7642321  
-31.79312109  
-25.76461133  
-22.88960981  
-22.07121376  
-20.72408645  
-16.34001219  
-8.025659577  
2.783466831  
12.84922752  
18.69917299  
18.48427178  
13.16715827  
6.350924323  
2.701205136  
5.630244619  
15.34643902  
28.28870003  
38.36833217  
39.59181562  
28.93483033  
8.130397092  
-16.55126719  
-36.58079152  
-44.61420229  
-37.64001464  
-18.4354772  
5.359145563  
24.21512545  
30.51183526  
21.56907652  
0.6601314125  
-24.38110837  
-44.32730236  
-52.15093578  
-45.57707977  
-27.63675579  
-5.14288688  
14.13779987  
24.38077681  
23.53112166  
13.48760167  
-1.191356712  
-15.31884589  
-24.9262321  
-28.24539758  
-25.64462046  
-18.82357668  
-9.827622212  
-0.376777397  
8.292314723  
15.21447301  
19.45219002  
20.11626087  
16.71770322  
9.648665869  
0.4476967996  
-8.42416103  
-14.31863426  
-15.37451923  
-11.2854655  
-3.466852856  
5.510367415  
13.00223149  
17.41285906  
18.83643541  
