50.89072111  
49.54124769  
44.84800597  
38.86337246  
31.95865952  
23.1575728  
11.40488209  
-3.008137982  
-17.73164957  
-28.8612656  
-32.51919019  
-26.78190107  
-12.98289082  
4.340048188  
18.96748403  
25.40564242  
21.1465823  
7.774450044  
-9.596776403  
-24.3357978  
-30.90241859  
-26.95021699  
-14.06851891  
3.073448109  
18.7210788  
28.25113851  
29.67222171  
23.8684364  
13.65615704  
2.24853753  
-8.077292785  
-16.51254144  
-23.32096981  
-28.88271756  
-32.8161593  
-33.73702879  
-29.83824943  
-20.00342532  
-4.847332353  
12.92905343  
29.16444928  
39.65882454  
41.79591277  
35.63778981  
23.97193886  
11.249276  
1.844662974  
-1.628462213  
0.7554312541  
6.434341544  
11.56606027  
12.70408823  
8.233739639  
-1.001267459  
-12.08455669  
-21.20578897  
-25.11900193  
-22.30986244  
-13.47625359  
-1.230422951  
10.78039699  
18.97687238  
20.81825846  
15.40976216  
3.672906284  
-11.87759825  
-27.66113431  
-39.77419669  
-44.8590226  
-40.9696748  
-28.24257523  
-9.138525278  
11.93181674  
29.62929394  
39.15053129  
37.71386988  
25.55398943  
6.017925399  
-15.35560368  
-32.52025224  
-40.81247523  
-38.39048544  
-26.71751475  
-9.938325948  
6.593102834  
18.07880716  
21.70949822  
17.31286712  
7.095257197  
-5.309572479  
-16.06460451  
-22.19530555  
-22.21961248  
-16.28428135  
-5.922424886  
6.393777851  
17.77807722  
25.49015349  
27.52825985  
23.20850639  
13.58324765  
1.4747053  
-9.064928645  
-13.87689245  
-10.14229199  
2.344620879  
20.63502235  
39.18824748  
51.51168226  
52.39120686  
39.90926699  
16.43835193  
-11.86508721  
-36.97364546  
-51.6475467  
-51.85504985  
-38.04153401  
-14.7829622  
11.00040034  
32.5309656  
45.37641998  
48.55017203  
44.19092778  
36.10474211  
27.89662066  
21.51887136  
16.79966997  
12.02919645  
5.205012467  
-4.713666148  
-17.12689378  
-29.94777978  
-40.43628458  
-46.26525169  
-46.32024386  
-40.92600105  
-31.50676142  
-19.95378519  
-8.061525856  
2.7235562  
11.23450536  
16.40135018  
17.22350052  
13.04621876  
4.057137642  
-8.28686811  
-21.24203295  
-31.35581961  
-35.53526525  
-32.21612011  
-22.12136492  
-8.217271099  
5.201640238  
13.98559506  
15.58661884  
9.91397525  
-0.7479670974  
-12.69701947  
-22.21877105  
-26.84782344  
-25.99525394  
-20.76575236  
-13.15643418  
-5.079831629  
2.323055857  
8.811494485  
14.65446128  
20.01824854  
24.51519164  
27.17906632  
26.88467587  
22.98545812  
15.82687492  
6.857767273  
-1.735783046  
-7.719661321  
-9.527379775  
-6.715772816  
-0.0167803232  
8.968494851  
18.25146737  
25.91064799  
30.40247416  
30.73475543  
26.58623686  
18.43688623  
7.678051507  
-3.428389489  
-12.09182096  
-15.68336199  
-12.63209821  
-3.204453929  
10.21348936  
23.58180913  
32.3855771  
33.1671923  
24.84324744  
9.259637351  
-9.294192521  
-25.48107508  
-34.71565658  
-34.68824783  
-26.04394278  
-11.99393895  
2.935276835  
14.48641233  
19.9769608  
18.88835043  
12.63575241  
3.748415229  
-5.124777002  
-11.99371575  
-15.88341878  
-16.79157793  
-15.42132366  
-12.8764742  
-10.40931471  
-9.193784881  
-10.05233348  
-13.12781691  
-17.6171069  
-21.77133042  
-23.32808903  
-20.356495  
-12.24324108  
-0.369723077  
11.94563607  
20.40169311  
21.31728986  
13.26719946  
-1.987174864  
-19.79175833  
-34.13662132  
-39.885845  
-34.78471826  
-20.36173026  
-1.290513872  
16.54535585  
28.44487188  
32.67240989  
30.83180033  
26.68590096  
24.01286202  
24.55806133  
27.10261497  
28.13213729  
23.79985865  
12.22001631  
-5.075585571  
-23.3151819  
-36.32059588  
-39.20306995  
-30.67139772  
-13.83655673  
4.926192109  
18.59329594  
22.42006078  
15.85316828  
2.568481629  
-11.35210198  
-20.22577198  
-21.2331438  
-15.40897251  
-6.75460759  
0.02009852534  
1.965687009  
-0.664229357  
-4.701262597  
-5.910088733  
-1.436402867  
8.414145172  
20.01186405  
28.00003453  
27.91432107  
18.55207404  
2.901205738  
-12.89398889  
-22.11933569  
-20.4658311  
-8.02121508  
10.65659302  
28.44047337  
38.66118462  
37.9040817  
27.33958312  
12.03389913  
-1.395412676  
-7.689874588  
-5.12930384  
3.932614549  
14.31528993  
20.38764509  
18.47225195  
8.248868961  
-7.345739173  
-23.52583346  
-35.63434493  
-40.80070956  
-38.65303364  
-30.96663417  
-20.61182808  
-10.3942252  
-2.286716333  
2.765913548  
4.627059686  
3.660882768  
0.5950578069  
-3.422604664  
-6.77821591  
-7.6218398  
-4.48013305  
2.933060234  
13.13288304  
22.95061252  
28.47682025  
26.61416212  
16.60497439  
0.7816353754  
-15.9569508  
-27.89128751  
-30.80444151  
-23.88869077  
-10.33605666  
3.759498772  
11.81932603  
9.532013757  
-3.240475717  
-22.25012446  
-40.46633372  
-50.82649294  
-48.96672507  
-34.79134733  
-12.27261781  
12.33574279  
33.00591145  
46.03735011  
