44.06085822  
37.28872607  
23.39618308  
4.273336729  
-16.63245542  
-35.31825706  
-48.41103192  
-54.11128335  
-52.57576652  
-45.64588311  
-36.07590426  
-26.58415203  
-19.07753967  
-14.28791983  
-11.86734256  
-10.80765182  
-9.953158177  
-8.392677073  
-5.623737633  
-1.512742307  
3.835592035  
10.17726205  
17.1368015  
24.15470225  
30.46504002  
35.18875784  
37.55971208  
37.20808876  
34.36511574  
29.86208017  
24.87952895  
20.52086873  
17.38158678  
15.30807419  
13.4729897  
10.76196302  
6.328312609  
0.08968292276  
-7.048364478  
-13.35481829  
-16.7853926  
-15.67230283  
-9.351401828  
1.491859742  
14.87749356  
27.97403071  
37.79735677  
41.96525712  
39.30280623  
30.14391536  
16.25647062  
0.4102288854  
-14.31077738  
-25.28714699  
-31.03822161  
-31.6048826  
-28.51233603  
-24.28937191  
-21.65165337  
-22.5781461  
-27.57263437  
-35.37442832  
-43.25489213  
-47.84525887  
-46.24830523  
-37.06835936  
-21.00127203  
-0.7647350262  
19.62558235  
36.00086722  
45.22536497  
46.03782397  
39.29098487  
27.54878467  
14.21756884  
2.527308841  
-5.306252904  
-8.50788327  
-7.694237425  
-4.45020102  
-0.7306135029  
1.700780625  
1.648430119  
-1.367742351  
-7.151003025  
-14.963418  
-23.67620694  
-31.89668467  
-38.08423128  
-40.69946999  
-38.42673759  
-30.4746005  
-16.90402021  
1.114720724  
21.2381116  
40.17966316  
54.26974318  
60.27847379  
56.32447938  
42.60999289  
21.7092387  
-1.782628955  
-22.26089848  
-34.5821968  
-35.5943785  
-25.23078912  
-6.744864757  
14.09941745  
30.71895239  
37.78797318  
33.01145622  
17.953955  
-2.425712197  
-21.43340589  
-32.94570085  
-33.55011491  
-23.73390304  
-7.665479051  
8.370990304  
18.31749889  
18.58747239  
9.368395035  
-5.510273208  
-20.08969668  
-28.59229201  
-27.64419541  
-17.56104466  
-2.212189534  
12.4758168  
20.79910127  
19.47122451  
8.907209748  
-6.878558093  
-21.71358629  
-29.50813441  
-26.47149403  
-12.50427425  
8.720853863  
30.99716521  
47.68061066  
53.89350139  
48.06849057  
32.3214768  
11.57086009  
-8.236445017  
-22.13042119  
-27.63842969  
-25.30985346  
-18.1193976  
-10.0437763  
-4.403857815  
-2.628720607  
-3.905192506  
-5.805454421  
-5.582094173  
-1.551005502  
6.044762663  
15.06573641  
22.38473079  
25.26889688  
22.61621089  
15.48433979  
6.658780515  
-0.5629619981  
-3.835039551  
-2.813451456  
0.6953150069  
3.574300336  
2.860536782  
-2.825717744  
-12.54596477  
-23.35611926  
-31.54495956  
-34.24642979  
-30.6915721  
-22.52055568  
-13.00387794  
-5.52739713  
-2.044490522  
-2.22216212  
-3.690301799  
-3.286791961  
1.28360364  
10.16723958  
21.08586494  
30.23486393  
33.97219488  
30.53181348  
20.96204572  
8.826781887  
-1.235950823  
-5.481904851  
-2.691357754  
5.26021815  
14.15037928  
19.158076  
16.86350442  
6.655980866  
-9.019158185  
-25.6331333  
-38.31135373  
-43.59112305  
-40.49985185  
-30.59504138  
-17.07045471  
-3.407249254  
7.823769685  
15.55208435  
20.0635043  
22.33608936  
23.26390108  
23.1525255  
21.67136967  
18.19218872  
12.26617984  
3.969518089  
-6.031119893  
-16.66240672  
-26.71738272  
-35.0455671  
-40.58923491  
-42.33571983  
-39.34210689  
-30.95881641  
-17.2425211  
0.617894045  
20.13239589  
37.81875725  
50.01969266  
54.00927846  
48.98381996  
36.512595  
20.19795032  
4.598523762  
-6.226330311  
-10.02489352  
-7.033008517  
0.2139761332  
7.84324059  
12.00192183  
10.11175107  
1.604700492  
-12.043761  
-27.89549749  
-42.46106267  
-52.60650039  
-56.20713813  
-52.45596509  
-41.87426563  
-26.1331173  
-7.771390764  
10.16987386  
24.61893441  
33.05223025  
34.10063565  
28.0125064  
16.7684012  
3.709592767  
-7.298065514  
-12.95172505  
-11.50394974  
-3.307321553  
9.30081383  
22.74953578  
33.36033882  
38.44987618  
37.03171697  
29.90638992  
19.1707038  
7.389466135  
-3.22801173  
-11.35249181  
-16.62525818  
-19.37456749  
-20.15972875  
-19.38151265  
-17.1232599  
-13.25214287  
-7.680576481  
-0.6235362329  
7.291265813  
15.11625063  
21.83186345  
26.63139379  
29.11720233  
29.33442048  
27.64781279  
24.53583244  
20.40179134  
15.48084889  
9.867037472  
3.628737295  
-3.055072427  
-9.805716682  
-16.04365202  
-21.07710417  
-24.25003382  
-25.10395543  
-23.51092727  
-19.74781372  
-14.49595728  
-8.760761305  
-3.714030314  
-0.4722715209  
0.1588163798  
-2.077004405  
-6.730974365  
-12.64367471  
-18.13088222  
-21.35439356  
-20.80965769  
-15.80744713  
-6.801570103  
4.565763374  
15.76199513  
23.96645493  
26.83324259  
23.19859714  
13.50618293  
-0.2109325641  
-14.82432178  
-26.95773376  
-33.93621238  
-34.53140448  
-29.24892473  
-20.05080019  
-9.603373886  
-0.318238505  
6.460757899  
10.81634717  
14.02267683  
17.80713871  
23.40568376  
30.80222009  
38.48225315  
43.83270743  
