86.88721229  
81.56198661  
58.42458901  
22.6612948  
-16.45365829  
-49.08732044  
-68.38951592  
-72.57682641  
-64.80599693  
-51.0989984  
-37.41831992  
-27.27537967  
-20.88359147  
-16.051662  
-10.16144907  
-2.095859145  
6.910505118  
13.91193295  
15.999135  
12.18761383  
4.400780091  
-3.045423483  
-5.293685938  
0.7149110783  
14.53583575  
32.0085913  
46.71408895  
52.50845529  
46.04099966  
28.16647908  
3.655595581  
-20.6427432  
-38.3756803  
-45.90960788  
-43.32590258  
-33.89139543  
-22.36994435  
-12.99334416  
-7.965272759  
-7.042178387  
-8.204343529  
-8.956884887  
-7.591460657  
-3.858383123  
1.148896622  
5.70333899  
8.312283726  
8.311168333  
5.961761273  
2.120269351  
-2.254226785  
-6.451134973  
-10.05998508  
-12.77473133  
-14.15983109  
-13.60241217  
-10.54485924  
-4.898041576  
2.608960535  
10.39497953  
16.42187414  
18.91367441  
17.11059557  
11.71514867  
4.797176139  
-0.8505501254  
-2.678640588  
0.6986840452  
8.980219418  
20.24162821  
31.54701686  
39.8702113  
42.99666831  
40.11684698  
31.9588948  
20.47541647  
8.230037277  
-2.312287468  
-9.400582413  
-12.38636314  
-11.82240118  
-9.270298079  
-6.865370499  
-6.729776846  
-10.36291948  
-18.15941892  
-29.19388346  
-41.35445661  
-51.81350098  
-57.7195874  
-56.92297343  
-48.53541602  
-33.18299509  
-12.90969363  
9.212094268  
29.64971237  
45.03804178  
52.77907746  
51.55656002  
41.70895349  
25.37484171  
6.296697576  
-10.80695744  
-21.28678902  
-21.83831791  
-11.65097764  
7.002557847  
29.07456933  
48.01700744  
57.72620432  
54.54715783  
38.61367801  
13.96966612  
-12.66599516  
-34.11325546  
-45.14239634  
-44.18856714  
-33.71750289  
-19.10550227  
-6.478493677  
-0.3646892526  
-2.079739519  
-9.454976202  
-17.96840805  
-22.77413863  
-20.78239223  
-11.95235091  
0.6925936309  
12.29056889  
18.08487724  
15.3089636  
4.298904638  
-11.55152566  
-26.93201728  
-36.40815371  
-36.22936443  
-25.56315034  
-6.797334191  
15.13445289  
34.16445909  
44.81613165  
43.76478027  
30.81603018  
9.036068544  
-16.0244762  
-37.83665421  
-50.73880598  
-51.59458154  
-40.73930625  
-21.86556907  
-0.823038973  
16.31314147  
25.25606625  
24.87671814  
17.40625033  
7.378984533  
-0.2771710591  
-2.237511653  
1.953126819  
9.86545828  
17.41248825  
20.76808135  
18.12126295  
10.48410338  
1.198817412  
-5.616680074  
-6.958877891  
-2.28748777  
6.286824064  
15.04676617  
20.43456724  
20.69190853  
16.59421777  
10.94177796  
7.074207615  
7.146277812  
11.01550287  
16.28761379  
19.49565317  
17.82989267  
10.56593122  
-0.5116967716  
-11.89540659  
-19.95698546  
-22.57192405  
-19.96653536  
-14.38474296  
-8.770531078  
-5.163548763  
-3.654326194  
-2.461816792  
0.8841726276  
7.859401405  
17.65911488  
27.05203692  
31.57233806  
27.57464902  
14.20512545  
-5.687786023  
-26.23474104  
-40.63161412  
-43.78308827  
-34.37025991  
-15.43620686  
6.774649893  
25.22604986  
34.71652565  
33.62689747  
24.11328769  
10.7752364  
-1.514153065  
-9.613539807  
-13.10457341  
-13.94312176  
-15.07642919  
-18.77190355  
-25.46226841  
-33.59039011  
-40.41913264  
-43.31990884  
-40.88135503  
-33.3450708  
-22.2659765  
-9.69332279  
2.631693825  
13.65146142  
22.83374664  
29.71081825  
33.525934  
33.31651957  
28.47131322  
19.46165979  
8.265986118  
-1.902803023  
-7.620107838  
-6.660978791  
0.8365354657  
12.06408612  
22.35790206  
26.89353149  
22.5877693  
9.396151789  
-9.570406809  
-29.17795822  
-44.17050517  
-51.02962903  
-49.02572082  
-40.08580164  
-27.65174713  
-15.14336101  
-4.765284576  
2.843979407  
8.09524872  
11.49565522  
12.89780374  
11.4414629  
6.255594904  
-2.482306499  
-12.79714479  
-21.04775573  
-23.0829122  
-16.01389818  
0.1975034427  
22.15687418  
43.88692526  
58.89391166  
62.64490781  
54.40021361  
37.57196145  
18.39939365  
3.467900283  
-2.884494798  
-0.1731929933  
8.279414863  
16.97955951  
20.73334808  
16.86123369  
6.220525102  
-7.331645168  
-18.69747699  
-23.66967759  
-20.48907703  
-10.22571906  
4.026232612  
18.60628632  
30.62877416  
38.6055767  
42.20557941  
41.49809112  
36.28951244  
26.05927219  
10.59588383  
-9.046340496  
-29.93005531  
-47.5249638  
-57.03171656  
-55.28920455  
-42.40741549  
-22.26549833  
-1.457961823  
13.0242211  
16.46025155  
8.256911181  
-7.862743057  
-25.47837692  
-38.21638733  
-42.40379108  
-38.43771024  
-30.25803806  
-23.19257425  
-21.21199412  
-24.91668313  
-31.23426316  
-34.98756892  
-31.58488036  
-19.52237381  
-1.452506118  
16.75869663  
28.59837736  
29.91158779  
20.91374891  
6.219867407  
-7.17456157  
-13.04938599  
-8.780206613  
3.515955345  
18.07497679  
28.32677572  
30.14888419  
23.97617946  
14.72417859  
9.500169889  
14.12330022  
30.06030058  
53.22792245  
75.28191856  
