63.81668114  
53.45371137  
34.44046017  
12.02125339  
-8.666645126  
-24.20154874  
-33.52022411  
-37.50565993  
-37.89941582  
-36.16319699  
-32.84687536  
-27.69989766  
-20.3612183  
-11.17443052  
-1.629372723  
5.864362966  
8.820070581  
5.763867247  
-2.937466312  
-14.92154333  
-26.47128994  
-33.73046223  
-34.02471643  
-26.77357461  
-13.64811617  
2.064739316  
16.62092902  
27.04393159  
31.96392909  
31.80197805  
28.30198465  
23.66224868  
19.64400164  
17.00163314  
15.41389046  
13.87863827  
11.35368802  
7.35293861  
2.254706049  
-2.782063363  
-6.23557431  
-6.791717816  
-3.845901919  
2.239124912  
10.19191895  
18.16610371  
24.22626874  
26.83379671  
25.20454308  
19.46431061  
10.5900573  
0.1709230915  
-9.947246249  
-18.05985147  
-22.96696996  
-24.22997275  
-22.26051658  
-18.20864728  
-13.66005387  
-10.20622558  
-8.997845734  
-10.41082719  
-13.93205171  
-18.30838673  
-21.91805838  
-23.24858072  
-21.33075578  
-15.99843727  
-7.911558757  
1.634579336  
11.02341516  
18.64325628  
23.14386679  
23.60174382  
19.6265135  
11.45629857  
0.05675522834  
-12.82508603  
-24.75369716  
-32.94504607  
-34.8792589  
-29.08072049  
-15.8290052  
2.500565008  
21.71101244  
36.73563241  
43.07637838  
38.30670789  
23.11167279  
1.424836268  
-20.50729136  
-35.92985864  
-39.71160197  
-30.09300357  
-9.420236963  
16.4466686  
39.91032969  
54.03300837  
54.75431191  
42.1767344  
20.48282726  
-3.477381933  
-22.43046931  
-30.9820603  
-27.20815882  
-13.04273492  
6.593784888  
25.54713552  
38.41420812  
42.08930709  
36.41669436  
23.84802296  
8.351145965  
-5.967984347  
-16.04787323  
-20.52963488  
-19.80113645  
-15.55713021  
-10.1231921  
-5.785780327  
-4.279306925  
-6.472696777  
-12.23308948  
-20.44423626  
-29.19417889  
-36.16810889  
-39.24325797  
-37.181763  
-30.2029276  
-20.16486967  
-10.16021938  
-3.534607539  
-2.603806705  
-7.551908048  
-16.02192803  
-23.70499838  
-25.84937806  
-19.19123754  
-3.547633884  
17.64973565  
38.23800745  
51.41794177  
52.3177047  
40.01676689  
18.16483537  
-6.143563387  
-24.87358362  
-31.98211282  
-25.61625187  
-8.694023974  
12.35927041  
30.181549  
39.27604146  
37.89402203  
28.27033159  
15.21587947  
3.785746894  
-2.884313208  
-4.61091077  
-3.671939882  
-3.133679644  
-4.894835008  
-8.46178072  
-11.09039424  
-9.24213809  
-0.6349188276  
14.1514008  
31.37113506  
45.35850897  
50.82629473  
45.19360433  
29.86685538  
9.850365032  
-8.18560445  
-18.55158095  
-18.75113485  
-10.31245712  
2.076424032  
12.68520566  
17.1321051  
13.99672332  
5.013905649  
-6.110211259  
-15.5943571  
-21.24893914  
-23.15748374  
-23.15072852  
-23.45821457  
-25.30241382  
-28.17869274  
-30.17091313  
-29.09959728  
-23.87222219  
-15.31317898  
-6.029948608  
0.6315301991  
2.032150195  
-2.612886529  
-11.91737243  
-22.9482771  
-32.44382497  
-38.01923042  
-38.81306341  
-35.35745188  
-28.86974214  
-20.44027873  
-10.59056443  
0.586969174  
12.86525684  
25.31560622  
36.16663721  
43.26653922  
44.95751811  
40.89664886  
32.34176513  
21.6859273  
11.43489058  
3.151687091  
-3.050935777  
-8.159322958  
-13.20618738  
-18.09586128  
-21.0228539  
-18.94908328  
-9.067311456  
9.383072629  
33.87155729  
58.66632674  
76.45259822  
80.9484575  
69.45483308  
44.2111041  
11.88779044  
-18.65960358  
-39.48903869  
-46.25893077  
-39.42938181  
-23.56994722  
-5.197906897  
9.823368819  
18.1899838  
19.6556867  
16.13691419  
10.10050119  
3.180392069  
-4.264695306  
-12.53836818  
-21.45426688  
-29.4834826  
-33.87808667  
-31.8820641  
-22.47214199  
-7.666001199  
7.467845133  
16.38002313  
13.67383139  
-2.326236592  
-28.2991081  
-56.6749948  
-78.2499378  
-85.64424673  
-76.15217487  
-52.75357139  
-22.84764132  
4.73562366  
23.14607513  
29.89475951  
27.25742468  
20.66557593  
15.94211069  
16.69888652  
23.04480873  
32.06439841  
39.6654059  
42.77848299  
40.80274206  
35.64452023  
30.44274841  
27.73202811  
28.04124078  
29.65540595  
29.63710208  
25.54306692  
16.91593581  
5.755977584  
-4.292995877  
-9.649872681  
-8.547724108  
-1.961092601  
6.748094132  
13.28997136  
14.30372018  
8.732399598  
-1.897224304  
-14.34702256  
-25.19020411  
-32.20229963  
-34.96622937  
-34.49132699  
-32.17972167  
-28.80244124  
-24.10372116  
-17.26453286  
-7.936920301  
2.80398894  
12.25035934  
16.88347561  
13.95142466  
3.061921176  
-13.06030974  
-29.17443577  
-39.37905689  
-39.48994662  
-28.89125532  
-10.97991941  
8.079817792  
21.81551316  
26.07458927  
20.67138681  
9.321806381  
-2.107265863  
-8.251776283  
-6.620556037  
1.37540579  
11.18436551  
17.30909985  
15.93855338  
6.828894866  
-6.409559885  
-17.7509383  
-21.28983771  
-13.77787033  
3.917210467  
27.02349456  
48.62092654  
62.17703833  
