70.78286278  
60.59723273  
42.93243261  
23.15754415  
6.168816986  
-5.142012515  
-10.39933986  
-11.19457375  
-9.881579373  
-8.337160809  
-7.229283648  
-6.036252575  
-3.696029605  
0.4998022502  
6.220961208  
11.94221684  
15.38567854  
14.37574229  
7.762302127  
-3.94947233  
-18.50975392  
-32.43167124  
-41.95275117  
-44.15893332  
-37.92145398  
-24.34202603  
-6.539258276  
11.19343203  
24.62544362  
30.84386271  
29.11601495  
21.0594605  
10.04501083  
0.0291698619  
-5.77389475  
-5.903931477  
-0.9904315632  
6.682958608  
14.17653033  
19.02847525  
20.06330986  
17.57749467  
12.89384963  
7.557779363  
2.591670326  
-1.836274769  
-6.203526554  
-11.04670849  
-16.35640474  
-21.32099203  
-24.59855185  
-25.00454985  
-22.25721519  
-17.35501353  
-12.31730839  
-9.33288803  
-9.682060142  
-12.960786  
-17.04463705  
-18.90946573  
-16.01468858  
-7.646468612  
4.429852239  
16.40032534  
23.84284765  
23.62987556  
15.48152918  
2.438646019  
-10.06073283  
-16.23237919  
-12.34548162  
1.516036843  
21.11711999  
39.40191463  
49.05747327  
45.34900334  
28.10787028  
2.047303765  
-24.78209298  
-43.8536839  
-49.26906722  
-39.91830554  
-19.86609517  
3.180003432  
20.71936011  
26.52403448  
18.75699812  
0.3795112203  
-22.22322545  
-41.76943918  
-52.71213245  
-52.9485647  
-44.0246687  
-29.9125191  
-15.02870092  
-2.428479606  
7.050798008  
14.42381372  
21.29565418  
28.4499851  
35.07458532  
39.06201188  
38.2511379  
31.9600952  
21.95968006  
12.26042713  
7.644614371  
11.50974784  
23.9959949  
41.33649744  
56.88502017  
63.54112081  
56.63739346  
36.08041071  
6.789526721  
-22.8410775  
-43.90708774  
-50.23086741  
-40.59288914  
-19.09400185  
6.448730061  
27.38365772  
37.22291753  
33.62420301  
18.70955082  
-2.215621565  
-22.86403156  
-38.14096892  
-45.49604487  
-45.11623357  
-39.14715789  
-30.47863879  
-21.67530395  
-14.40985203  
-9.422550886  
-6.775222866  
-6.111179369  
-6.764826352  
-7.771447102  
-7.958583441  
-6.265912248  
-2.259109582  
3.403559864  
8.882146845  
11.65533463  
9.53561237  
1.80920878  
-10.04957908  
-22.5334108  
-31.21037941  
-32.41677347  
-24.8367854  
-10.25054251  
6.950410507  
21.35015416  
28.56826882  
26.92988897  
18.036247  
6.000615646  
-4.305009324  
-9.225910827  
-7.685609544  
-1.395093817  
6.102140511  
11.06184248  
11.10843736  
6.095723501  
-2.021354592  
-10.13366111  
-15.25337351  
-15.56623124  
-10.89755056  
-2.542149428  
7.324175332  
16.33189781  
22.45951728  
24.35660379  
21.51435749  
14.37574535  
4.390551301  
-6.091123597  
-14.22621888  
-17.4207432  
-14.23654807  
-5.106996703  
7.527635178  
19.87220879  
28.0804867  
29.73069277  
24.83345542  
15.87080857  
6.768382869  
1.195875649  
0.9355377105  
5.070537068  
10.39754407  
12.90908159  
9.685975636  
0.3336744829  
-12.70166815  
-25.08496918  
-32.37259205  
-31.81062348  
-23.35893017  
-9.542387172  
5.705529143  
18.58974953  
26.65398762  
29.15221269  
26.58811412  
19.85939092  
9.607897576  
-3.812966862  
-19.7722793  
-36.63331308  
-51.46106026  
-60.55839731  
-60.75347798  
-50.87724706  
-32.65299646  
-10.41680841  
10.37064019  
25.23700711  
32.47523884  
33.70917732  
32.91209843  
34.28653721  
39.99844654  
48.87682264  
56.76348235  
58.41508783  
50.09721535  
31.6437467  
6.974960094  
-17.22348558  
-34.09724129  
-39.33646747  
-32.80043157  
-18.37121628  
-2.183403004  
9.892448708  
14.35273135  
10.87541188  
1.658210992  
-10.17945033  
-22.18928778  
-33.35331453  
-43.72448473  
-53.3298898  
-61.14207386  
-64.87609958  
-61.87930787  
-50.71274668  
-32.5503887  
-11.51467643  
6.447175136  
15.79698446  
13.78096928  
1.81510672  
-14.8505494  
-29.13440798  
-34.94841821  
-29.59758021  
-14.69295462  
4.790582219  
22.8196605  
34.8667678  
39.55966626  
38.73437703  
36.0097391  
34.70583506  
36.1925982  
39.46509809  
42.06379173  
41.75066553  
37.97818502  
32.33136489  
27.69633593  
26.60557003  
29.66220009  
34.92178705  
38.62087997  
36.94426332  
27.97567739  
12.86094104  
-4.415075389  
-18.56547778  
-25.15086887  
-22.36128947  
-11.65285664  
2.973888737  
16.63265346  
25.33685571  
27.13584117  
22.23308291  
12.26251972  
-0.715170017  
-14.8989794  
-28.82623929  
-41.00408138  
-49.57366986  
-52.48045384  
-48.28563554  
-37.27624876  
-22.20175059  
-8.003291679  
-0.3371151876  
-3.328144431  
-17.49787771  
-38.89921027  
-60.06267656  
-72.57660601  
-70.34242724  
-52.14931445  
-22.41685296  
10.30055102  
36.48995943  
49.23525258  
46.67111663  
32.33331629  
13.32326523  
-2.847876432  
-11.32420794  
-11.56321368  
-6.948456103  
-2.657840989  
-2.856337189  
-8.53739891  
-16.98452606  
-23.04729241  
-21.59453105  
-9.998493083  
10.46863981  
34.92018525  
56.65617063  
69.66832509  
