46.6677352  
37.55935704  
19.28849692  
-3.389200705  
-24.81878188  
-40.38033245  
-47.84424874  
-47.70053097  
-42.4512245  
-35.27243169  
-28.67329638  
-23.71828486  
-20.071281  
-16.71338763  
-12.87172833  
-8.623033807  
-4.837343931  
-2.502997645  
-1.834941999  
-1.724992936  
0.04848857391  
5.818880628  
16.65007759  
31.26485916  
45.91979392  
55.47474653  
55.34309076  
43.53535231  
21.86772283  
-4.304746303  
-27.85354362  
-42.48712258  
-45.12911745  
-37.03123133  
-23.10496993  
-9.72911889  
-1.975370563  
-1.472548982  
-5.862865571  
-10.09691225  
-8.985104919  
0.1547041049  
15.9694335  
33.3834076  
45.64350988  
47.20556992  
36.18562231  
15.29164385  
-9.173461459  
-29.79194964  
-40.90634189  
-40.65299626  
-31.32512268  
-17.99880017  
-6.123105502  
0.8017137433  
2.432977947  
1.216691829  
0.7241384457  
3.563004599  
9.892961285  
17.25134226  
21.75096075  
20.05798401  
11.19480306  
-2.697231543  
-17.01224643  
-26.47482442  
-27.28340532  
-18.6624084  
-3.160140256  
14.40700946  
28.87434889  
36.67129402  
36.9766354  
31.66020119  
24.13333831  
17.69363076  
14.1264789  
13.15404947  
12.89870571  
11.05598629  
6.169269963  
-1.610312937  
-10.61471142  
-18.51446088  
-23.4851971  
-25.09214661  
-24.4448477  
-23.53585366  
-24.08066379  
-26.43536754  
-29.15587768  
-29.48174334  
-24.59724156  
-13.13874931  
3.745037823  
22.328458  
37.38614989  
44.06598672  
39.8363656  
25.7005973  
6.122242974  
-12.39578662  
-23.59102095  
-23.72512872  
-12.9858448  
4.553896337  
22.42323529  
34.12636809  
35.49717081  
26.1451182  
9.469192814  
-8.719741615  
-22.39308374  
-27.45274701  
-23.03191627  
-11.52165681  
2.584198019  
14.48533383  
20.77192265  
20.39279157  
14.61665244  
6.137156131  
-2.206512481  
-8.528551028  
-12.40110681  
-14.65261207  
-16.65920068  
-19.51236717  
-23.44416757  
-27.7253797  
-31.02099047  
-31.99508761  
-29.88414509  
-24.81070189  
-17.74881294  
-10.198561  
-3.721678944  
0.4943882995  
1.922328012  
0.7801564935  
-2.074648328  
-5.398146938  
-7.900171672  
-8.600942649  
-7.118529183  
-3.798631928  
0.3811185924  
4.13690583  
6.350775812  
6.524583239  
5.027286209  
3.004724535  
1.951761812  
3.097865944  
6.857294173  
12.58814736  
18.78271531  
23.62460857  
25.68197704  
24.44323392  
20.47521255  
15.15894907  
10.15037843  
6.823773043  
5.93314041  
7.583762091  
11.43032407  
16.90412393  
23.29007646  
29.61322243  
34.4707651  
36.0466754  
32.49255335  
22.6580449  
6.902574582  
-12.43634004  
-31.29353923  
-44.94686639  
-49.62074272  
-44.01300276  
-30.05953967  
-12.49310783  
2.760632056  
10.78471754  
9.588930045  
0.9203592037  
-10.42746269  
-18.57053975  
-18.96728786  
-10.31659111  
4.874752337  
21.28821686  
32.92195132  
35.45322063  
27.86495895  
12.71496955  
-4.978575769  
-19.6909698  
-27.34514818  
-26.51472271  
-18.52111433  
-6.569098131  
5.573531066  
14.76426631  
19.14958946  
18.2426697  
12.63156494  
3.623282785  
-6.984346909  
-17.02338034  
-24.1445291  
-26.23974649  
-22.08925756  
-11.99625165  
1.952501669  
16.27605017  
27.13371494  
31.655678  
29.00780103  
20.68096002  
9.821042066  
-0.134489029  
-6.894553182  
-10.14878713  
-11.3994186  
-12.88799146  
-16.1758107  
-21.12586317  
-25.83804442  
-27.59915713  
-24.36859756  
-16.01653596  
-4.632473976  
6.308922522  
13.53392638  
15.49675508  
13.03194307  
8.751510686  
5.470432191  
4.492507238  
4.720012853  
3.166306255  
-3.278373837  
-15.68764964  
-31.716971  
-45.88493092  
-51.62430906  
-44.29678274  
-23.77901983  
4.710870394  
32.14740245  
49.11036292  
49.66463094  
33.98052562  
8.450685109  
-16.85170036  
-32.32545263  
-32.80085866  
-19.55948093  
0.4724021682  
17.96970498  
25.40686645  
20.3062919  
6.095381234  
-9.750830257  
-19.35431848  
-18.13789305  
-6.875677247  
8.81405023  
21.22844383  
24.25021567  
16.20106146  
0.5794734914  
-15.59744614  
-25.01330288  
-23.30947199  
-10.89913879  
7.417227365  
24.74984095  
35.18872175  
36.21753593  
29.43702263  
19.4072592  
11.29444467  
8.502037469  
11.3730998  
17.45400323  
23.0315868  
25.08011401  
22.6439133  
17.05106896  
10.98605655  
7.010451515  
6.337274424  
8.453162259  
11.6828545  
14.27974974  
15.37408423  
15.23517862  
14.72668791  
14.3145227  
13.26598345  
9.599275383  
0.9441513391  
-14.03964748  
-34.39989671  
-56.50778026  
-74.91016664  
-84.19939555  
-81.16782633  
-66.31073736  
-43.96072823  
-20.89160716  
-3.882008327  
2.810519524  
-0.9528085345  
-11.18007031  
-21.34574324  
-24.97462388  
-18.2006877  
-1.306367483  
21.34292348  
42.926043  
56.71584128  
58.5762019  
48.47462541  
30.46824216  
11.20005876  
-2.512805146  
-6.103016579  
1.184133503  
16.12385893  
32.75613832  
44.54788221  
