20.397122  
21.28229455  
18.54021947  
13.45448888  
8.087739123  
4.533403299  
4.116053295  
6.849248847  
11.38244334  
15.49325573  
16.96972348  
14.5584458  
8.599172086  
1.05772865  
-5.11522096  
-7.105177921  
-3.425650325  
5.298331233  
16.31599833  
25.58804655  
29.21909746  
24.9627887  
13.20420939  
-3.010755373  
-18.97187769  
-29.98694484  
-33.11182245  
-28.23883426  
-18.08971353  
-7.093558306  
0.4089157704  
1.905622767  
-2.318847174  
-9.386533346  
-15.10743658  
-15.79021132  
-9.811111816  
1.717135067  
15.43947681  
27.17360414  
33.61332564  
33.58431296  
28.3370273  
20.80434043  
14.2065826  
10.65365251  
10.35733491  
11.75733327  
12.43688194  
10.35742019  
4.832685045  
-3.176219952  
-11.52252281  
-17.82226897  
-20.42566371  
-18.9855664  
-14.42778152  
-8.422349604  
-2.666650954  
1.673786591  
4.156953964  
4.897677506  
4.229557892  
2.432605989  
-0.3262853346  
-3.855033985  
-7.749312041  
-11.33469083  
-13.82786465  
-14.66019692  
-13.79105613  
-11.82492581  
-9.842301283  
-9.006447942  
-10.12705677  
-13.38043222  
-18.29649949  
-23.97748331  
-29.40062258  
-33.64002301  
-35.92876346  
-35.61300969  
-32.13771645  
-25.18573385  
-14.97133593  
-2.536572231  
10.18362443  
20.70334094  
26.71815978  
26.97890568  
21.9137322  
13.65263201  
5.348818409  
0.02388419954  
-0.5793152259  
3.38561894  
10.08065118  
16.9360178  
21.88846903  
24.29559915  
25.06768515  
25.95146848  
28.342759  
32.26717325  
36.10491209  
37.26315484  
33.49989749  
24.23303613  
11.13054863  
-2.391237193  
-12.58775479  
-17.06428409  
-15.88005099  
-11.49666031  
-7.549191183  
-7.015628548  
-10.68917295  
-16.73769677  
-21.6113206  
-21.88275426  
-16.11576063  
-5.809102825  
5.105346305  
12.02313985  
11.86335577  
4.632828396  
-6.429357286  
-16.24104069  
-20.17174605  
-16.16956451  
-5.718937018  
6.816861002  
16.14739742  
18.37695703  
12.62228013  
1.219970421  
-11.49025937  
-21.15017454  
-25.15852518  
-23.43322044  
-17.91200376  
-11.18860076  
-5.081784869  
0.1002547279  
5.271460738  
11.51342727  
18.93434933  
26.15512953  
30.77016434  
30.56874558  
24.85221157  
15.09183859  
4.49713996  
-3.361283769  
-6.211813461  
-4.177369974  
0.2844876234  
3.612052187  
2.954877053  
-2.327264572  
-10.24487255  
-17.07262437  
-19.13529009  
-14.61488156  
-4.491850612  
7.839177081  
18.08376976  
22.94417404  
21.4756287  
15.26859378  
7.420928431  
0.8676759247  
-3.061106524  
-5.129072004  
-7.51422701  
-12.35745529  
-20.33053539  
-29.99703609  
-38.3208201  
-42.07791136  
-39.45572869  
-31.02156783  
-19.55792068  
-8.834020007  
-1.917132196  
0.1463097256  
-1.358231742  
-3.636367386  
-3.901031532  
-0.8024475687  
4.948170209  
11.05990783  
14.98001622  
15.35402205  
12.86326706  
9.990167941  
9.804405932  
14.35860243  
23.48677863  
34.61232998  
43.68934523  
46.8607214  
42.07841856  
29.95641624  
13.49256468  
-3.178744571  
-16.40975165  
-24.30703819  
-27.11904466  
-26.65781461  
-25.12085525  
-23.930489  
-23.15063254  
-21.71877287  
-18.31315968  
-12.36548837  
-4.673151017  
2.722895101  
7.35838282  
7.48292716  
2.973870407  
-4.416332597  
-11.62146198  
-15.4125604  
-13.66029816  
-6.185726776  
5.144182024  
17.10194601  
26.27657602  
30.27136367  
28.46864695  
22.10413913  
13.67496895  
5.957156403  
1.030189081  
-0.3339238337  
1.266980031  
4.308610525  
7.059417188  
8.265384595  
7.538473525  
5.33309863  
2.573492364  
0.1335521854  
-1.584645684  
-2.788382197  
-4.100121907  
-6.137820968  
-9.080119867  
-12.43690239  
-15.15524311  
-16.03832849  
-14.30467135  
-10.03635738  
-4.295049834  
1.182169937  
4.612475565  
4.875365409  
1.998362405  
-2.803517941  
-7.578575288  
-10.4139682  
-10.22168479  
-7.201986109  
-2.775313602  
1.006633151  
2.337734873  
0.4598285187  
-3.950423208  
-8.984586513  
-12.22783789  
-11.72210482  
-6.782768422  
1.657008161  
11.31031808  
19.30365451  
23.15002571  
21.56450378  
14.83829376  
4.672588279  
-6.418549297  
-15.88218151  
-21.79391737  
-23.22202482  
-20.24195814  
-13.69775695  
-4.878551194  
4.743792848  
13.66022843  
20.40170578  
23.65164316  
22.47371649  
16.64241312  
6.95342028  
-4.671601127  
-15.4414333  
-22.34120504  
-23.02153987  
-16.63907518  
-4.316212898  
11.01246568  
25.38628173  
35.00901688  
37.43803888  
32.34050496  
21.53254062  
8.285737489  
-3.831794257  
-12.13430521  
-15.57452075  
-14.81881123  
-11.67128421  
-8.14249459  
-5.588094857  
-4.280498898  
-3.55606406  
-2.406079551  
-0.1797291388  
2.96616547  
6.091044465  
7.939964373  
7.601228995  
5.000460742  
0.9655754353  
-3.178949867  
-6.281743124  
-7.946429618  
-8.709222901  
-9.698583281  
-11.93342712  
-15.61772065  
-19.8140632  
-22.7076468  
-22.3826705  
-17.76700735  
-9.293194822  
1.066652093  
10.45215474  
16.19129013  
16.83582092  
12.69961312  
5.668812817  
-1.616508631  
-6.829799841  
-8.799190334  
-7.775957917  
-5.068550038  
-2.278698971  
-0.5412564729  
-0.1287662817  
-0.5641638118  
-1.111356488  
-1.325195647  
-1.33455756  
-1.701802466  
-2.951998558  
-5.060463229  
-7.219396769  
-8.058804785  
-6.248217069  
-1.189657752  
6.555856333  
15.34766736  
23.04186494  
27.80973833  
28.82173364  
26.48886709  
22.17351791  
17.53870283  
13.86715755  
11.66829373  
10.71685818  
10.42882644  
10.31065129  
10.20343652  
10.19149468  
10.26450244  
9.989047827  
8.45841592  
4.635387759  
-2.036788782  
-11.07261233  
-20.77847767  
-28.66431349  
-32.32961898  
-30.45846017  
-23.46059787  
-13.42564067  
-3.362981113  
3.96288642  
7.089542347  
6.33211799  
3.467361719  
0.7854910549  
-0.0376245594  
1.282314672  
3.566837771  
4.823243874  
3.285505635  
-1.656598485  
-9.077616848  
-16.85024297  
-22.51891107  
-24.29713643  
-21.73958576  
-15.8187512  
-8.427915535  
-1.58964627  
3.250618035  
5.556202839  
5.586197983  
3.993166161  
1.4038376  
-1.78762043  
-5.346567618  
-8.960588528  
-12.05207277  
-13.81547842  
-13.5061275  
-10.83715748  
-6.250909293  
-0.87469588  
3.870382556  
6.849869319  
7.711776229  
7.046575904  
6.115330243  
6.259699618  
8.266238885  
11.98219958  
16.3597742  
19.89976243  
21.27857857  
19.86628457  
15.91099067  
10.33882113  
4.305341083  
-1.258046698  
-5.882571261  
-9.498386973  
-12.15154438  
-13.69959116  
-13.68697312  
-11.4943316  
-6.698825604  
0.5405742136  
9.285473736  
17.93672646  
24.6500427  
27.89000454  
26.90227418  
21.92480972  
14.07562701  
4.988869013  
-3.643414901  
-10.45920885  
-14.64343381  
-15.96414483  
-14.6869112  
-11.44389127  
-7.10391384  
-2.64474694  
0.9972139544  
3.109685814  
3.38729452  
2.042052274  
-0.2332183667  
-2.475588001  
-3.784818597  
-3.654778981  
-2.161099043  
0.08812484289  
2.229131867  
3.52957518  
3.710098295  
3.046601403  
2.19863022  
1.838440079  
2.256297792  
3.137494063  
3.6354703  
2.731639241  
-0.26222786  
-5.278374949  
-11.34311859  
-16.79292523  
-19.79768942  
-19.00349312  
-14.05403402  
-5.791688038  
3.942867198  
12.84644127  
18.84132213  
20.68312823  
18.2928448  
12.71764173  
5.751849421  
-0.64246223  
-4.921225116  
-6.36781045  
-5.213156304  
-2.454078337  
0.5456590758  
2.523219112  
2.695827068  
0.9365489987  
-2.287909887  
-6.165276797  
-9.858007151  
-12.76757678  
-14.65148997  
-15.57275689  
-15.73684978  
-15.31618182  
-14.35879755  
-12.82665689  
-10.7349815  
-8.30341488  
-6.01332825  
-4.505243814  
-4.32979497  
-5.649139949  
-8.031672973  
-10.46419175  
-11.62470577  
-10.34592513  
-6.10325082  
0.6736617653  
8.618285842  
15.80786282  
