134.427291  
116.6372278  
84.30453676  
45.84380223  
11.3310179  
-11.25760887  
-19.05088831  
-15.17030265  
-7.036214758  
-2.786769893  
-7.388238473  
-20.21328178  
-35.25170822  
-43.95258055  
-39.48688804  
-20.51530826  
7.316623975  
32.9932881  
44.33758153  
33.12702478  
-1.041562395  
-49.8459997  
-98.80091904  
-132.3623065  
-139.579336  
-118.0586991  
-74.68948964  
-22.89370284  
22.44063434  
50.30019543  
57.08693669  
47.09787658  
29.96826974  
16.30953943  
13.4082675  
22.6853629  
39.76691568  
56.8876344  
66.42619697  
64.02871332  
50.10296341  
29.26720193  
8.223114469  
-6.891849999  
-12.55025965  
-8.57936054  
2.434727708  
16.54623661  
29.88321869  
39.51522048  
43.59004023  
41.01889287  
31.20202813  
14.17063321  
-8.843205408  
-34.78959868  
-58.70472501  
-74.55323779  
-76.98687663  
-63.47561374  
-35.92901204  
-0.9698407914  
31.52954081  
51.34638318  
51.30468227  
29.93258595  
-7.669795184  
-51.17761979  
-88.21194224  
-108.2553818  
-105.9509194  
-82.65388166  
-45.7505007  
-6.062877075  
25.68805771  
42.12136255  
41.08602148  
25.6997595  
2.708366309  
-20.11014225  
-36.52700495  
-43.57432123  
-41.92192633  
-34.9589048  
-27.04998533  
-21.66419227  
-20.04446422  
-20.8431688  
-20.78876086  
-16.09442623  
-4.080839983  
15.57532463  
40.42109996  
65.80815328  
86.30338682  
97.46202177  
97.35032156  
87.26663001  
71.37391947  
55.33752642  
44.429028  
41.76752248  
47.333782  
58.11269175  
69.29313719  
76.05073802  
75.22101137  
66.23166293  
50.98219112  
32.80008485  
14.9793421  
-0.445715386  
-13.18248646  
-24.27326519  
-35.07516459  
-46.1792121  
-56.8307229  
-65.15113844  
-69.05423675  
-67.3934441  
-60.74436318  
-51.38746435  
-42.43572752  
-36.47617412  
-34.3541481  
-34.69953468  
-34.4754864  
-30.3656062  
-20.41816095  
-5.217994197  
11.9626523  
26.15715995  
32.47327235  
27.93633965  
12.67184382  
-10.0314586  
-34.77571195  
-55.78431096  
-68.63144346  
-71.35416069  
-64.63246226  
-51.12343571  
-34.34595957  
-17.61264006  
-3.375235721  
6.920728987  
12.63463943  
13.67036322  
10.38223821  
3.683171181  
-4.808628466  
-12.83496711  
-17.93970717  
-18.23564373  
-13.2089351  
-4.158901472  
6.043589311  
13.92315387  
16.79222576  
14.01557565  
7.566023054  
1.529145268  
0.6348368526  
8.325070098  
25.1163764  
47.96052352  
70.95143102  
87.20230672  
91.23836393  
81.01488196  
58.7834851  
30.45305753  
3.657983509  
-14.76633319  
-20.98739424  
-15.28336012  
-1.705911213  
13.50873588  
24.14719767  
26.0325295  
18.1688351  
2.715625563  
-16.06085655  
-33.3681472  
-45.38864552  
-50.21203766  
-47.99390287  
-40.44687444  
-29.98413712  
-18.88463469  
-8.74794452  
-0.3286992588  
6.323364632  
11.5747532  
15.91921886  
19.76813895  
23.32781577  
26.53648449  
29.04348401  
30.24376985  
29.39482101  
25.82029975  
19.15488965  
9.538814132  
-2.32937359  
-15.31942402  
-28.12521535  
-39.52877266  
-48.54543527  
-54.39658702  
-56.37543117  
-53.76666483  
-45.98407433  
-32.97625189  
-15.76341428  
3.195756258  
20.14077406  
30.82890077  
31.91222529  
22.41891635  
4.700471732  
-15.70846504  
-31.50743917  
-35.98772297  
-25.53342319  
-1.287997883  
30.77252511  
61.54939207  
81.80328968  
85.35271333  
71.28891563  
44.34644835  
13.26313253  
-12.25837766  
-24.84585507  
-21.79341007  
-5.633510644  
17.1475659  
38.63467135  
52.2155665  
54.51242865  
45.92810093  
29.82660021  
10.88720009  
-6.607266433  
-19.91277584  
-28.12757925  
-31.79549608  
-32.1997866  
-30.75011788  
-28.67609011  
-26.98868497  
-26.51117128  
-27.78863117  
-30.84071875  
-34.90693024  
-38.42488017  
-39.40739243  
-36.17516093  
-28.1748883  
-16.49739748  
-3.792168529  
6.478918977  
11.19874286  
8.710267366  
-0.5655015393  
-14.25729512  
-28.84273164  
-40.76875952  
-47.43390609  
-47.68320359  
-41.72307066  
-30.63586643  
-15.8258496  
1.309271594  
19.37298495  
36.75421612  
51.4637568  
61.2662666  
64.17824826  
59.17770993  
46.81118511  
29.37846781  
10.52942765  
-5.651254805  
-15.77849071  
-18.13467096  
-13.14456057  
-3.2110205  
8.019717558  
16.72748605  
20.01041405  
16.7121766  
7.773469262  
-3.987209811  
-14.64079401  
-20.3116638  
-18.46008624  
-8.911097376  
5.752957394  
20.69058711  
30.17843957  
29.5156109  
16.82301439  
-5.965511074  
-33.40704372  
-58.16944045  
-73.44596211  
-75.26221319  
-63.75321727  
-42.87464681  
-18.66896532  
3.159495113  
19.29012197  
29.5591886  
36.17388271  
41.83940925  
47.8164136  
52.96821089  
54.35684403  
49.12791364  
36.69585322  
19.98752364  
4.888970358  
-2.083435854  
3.079735968  
19.44340867  
40.71598611  
57.32463627  
60.26885324  
45.12264492  
14.35729549  
-23.18796564  
-55.60976985  
-72.67572431  
-69.95667968  
-50.55042164  
-23.65208417  
-0.6286114944  
9.646668686  
4.165561212  
-13.51612011  
-35.36708443  
-52.61061145  
-59.29273155  
-54.11527691  
-39.92968539  
-21.47833974  
-2.780541355  
14.40702756  
30.35032966  
45.6856172  
59.55234321  
68.84166899  
69.24882719  
57.7366999  
35.09292478  
7.014895507  
-17.22576411  
-28.28023613  
-20.92652332  
3.026138358  
34.71006801  
61.36673392  
71.5135474  
59.88344961  
29.88795123  
-7.602730413  
-38.72493874  
-52.41289816  
-44.97686612  
-21.47219138  
6.684182393  
26.70849084  
29.78473245  
14.40416003  
-13.62490766  
-44.2632711  
-67.81144388  
-78.79733939  
-77.50089108  
-68.67672533  
-58.3950593  
-50.73550368  
-45.98041266  
-41.06288428  
-31.82280016  
-15.73548645  
6.371357717  
30.46935779  
51.17187914  
64.20405616  
68.16011924  
64.66041268  
56.93331516  
47.71653435  
37.72608214  
25.59307514  
9.31287603  
-11.64184385  
-34.83105028  
-54.9950421  
-65.99860708  
-63.73222466  
-48.52157052  
-25.72148609  
-3.995383975  
8.086856461  
5.631828462  
-10.47311359  
-33.93929832  
-55.78694906  
-68.133298  
-67.30565704  
-54.87570744  
-36.23575933  
-17.53362885  
-2.557497459  
8.861964793  
20.17088177  
35.55032646  
56.89086444  
81.92134347  
104.5565888  
117.4090817  
115.2961572  
98.02530831  
71.03075379  
43.43323265  
24.31897581  
18.89578782  
26.26840225  
39.8456846  
50.19597733  
49.07179268  
32.83566498  
3.842342256  
-30.70520487  
-61.78070091  
-82.02252079  
-88.18294528  
-81.63530885  
-66.98392062  
-49.6603315  
-33.72528431  
-20.82530681  
-10.56052125  
-1.784736811  
6.046063175  
12.26584691  
15.41267982  
14.3293197  
9.222749424  
1.989907292  
-4.45602964  
-7.549875665  
-6.412066088  
-2.423329306  
1.320916388  
1.456383597  
-3.995470163  
-14.57448253  
-27.44657084  
-38.54921593  
-44.25459512  
-42.75669818  
-34.56455582  
-21.96220535  
-7.820449  
5.563273092  
17.00742221  
26.18998591  
32.90549298  
36.44364548  
35.62248315  
29.58812102  
18.96064311  
6.5660814  
-2.921825784  
-4.597484999  
4.344247935  
22.63733772  
44.46179679  
61.03519295  
63.9319372  
48.87941184  
18.35294319  
-18.38846028  
-48.18860047  
-58.89442242  
-44.37304535  
-7.525326859  
40.13271397  
82.37741416  
104.2590187  
97.80203594  
65.09544649  
17.46435556  
-28.99008302  
-59.68953473  
-67.15723981  
-53.6226237  
-29.6431148  
-9.397797178  
-4.666116278  
-20.00066697  
-51.03398515  
-86.49604015  
-112.9624917  
-120.2689473  
-105.3566346  
-73.08920387  
-33.92356292  
0.3785099274  
21.10006142  
25.2344108  
15.60465513  
-1.250724401  
-18.19645249  
-30.12325222  
-35.01858441  
-33.32095029  
-26.2680117  
-14.38177513  
2.96394319  
26.64480454  
56.12379947  
88.09745814  
116.4429208  
133.823383  
