37.28622983  
17.90951198  
-0.8904745653  
-14.79899399  
-21.52088018  
-21.43781667  
-17.13085128  
-12.03896868  
-8.903319686  
-8.711236931  
-10.58331306  
-12.57654483  
-12.93865238  
-11.15088616  
-8.230096845  
-6.1515475  
-6.706465728  
-10.39640802  
-15.9510608  
-20.7450572  
-21.93982711  
-17.81041758  
-8.616342946  
3.410728173  
14.96654438  
23.04094256  
26.11362298  
24.63394296  
20.59492315  
16.45054588  
13.93159501  
13.33899934  
13.63021724  
13.20001509  
10.90582219  
6.775655523  
2.020663775  
-1.645635156  
-3.000531738  
-2.060532941  
-0.1486520605  
0.7944082971  
-0.6850777792  
-4.624423517  
-9.426283719  
-12.54190513  
-11.77574481  
-6.576531635  
1.37010514  
8.63091238  
11.4614346  
7.567355765  
-2.641294772  
-15.9488055  
-27.51935539  
-32.89971154  
-29.96147671  
-19.89556104  
-6.777624031  
4.135907415  
8.641106842  
5.361971754  
-3.715849958  
-14.17509634  
-21.12437762  
-21.2954191  
-14.35437422  
-2.884611473  
8.883278302  
16.95974835  
19.2246998  
16.09149811  
9.991168313  
4.022137031  
0.4727408663  
-0.07536824432  
1.304681727  
2.755781202  
2.797482463  
1.13880999  
-1.269076114  
-2.924542234  
-2.790783195  
-1.044172441  
0.886521026  
1.045269843  
-1.927154093  
-7.869606114  
-14.89918166  
-20.09919391  
-20.81062157  
-15.91770857  
-6.493415378  
4.539542805  
13.60879348  
18.01464102  
17.07420506  
12.36050692  
6.933353313  
3.928179142  
5.159346568  
10.37055368  
17.44630464  
23.44306252  
25.92914198  
24.00832658  
18.58714504  
11.82605337  
6.097656011  
2.976535219  
2.719791977  
4.41512602  
6.630062049  
8.167785342  
8.529769898  
7.890608979  
6.683360664  
5.111553795  
2.928395201  
-0.3534817176  
-4.937671243  
-10.24149134  
-14.7848572  
-16.65437137  
-14.40997264  
-8.018887473  
0.690053  
8.391852252  
11.42658522  
7.337455075  
-3.867414748  
-19.32960877  
-34.09709677  
-42.81012474  
-41.6903761  
-30.04773711  
-10.68745908  
10.96796258  
28.7173323  
37.67890554  
35.86141537  
24.65099554  
8.097091669  
-8.658295533  
-21.16774141  
-27.01757343  
-26.28930292  
-21.0895781  
-14.44941651  
-9.088252165  
-6.517246176  
-6.754303153  
-8.647835967  
-10.57486787  
-11.17780274  
-9.850907297  
-6.838944268  
-2.987068452  
0.6906608819  
3.420512446  
4.902378619  
5.314437133  
5.136903525  
4.903677197  
4.995287551  
5.54556477  
6.47251057  
7.589176993  
8.724311642  
9.790056445  
10.76829597  
11.63230203  
12.25538539  
12.36965968  
11.6187809  
9.704603671  
6.576896886  
2.579457188  
-1.534206293  
-4.761722996  
-6.162924203  
-5.221249171  
-2.112272622  
2.248244415  
6.431725375  
8.945543922  
8.750873614  
5.653440679  
0.4071328241  
-5.523313535  
-10.45958541  
-13.07999637  
-12.84585982  
-10.12747226  
-5.998247992  
-1.799209953  
1.339381851  
2.832976154  
2.727693944  
1.546648681  
0.006834307068  
-1.249305206  
-1.802597024  
-1.46438821  
-0.2011397851  
1.93300695  
4.794056426  
8.084439488  
11.29866841  
13.76476693  
14.82029719  
14.07532073  
11.63953972  
8.175880808  
4.707918532  
2.227503475  
1.264619679  
1.62731247  
2.462681308  
2.646792016  
1.347362732  
-1.500317547  
-5.047691476  
-7.82235978  
-8.356338257  
-5.88618008  
-0.803955736  
5.366883246  
10.49048877  
12.62819738  
10.79731351  
5.354344166  
-2.158590594  
-9.629398307  
-15.18002087  
-17.81522748  
-17.65899482  
-15.71940234  
-13.33449746  
-11.5774529  
-10.88518056  
-11.03807269  
-11.43571804  
-11.47891361  
-10.84643176  
-9.546604768  
-7.770689781  
-5.689763188  
-3.35670565  
-0.7890444153  
1.827706746  
3.98110936  
4.883392597  
3.788648572  
0.4608088418  
-4.454078185  
-9.406985091  
-12.39290436  
-11.7499485  
-6.982464726  
0.794827601  
9.074321666  
14.83713503  
15.78335892  
11.39202389  
3.313894068  
-5.142420685  
-10.28044234  
-9.540942839  
-2.636208446  
8.21509306  
19.08969028  
25.89066343  
25.97843253  
19.22136086  
8.030801409  
-3.62068866  
-11.76880407  
-13.94850689  
-9.999163033  
-1.895150287  
7.255665237  
14.55764369  
18.41709419  
18.93789102  
17.52926441  
15.99363371  
15.57096292  
16.38936303  
17.53554883  
17.64297377  
15.65545998  
11.37233349  
5.527254329  
-0.589092474  
-5.722222588  
-9.136557673  
-10.75580552  
-10.94345135  
-10.11637827  
-8.473295505  
-6.035128136  
-2.983987463  
-0.06871615321  
1.249158135  
-0.8617311422  
-7.798702357  
-19.57806039  
-34.22975591  
-47.95230432  
-56.14860011  
-55.05470705  
-43.34369717  
-23.00535112  
0.9640811611  
22.06029177  
34.44822284  
34.99020787  
24.31908776  
6.521319734  
-12.43937454  
-26.90886926  
-33.44978826  
-31.72132996  
-24.04742455  
-13.96444516  
-4.469305553  
3.218494823  
9.846793701  
17.25535262  
26.92773235  
38.72969611  
50.49317515  
58.69008773  
59.90886685  
52.45026516  
