59.56923759  
30.49421418  
-0.6338855624  
-33.19176617  
-65.87228549  
-94.71250844  
-112.5025746  
-110.6236846  
-83.03452229  
-30.69278622  
36.01743317  
98.75139856  
136.7964406  
134.9463564  
90.36833334  
15.17286193  
-66.98623931  
-129.3733844  
-152.402682  
-131.3294473  
-77.99998957  
-15.76931727  
30.29947078  
43.72433072  
22.92330682  
-19.10291648  
-61.39368701  
-84.79976662  
-80.40569997  
-52.84536546  
-17.20846725  
8.771306515  
13.42362845  
-3.370417356  
-30.38820076  
-50.70500296  
-49.95646358  
-23.27044439  
22.34772038  
71.17211556  
105.8475439  
115.0395266  
98.13990176  
65.01372916  
31.13247168  
10.51725048  
9.779852629  
25.85461211  
48.18409419  
64.05793184  
64.48008823  
47.90346503  
20.35086155  
-7.808481157  
-26.68144107  
-30.98264617  
-21.73058927  
-5.044949293  
11.06685007  
20.26352346  
20.16045293  
12.55079603  
1.802018642  
-7.540212274  
-12.73224676  
-13.6020509  
-12.03738356  
-10.74043989  
-12.01980448  
-17.16896379  
-26.50429296  
-39.72162735  
-56.10280174  
-74.32082605  
-91.98697132  
-105.3954632  
-109.9401441  
-101.3657904  
-77.52843404  
-39.94209129  
5.685223699  
50.39933562  
84.31098551  
99.55030105  
92.81941131  
66.59790438  
28.54150081  
-10.72559631  
-40.66384792  
-53.71532869  
-47.18383849  
-23.65861964  
9.953748226  
44.34604049  
70.08317053  
79.71253973  
69.37378657  
39.73747331  
-3.82199657  
-51.90594566  
-92.68950617  
-114.3710067  
-108.1384336  
-70.99244973  
-7.540830374  
70.07098413  
144.5140291  
197.6234193  
215.6581964  
193.8415157  
138.5187739  
65.87502673  
-2.738888621  
-47.57026172  
-57.10014915  
-32.15593627  
14.16893935  
61.0190382  
87.27955061  
79.42128891  
36.74543154  
-28.06072092  
-93.42255479  
-136.8404965  
-143.3182539  
-110.9999352  
-51.80246162  
13.20583701  
61.83176541  
78.97482002  
61.77571678  
19.73877883  
-30.01479495  
-70.18884474  
-90.21562445  
-89.74372458  
-77.42172331  
-65.80148792  
-64.86342108  
-77.17564094  
-96.82869393  
-112.4726013  
-112.8799824  
-92.34178424  
-53.3826078  
-5.625779271  
38.50989991  
69.14053762  
82.74005061  
82.75793922  
76.95099187  
72.94126675  
74.29929233  
79.07464325  
81.37523746  
75.02002549  
57.25653082  
30.55793047  
1.560232401  
-22.28139532  
-36.53298151  
-42.06449673  
-44.5217973  
-51.19679368  
-66.87298179  
-90.79536903  
-116.3845206  
-133.9467499  
-135.1134579  
-116.8438462  
-83.00703931  
-42.73852205  
-6.354834557  
19.18407738  
33.05589759  
40.26972985  
48.47590184  
63.52584541  
86.02746779  
110.6459793  
128.5327078  
131.7174385  
117.3194987  
89.49999452  
58.14139152  
34.78365231  
27.62816691  
37.84251714  
58.79859936  
78.56070018  
84.54423988  
68.40454733  
29.24118137  
-25.98820418  
-84.77472013  
-133.0209398  
-159.1553711  
-157.0998408  
-127.4153957  
-76.65352577  
-15.41524959  
44.2243478  
91.34756392  
118.445107  
122.9260932  
107.5569293  
79.59319413  
48.64052022  
23.71324933  
10.38427866  
9.077667594  
15.2637918  
21.60461691  
21.23831439  
10.80683964  
-8.151337564  
-30.12190807  
-48.43644869  
-58.6195749  
-60.55234283  
-58.26946759  
-57.38227266  
-61.38725209  
-68.81968725  
-72.94536436  
-64.50420564  
-36.46871096  
11.37554532  
70.37279356  
124.8023577  
157.1537741  
154.813078  
115.3218563  
47.86978066  
-29.72650838  
-97.35543767  
-139.6294036  
-150.7341618  
-135.2856307  
-105.1634573  
-73.99251854  
-51.78603357  
-41.92391932  
-41.36127722  
-43.43677545  
-41.60296667  
-32.28581047  
-15.81802821  
4.484354794  
24.16946149  
39.28210652  
47.12182319  
46.22325706  
36.19506979  
18.01590756  
-5.176814795  
-27.46816623  
-40.68771529  
-36.65366131  
-10.74889669  
34.61321151  
88.54772389  
133.6816053  
151.541338  
129.6213162  
67.2680496  
-22.38420033  
-115.7534153  
-186.529943  
-214.8856246  
-194.4665507  
-134.2860993  
-54.76740766  
20.3206979  
72.57966852  
94.75483561  
91.44004911  
74.94363129  
58.65952021  
51.1769411  
53.67208064  
61.28144789  
67.1405412  
66.5957309  
59.31460714  
48.4214642  
37.56721675  
28.00829315  
17.69400632  
3.093224049  
-17.24647462  
-39.63854152  
-54.90188682  
-51.58589435  
-21.6648699  
33.98792827  
103.3304272  
165.800078  
199.317661  
188.8914958  
133.0676372  
45.22573811  
-51.06848764  
-130.7882041  
-176.5435895  
-184.1995894  
-162.7779553  
-129.0102097  
-99.27365994  
-82.66086078  
-78.18423867  
-77.01433897  
-68.25847936  
-45.23860157  
-9.219929457  
31.02158555  
63.29820466  
77.57137012  
70.24878693  
45.32600379  
12.15388089  
-18.76670635  
-39.78807706  
-48.12590981  
-45.31212413  
-34.88912672  
-19.91696748  
-1.70200491  
19.7603994  
44.22700918  
69.75641096  
92.43715811  
107.5532292  
111.5097969  
103.3433592  
84.89600301  
