84.26006084  
77.36579472  
58.00453118  
33.17655444  
10.652767  
-3.956951286  
-9.115062955  
-7.518206979  
-4.507333676  
-5.440718264  
-13.15526239  
-26.58504959  
-41.11226018  
-50.49991492  
-49.60063191  
-36.71349888  
-14.60274494  
10.26592409  
29.99406278  
38.14076626  
32.10194459  
14.05201719  
-9.904700009  
-32.01995058  
-45.71512481  
-47.82997059  
-39.46533276  
-25.15942717  
-10.80312262  
-1.182026924  
1.853955685  
-0.1111757782  
-3.032666209  
-2.385622878  
4.702666497  
18.05556485  
34.34443938  
48.29855585  
54.7203109  
50.49608981  
35.82571865  
14.22750985  
-8.636415121  
-26.83192413  
-36.0158041  
-34.64468843  
-24.18009824  
-8.331629891  
8.289555849  
21.58505857  
28.98927809  
29.8488064  
25.17736  
17.00445078  
7.615217323  
-1.067996197  
-7.830800427  
-12.23476629  
-14.48415252  
-15.18864893  
-15.09810406  
-14.85658532  
-14.81099438  
-14.91305472  
-14.75492424  
-13.7532403  
-11.44169706  
-7.767248344  
-3.250030343  
1.10314423  
4.14529722  
5.077484599  
3.862833358  
1.34154488  
-1.066677129  
-1.997440395  
-0.8517044908  
1.765604803  
4.145855784  
4.157614751  
0.265587457  
-7.558828261  
-17.49459129  
-26.34509924  
-30.71867086  
-28.45755421  
-19.68840431  
-6.980122651  
5.539812615  
13.79311675  
15.41205733  
10.72072108  
2.577398313  
-4.877454334  
-8.019646747  
-5.274103171  
2.318622523  
11.75498605  
19.6142765  
23.73903962  
24.22067096  
23.1979908  
23.56555949  
27.24405364  
33.90739793  
40.85697383  
44.17214813  
40.6161586  
29.36705895  
12.68824517  
-4.850362608  
-18.278197  
-24.36009053  
-22.92566394  
-16.73521679  
-9.949589417  
-5.98255621  
-5.844174225  
-7.851083295  
-8.880041799  
-6.520009989  
-0.9561032706  
4.515451214  
4.78820983  
-4.427305645  
-23.89606292  
-49.48973573  
-73.0406819  
-85.28035997  
-79.69225841  
-55.57649034  
-18.87242317  
19.76271257  
48.89806648  
60.64498951  
53.50401144  
32.55000224  
6.952242164  
-13.99655142  
-24.54927403  
-24.29558074  
-17.43204123  
-10.05717336  
-6.915899895  
-9.179887482  
-14.24885804  
-17.51489318  
-15.07099094  
-5.933621253  
7.335839423  
19.8696554  
26.90150535  
26.08784877  
18.57549428  
8.321367751  
0.06832704544  
-2.957412788  
-0.4628531615  
5.051354811  
9.840677124  
11.01869626  
8.104668184  
3.234828587  
-0.0302014682  
1.354729924  
8.252826936  
18.80408308  
29.26154602  
35.75236941  
36.06076995  
30.55631738  
21.85865534  
13.47945463  
8.174419016  
6.827711562  
8.357846178  
10.57428097  
11.43672206  
10.01817248  
6.708121888  
2.659600231  
-1.088929737  
-4.23453101  
-7.19348731  
-10.48872219  
-13.97641675  
-16.47335811  
-16.12789169  
-11.42924253  
-2.327205165  
9.209720303  
19.63573377  
25.19570099  
23.62633016  
15.35375648  
3.53168793  
-7.196954641  
-12.70146264  
-11.20980513  
-4.122913625  
4.60610368  
10.24744415  
9.393981259  
1.406318034  
-11.44390265  
-25.14017285  
-35.77906259  
-41.19680437  
-41.60525667  
-39.0115593  
-35.82158645  
-33.42361224  
-31.5187619  
-28.53501284  
-22.86300917  
-14.19939026  
-4.212229076  
3.909257359  
6.872182384  
2.991235931  
-6.672630368  
-18.37137556  
-26.9939395  
-28.11603754  
-19.88059975  
-3.872994863  
15.39837691  
32.190172  
41.65568359  
41.53528556  
32.75626425  
18.79317582  
4.166258034  
-7.228805325  
-13.27939263  
-13.92779686  
-10.60887529  
-5.253863406  
0.6185742471  
6.334982656  
11.92379555  
17.59302627  
23.18629777  
27.94349225  
30.70288907  
30.43945767  
26.85886615  
20.73244306  
13.77576367  
8.080097536  
5.311081289  
6.003888641  
9.262566045  
13.02112627  
14.80209705  
12.70120379  
6.213565457  
-3.447274348  
-13.70818574  
-21.57803373  
-24.82542498  
-22.91674724  
-17.29572945  
-10.83581951  
-6.64072756  
-6.67473124  
-10.82238317  
-16.83464917  
-21.25400295  
-20.96791437  
-14.72303081  
-3.897867772  
7.874512333  
16.13535335  
17.48514743  
11.08105578  
-0.9595070097  
-14.47529064  
-25.10917173  
-30.24247756  
-30.09679902  
-27.45309081  
-26.08521867  
-28.63595751  
-34.96429745  
-41.81002293  
-44.02399514  
-36.871829  
-18.38842277  
9.304789537  
40.36669412  
67.18776931  
83.12152175  
84.85111233  
73.42662664  
53.60788789  
31.88457282  
14.0738437  
3.492812926  
0.3525630924  
2.423015043  
6.469624038  
9.714304805  
10.7030082  
9.359302069  
6.435645461  
2.816822421  
-0.9099221892  
-4.465149775  
-7.614822835  
-9.940485712  
-10.88228833  
-10.06313159  
-7.668693884  
-4.57310809  
-2.033766622  
-1.050381511  
-1.729691558  
-3.055715044  
-3.279877313  
-0.8058295767  
4.862318965  
12.62714469  
20.07878902  
24.47072795  
23.92832418  
18.27557825  
9.043003339  
-1.352376379  
-10.81193511  
-18.47698248  
-24.84018706  
-30.96882263  
-37.28258205  
-42.63337066  
-44.33200709  
-39.2840165  
-25.76947537  
-4.965539208  
18.68097854  
38.63312369  
48.64585279  
45.35685505  
29.89457207  
7.688873123  
-13.53686942  
-26.77347967  
-28.43732879  
-19.609733  
-5.297380559  
7.896559216  
14.602933  
12.75820573  
4.073009795  
-7.162612392  
-16.23814606  
-20.07285994  
-18.24951305  
-12.7066603  
-6.442678367  
-2.013376655  
-0.5887988885  
-1.925776303  
-5.06539755  
-9.18634101  
-14.03450619  
-19.68407266  
-25.8525598  
-31.30721936  
-33.87533948  
-31.21627018  
-22.03334698  
-7.080130017  
10.65341256  
26.80107067  
37.2105592  
39.54095152  
34.10665241  
23.56679184  
11.63264875  
1.454328447  
-5.514244188  
-9.651356443  
-12.33414073  
-14.68231866  
-16.63331395  
-16.88930182  
-13.76116108  
-6.407109264  
4.282669226  
15.72365962  
24.65586847  
28.63961995  
27.22750629  
22.15203502  
16.38461883  
12.54007485  
11.4775609  
11.87368428  
11.03495895  
6.543103573  
-2.150210317  
-13.07677964  
-22.4730663  
-26.56518614  
-23.52007429  
-14.53129763  
-3.417806051  
5.130146433  
7.810933958  
4.339426937  
-2.403404058  
-7.805014213  
-7.840285514  
-1.113129804  
10.40895446  
22.337796  
30.00418242  
30.70774035  
24.94483254  
16.0150665  
8.244183005  
4.765098468  
6.008074413  
9.662083451  
12.09029373  
10.42449855  
4.220328848  
-4.198440719  
-10.87984168  
-12.26225936  
-7.016634207  
3.232886087  
14.65371154  
22.99178761  
25.45411526  
21.73118284  
13.70340869  
4.101651043  
-5.052199607  
-13.31618352  
-21.53253484  
-30.58664601  
-40.02093754  
-47.42768121  
-49.13524017  
-41.96868769  
-25.20852297  
-1.66076145  
22.87144836  
41.63424047  
49.6079159  
45.56597711  
32.49594995  
16.14796498  
2.397028875  
-5.303773064  
-7.149708711  
-6.330937063  
-6.89631741  
-11.28447214  
-18.83360283  
-26.06342795  
-28.58996851  
-23.66613826  
-11.99048451  
2.219350192  
13.00799126  
15.47344463  
8.177476336  
-6.057795403  
-21.406869  
-31.76207757  
-33.58447063  
-27.47099317  
-17.65867179  
-9.717851031  
-7.599015341  
-11.52902128  
-17.83502288  
-20.81139319  
-15.71850761  
-1.422681365  
18.65664079  
37.80663225  
48.92754139  
47.72015341  
34.64815452  
14.755053  
-4.562266897  
-16.76140485  
-18.84668278  
-12.33179894  
-2.112363001  
6.11961139  
8.628791746  
5.248160463  
-0.8529931227  
-5.032929304  
-3.687872865  
3.841078322  
14.86740149  
24.60358692  
28.39200878  
23.82475106  
11.76163825  
-4.165822386  
-19.23433637  
-29.62295567  
-33.76744902  
-32.50751476  
-28.09949633  
-22.73049218  
-17.37511883  
-11.59728232  
-4.35165123  
4.725077339  
14.3318944  
21.49160304  
22.67148101  
15.58682386  
0.8190750202  
-17.6256326  
-33.26391315  
-39.35966937  
-31.58144551  
-9.982561988  
20.58916179  
51.92468399  
75.24137862  
