49.85662688  
37.38339673  
19.12468116  
0.63947812  
-13.19610638  
-19.66066638  
-18.73177972  
-12.63212289  
-4.68682533  
1.986330891  
5.451547021  
5.305011543  
2.404317012  
-1.776358456  
-5.821381354  
-8.799865726  
-10.33837543  
-10.42288413  
-9.126485601  
-6.454058811  
-2.392247169  
2.886491643  
8.81595492  
14.38356988  
18.31101065  
19.41922062  
17.02535966  
11.19154728  
2.711654588  
-7.153245464  
-17.05905906  
-25.8979352  
-32.91152472  
-37.57842973  
-39.39142896  
-37.71777705  
-31.90458229  
-21.65804747  
-7.549729289  
8.625388591  
23.91564128  
34.8342128  
38.4174354  
33.36302714  
20.77493668  
4.127450344  
-11.66495496  
-21.82147181  
-23.36179232  
-16.21857592  
-3.317140711  
10.47044314  
20.1384458  
22.43988403  
17.11079421  
6.92711218  
-3.441641203  
-9.328081042  
-7.947494785  
0.4973056867  
12.92884453  
24.66471836  
31.3091448  
30.48457953  
22.70382794  
11.05411493  
-0.1379151419  
-7.079336421  
-7.985871923  
-3.67746334  
2.89788294  
7.95849414  
8.432623362  
3.122497209  
-6.938370815  
-19.00168839  
-29.70890859  
-36.29674186  
-37.4370765  
-33.45249498  
-25.93313878  
-17.01144734  
-8.636448366  
-2.114391235  
1.992844927  
3.699172552  
3.341198039  
1.408033579  
-1.482771315  
-4.523846434  
-6.70202299  
-6.939983569  
-4.410770116  
1.078233999  
8.812052942  
17.175615  
24.01407539  
27.2726121  
25.71224794  
19.44100444  
10.0414339  
0.2038642559  
-7.055711532  
-9.363487612  
-5.830747137  
2.520317854  
12.92593536  
21.64370826  
25.11411786  
21.17671506  
9.943444698  
-5.997926053  
-22.18944744  
-33.59796965  
-36.22862677  
-28.53355378  
-12.10780984  
8.633671325  
27.76669111  
39.76363689  
41.35163297  
32.65136178  
17.14863999  
0.4628770689  
-11.67154392  
-15.47887149  
-10.49201504  
0.3438806  
11.86750696  
18.74634531  
17.58219675  
8.256628669  
-6.012317197  
-19.92760992  
-28.1941334  
-27.610573  
-18.35763148  
-3.985945596  
9.885999549  
17.65821667  
15.82469732  
4.264005163  
-13.71462661  
-32.55398969  
-46.3947717  
-51.0626738  
-45.39533185  
-31.4818549  
-13.79675037  
2.402414815  
12.81617754  
15.3847834  
10.71891663  
1.612610168  
-8.110750275  
-14.96556468  
-16.90250923  
-13.79577841  
-7.221076681  
0.3200928575  
6.396637849  
9.489009344  
9.39361181  
7.096747193  
4.228703756  
2.353935299  
2.387929948  
4.348954271  
7.496192747  
10.74200091  
13.12556799  
14.13716813  
13.77814227  
12.38218861  
10.33853673  
7.89080272  
5.124046475  
2.129668198  
-0.7779366502  
-2.963894334  
-3.607887899  
-2.052467463  
1.795280923  
7.235549499  
12.89552026  
17.2112176  
19.09145884  
18.45635469  
16.35776453  
14.55876686  
14.70399757  
17.43582035  
21.88318039  
25.82224303  
26.51945644  
21.94601771  
11.84563547  
-1.844246753  
-15.46889034  
-24.90101423  
-27.08115762  
-21.23037773  
-9.229250517  
5.004870496  
16.89852235  
22.81171562  
21.22005666  
13.06579333  
1.211836764  
-10.70830381  
-19.54670038  
-23.53036391  
-22.5287508  
-17.73669774  
-11.03305875  
-4.338313227  
0.8056590908  
3.390971991  
2.941711328  
-0.5014487662  
-6.344988991  
-13.41815558  
-20.10113377  
-24.70721391  
-26.07030761  
-24.115359  
-20.10277519  
-16.31962107  
-15.22624957  
-18.35495189  
-25.44468793  
-34.26513757  
-41.31625234  
-43.19220107  
-38.05609049  
-26.56093259  
-11.75113245  
2.083998858  
11.15061273  
13.73152349  
10.8940357  
5.984300959  
3.114564801  
5.315119166  
13.18587678  
24.65807997  
35.9652689  
43.36165675  
44.78142072  
40.66811466  
33.60392552  
26.94254959  
23.12262115  
22.48454812  
23.16343584  
22.10674745  
16.7194131  
6.335117805  
-7.206899003  
-20.17373052  
-28.47055975  
-29.39032645  
-22.78204042  
-11.11516891  
1.567367988  
11.31162116  
15.77532851  
14.95539753  
10.8593063  
6.353198998  
3.775427494  
3.963725815  
6.09829474  
8.347505891  
8.927506027  
7.026879638  
3.164607418  
-1.136226033  
-4.133043392  
-4.680196998  
-2.679195715  
1.010698295  
5.085778162  
8.418106266  
10.45059459  
11.19710703  
10.91775071  
9.719854801  
7.360611967  
3.389167565  
-2.450933824  
-9.808920245  
-17.5796005  
-24.16253084  
-28.04432573  
-28.43247146  
-25.62008046  
-20.88435369  
-15.9536214  
-12.2968113  
-10.57861341  
-10.53331971  
-11.28818133  
-11.93023274  
-11.98792961  
-11.55787363  
-11.01812125  
-10.51952544  
-9.595353497  
-7.187425181  
-2.164674416  
5.882956948  
15.99762531  
25.77238401  
32.01953828  
32.00608036  
24.75115089  
11.77145265  
-3.158731378  
-15.25658976  
-20.54973157  
-17.52487321  
-7.878183713  
4.020360902  
12.80324305  
14.27916556  
7.220040934  
-5.993511673  
-20.17036803  
-29.26383273  
-28.71994764  
-17.29143109  
2.395088396  
24.73032441  
43.10862751  
52.23113788  
