103.5678567  
82.25789914  
47.80891448  
9.137545077  
-24.4554583  
-46.03258307  
-52.66593356  
-45.6396351  
-29.4136283  
-9.911819457  
7.228705551  
17.97585923  
20.58115772  
15.63998655  
5.668319106  
-5.655815579  
-14.45829451  
-17.701157  
-14.08017678  
-4.530233207  
7.89649619  
18.86231644  
24.11488113  
20.97053358  
9.361912752  
-7.996796577  
-26.45515011  
-41.00037581  
-47.95479395  
-46.12142942  
-36.93116757  
-23.58425302  
-9.623854471  
2.379607334  
11.44320697  
17.8701889  
22.29986326  
24.71527131  
24.03494468  
18.59069453  
7.286345088  
-9.197163934  
-27.89493194  
-44.20253156  
-53.54922827  
-53.40132245  
-44.62325974  
-31.42461737  
-19.7410977  
-14.65726003  
-18.01135108  
-27.33884041  
-36.76637754  
-39.58164519  
-31.38960335  
-12.41504345  
12.17260599  
34.17442383  
45.75016478  
42.80248893  
26.8292779  
4.377193367  
-15.69469142  
-25.93266392  
-23.32930659  
-10.34242034  
6.51722708  
19.81880044  
24.57928248  
20.31283714  
10.87360999  
2.274056333  
-0.3815869478  
4.673385385  
15.23056201  
26.49183199  
33.69190265  
34.57122874  
30.4217827  
25.18677224  
23.11510614  
26.2313463  
32.99276867  
38.90160432  
38.82638444  
29.87288566  
13.30625426  
-5.550805734  
-19.52806236  
-22.9381022  
-14.42595741  
2.097585646  
18.98809935  
28.22999576  
25.08792718  
10.32665275  
-10.07033183  
-27.57984606  
-34.97672423  
-29.54367267  
-14.16946622  
4.139664707  
17.58679945  
21.14664928  
14.68736879  
2.70076972  
-8.145194256  
-12.38481036  
-8.409200739  
0.8570885359  
9.518709148  
11.68488641  
4.377827387  
-11.01866454  
-29.40567594  
-44.30896038  
-50.71548537  
-47.03605615  
-35.33204301  
-19.85347753  
-4.772879753  
7.656050451  
17.59139639  
26.59852696  
35.82912598  
44.50983027  
49.69687558  
47.55818831  
35.58664826  
14.5797854  
-10.75374769  
-33.07430801  
-45.16641735  
-42.98883455  
-27.61519243  
-5.105008964  
15.74122202  
26.83277081  
23.98182779  
8.483767698  
-13.56159113  
-33.85059404  
-45.25508432  
-44.55609224  
-33.45370421  
-17.55805507  
-3.919428866  
1.794216355  
-2.672291208  
-15.62742531  
-32.42127918  
-47.38119674  
-55.83686854  
-55.48469892  
-46.7264586  
-32.07386225  
-15.03085126  
1.047965293  
13.75219628  
21.9228086  
25.53860406  
25.3573287  
22.49215684  
18.05298007  
12.92415897  
7.711153909  
2.854176506  
-1.14215325  
-3.480226057  
-3.005426673  
1.55213617  
11.01098546  
25.01610614  
41.49921821  
56.69624618  
65.93657978  
65.09299518  
52.22323242  
28.72697  
-0.577085096  
-28.66554131  
-48.4852023  
-55.2969497  
-48.25286625  
-30.53960819  
-8.01270875  
13.10082837  
28.44425452  
36.76763251  
39.68936998  
40.21205672  
40.80566902  
42.05069035  
42.5181763  
39.90723232  
32.79220103  
21.99381878  
10.7606575  
3.552303112  
3.952674263  
12.73343885  
27.07315283  
41.40745409  
49.59517605  
47.42591319  
34.30492093  
13.33379338  
-10.21964473  
-31.28834802  
-47.03990634  
-57.5993183  
-65.16728285  
-72.07349784  
-78.85839104  
-83.46569662  
-82.0499455  
-71.04737167  
-49.46327902  
-20.15626515  
10.64704872  
35.50989779  
48.67387749  
48.33740435  
37.24153383  
21.27842009  
6.786143413  
-2.177036661  
-5.28979262  
-5.505486247  
-6.97693929  
-12.4733456  
-21.63900945  
-31.00763134  
-35.78932267  
-32.53499978  
-21.31323348  
-6.24201766  
5.992198409  
9.011926327  
-0.2916404403  
-20.10179475  
-44.11866606  
-63.93336716  
-72.29295051  
-65.83770079  
-46.17646281  
-18.95166465  
8.556654893  
30.1522874  
42.61255158  
46.09652241  
43.17305356  
37.17821357  
30.79636203  
25.47097709  
21.69250943  
19.70253504  
19.97575912  
23.0689786  
28.908976  
36.03327989  
41.43059562  
41.3519762  
32.91768457  
15.81951811  
-6.780515872  
-28.78639406  
-43.13547575  
-44.48952308  
-31.52246528  
-7.76727038  
19.43269082  
41.5089312  
51.75882945  
47.695532  
31.74263074  
10.08125969  
-9.774788444  
-21.62927  
-22.45344916  
-12.86614171  
3.68068932  
22.4250444  
38.78352207  
49.2848355  
51.8536441  
45.72036979  
31.34152733  
10.52831952  
-13.35635758  
-35.52096155  
-50.5466543  
-53.89210252  
-43.65582943  
-21.8169345  
5.790460431  
31.05554934  
46.30630004  
47.13158408  
34.08577805  
12.42634805  
-10.13944145  
-26.80627027  
-34.656458  
-35.8882377  
-36.6277502  
-43.75442022  
-61.12493791  
-86.9477035  
-113.6354188  
-130.4035821  
-127.6462059  
-101.2607871  
-55.01887099  
0.1540850613  
49.83333431  
81.26818037  
87.98706078  
71.96212737  
42.47692393  
12.21376533  
-7.780074316  
-12.16577419  
-2.808512017  
12.79032338  
25.31025339  
27.95561171  
19.45796857  
4.517826036  
-8.399351903  
-10.87997931  
1.671153841  
27.88318253  
60.71925417  
90.01799783  
106.1858739  
