2.366186504  
-24.85547276  
-43.07872181  
-48.56412334  
-42.92816216  
-31.72125843  
-21.34489354  
-15.8591669  
-15.22023754  
-15.74017124  
-12.45467909  
-2.157693939  
14.44720161  
32.58045731  
45.33649424  
46.85482777  
35.23034733  
13.79354523  
-9.861916466  
-26.71137054  
-29.78683502  
-16.86560482  
8.699384537  
39.24548973  
65.53787916  
79.83254623  
78.12135773  
60.88206303  
32.32031559  
-1.355286407  
-33.85470755  
-60.27909245  
-77.83878712  
-85.86432035  
-85.36065946  
-78.3750367  
-67.34955062  
-54.53461689  
-41.51686697  
-28.95943836  
-16.67640549  
-4.093930187  
9.025908051  
21.91957259  
32.61745566  
38.46581027  
37.3022316  
28.81466967  
15.38508558  
1.82220293  
-6.157072306  
-4.214692879  
8.521390028  
28.6066523  
49.25275625  
62.90465694  
64.40210266  
53.31867346  
34.33062632  
15.31086765  
3.897362881  
4.055547104  
14.23786025  
28.0610701  
37.25956845  
35.57723087  
21.76590185  
0.2367876267  
-20.99402817  
-34.11848518  
-35.28177761  
-26.42339235  
-14.2741091  
-6.951888466  
-9.803746681  
-22.56218475  
-39.29100479  
-51.24795937  
-51.33197502  
-37.93758511  
-16.23721754  
3.894820957  
12.47686787  
4.406300564  
-17.58369623  
-43.55461981  
-60.48259995  
-58.10344925  
-33.82750446  
5.592235985  
46.52368762  
74.0555397  
78.28609829  
58.50513509  
23.40242039  
-12.77935791  
-36.41183279  
-40.21192852  
-26.01906115  
-3.468507767  
14.72548588  
18.66997279  
5.706707039  
-18.57389781  
-43.04577834  
-56.13780914  
-50.95305798  
-28.16302475  
4.47844285  
35.60456669  
55.00870123  
57.58966888  
44.86497559  
23.64464697  
2.731923409  
-10.71794027  
-13.59472244  
-7.157976799  
4.493162842  
16.77460491  
26.54797516  
32.79506041  
35.97799766  
36.73369205  
34.82803383  
29.04014008  
18.03256638  
1.650895004  
-18.18180389  
-37.60485931  
-52.05832335  
-58.06760122  
-54.69470371  
-43.9124192  
-29.6920285  
-16.24757839  
-6.306391487  
-0.2526289177  
3.47391098  
7.003668289  
11.48349331  
16.22935986  
19.08865417  
17.84313091  
11.88569082  
3.190931797  
-4.087083807  
-5.364038696  
2.042869244  
17.15800692  
35.14993924  
48.99062631  
52.37331772  
42.62678478  
22.26271191  
-1.659872589  
-20.20902058  
-26.20906584  
-17.26660889  
3.141903591  
27.01990629  
45.06519825  
50.35926127  
40.9486758  
20.26096616  
-4.715354137  
-26.56129437  
-40.40309368  
-45.42069206  
-44.33459866  
-41.30588072  
-39.42447643  
-39.1035944  
-38.18159214  
-33.62565784  
-23.88048431  
-10.54541996  
1.627335358  
6.580509434  
-0.1445841789  
-18.8422172  
-44.7414559  
-69.36940491  
-83.72440775  
-81.91761772  
-63.65957806  
-34.43812531  
-3.258363395  
21.08151207  
33.53180897  
34.58524552  
29.5564208  
25.73357403  
28.75534372  
39.89996287  
55.52387201  
68.86825413  
73.34616024  
65.74603354  
47.85454054  
25.76179403  
7.205020247  
-1.793189087  
0.5589591599  
11.26294097  
24.09697641  
32.49195398  
32.33532471  
23.43512344  
9.085075035  
-5.888876858  
-17.51634854  
-24.28630896  
-27.22950056  
-28.5760429  
-29.83616222  
-30.4419176  
-27.76996853  
-18.61120861  
-1.349114418  
22.3236515  
47.15623409  
65.87039837  
71.90117798  
62.14543254  
38.45224342  
7.136065502  
-23.30978402  
-45.30440651  
-54.73490017  
-51.92125305  
-40.70631344  
-26.2584831  
-12.72994812  
-1.887859719  
6.73193501  
14.41624245  
21.52333935  
26.45467209  
26.00502279  
16.98914507  
-1.671784096  
-27.52861187  
-54.70386837  
-75.65667168  
-83.94046333  
-76.76649144  
-56.22134182  
-28.5690217  
-1.914215393  
16.77655563  
24.0420532  
20.73811354  
11.07048615  
0.4094826126  
-7.065210533  
-9.854569435  
-9.20854372  
-7.907611217  
-8.467988453  
-11.67866135  
-16.14384399  
-18.97619972  
-17.23821742  
-9.41264122  
3.774836974  
19.51454449  
33.92762442  
43.46060331  
46.07931024  
41.83894272  
32.71032021  
21.83593798  
12.54777502  
7.469412308  
7.903604584  
13.56800701  
22.66130632  
32.22658531  
38.79224804  
39.24078753  
31.76852043  
16.68159414  
-3.285615387  
-23.37894577  
-37.99280056  
-42.33564123  
-34.07962967  
-14.40223082  
12.01682293  
38.13373062  
56.4980205  
61.41465436  
50.62170338  
25.97007792  
-7.067565498  
-40.8608264  
-67.59949802  
-81.23768841  
-78.93448064  
-61.6921068  
-34.08681629  
-3.158055816  
23.3292605  
38.896884  
40.16703683  
27.95259911  
7.190072479  
-14.44209908  
-28.9478548  
-30.76811479  
-18.89477925  
2.532173834  
25.53772388  
41.19623393  
43.06156354  
29.7849684  
5.791872139  
-20.36788374  
-39.40688519  
-45.04984806  
-36.55162125  
-18.86721832  
-0.36254673  
10.95394964  
11.01149348  
1.454757423  
-11.20343841  
-18.69056808  
-14.93886543  
0.9092092896  
23.84836452  
45.03475863  
55.58554752  
50.43849203  
30.53464844  
