34.74343929  
9.281569153  
-15.89934764  
-33.27275212  
-38.62197033  
-32.25089107  
-18.35770978  
-2.973391499  
8.563333557  
13.51119612  
12.30052026  
7.712537482  
3.214824998  
1.304500855  
2.59447611  
5.936491619  
9.352784161  
11.1974308  
10.94104341  
9.242840014  
7.37764505  
6.404229004  
6.545897727  
7.086684124  
6.782321032  
4.517496188  
-0.1534956469  
-6.835504424  
-14.51420509  
-21.98444547  
-28.22659311  
-32.56153252  
-34.59483021  
-34.10706356  
-31.06377217  
-25.79595762  
-19.2214402  
-12.86839169  
-8.516434968  
-7.48177995  
-9.833748871  
-13.97854398  
-16.96740005  
-15.57552643  
-7.792707806  
5.929360448  
22.33222776  
36.23633238  
42.43806192  
37.88927194  
23.21097844  
2.801890042  
-16.62524652  
-28.5543804  
-29.20527356  
-19.02598711  
-2.48840272  
13.73926231  
23.46904783  
23.38795873  
14.18445883  
-0.002896692442  
-13.4870976  
-21.39576239  
-21.46884672  
-14.5909909  
-3.973556156  
6.495249531  
13.90352733  
17.24553649  
17.33433633  
15.92585864  
14.63173737  
14.21249538  
14.54605528  
15.14328175  
15.7711596  
16.71500707  
18.46936815  
21.04040618  
23.33813114  
23.15564887  
17.94380319  
6.135165968  
-11.60630857  
-31.91577601  
-49.45542513  
-58.71253394  
-56.19445951  
-42.07468247  
-20.49850039  
1.705073738  
17.47062659  
22.14027059  
15.22163119  
0.5283237367  
-15.3564219  
-25.65498795  
-25.95383611  
-15.72791611  
1.721191002  
20.79036707  
35.85216385  
43.32019728  
42.70394038  
36.33926653  
28.05186649  
21.41842967  
18.37761789  
18.70626919  
20.45457076  
21.02701231  
18.37786347  
11.82498512  
2.222412043  
-8.463793578  
-17.90370101  
-24.13495278  
-26.02777685  
-23.40869835  
-16.92682747  
-7.817163937  
2.31640607  
11.66722182  
18.39351403  
20.86151712  
17.98661372  
9.60225738  
-3.288463342  
-18.53344175  
-33.20611502  
-44.28649868  
-49.46863591  
-47.8375737  
-40.17447304  
-28.75573777  
-16.67785089  
-6.905084404  
-1.345286207  
-0.267220485  
-2.274384721  
-4.868511517  
-5.430163617  
-2.279620356  
4.572811567  
13.2951719  
20.81974644  
23.97824422  
20.78675133  
11.38551809  
-1.769952664  
-14.60491247  
-22.80303163  
-23.37038754  
-15.78347028  
-2.253852896  
13.02050013  
25.34012251  
31.14225615  
29.14425532  
20.55441987  
8.315353448  
-4.236945876  
-14.67192566  
-22.13899286  
-27.15306165  
-30.66838011  
-32.97797869  
-33.07257136  
-28.87394122  
-18.3153878  
-0.7863014608  
21.78933667  
44.87346311  
62.45138306  
69.04942584  
61.85487411  
42.04385806  
14.70044744  
-12.7274009  
-32.88396507  
-40.93904725  
-36.07012518  
-21.45925664  
-2.876141451  
13.52643018  
23.30942728  
24.95880916  
19.86304523  
11.24517725  
2.640071071  
-3.389200888  
-5.813767455  
-4.899380278  
-1.469464888  
3.832958449  
10.86546625  
19.75153519  
30.28411672  
41.36783401  
50.88374473  
56.13788995  
54.74486236  
45.56115874  
29.23603077  
8.114490752  
-14.47948074  
-35.27239892  
-51.94726541  
-63.56591155  
-70.3871429  
-73.24236704  
-72.82255096  
-69.24324755  
-62.09212385  
-50.90922105  
-35.83064467  
-18.04326645  
0.2123374395  
16.14011808  
27.20248264  
31.91854817  
30.32091226  
23.89450921  
15.04059618  
6.29811025  
-0.367607629  
-3.958814833  
-4.432647724  
-2.37453359  
1.429181417  
6.296309264  
11.70540331  
17.12731172  
21.78433322  
24.53574593  
24.03127219  
19.13946712  
9.508384694  
-3.97994113  
-19.09598027  
-32.61709659  
-41.10448816  
-41.88780302  
-33.94236476  
-18.3547604  
1.806791549  
22.21035834  
38.36879602  
46.81326045  
45.98648865  
36.6006075  
21.37247115  
4.235175118  
-10.72973938  
-20.33335855  
-23.01791983  
-19.12226092  
-10.64307725  
-0.5922705661  
7.858678223  
12.22184857  
11.31687012  
5.533154099  
-3.324553487  
-12.56207164  
-19.35669439  
-21.55184728  
-18.26602913  
-10.13796276  
0.8717164993  
12.06757994  
20.81434271  
25.28481962  
24.92084782  
20.46967488  
13.61520015  
6.370293476  
0.4731230148  
-2.999492832  
-3.707441568  
-1.87007294  
1.995456893  
7.241112586  
13.07446019  
18.42542105  
21.86975031  
21.79520764  
16.87976546  
6.755889141  
-7.435762158  
-22.94343639  
-35.95531386  
-42.73133747  
-40.94483993  
-30.6941471  
-14.70741618  
2.43839555  
15.84755758  
21.99937295  
19.91122374  
11.27775374  
-0.4689705165  
-11.74961536  
-20.34836763  
-26.1461092  
-30.7427514  
-36.16956374  
-43.34618839  
-51.08400975  
-56.19646344  
-54.74779824  
-43.9051721  
-23.52821164  
3.292003044  
31.06942291  
53.82240387  
67.21578426  
69.99581546  
64.09029608  
53.37115227  
41.7090238  
31.27878334  
21.93820861  
11.95631464  
-0.3208660483  
-14.77488263  
-28.74406142  
-37.69738703  
-37.15345239  
-24.99033674  
-3.024323709  
22.99644129  
45.14499414  
56.1742537  
52.30394146  
