53.18810804  
60.74036814  
57.95608037  
45.50136966  
27.36619707  
9.307409508  
-3.501130465  
-8.561003132  
-6.932855681  
-2.512007064  
-0.04284296513  
-2.804899967  
-11.04884806  
-21.90042726  
-30.75574569  
-33.49613598  
-28.48066866  
-17.39530439  
-4.583105707  
4.818456585  
7.076634151  
1.422476356  
-9.682128514  
-21.62255606  
-29.52363719  
-30.11754676  
-22.83304632  
-9.75566769  
5.382955502  
18.65280437  
27.1853625  
29.81448767  
27.0111693  
20.33574708  
11.76669166  
3.196935693  
-3.805276777  
-8.060649998  
-8.830573068  
-5.953728432  
-0.02430058642  
7.541990424  
14.70720374  
19.30828401  
19.71185176  
15.36584594  
6.997460932  
-3.647916406  
-14.42186171  
-23.4735593  
-29.73713553  
-33.02532954  
-33.75396969  
-32.49989257  
-29.65675943  
-25.36683769  
-19.72730711  
-13.10072384  
-6.294493057  
-0.4519310491  
3.330318012  
4.473567203  
3.223021996  
0.6081593634  
-1.946137405  
-3.176585433  
-2.437690987  
0.155427247  
3.937983772  
8.109610253  
12.09801415  
15.66206163  
18.69288369  
20.86791801  
21.4248162  
19.2759442  
13.49631495  
3.984498554  
-8.054144993  
-20.1243765  
-29.07307504  
-32.15432001  
-28.10687297  
-17.76755893  
-3.911745221  
9.664430383  
19.47402448  
23.54899892  
22.0451597  
17.01695662  
11.48867725  
8.233471289  
8.765787485  
12.92604533  
19.15784691  
25.28381581  
29.4049918  
30.549007  
28.85214618  
25.28763678  
21.13761263  
17.47257556  
14.84069208  
13.23352138  
12.26081486  
11.40009637  
10.20109275  
8.392496411  
5.907429423  
2.873087869  
-0.4073423164  
-3.491856275  
-5.890067218  
-7.223489965  
-7.420761949  
-6.860994055  
-6.366392624  
-6.992431159  
-9.656049582  
-14.73396445  
-21.80445769  
-29.66670362  
-36.66311874  
-41.19991927  
-42.26902265  
-39.76674775  
-34.48563564  
-27.79008952  
-21.11369254  
-15.48129666  
-11.23758123  
-8.069357445  
-5.28674209  
-2.229469171  
1.37394181  
5.236591654  
8.595405225  
10.51120344  
10.27356196  
7.758784025  
3.600222958  
-0.9134150509  
-4.207317199  
-4.955400405  
-2.601244048  
2.339036087  
8.346589354  
13.37373151  
15.5911078  
14.13771813  
9.555529141  
3.67669117  
-1.061475618  
-2.642358366  
-0.4162382399  
4.477501692  
9.474153278  
11.66350844  
9.171430337  
2.2342739  
-6.574806006  
-13.17917007  
-13.63878531  
-5.946715146  
8.803003758  
26.45149569  
41.10318693  
47.27440756  
42.0094085  
26.08804221  
3.811015686  
-18.55897122  
-35.05741545  
-42.05488496  
-39.26934082  
-29.4213175  
-16.79415706  
-5.408405733  
2.377626693  
6.301245077  
7.622279777  
7.97895228  
8.334857835  
8.558546534  
7.792258476  
5.323708728  
1.406477283  
-2.486205359  
-4.171530351  
-1.802652293  
5.085389488  
15.09180271  
25.32302031  
32.49139721  
34.24326468  
30.09950227  
21.57751838  
11.45768488  
2.562237486  
-3.371831436  
-6.220884508  
-7.216615277  
-8.104954932  
-10.18944132  
-13.73856696  
-18.00573123  
-21.77049591  
-24.04467603  
-24.53394434  
-23.6204836  
-21.92970708  
-19.79154615  
-16.96522989  
-12.83398258  
-6.982323362  
0.186267671  
7.20224755  
11.89485325  
12.28392967  
7.601036877  
-1.084015424  
-11.01279122  
-18.6916153  
-21.27928503  
-17.80014422  
-9.616817128  
0.08420208139  
7.595965408  
10.22235258  
7.369228566  
0.7275988448  
-6.510310204  
-11.03291549  
-10.77429066  
-5.684940612  
2.375688425  
10.50992161  
15.98415926  
17.23197454  
14.27365864  
8.465076153  
1.788068814  
-3.945173659  
-7.631913258  
-9.003311738  
-8.396179856  
-6.38193841  
-3.477270553  
-0.05507326985  
3.570360273  
7.011780955  
9.764135202  
11.30073765  
11.26169505  
9.621056417  
6.733817023  
3.237758173  
-0.1298570682  
-2.702301867  
-3.970918418  
-3.594631995  
-1.400837144  
2.549232582  
7.81935946  
13.46750403  
18.06859686  
20.00333387  
17.99894137  
11.74366465  
2.289166567  
-8.020774945  
-16.18188875  
-19.55125349  
-16.8723369  
-8.855615438  
1.982372194  
12.21121636  
18.76837171  
20.09516584  
16.63667394  
10.49222157  
4.387405641  
0.4511117513  
-0.6338571983  
0.276721994  
1.463846817  
1.421125146  
-0.2328984858  
-2.486101009  
-3.459428448  
-1.469587186  
3.919016019  
11.41709966  
18.39837387  
22.01369228  
20.51385553  
14.1312469  
5.058729403  
-3.509585749  
-8.848605193  
-9.986707669  
-8.168518685  
-6.234660076  
-7.173831539  
-12.51476989  
-21.3335773  
-30.39238013  
-35.41332793  
-32.95957921  
-22.09321337  
-5.051382838  
13.39975221  
27.69494609  
33.57002083  
29.65575987  
17.91335042  
2.761797699  
-10.69790223  
-18.59599765  
-19.56412755  
-14.90151808  
-7.676200404  
-1.246631242  
2.109686293  
1.890529657  
-0.8243577934  
-4.24493849  
-6.924786577  
-8.470763432  
-9.598217193  
-11.56632383  
-15.3275192  
-20.84162741  
-26.89855297  
-31.52879949  
-32.79836715  
-29.61633286  
-22.20139611  
-12.03181935  
-1.342232008  
7.586623934  
13.0538573  
14.27989283  
11.42823719  
5.41255831  
-2.357625986  
-10.19274769  
-16.30489539  
-19.03320387  
-17.17986285  
-10.42466325  
0.337166366  
12.95281582  
24.42352308  
31.74803612  
32.95199667  
27.90349425  
18.53024035  
8.257123067  
0.8041414462  
-1.217280196  
2.658508233  
10.53546736  
18.88897966  
23.97465858  
23.33910354  
16.80153701  
6.494609557  
-4.044226824  
-11.33000474  
-13.30425912  
-10.04439778  
-3.534510975  
3.353609149  
8.176785123  
9.930847852  
9.318774605  
8.199970779  
8.525323299  
11.28723146  
15.98429941  
20.83809463  
23.63627709  
22.78644842  
18.07992717  
10.81780097  
3.259689318  
-2.331386501  
-4.603605283  
-3.589483788  
-0.5612453688  
2.616690877  
4.307672447  
3.718308213  
1.065290287  
-2.718068597  
-6.533104462  
-9.628756774  
-11.83962748  
-13.48087565  
-15.01326316  
-16.69319093  
-18.39953734  
-19.70678185  
-20.12645893  
-19.35081197  
-17.34879174  
-14.27007128  
-10.24226864  
-5.221929378  
0.9665023561  
8.385433526  
16.65724608  
24.76505633  
31.16249715  
34.2334251  
32.95442891  
27.47267687  
19.29763004  
10.94058867  
5.069240923  
3.474522007  
6.265976299  
11.65680713  
16.48426758  
17.31904075  
11.77021678  
-0.5056648184  
-17.48786971  
-35.31218844  
-49.46359781  
-56.22863244  
-53.90281051  
-43.34203377  
-27.68522703  
-11.36303978  
1.256988229  
7.139324728  
5.370568237  
-2.738584878  
-14.21327978  
-25.40720552  
-33.08807653  
-35.28797804  
-31.69997877  
-23.56616953  
-13.15808505  
-3.051226223  
4.579016372  
8.458976645  
8.420684702  
5.307560765  
0.6522563081  
-3.766632827  
-6.377959409  
-6.187707011  
-2.995258764  
2.584617691  
9.303054763  
15.62833442  
20.18672634  
22.17221095  
21.59166079  
19.24616982  
16.42947502  
14.43097477  
14.02041995  
15.12006721  
16.81363394  
17.7110742  
16.53495331  
12.68648232  
6.543202762  
-0.6508475202  
-7.260168028  
-11.88461574  
-13.84782675  
-13.3211212  
-11.03678298  
-7.757420657  
-3.803435438  
1.078142084  
7.396038399  
15.29433022  
23.97414716  
31.53542684  
35.44347518  
33.51560466  
25.02328409  
11.3743468  
-4.033185016  
-16.8465041  
-23.32292673  
-21.77796917  
-13.26664701  
-1.155671762  
10.26474305  
17.53290941  
19.34745897  
16.87289604  
12.88578566  
10.17895998  
10.00560239  
11.33903144  
11.33954654  
6.833504195  
-3.89805  
-19.901397  
-37.53668119  
-51.74159255  
-58.03567928  
-54.36675696  
-41.96187939  
-24.80603365  
-8.006330206  
4.195427301  
9.866835764  
9.689860437  
6.103716166  
1.822143313  
-1.472499484  
-3.607638507  
-5.403969308  
-7.551149323  
-9.59891867  
-9.723693301  
-5.498999543  
4.67590392  
20.24795127  
38.06378787  
