9.838917123  
1.162669257  
-6.555688247  
-11.24695234  
-12.20600041  
-10.2056831  
-6.98679329  
-4.387595366  
-3.514964771  
-4.314334037  
-5.698335045  
-6.141530728  
-4.453313111  
-0.3831448251  
5.194906153  
10.58022274  
13.88657126  
13.75849345  
9.885256484  
3.132720087  
-4.731602338  
-11.59887027  
-15.65910451  
-15.91216554  
-12.40654803  
-6.161793745  
1.173274254  
7.809471964  
12.31010432  
13.95727586  
12.90078775  
10.05694534  
6.788871759  
4.46007558  
3.9937072  
5.575558497  
8.602316386  
11.90090927  
14.15208787  
14.37340292  
12.28662477  
8.428793185  
3.958135916  
0.2221451684  
-1.749480575  
-1.630804989  
0.08733869766  
2.301883662  
3.738002995  
3.449859493  
1.183913779  
-2.533635656  
-6.609607223  
-9.800171191  
-11.157817  
-10.33495802  
-7.641428561  
-3.862425977  
0.059260276  
3.32899865  
5.473286876  
6.33824207  
5.962994257  
4.434426007  
1.825836154  
-1.739387936  
-5.943853744  
-10.16049196  
-13.47889704  
-14.92565104  
-13.82849096  
-10.18064768  
-4.826465896  
0.6621139213  
4.42953623  
4.971032551  
1.72623759  
-4.610003438  
-12.21032234  
-18.66028184  
-21.74907719  
-20.22558837  
-14.24526565  
-5.346287421  
4.033168284  
11.31995263  
14.58567647  
13.08674715  
7.414218724  
-0.7518395728  
-9.162607293  
-15.61183641  
-18.46576342  
-17.00168282  
-11.51946739  
-3.24329322  
5.94847401  
13.92510421  
18.78869263  
19.36625391  
15.59130492  
8.635471495  
0.6817067797  
-5.670597217  
-8.234863083  
-6.037105587  
0.2252374415  
8.296822035  
15.08385705  
17.76567611  
14.89412447  
7.035928699  
-3.338266668  
-12.72431775  
-17.90272512  
-17.18763662  
-11.09351483  
-2.131638286  
6.194774006  
10.78989505  
10.18293296  
5.063301461  
-2.076724807  
-8.023210677  
-10.17609178  
-7.577174468  
-1.221167296  
6.439030849  
12.53727706  
14.92193545  
12.9020243  
7.352686954  
0.2169622469  
-6.310122142  
-10.5383324  
-11.69273176  
-9.898705633  
-5.870746758  
-0.5402944978  
5.179863025  
10.43828659  
14.38961689  
16.20449585  
15.25217302  
11.42063453  
5.398283765  
-1.302094316  
-6.703729637  
-9.041202845  
-7.488044939  
-2.591611379  
3.837817731  
9.400323447  
12.08533389  
11.12815056  
7.342552342  
2.753210703  
-0.3235510543  
-0.334694873  
2.811050451  
7.732435773  
12.25814537  
14.47295284  
13.61865052  
10.40896979  
6.604012598  
4.055691846  
3.70215324  
5.021144924  
6.231975377  
5.16787476  
0.4057865676  
-7.896426382  
-17.87482329  
-26.6297125  
-31.39684915  
-30.68665789  
-24.87601095  
-15.99798158  
-6.851085541  
0.1422661337  
3.80353741  
4.42479582  
3.311197716  
1.923499158  
1.076248131  
0.5859943676  
-0.4877518008  
-3.175463866  
-7.879470353  
-13.98896214  
-20.02537414  
-24.23794794  
-25.34381858  
-23.04698124  
-18.09788766  
-11.89581989  
-5.861223076  
-0.8999705207  
2.794655337  
5.554220108  
7.820881027  
9.772022455  
11.20175845  
11.7111603  
11.06997984  
9.509752354  
7.746133443  
6.687031944  
6.96993527  
8.582117341  
10.78597944  
12.41409587  
12.39893247  
10.27065053  
6.368251999  
1.658758362  
-2.731255759  
-6.014507751  
-8.0014105  
-8.98673785  
-9.347997613  
-9.112565997  
-7.781788266  
-4.564823235  
1.060524692  
8.752480135  
17.03207649  
23.56124863  
25.93496473  
22.67655761  
13.98658664  
1.872101314  
-10.45194415  
-19.66713995  
-23.50461392  
-21.46488381  
-14.82263067  
-5.961588076  
2.621163929  
9.181410935  
13.10936763  
14.73965525  
14.79192598  
13.80527377  
11.88622264  
8.875026124  
4.772518186  
0.1081094616  
-4.040748678  
-6.459911141  
-6.453950665  
-4.378735294  
-1.703978758  
-0.4799467118  
-2.398188747  
-7.880132504  
-15.66267837  
-23.14263353  
-27.38354405  
-26.35510727  
-19.83724728  
-9.557033924  
1.521412922  
10.43329554  
15.40409908  
16.4471133  
15.11014695  
13.52859109  
13.27635847  
14.5938423  
16.37027003  
16.86834271  
14.79867527  
10.17206182  
4.470157312  
0.02305088381  
-1.109845234  
1.801828151  
7.70101285  
14.13306668  
18.31402382  
18.37022857  
14.15552902  
7.257994715  
0.2043836734  
-4.740644082  
-6.594348084  
-6.010331465  
-4.821328873  
-5.0268392  
-7.748214555  
-12.67326574  
-18.25092234  
-22.51025408  
-24.06579278  
-22.78693704  
-19.7945476  
-16.80210886  
-15.15983998  
-15.11221929  
-15.66634028  
-15.14884638  
-12.16775049  
-6.477496041  
0.7157913132  
7.194928077  
10.72711989  
10.13622723  
5.922178902  
0.1094093537  
-4.622023271  
-6.120655193  
-3.707031986  
1.56405757  
7.435322087  
11.50695016  
12.31381781  
9.914312234  
5.73324512  
1.768484923  
-0.4251460239  
-0.4660698112  
0.7620555982  
1.683183167  
0.960411202  
-1.696297699  
-5.264660864  
-7.835283906  
-7.533576064  
-3.496902546  
3.569003621  
11.53637599  
17.65906743  
19.68286401  
16.77091578  
