3.585467593  
-13.91078063  
-21.2453273  
-16.62899557  
-2.883720679  
13.84479415  
26.52382089  
29.88775205  
22.34900185  
6.516721321  
-11.80488299  
-25.73393104  
-29.77050726  
-21.73988447  
-3.566207125  
19.35915531  
39.96827631  
51.83711771  
51.24256066  
38.27519551  
16.66681758  
-7.557478624  
-28.09111219  
-40.30558734  
-42.49570586  
-36.04430433  
-24.55011108  
-12.32977816  
-2.889329657  
2.099011441  
3.031685633  
1.868133639  
1.189446723  
3.219794481  
9.125816559  
18.72518048  
30.5603783  
42.21088401  
50.74211605  
53.2620638  
47.59285176  
33.00572903  
10.83869561  
-15.30084899  
-40.02915297  
-57.45704165  
-62.9829592  
-55.02411173  
-35.96972937  
-11.8189428  
9.561366169  
21.04184888  
18.74966424  
3.494306625  
-19.51971584  
-42.62898935  
-58.53763131  
-62.89770191  
-55.62105463  
-40.46784502  
-23.21386038  
-9.292086659  
-1.959050544  
-1.6914259  
-6.862670857  
-15.11942479  
-24.59632378  
-34.3066154  
-43.60488343  
-51.22268971  
-54.68273372  
-50.72086719  
-36.75791375  
-12.78043971  
17.41257339  
46.50044777  
65.71147121  
68.03231948  
51.24654194  
19.40421185  
-18.09357762  
-49.59536831  
-65.29894628  
-60.67885972  
-37.83037122  
-4.220125153  
30.53824459  
58.42864327  
75.68369764  
83.30640043  
85.45046778  
86.62779425  
89.18368917  
92.25034626  
92.58789425  
86.76746021  
73.5064652  
54.92963313  
36.09760824  
23.01167352  
20.04225317  
27.98638775  
43.63428539  
61.00435612  
73.64542717  
76.97107192  
69.6562115  
53.62473429  
32.81676715  
11.42551287  
-7.577042737  
-23.06444666  
-35.44162017  
-45.74214903  
-54.68765257  
-62.1689899  
-67.32036388  
-69.04501434  
-66.6728489  
-60.43844145  
-51.61527422  
-42.31201783  
-35.03825316  
-32.15463171  
-35.28362756  
-44.74604067  
-59.1382475  
-75.24260274  
-88.47902889  
-93.98498963  
-88.15259171  
-70.15605531  
-42.83650757  
-12.40895136  
13.15302961  
26.65075532  
24.23762408  
7.018022499  
-19.06406389  
-45.1351529  
-62.44979034  
-65.44126178  
-53.57603887  
-31.29635114  
-6.113956149  
14.33392111  
25.06312042  
25.28179618  
18.18626841  
9.25588803  
3.87437545  
5.290059704  
13.66922166  
26.45305288  
39.67251339  
49.54892369  
53.72275466  
51.74112905  
44.81662798  
35.15002717  
25.18094366  
17.01459314  
12.08284696  
10.969343  
13.32045823  
17.85220878  
22.54711831  
25.12430371  
23.73986391  
17.69934266  
7.861353469  
-3.526936905  
-13.59190543  
-19.92531663  
-21.53568551  
-19.20499419  
-15.05251277  
-11.48840762  
-10.05442043  
-10.72590483  
-12.03126893  
-11.93279988  
-9.011933164  
-3.327487543  
3.531889521  
9.265923556  
12.14903346  
12.10775374  
10.98235445  
11.7609826  
17.10162349  
27.84839557  
42.29875859  
56.64511063  
66.45747229  
68.5603667  
62.44423935  
50.54682978  
37.25319395  
27.04767199  
22.63180721  
23.82256141  
27.68021721  
29.76496889  
25.95095465  
14.03952709  
-5.430719998  
-29.38805174  
-53.23568043  
-72.1951007  
-82.50627708  
-82.19494111  
-71.3628125  
-52.11431514  
-28.24266707  
-4.701052582  
13.1999872  
20.89784229  
15.84841291  
-1.393146673  
-26.756672  
-53.2837618  
-72.84288133  
-78.52702257  
-66.9657297  
-39.69396194  
-2.989637088  
33.87029665  
61.38959336  
72.72473631  
65.67284233  
43.14248886  
12.0422911  
-18.92749894  
-41.77662343  
-51.2303681  
-45.74057718  
-27.41233454  
-1.09732698  
26.93962532  
50.40616168  
64.18658869  
65.2579001  
53.2639694  
30.66830108  
2.379505299  
-25.2067367  
-45.65547684  
-54.12565687  
-48.73025829  
-31.15965791  
-6.296904145  
19.11676229  
38.37142114  
46.63396558  
42.17505779  
26.63418776  
4.323149823  
-19.12555937  
-38.3022092  
-49.31711949  
-50.57719677  
-42.96384916  
-29.48411008  
-14.52963606  
-2.882319589  
1.393562261  
-4.000094197  
-18.83808455  
-40.16131532  
-62.79610555  
-80.5931838  
-88.11466468  
-82.27343737  
-63.36596835  
-35.09596196  
-3.526419471  
24.7081288  
44.31854955  
52.75524132  
50.64675289  
41.22887745  
29.08163229  
18.69595893  
13.35874351  
14.61917386  
22.31391537  
34.93023938  
50.05550207  
64.77860813  
76.06859007  
81.23677425  
78.52955122  
67.73291844  
50.5171011  
30.23238076  
11.04617457  
-3.376830075  
-11.15812842  
-12.8662427  
-11.16452632  
-9.490714049  
-10.29417515  
-13.64470724  
-16.94450968  
-16.01927208  
-7.220078666  
10.37095614  
33.6941002  
56.15152519  
69.74829556  
68.16803412  
49.52567767  
17.58027548  
-19.2177509  
-50.57620511  
-68.02164801  
-67.91335529  
-52.59699029  
-29.24655236  
-6.897926847  
7.088869137  
9.69749995  
3.017089948  
-7.113566249  
-13.90934966  
-12.65525431  
-2.679317772  
12.47411729  
26.64296991  
33.66631397  
29.90775693  
15.68170736  
-4.907356654  
-25.54434913  
-40.00485998  
-44.28032966  
-37.7967206  
-23.40949695  
-6.324303222  
7.580443572  
13.45476959  
8.740093159  
-6.245589332  
-28.42847913  
-52.69706358  
-73.05587317  
-84.02686238  
-82.06634581  
-66.69466616  
-40.98757081  
-11.13568589  
15.01347973  
30.17531389  
30.00107671  
14.79111408  
-10.18043694  
-36.05047087  
-53.16828208  
-54.42472092  
-37.91026428  
-7.842594669  
26.70651891  
54.92305088  
68.0932871  
62.72759795  
41.75009195  
13.27779857  
-12.52844347  
-27.28340026  
-27.34253732  
-14.75748402  
4.081413452  
21.44880115  
31.594084  
32.93786679  
28.27070993  
22.98212982  
22.21913961  
28.31727756  
39.67229333  
51.51781331  
58.18268538  
55.73213281  
43.75785802  
25.52082994  
6.447097911  
-8.256681399  
-15.72692074  
-16.34691265  
-13.10520075  
-9.841197206  
-9.323078111  
-12.11787357  
-16.74949178  
-20.94039148  
-23.1651777  
-23.60383746  
-23.93327837  
-26.05807549  
-30.49816584  
-35.39563483  
-36.8302667  
-30.46474391  
-13.81776739  
11.9472814  
41.69305055  
67.77365575  
82.78356727  
82.43475982  
67.28993445  
42.55930796  
16.03021373  
-4.961682351  
-16.19171467  
-17.70455542  
-13.05499269  
-7.105199486  
-3.495452475  
-3.003373174  
-3.527805199  
-1.619866055  
5.268086538  
16.97632833  
30.20306722  
39.69508889  
40.53217017  
30.45011403  
11.12108606  
-12.21937834  
-32.67284173  
-44.31731344  
-44.4951368  
-34.83344113  
-20.62280585  
-8.840586034  
-5.606025357  
-14.00988703  
-33.05511538  
-57.99719565  
-81.88164238  
-97.71623704  
-100.5782989  
-89.04385974  
-65.56398862  
-35.71960063  
-6.583990037  
15.34310944  
26.03647683  
25.10354879  
15.80480446  
3.874782107  
-4.514809456  
-4.970307315  
3.534271049  
18.3204382  
34.09728654  
45.09157445  
47.3767187  
40.44276589  
27.34066546  
13.33324293  
3.636603773  
1.24450275  
5.793863187  
13.95597481  
21.13563508  
23.6571336  
20.40028535  
13.12939239  
5.400279069  
0.6271657163  
0.298442409  
3.248261898  
6.356459011  
6.324025712  
1.618101926  
-6.42694952  
-13.96221001  
-16.32654537  
-10.31423193  
4.082096721  
23.32085147  
41.57494829  
53.06740437  
54.42880656  
46.00993691  
31.56885078  
16.50269166  
5.453384576  
0.3820792221  
-0.04078130338  
0.4957163183  
-2.065658426  
-10.0366967  
-22.70490795  
-36.44165099  
-46.12334889  
-47.23958239  
-37.80852719  
-19.35069688  
3.412155262  
23.96902486  
36.0035678  
35.28652696  
20.92650121  
-4.310225542  
-34.62248087  
-62.54137129  
-80.72281019  
-83.79109611  
-69.83548037  
-41.17661896  
-4.107783098  
32.48138187  
59.38044436  
69.67753493  
60.93727476  
36.16742543  
3.116814625  
-28.00910008  
-47.74497122  
-50.41470971  
-35.95650179  
-9.846640006  
18.8785518  
40.80163285  
49.35633804  
42.95207212  
25.25480644  
