51.22125909  
52.28632185  
41.40869943  
16.79147566  
-16.92160843  
-49.7489956  
-70.08029724  
-69.43967042  
-46.24768832  
-6.930334089  
36.15724091  
69.1919258  
81.95284456  
71.50290126  
43.07663453  
7.898340072  
-21.1559563  
-34.35923302  
-28.6029806  
-8.315527359  
16.40687146  
33.68104631  
34.2788321  
15.04470954  
-19.88123962  
-60.41524551  
-93.95343739  
-109.6738344  
-102.2433846  
-73.66650397  
-32.64221898  
8.355365922  
37.2712202  
46.48138902  
35.21504943  
9.535451117  
-20.08879512  
-42.70216539  
-50.79275182  
-42.76301002  
-23.04926226  
0.06597751708  
17.98888916  
25.22250607  
21.27344344  
10.3566197  
-0.8512145837  
-6.341761002  
-3.39356868  
6.424448127  
18.20469536  
26.06974229  
25.82762634  
16.73049447  
1.635021841  
-14.37123091  
-26.13607291  
-30.38094928  
-26.60940147  
-16.75375623  
-3.943372685  
8.870569782  
19.76055614  
27.86634434  
32.86119869  
34.37173583  
31.84022224  
24.96793454  
14.43869085  
2.363318505  
-8.023781011  
-13.47738238  
-12.21967565  
-5.031443215  
4.713161827  
12.26562457  
13.53654088  
7.03506324  
-5.234984913  
-18.43072587  
-26.85917498  
-26.42767659  
-16.43306542  
0.1377603916  
17.92015359  
31.45421817  
37.34626788  
35.31662551  
27.72902346  
17.97497968  
8.647372656  
0.4942555336  
-7.33070053  
-15.95456463  
-25.25940381  
-33.14239363  
-36.13768314  
-31.20113235  
-17.74286394  
1.264893521  
19.89877971  
31.56038596  
31.95878431  
21.36303482  
4.915314899  
-9.338872448  
-13.93987354  
-5.460746864  
13.72847807  
36.29541685  
53.09431344  
57.23169  
47.17196027  
27.41306328  
6.379289123  
-7.512501282  
-9.783395955  
-1.970865633  
9.136481673  
14.76983426  
8.441829277  
-10.78438786  
-37.54378317  
-62.29729652  
-75.37930389  
-71.14332183  
-50.36778781  
-19.90236923  
10.21237964  
30.81716638  
37.10448761  
30.05649673  
15.39249766  
0.6800068847  
-7.996300622  
-8.347902815  
-2.301085922  
5.441176074  
9.852560949  
7.865674204  
-0.4834989291  
-12.3950532  
-23.78107336  
-31.08572602  
-32.62530088  
-28.96141426  
-22.31397315  
-15.42588202  
-10.4395563  
-8.222741363  
-8.301646043  
-9.283881965  
-9.507833968  
-7.660604698  
-3.20870081  
3.408564017  
10.82168226  
17.00584795  
19.78346087  
17.49864237  
9.707631071  
-2.364898444  
-15.85976899  
-26.93158189  
-31.89249353  
-28.48242608  
-16.77366665  
0.6918289131  
19.64233789  
35.43505581  
44.50261118  
45.32013178  
38.55099167  
26.40966325  
11.62836701  
-3.444939883  
-17.22408435  
-28.67641269  
-36.81567126  
-40.3532808  
-37.86132804  
-28.47420306  
-12.78475656  
6.612572984  
25.38683782  
38.63470806  
42.57349954  
36.07018488  
21.30632696  
3.2114069  
-12.17807321  
-19.80329947  
-17.28508144  
-5.588365713  
11.553162  
29.13444469  
42.63571004  
49.34438317  
48.82065342  
42.50150859  
32.79011206  
22.11241835  
12.30845904  
4.466311481  
-0.9416107493  
-3.864156175  
-4.593397122  
-3.807942836  
-2.597281081  
-2.30720493  
-4.159974538  
-8.775993289  
-15.83497997  
-24.0852112  
-31.74395385  
-37.12345903  
-39.19029803  
-37.79951084  
-33.52783299  
-27.25289796  
-19.75803235  
-11.59989763  
-3.280847267  
4.456337743  
10.507914  
13.66937588  
13.23133163  
9.596258879  
4.489516149  
0.4861629338  
-0.06670473082  
3.733425576  
10.63688494  
17.52952022  
20.733921  
17.78978833  
8.839964936  
-3.15916084  
-13.65577331  
-18.67400947  
-16.90331056  
-10.60005626  
-4.702428153  
-4.432207963  
-12.47464488  
-27.15440634  
-42.6497965  
-51.34415207  
-47.34063166  
-29.50146397  
-2.482860216  
24.88604455  
43.27448859  
46.93971236  
36.32188126  
17.87034765  
1.108238113  
-5.742890495  
0.4576636379  
16.36728719  
33.80464068  
43.66645647  
40.26129058  
24.0137667  
1.278494754  
-18.61250558  
-27.64011715  
-22.69465074  
-6.827648431  
12.33822868  
26.18550054  
28.9177162  
19.84953526  
3.229639063  
-14.11823339  
-26.0442865  
-29.60712896  
-25.7856571  
-18.25841203  
-11.10512369  
-6.730720165  
-5.045635314  
-4.155703507  
-1.969297234  
2.319958362  
7.748904931  
12.3178494  
14.41023744  
13.95952307  
12.58565532  
12.55824663  
15.17996319  
19.59044634  
22.81477379  
21.20187452  
12.58010029  
-2.034370884  
-18.21211632  
-29.68603558  
-31.1007972  
-20.63795991  
-1.191426032  
20.56879819  
36.88085758  
42.08832704  
34.85451303  
18.38537824  
-1.358465105  
-18.49598941  
-29.67032166  
-34.94020862  
-36.81896428  
-38.14948461  
-40.09109909  
-41.37497901  
-39.23209522  
-31.42901377  
-18.19299331  
-2.834533681  
9.425603373  
13.91543983  
8.989779604  
-2.832496336  
-15.78565042  
-23.48208322  
-21.98155734  
-11.75517477  
2.486414268  
14.0648369  
17.59932052  
11.63910891  
-0.6545810136  
-13.11406926  
-19.63887973  
-17.18534912  
-7.179472815  
5.321406644  
14.24471653  
15.53789512  
9.091731085  
-1.366745567  
-10.26710187  
-12.97798963  
-7.934897986  
2.915898644  
15.45009736  
25.62736047  
31.39373929  
33.21770378  
33.08252124  
32.66348613  
31.88794144  
28.84216713  
21.17926556  
8.244371576  
-7.391549687  
-20.09196058  
-23.24588202  
-12.44567006  
11.8055384  
43.34489095  
72.18374729  
88.29740564  
85.7321187  
65.14819669  
33.59101609  
1.560679743  
-21.28958036  
-29.87457303  
-25.18496263  
-13.04244262  
-0.8785610734  
5.797598451  
5.540706731  
0.8193923948  
-4.120536942  
-6.089507623  
-4.919522988  
-3.542011957  
-6.210619664  
-15.89459161  
-32.28712853  
-51.51723617  
-67.73497689  
-75.75302151  
-73.39342406  
-62.37144509  
-47.32848862  
-33.57897491  
-24.75452102  
-21.50633457  
-21.80375327  
-22.49957741  
-21.1994527  
-17.39658872  
-12.33334254  
-7.820326968  
-4.840004202  
-2.850866362  
-0.2457105456  
4.319202176  
10.58757135  
16.29504513  
18.12376362  
13.64618739  
3.221046023  
-9.316374595  
-17.79366854  
-16.35106306  
-2.41751108  
21.48369985  
48.14815979  
68.34629273  
74.63952511  
64.64230152  
42.19758843  
15.86517981  
-4.636072552  
-12.43871116  
-6.197228667  
9.727574335  
27.54462423  
39.61655012  
41.65821445  
34.13519533  
21.38232459  
9.06721338  
1.358095227  
-0.8182751968  
0.3070844013  
1.027822339  
-1.562942671  
-7.928328881  
-15.8844135  
-21.85243783  
-22.83526388  
-18.06249253  
-9.481656464  
-0.905975644  
3.693788635  
1.886266946  
-6.312137516  
-18.63179858  
-31.600562  
-41.84409927  
-47.03625019  
-46.21306509  
-39.56857314  
-28.09309213  
-13.37323929  
2.394778794  
16.41581328  
25.65869535  
27.71313839  
21.90513276  
10.11658295  
-3.283065365  
-12.65399266  
-13.14632909  
-2.789319718  
16.36222275  
38.66572856  
56.86178669  
64.79798533  
59.73254044  
43.20728955  
20.13777645  
-3.393527607  
-22.55877823  
-35.28582486  
-42.22263599  
-45.36773199  
-46.2585486  
-44.80589375  
-39.45907043  
-28.60265331  
-12.34432369  
6.433057356  
22.53874323  
30.43672366  
26.82647977  
12.53317485  
-7.357836036  
-25.36137347  
-34.68402409  
-32.12352971  
-19.38710087  
-2.178780583  
12.51061571  
19.59415379  
18.01159007  
10.78427587  
3.054413428  
-0.8159740241  
0.4541712929  
4.569570315  
7.208515183  
4.759533001  
-3.266413745  
-13.51894426  
-20.27804575  
-18.43334441  
-6.443935812  
12.32542064  
30.72751446  
41.01005791  
38.55223665  
24.29621538  
4.574975956  
-11.7142219  
-17.31844428  
-10.2107166  
5.23069448  
20.10596281  
25.13331109  
15.12791238  
-8.300073032  
-37.13774189  
-60.31492297  
-68.47681338  
-57.99052667  
-32.36302937  
-0.4754287119  
27.46978611  
44.34742579  
48.80527955  
45.07213671  
40.10171603  
39.54726819  
44.59325211  
