7.080517681  
-16.49746848  
-39.10328553  
-54.89468669  
-60.12838143  
-54.4031186  
-40.47546539  
-22.88040499  
-6.088923995  
6.955614884  
15.37369002  
19.92321736  
22.03462852  
22.91469996  
23.17140749  
23.03458282  
22.87314747  
23.54503298  
26.2438205  
31.84306452  
40.08884802  
49.1489934  
55.89461315  
56.9272586  
49.9577202  
34.91121168  
14.20860582  
-7.966355141  
-27.13193564  
-40.0709082  
-45.80404851  
-45.56603254  
-41.85188575  
-37.04287769  
-32.30886582  
-27.32523804  
-20.91598444  
-12.25178139  
-1.935374495  
7.652646773  
13.01218301  
10.94129848  
0.06493266682  
-18.27072923  
-40.21463456  
-60.70526166  
-75.29959228  
-81.72916018  
-80.48836514  
-74.2035596  
-66.09914562  
-58.30135613  
-50.79981055  
-41.57858665  
-27.87450239  
-7.973971708  
17.31842466  
44.28834609  
67.27516361  
80.65983424  
81.06841614  
68.85513008  
48.20827491  
25.78726273  
8.406063052  
0.6663373284  
3.454628325  
13.8560906  
26.46642229  
35.54419048  
37.15512733  
30.51650676  
18.10689562  
4.596695316  
-4.922868079  
-6.735166309  
0.2911314394  
14.41199249  
31.63014276  
46.93880427  
55.7610938  
55.17710612  
44.65314683  
26.14593127  
3.596567735  
-18.0598346  
-34.15673131  
-41.54694833  
-39.51818545  
-30.07452119  
-17.41217223  
-6.643669153  
-2.097864523  
-5.737258094  
-16.28168023  
-29.44675685  
-39.32836987  
-40.51895078  
-30.20831117  
-9.45898954  
16.89071057  
41.73349759  
58.08989909  
61.50107548  
51.50294846  
31.62031605  
7.910569382  
-13.33357313  
-27.78791666  
-34.34401712  
-34.966918  
-33.33125815  
-32.90690062  
-35.3576391  
-39.92211567  
-43.96950756  
-44.38746781  
-39.11273716  
-28.10204421  
-13.34976708  
1.972944372  
14.78552934  
23.15683291  
26.70406368  
26.25076603  
23.04166201  
18.00712852  
11.48988572  
3.544588895  
-5.43288542  
-14.20191221  
-20.70520862  
-22.74460919  
-19.03900608  
-10.13117338  
1.391325481  
11.60978513  
16.72499025  
14.65718141  
6.073075757  
-5.678855607  
-15.78140862  
-19.85298933  
-15.75769831  
-4.551105589  
9.853122444  
22.16961187  
27.77329152  
24.45391545  
13.21161498  
-2.169907551  
-16.5304384  
-25.11541819  
-25.0440881  
-15.98293685  
0.08009843024  
19.70470372  
39.06567723  
54.81202655  
64.51808474  
66.77159087  
61.09586646  
47.90090894  
28.52969116  
5.309643804  
-18.56320587  
-39.43356554  
-53.87083405  
-59.44477763  
-55.3282925  
-42.50802655  
-23.53715521  
-1.942201634  
18.49192525  
34.34199449  
42.96271679  
42.7270714  
33.19484839  
15.28397275  
-8.594462132  
-34.59440162  
-57.87212545  
-73.48028136  
-77.58326159  
-68.64039345  
-48.10524892  
-20.286986  
8.700219802  
32.62118261  
46.88842767  
49.80774403  
42.87910635  
30.0893267  
16.5056771  
6.710268856  
3.612010507  
7.958841703  
18.56011803  
32.96801273  
48.26412502  
61.67295323  
70.90402556  
74.29398014  
70.88716521  
60.53692726  
43.99065042  
22.83519663  
-0.7989472413  
-24.74834117  
-47.35366527  
-67.75204244  
-85.72394761  
-101.1121283  
-113.0902272  
-119.7165178  
-118.1490484  
-105.615764  
-80.84045312  
-45.31585397  
-3.761347527  
36.62973183  
68.05279997  
84.45458027  
83.50520069  
67.38388426  
42.03488416  
15.1669864  
-6.221193869  
-17.83929861  
-18.92007006  
-11.68492311  
0.1245100466  
12.88090579  
24.13285946  
32.73168501  
38.1829824  
39.78223166  
36.17209466  
25.68613557  
7.367747304  
-17.8724471  
-46.64757237  
-73.5088881  
-92.3849698  
-98.54164403  
-90.27302934  
-69.60879865  
-41.72596056  
-13.29212339  
9.606565661  
23.17508716  
26.69094918  
22.2173623  
13.53331057  
4.801012745  
-0.5429035245  
-0.4193887971  
5.713580315  
16.94867497  
31.1181524  
45.066623  
55.12849466  
57.93121884  
51.47180772  
36.15220268  
15.28013112  
-5.401977142  
-19.26612371  
-21.04169824  
-8.948943164  
14.19461734  
41.51144733  
64.22982204  
74.76036811  
69.51212805  
50.30302568  
23.74534866  
-1.197111471  
-16.52853376  
-18.10640244  
-6.975720815  
11.30471564  
28.97185873  
38.99972367  
37.49454998  
24.69786026  
4.40320579  
-17.75049443  
-36.2753127  
-47.33144978  
-49.31800433  
-42.63673353  
-29.0445147  
-11.05056055  
8.409714685  
26.10856866  
38.7442994  
43.46929586  
38.68890622  
24.7916881  
4.341288369  
-18.57638779  
-39.75115273  
-56.44831938  
-68.44277597  
-77.88118527  
-87.88471677  
-100.4507227  
-114.6588736  
-126.1752683  
-128.5272717  
-115.799276  
-85.65291578  
-41.28127608  
8.752199504  
52.97262901  
80.91231441  
86.94176241  
72.41277926  
45.16908041  
16.57335391  
-2.750193911  
-6.719996448  
4.373138453  
24.66141207  
45.63794202  
59.86755926  
63.84648785  
58.85737713  
49.62288848  
41.55324718  
37.96108265  
38.53867504  
39.72802274  
36.69909386  
25.91966683  
