22.55574828  
17.66705215  
11.58427642  
4.981481213  
-1.782348346  
-8.516765957  
-14.9005438  
-20.23066634  
-23.40659986  
-23.22421783  
-18.89492972  
-10.57329888  
0.3651370377  
11.48131936  
19.887033  
23.14739712  
20.16237061  
11.68906879  
0.2675152494  
-10.48599933  
-17.02290389  
-17.07197589  
-10.49057099  
0.5669474807  
12.26398857  
20.30573854  
21.3721498  
14.26701386  
0.3741640802  
-16.7520326  
-32.52681393  
-42.80647753  
-45.17194311  
-39.58082356  
-28.1869941  
-14.44422736  
-1.872614436  
7.029170466  
11.33843741  
11.59145611  
9.148144318  
5.395810522  
1.178218981  
-3.316139662  
-8.227958744  
-13.5141904  
-18.58979384  
-22.36933829  
-23.72231275  
-22.10647166  
-18.01225972  
-12.91474327  
-8.67060601  
-6.599838057  
-6.700901974  
-7.442971702  
-6.339374349  
-1.13087332  
8.927797839  
22.30568972  
35.41095629  
43.82174077  
44.09320615  
35.38338927  
20.14626071  
3.491831368  
-8.626392543  
-11.71016958  
-4.561440134  
10.11959304  
26.67864615  
38.64845126  
41.23458536  
33.14301336  
17.01917841  
-1.652727933  
-16.70923613  
-23.62890539  
-21.0915849  
-11.21051204  
1.55356605  
12.25406809  
17.28742643  
15.47662508  
8.084176546  
-2.086081822  
-11.97986736  
-19.37207934  
-23.32733228  
-23.99010634  
-21.98244154  
-17.83290805  
-11.76862349  
-3.942561836  
5.109904815  
14.13766469  
21.25605799  
24.50578951  
22.67222243  
15.97212267  
6.235067449  
-3.581348774  
-10.39918714  
-12.15800485  
-8.61345605  
-1.460365784  
6.276466575  
11.34213319  
11.414127  
5.898499268  
-3.89957299  
-15.23625716  
-24.80372935  
-29.69535107  
-28.16889475  
-20.04008742  
-6.682818683  
9.290396959  
24.56400606  
35.78184293  
40.25855479  
36.64074093  
25.3700965  
8.771395262  
-9.370356245  
-24.74193916  
-33.74134782  
-34.64435969  
-28.25782814  
-17.74048172  
-7.55600262  
-1.870291701  
-2.967511459  
-10.30986118  
-20.65680235  
-29.25795556  
-31.69677413  
-25.67571963  
-12.02772967  
5.471182698  
21.4403367  
30.87337071  
30.98822731  
22.232305  
8.06792677  
-6.350934531  
-16.07225369  
-18.07413894  
-12.19444602  
-0.9737771189  
11.44305062  
20.86147694  
24.44183767  
21.4749381  
13.34392934  
2.810974272  
-7.013805081  
-13.6206999  
-15.68302112  
-13.18881826  
-7.212012097  
0.5018806674  
7.978792592  
13.40753407  
15.47002431  
13.61703319  
8.257919287  
0.7800059258  
-6.696323749  
-11.85445017  
-12.90899454  
-9.292576014  
-2.016166869  
6.509439635  
13.21085044  
15.42936002  
11.94154799  
3.503612984  
-7.339887828  
-17.15144255  
-22.8697281  
-22.94668836  
-17.88266813  
-9.931495108  
-2.096754644  
3.153478204  
4.900154824  
4.076533792  
2.93121994  
3.890322247  
8.325065805  
15.77702128  
23.99631867  
29.7949908  
30.36307262  
24.49421926  
13.20585112  
-0.5040414783  
-12.66149735  
-19.67440843  
-19.51187036  
-12.27496149  
0.0003580745847  
14.15480747  
26.95904157  
35.995039  
40.08713496  
39.23605231  
34.22053715  
26.13028033  
16.0502227  
4.973686172  
-6.131474287  
-16.25971554  
-24.43414845  
-29.91615921  
-32.45015763  
-32.38048423  
-30.52724142  
-27.83862222  
-24.97605761  
-22.0526282  
-18.68825129  
-14.38692653  
-9.057762493  
-3.393503005  
1.145955871  
2.821711582  
0.4127503772  
-6.029437811  
-14.85327601  
-23.13913914  
-27.64148909  
-26.00513286  
-17.76351634  
-4.683151495  
9.728183827  
21.38697726  
27.02746869  
25.28125393  
17.03763888  
4.98411745  
-7.436965492  
-17.20034248  
-22.53410682  
-23.14838527  
-19.87911371  
-14.02280269  
-6.735157258  
1.228094239  
9.374161744  
17.11880801  
23.51197066  
27.28712231  
27.28291027  
23.05451775  
15.34932089  
6.146908542  
-1.847929287  
-6.108907578  
-5.230873093  
0.4935063806  
9.127660902  
17.77341257  
23.61046301  
24.87304219  
21.38212539  
14.4541257  
6.276065882  
-0.9513580582  
-5.738985728  
-7.640531545  
-7.133028876  
-5.191428062  
-2.807733766  
-0.6752216331  
0.8738315121  
1.741581935  
1.903359531  
1.349920629  
0.1692135411  
-1.316197632  
-2.50128442  
-2.647853956  
-1.219029335  
1.745943534  
5.42809851  
8.359461595  
8.902316361  
5.911311183  
-0.7039123946  
-9.784908906  
-19.22169037  
-26.64678737  
-30.24880733  
-29.36807407  
-24.63306183  
-17.60350941  
-10.10662567  
-3.579316596  
1.295946901  
4.537279745  
6.482955071  
7.336614469  
6.913559037  
4.741405281  
0.4638692926  
-5.683396073  
-12.61535327  
-18.55446893  
-21.59272844  
-20.43592014  
-14.99334719  
-6.523340775  
2.764158998  
10.50081466  
15.01737741  
15.90044598  
14.01763714  
11.01951616  
8.559272212  
7.588802472  
8.040376489  
9.013639035  
9.349701375  
8.299992718  
5.965859052  
3.3049763  
1.711089199  
2.372382361  
5.709465796  
11.14597252  
17.30321727  
22.51470658  
25.42005445  
25.37985035  
