10.07623561  
2.818302188  
0.3558995376  
1.422677683  
3.520461291  
4.404220286  
3.250287817  
0.9196792405  
-0.7767072082  
-0.3742991516  
2.12014314  
4.918388167  
5.175410455  
0.4256443078  
-9.977749354  
-24.15939027  
-38.15381678  
-47.33080621  
-48.19719154  
-39.77928875  
-23.99402066  
-4.88935573  
12.8556617  
25.48466796  
31.12904538  
29.88541949  
23.15753702  
12.7393008  
0.1599747767  
-13.42424185  
-26.87647774  
-38.63800917  
-46.62297435  
-48.66080949  
-43.3457311  
-30.86778857  
-13.34094375  
5.639043393  
22.0956442  
32.977496  
37.09567997  
35.28860981  
29.78570477  
23.12317393  
17.15694216  
12.61935124  
9.339644128  
6.876360189  
5.10098977  
4.342391239  
5.008852828  
6.967495637  
9.160448562  
9.838455229  
7.430170188  
1.635167694  
-5.914951085  
-11.96476608  
-12.98615288  
-7.051589137  
4.695640026  
17.86191072  
26.27338894  
24.65133202  
11.35201588  
-10.17925699  
-32.14850394  
-45.30484916  
-42.89917525  
-23.99205922  
5.480857695  
34.58993468  
51.64800161  
49.09470622  
26.91231488  
-7.006777502  
-39.84218676  
-59.00546639  
-57.30746488  
-35.90629736  
-3.746827506  
26.27138065  
42.72620705  
40.34047279  
21.88248544  
-3.448721367  
-24.32929427  
-32.30956374  
-25.25961314  
-7.792547673  
11.37689878  
23.77414713  
25.10718425  
16.97278718  
5.607465957  
-1.605304083  
-0.09726803098  
9.42447439  
21.24005731  
27.49024777  
22.27352708  
4.967469508  
-18.8831259  
-39.63682878  
-47.71636994  
-37.99120183  
-12.37028902  
20.62287295  
49.17457304  
62.98877272  
57.50327071  
35.70350845  
6.783462783  
-17.72890499  
-28.69450874  
-22.93756104  
-4.230501234  
18.60255786  
35.53661047  
39.45941941  
28.84804985  
8.011419091  
-15.0275589  
-31.97868111  
-37.57227539  
-31.39464177  
-17.6780189  
-3.319231514  
4.937755055  
3.008215075  
-9.224543062  
-28.12147621  
-47.75267069  
-61.95557708  
-66.24813791  
-59.04713552  
-41.96192014  
-19.23135352  
3.442650683  
20.34834284  
27.19535006  
22.24182787  
6.863639287  
-14.62762512  
-35.97707871  
-50.63060496  
-53.62486105  
-43.14708904  
-21.20435644  
6.91340773  
34.2757266  
54.52865451  
63.89666674  
62.22662983  
52.68806476  
40.27571699  
29.74363074  
23.82120068  
22.42066818  
23.10089779  
22.50431617  
18.07564801  
9.284942365  
-2.159868621  
-13.14188177  
-20.56495431  
-22.69825265  
-19.83513426  
-14.02261904  
-8.063853053  
-4.312738068  
-3.824639079  
-6.197773198  
-10.06935367  
-13.91576307  
-16.70278711  
-18.07894125  
-18.10493698  
-16.79108292  
-13.81418358  
-8.65192692  
-1.084882543  
8.255912973  
17.70726824  
25.00639539  
28.24232768  
26.88891278  
22.34253405  
17.55561173  
15.78084359  
18.92221839  
26.27793858  
34.37990302  
38.18459211  
33.23679419  
17.90824143  
-5.325992059  
-30.26823522  
-49.03396532  
-54.99210977  
-45.40778506  
-22.6539688  
6.56102534  
33.66084078  
51.34380822  
56.0977167  
49.07476234  
35.04973633  
20.02440248  
8.60472228  
2.313616209  
-0.4906798288  
-3.197071135  
-8.820378413  
-18.25412328  
-29.73193638  
-39.70084057  
-44.60793295  
-42.67227481  
-34.75593669  
-23.92580814  
-13.96171491  
-7.582254655  
-5.277224576  
-5.303853536  
-4.803971799  
-1.435217738  
5.332489295  
13.91116486  
21.41161213  
25.13411852  
23.9418889  
18.79760022  
12.18569467  
6.728198044  
3.727879238  
2.418882518  
0.3463317783  
-5.284413311  
-15.95862174  
-30.7471767  
-46.3394343  
-58.25300489  
-62.67736761  
-58.09035889  
-45.89097246  
-29.76688119  
-14.12195818  
-2.327183314  
4.388756332  
6.942435911  
7.397291008  
7.566081968  
7.990754096  
7.839932001  
5.747544047  
1.086985216  
-5.083935788  
-10.02265171  
-10.37131072  
-3.838030022  
9.342921151  
25.96799149  
40.78752227  
48.49312501  
45.928874  
33.52896476  
15.29523285  
-2.726690766  
-14.83605987  
-17.89952413  
-12.44997294  
-2.211546677  
7.696232073  
13.04707847  
12.27260936  
6.958583792  
0.9216971479  
-1.650364443  
1.873778385  
11.42309037  
24.3112748  
36.43966174  
44.01954973  
45.03912634  
39.87507998  
30.87173388  
21.17087003  
13.36731082  
8.577618966  
6.266281824  
4.811537549  
2.479956343  
-1.655654319  
-7.244396812  
-12.79699078  
-16.3399324  
-16.29752271  
-12.25409659  
-5.315178786  
2.066081197  
6.759825692  
5.942126325  
-1.893650726  
-16.21260266  
-34.2711372  
-51.64782916  
-63.41069536  
-65.62992771  
-56.76527655  
-38.41651042  
-15.07622813  
7.148265698  
22.4805071  
27.41589237  
21.91851186  
9.368850318  
-4.769319708  
-15.06873925  
-18.20100322  
-14.09325058  
-5.69711688  
2.519388921  
6.686788047  
5.311947217  
-0.07654687677  
-5.698919012  
-7.348759248  
-2.426044954  
8.760577669  
23.02071505  
35.61862682  
42.29585818  
41.04996971  
32.87254648  
21.15208715  
