2.572701618  
-0.1314659146  
-3.086206725  
-6.662918041  
-10.55410044  
-13.61822545  
-14.32229681  
-11.58208213  
-5.525982575  
2.304312038  
9.52863345  
14.06047795  
15.22908105  
14.25646731  
13.737939  
16.28172727  
22.93932263  
32.24445851  
40.44803536  
42.97758387  
36.52529242  
20.79509312  
-0.9734312729  
-23.0578886  
-39.4949991  
-46.53453531  
-44.17911389  
-36.06999856  
-27.73189026  
-23.9571693  
-26.52991387  
-33.35114575  
-39.39171409  
-39.05805791  
-28.9012226  
-9.436276048  
14.76250373  
36.75049305  
49.95489625  
50.78748845  
40.0248413  
22.40904016  
4.689991464  
-7.034360048  
-9.584672787  
-3.708714677  
6.469108264  
15.22598383  
17.47873882  
10.62510817  
-4.624229084  
-24.60156092  
-43.97848088  
-57.48659486  
-61.49512485  
-55.00637911  
-39.85027372  
-20.08920192  
-0.831147454  
13.22241202  
19.10231052  
16.39314397  
7.281440912  
-4.225270725  
-13.69210393  
-17.80193228  
-15.48671382  
-8.194144978  
0.8413080519  
8.039803714  
11.02315826  
9.586017383  
5.649645029  
2.215617433  
1.814207292  
5.199651046  
10.9431497  
16.14716757  
17.94623287  
15.05065691  
8.54197582  
1.484769501  
-2.486940261  
-0.9176069426  
6.275902416  
16.79223884  
27.14633813  
34.47501546  
37.99434495  
39.30193854  
41.30132599  
46.26601122  
54.07146896  
61.62158797  
63.94565539  
56.59240236  
38.21973243  
12.05484836  
-14.66533079  
-33.24661808  
-37.07866097  
-24.60450032  
-0.3190445123  
26.76967418  
46.64164819  
52.24341321  
42.21021955  
21.14650673  
-2.622830227  
-20.77943815  
-28.51670651  
-26.26613559  
-18.94691163  
-13.20435235  
-14.02065566  
-22.32453102  
-34.69791032  
-45.24446474  
-48.65118017  
-42.92934106  
-30.512752  
-17.20500166  
-9.500617829  
-11.56077524  
-23.25415571  
-40.14127137  
-55.36004675  
-62.51168203  
-58.24263593  
-43.43273814  
-22.59191333  
-1.882772478  
13.25973059  
19.88320758  
18.03025776  
10.03116517  
-0.8660206253  
-11.78301002  
-20.87625696  
-27.27848705  
-30.62658741  
-30.6517433  
-27.16244981  
-20.41217305  
-11.52814834  
-2.580687173  
3.942272378  
6.129368869  
3.651199851  
-1.780478919  
-6.850996328  
-7.907444177  
-2.550847854  
9.15133302  
24.41371649  
38.61272166  
46.96489586  
46.31717809  
36.31911851  
19.52863913  
0.4651842909  
-15.95153548  
-25.9399434  
-27.82543062  
-22.19880108  
-11.37449921  
1.509114643  
13.37450975  
21.83845736  
25.54891467  
24.30444283  
19.03972734  
11.67796399  
4.777894788  
0.9226641827  
1.928150332  
8.116711272  
17.99102605  
28.55972577  
36.3116054  
38.51759326  
34.32459231  
25.13116726  
14.02204523  
4.471532287  
-1.106856182  
-2.280776381  
-0.5377892274  
1.732969913  
2.701744239  
2.235144774  
2.076373826  
4.908365304  
12.72667145  
25.35263704  
39.91437451  
51.68944649  
56.03191054  
50.52635326  
36.3224985  
17.92589696  
1.422066004  
-8.131713047  
-8.972608303  
-3.483451811  
2.824912078  
3.797785213  
-4.506894491  
-21.88175799  
-43.84517127  
-63.40657842  
-73.9475795  
-71.94882688  
-58.38074672  
-38.19450262  
-18.20444909  
-4.343729254  
0.5069993915  
-2.750853215  
-10.31648102  
-17.43500325  
-20.44626684  
-18.04619133  
-11.33819188  
-2.864958624  
4.745783891  
9.810657527  
11.87392716  
11.29225676  
8.549647447  
3.825885454  
-2.884257147  
-11.20273971  
-19.78559493  
-26.22937404  
-27.72360629  
-22.27180115  
-9.920303179  
6.677705526  
22.79230995  
33.17136879  
34.03814686  
24.68201756  
7.916603356  
-10.85061502  
-25.58875137  
-31.848595  
-28.30133424  
-17.0134231  
-2.418359106  
10.50480746  
18.04298335  
18.82803227  
13.85173155  
5.584256281  
-3.269275118  
-10.76376735  
-16.07030465  
-19.18296823  
-20.30081759  
-19.33448014  
-15.85720346  
-9.522669055  
-0.6763750531  
9.247534334  
17.85797245  
22.51080261  
21.32427019  
14.06201904  
2.468885745  
-10.12986491  
-19.84300798  
-23.46533362  
-19.50519495  
-8.63403133  
6.55799151  
22.36123959  
34.99571852  
41.57667322  
40.75501158  
32.93541846  
20.10129577  
5.343040024  
-7.80125459  
-16.09143921  
-17.31124587  
-10.84269638  
2.064744817  
18.46111739  
34.33958769  
45.64852069  
49.41285003  
44.6198813  
32.55879105  
16.46344606  
0.5418308603  
-11.30297414  
-16.63722492  
-15.1569137  
-8.631466461  
-0.1709060579  
6.908831893  
10.21799026  
9.032894626  
4.407273827  
-1.354409976  
-5.649339721  
-6.600722036  
-3.785358766  
1.592918564  
7.14257012  
10.17558733  
8.726191553  
2.320812957  
-7.791519599  
-19.04383207  
-28.44722105  
-33.64180483  
-33.69966476  
-29.37055059  
-22.68529317  
-16.09815038  
-11.5422789  
-9.804167076  
-10.47007284  
-12.42556568  
-14.62223932  
-16.69394544  
-19.0811903  
-22.57802717  
-27.53205897  
-33.14454281  
-37.31415564  
-37.2282925  
-30.53242667  
-16.58295354  
2.820914778  
23.64884666  
40.81456857  
49.89194999  
48.67983006  
37.96460216  
21.17087864  
3.073724725  
-11.85591122  
-20.77942113  
-23.00467492  
-19.61835591  
-12.5853158  
-3.863517772  
5.027218241  
12.88968592  
18.46953356  
20.27548886  
16.93669881  
8.0572321  
-4.883253358  
-18.22530106  
-26.88443865  
-26.12063013  
-13.6875887  
8.630752016  
34.97720296  
57.164873  
67.67528802  
62.711682  
43.94836621  
18.09388911  
-5.677587762  
-19.39789203  
-19.50036568  
-8.12222727  
8.07453542  
21.02978295  
24.92664332  
18.68029802  
6.149961183  
-5.972594836  
-11.54828321  
-8.008495295  
2.438023788  
13.96087684  
20.02870952  
16.64839371  
4.339305478  
-12.1044654  
-25.92045237  
-31.60286779  
-27.46854846  
-16.33671795  
-4.043710577  
3.42232204  
2.726311704  
-5.434219191  
-16.98985516  
-26.77727927  
-31.21135738  
-29.96906326  
-25.8487802  
-22.93442861  
-24.07802276  
-29.06445159  
-34.46439088  
-35.29774394  
-27.68145277  
-11.10299053  
10.87788743  
31.92204185  
45.62387816  
48.35065237  
40.83700544  
27.76468431  
15.53656142  
9.325959055  
10.81406178  
17.66768748  
24.94395353  
27.67204152  
23.31779073  
12.93971189  
0.5276185292  
-9.076304898  
-12.5932458  
-9.85422899  
-3.744566211  
1.369643497  
1.902569853  
-3.142464395  
-11.69348094  
-19.65480185  
-22.92103376  
-19.35916707  
-9.816560424  
2.273294853  
12.42786875  
17.01589189  
14.63139158  
6.378664804  
-4.92793921  
-16.13451025  
-24.96820192  
-30.56304905  
-33.17611134  
-33.42161401  
-31.56799238  
-27.33996046  
-20.32147442  
-10.67046834  
0.3489818067  
10.42814081  
16.95322721  
18.1198016  
13.87664888  
6.192216259  
-1.561077808  
-5.892819727  
-4.612602325  
2.234658581  
12.32570069  
21.93207677  
27.34759476  
26.2930835  
18.7578294  
6.987989942  
-5.325822343  
-14.32418159  
-17.25313993  
-13.32280074  
-3.914150706  
7.882996913  
18.23136821  
23.72251353  
22.44443227  
14.64466175  
2.77907114  
-9.119884812  
-16.63278305  
-16.38436706  
-7.266239695  
8.995784035  
28.20374497  
44.93917753  
54.31793632  
53.63035714  
43.24447513  
26.40771884  
8.008749769  
-7.21757926  
-16.32886618  
-19.01548584  
-17.34617775  
-14.59242027  
-13.68627129  
-15.99002829  
-20.873915  
-26.20523673  
-29.441898  
-28.78524578  
-23.88148437  
-15.82857801  
-6.596474178  
1.777216104  
7.813815317  
10.80914071  
10.67149773  
7.620061307  
2.014124336  
-5.562108065  
-14.05981656  
-21.82856764  
-26.82454695  
-27.21501351  
-22.16690351  
-12.43088864  
-0.3566298232  
10.78593024  
17.96420689  
19.53835552  
15.89019343  
9.220308573  
2.588932246  
-1.367306052  
-1.460633764  
1.72857182  
6.335312164  
10.20415335  
11.87416742  
11.07965904  
8.578796351  
5.490717253  
