37.4064681  
33.73694601  
26.00856347  
17.08359527  
10.04195199  
7.053448867  
8.581435557  
13.23528163  
18.34293006  
21.03249408  
19.40551362  
13.33593858  
4.564495399  
-3.971118081  
-9.324361282  
-9.780928676  
-5.645880468  
0.7694250788  
5.996684053  
6.791880584  
1.508864856  
-9.100701298  
-22.02175046  
-33.039992  
-38.34674501  
-36.05175803  
-26.97790108  
-14.37999659  
-2.662595349  
4.406593307  
5.25608537  
1.175779135  
-4.23079093  
-6.624202547  
-2.907092125  
7.228999712  
20.87820643  
32.86665424  
37.75580648  
32.12868955  
16.22809149  
-5.762219219  
-26.98201006  
-40.27805456  
-40.82065142  
-27.95061017  
-5.53426375  
19.32909503  
38.77304624  
46.88509653  
41.67992902  
25.6224624  
4.55915152  
-14.48778133  
-25.80906001  
-26.86747485  
-18.90239622  
-6.158521838  
5.869289002  
12.45848294  
11.20221889  
2.580590775  
-10.52457664  
-24.0615289  
-34.24943422  
-38.69571984  
-36.86185482  
-29.84577042  
-19.70420548  
-8.659334835  
1.506566047  
9.716848777  
15.55349011  
19.04270572  
20.43760481  
20.09465335  
18.44138632  
15.96461927  
13.14675455  
10.33632965  
7.613940598  
4.753291628  
1.348202338  
-2.911731564  
-7.933995323  
-13.05467048  
-17.14396394  
-19.00306268  
-17.91833626  
-14.12899419  
-8.959107677  
-4.481891861  
-2.782026624  
-5.077594629  
-11.06263079  
-18.78143142  
-25.15274867  
-27.00127297  
-22.23216759  
-10.7002996  
5.578726327  
22.9863458  
37.44353392  
45.72689455  
46.47855416  
40.54875988  
30.56650207  
19.92458144  
11.57721129  
7.09898737  
6.332693189  
7.712098078  
9.085510949  
8.686692457  
5.865208779  
1.305399368  
-3.324788567  
-6.12920447  
-5.828426813  
-2.356115395  
3.02671697  
8.144720085  
10.69556707  
9.121186775  
3.243160304  
-5.572391866  
-14.78957736  
-21.49859953  
-23.37032721  
-19.45266702  
-10.54431548  
0.9807180188  
11.84706116  
18.8424859  
19.77626103  
14.14038616  
3.27762416  
-9.989612626  
-22.15581482  
-30.02046808  
-31.58297112  
-26.59033283  
-16.58259255  
-4.421884675  
6.563970244  
13.5787238  
15.19977358  
11.79900357  
5.38827633  
-1.092902018  
-4.841944267  
-4.262168064  
0.3514768037  
6.801045702  
11.71894936  
11.8379428  
5.35333825  
-7.155074459  
-22.65765225  
-36.57922112  
-44.40004879  
-43.36685928  
-33.62689924  
-18.28149968  
-2.268488172  
9.53032815  
14.20738787  
11.97119328  
6.000980326  
1.034874226  
1.261637226  
8.410630585  
20.87781812  
34.29623429  
43.33386847  
43.95602832  
35.16956611  
19.48258177  
1.874945614  
-12.26526586  
-19.3256757  
-18.81436451  
-13.2935019  
-6.977166551  
-3.671912694  
-5.023518773  
-9.867562849  
-14.94767715  
-16.61908694  
-12.70049416  
-3.588011169  
7.884625447  
17.74672595  
22.70892381  
21.62476457  
15.91432897  
8.782855022  
3.647494093  
2.550244442  
5.311839439  
9.794890047  
13.09096028  
13.00392171  
9.084194468  
2.723307021  
-3.690472295  
-8.080061449  
-9.754193954  
-9.690082799  
-9.886128477  
-12.13264914  
-16.85277912  
-22.63668266  
-26.74492054  
-26.36915722  
-20.0520858  
-8.574355213  
5.139147006  
17.08272775  
23.73857769  
23.45720942  
17.05088501  
7.367257659  
-1.932290526  
-7.832335292  
-9.036924903  
-6.247042924  
-1.60702623  
2.360051442  
3.82980649  
2.326958984  
-1.252339062  
-5.157357903  
-7.545381137  
-7.153495083  
-3.650366558  
2.383103617  
9.741382638  
16.98184188  
22.77119085  
26.12420118  
26.53544085  
24.0265033  
19.11706165  
12.70754292  
5.86924616  
-0.420098476  
-5.50977645  
-9.177990167  
-11.54847061  
-12.85992427  
-13.21653378  
-12.47554267  
-10.36437423  
-6.787102809  
-2.147497368  
2.532781549  
5.845544485  
6.540629698  
4.152959155  
-0.6164811964  
-6.024909567  
-9.950602142  
-10.8494542  
-8.569590587  
-4.59978024  
-1.558095108  
-2.080244443  
-7.576798991  
-17.43173316  
-29.0478515  
-38.77016085  
-43.30947905  
-41.04577747  
-32.63352727  
-20.65043383  
-8.472857317  
1.086510619  
6.752718156  
8.96195456  
9.230712017  
9.113649199  
9.328383421  
9.505915745  
8.66908914  
6.133877128  
2.285984915  
-1.260545195  
-2.28907547  
0.8771014822  
8.296570262  
17.99852061  
26.5471924  
30.41497591  
27.57735069  
18.58730067  
6.587689915  
-3.812908874  
-8.355596779  
-4.868913569  
5.817333052  
20.16803067  
33.30757016  
40.85979641  
40.4947716  
32.58272354  
19.77189805  
5.771910867  
-6.075892049  
-13.84211037  
-17.3124959  
-17.56565773  
-16.14859617  
-14.29188676  
-12.5015383  
-10.62170771  
-8.217853497  
-5.002751672  
-1.066234396  
3.175202817  
7.217008271  
10.70565753  
13.51761168  
15.63661197  
16.92575313  
16.96163339  
15.06723788  
10.56745196  
3.161737664  
-6.765315174  
-18.05672987  
-28.98243561  
-37.66346135  
-42.56975193  
-42.92214342  
-38.88085353  
-31.4872816  
-22.4019571  
-13.51976448  
-6.547577336  
-2.618054483  
-2.007850331  
-4.030976445  
-7.169936296  
-9.466832524  
-9.114638151  
-5.091786956  
2.382253474  
11.77588216  
20.64875678  
26.43758313  
27.35923878  
23.086834  
14.919351  
5.358528009  
-2.750853646  
-7.178943439  
-6.993191526  
-2.720584777  
4.022328467  
11.21751683  
17.12718426  
20.69528894  
21.5725571  
19.87458976  
15.90359561  
10.04209091  
2.875767685  
-4.581671128  
-10.79771488  
-13.95944931  
-12.55762164  
-6.108687998  
4.336004529  
16.21451079  
26.12384178  
30.94691031  
29.00671357  
20.75720112  
8.686578682  
-3.563928463  
-12.52375045  
-16.12181655  
-14.32560513  
-8.955770453  
-2.798394115  
1.572443948  
2.754524003  
0.8841951928  
-2.677802585  
-6.129211596  
-8.086238866  
-8.142697394  
-6.926889913  
-5.698449656  
-5.718150653  
-7.682491792  
-11.43997538  
-16.0531086  
-20.12681508  
-22.25140267  
-21.41686308  
-17.31248883  
-10.47633966  
-2.277048637  
5.298575819  
10.07381265  
10.29435178  
5.292027483  
-4.03400436  
-15.17884473  
-24.59514746  
-28.79381353  
-25.65423788  
-15.44039204  
-1.040374541  
12.80234068  
21.09624206  
20.49188673  
10.7092824  
-5.125012118  
-21.45475822  
-32.27597239  
-33.37715431  
-23.95085608  
-6.917491039  
12.1842832  
27.30295005  
34.1325855  
31.62757476  
22.19528883  
10.53813758  
1.661969193  
-1.118519629  
2.613015825  
10.38682978  
17.99878853  
21.27667729  
17.73369549  
7.484248686  
-6.865019432  
-21.21961142  
-31.44699037  
-34.70839943  
-30.22260998  
-19.2748436  
-4.576636615  
10.70887701  
23.9002106  
33.39354312  
38.79428162  
40.63840153  
39.8879793  
37.4305279  
33.77186853  
29.01158039  
23.06874945  
16.02379469  
8.394464397  
1.18883816  
-4.329320968  
-7.096344003  
-6.741858073  
-3.884488078  
-0.04761343541  
2.839495818  
3.199372863  
0.5177105126  
-4.325224086  
-9.310298062  
-12.08565357  
-11.02382841  
-6.074099664  
1.008052206  
7.233020139  
9.579088017  
6.344899304  
-1.94340482  
-12.51848793  
-21.33446001  
-24.65757095  
-20.63511103  
-10.16433325  
3.340185172  
15.21774934  
21.35504957  
19.75059473  
11.19395728  
-1.21143309  
-13.44654937  
-22.26287798  
-26.41270928  
-26.90354981  
-26.21259481  
-26.86889241  
-30.08798826  
-35.09982129  
-39.47376065  
-40.27563564  
-35.5091654  
-25.17085729  
-11.43388124  
2.122235179  
11.89141012  
15.62569995  
13.23896622  
6.719277098  
-0.7630005406  
-6.129946221  
-7.504191545  
-4.721712916  
0.883793154  
7.233671186  
12.39961506  
15.24257262  
15.57379673  
13.87376037  
10.81034065  
6.859024896  
2.226780964  
-2.916856268  
-8.085736414  
-12.26398824  
-14.02974263  
-12.03197221  
-5.636095802  
4.566276499  
16.66476903  
27.87354448  
35.397162  
