47.43997457  
45.15585383  
38.14358948  
27.45517749  
15.64867099  
5.855158184  
0.5074577657  
0.3101909402  
3.943825906  
8.668944763  
11.58400137  
10.97960461  
7.171586344  
2.416240524  
-0.08779597923  
2.299990267  
10.29819968  
22.07026505  
33.61879717  
40.08751102  
37.48899443  
24.21286489  
1.76035717  
-25.55641712  
-51.83679685  
-71.31160292  
-79.99054777  
-76.72001564  
-63.34966683  
-43.99778725  
-23.68280168  
-6.767840106  
4.290653974  
9.502755019  
11.0457399  
12.21522239  
15.99435047  
23.75666619  
34.59830366  
45.58754425  
52.88194827  
53.31151254  
45.80149472  
32.02441086  
15.94524067  
2.37028025  
-4.952613393  
-4.900292237  
0.4844153952  
6.764749111  
8.928772426  
3.519594413  
-9.823152197  
-28.08259797  
-45.9850747  
-58.05595374  
-60.7396673  
-53.69371711  
-39.74433383  
-23.59177889  
-9.896255032  
-1.610585647  
0.7482318011  
-1.314877079  
-5.478808718  
-9.903868843  
-13.94514707  
-17.97384705  
-22.51271252  
-27.27587298  
-30.75457365  
-30.68112013  
-25.19502166  
-14.10444552  
0.4838369237  
14.61778727  
23.94895942  
25.55714017  
19.28602758  
7.910665364  
-4.003421475  
-12.05502084  
-13.87048287  
-9.995417477  
-3.39592235  
2.173499906  
4.121821809  
2.32154817  
-0.8893200617  
-1.999678352  
1.744741866  
10.75793396  
22.69619317  
33.44626649  
39.05285345  
37.63909146  
30.36254089  
20.9166492  
13.80335091  
12.2114203  
16.53421798  
24.2491201  
31.21252095  
33.72960844  
30.379859  
22.70324393  
14.41543766  
9.542469951  
10.39291013  
16.35921259  
24.13130001  
29.21695379  
28.03602989  
19.59028606  
5.929116498  
-8.782174231  
-20.12400576  
-25.32720047  
-24.34992368  
-19.68074226  
-15.03466622  
-13.60954898  
-16.72515968  
-23.42622401  
-31.13305974  
-36.92992048  
-38.82689737  
-36.42224147  
-30.75236216  
-23.54175168  
-16.33520609  
-9.981782616  
-4.677366131  
-0.4205414244  
2.50445127  
3.401448657  
1.538756902  
-3.162399659  
-9.557302443  
-15.25682711  
-17.33230887  
-13.53662431  
-3.511590477  
10.62497326  
24.69606454  
33.83681311  
34.32460866  
25.12683175  
8.499032629  
-10.66022426  
-26.48301419  
-34.19447031  
-31.76703626  
-20.54143183  
-4.609347448  
10.76051354  
21.02051405  
23.84894508  
19.74292654  
11.559383  
3.263603402  
-1.59138232  
-1.086313529  
4.5438696  
13.20074657  
21.83773331  
27.61516265  
28.86826243  
25.56837907  
19.16258818  
11.9012867  
5.933135955  
2.511897856  
1.602504925  
2.018872937  
2.02399588  
0.1457673755  
-4.125306273  
-10.049852  
-15.89795015  
-19.66166718  
-19.93318993  
-16.57292143  
-10.86257827  
-5.046909772  
-1.431706783  
-1.41074058  
-4.843171148  
-10.06604873  
-14.55441726  
-15.95512594  
-13.04833072  
-6.217549985  
2.771052201  
11.56741957  
18.23734082  
21.99857195  
23.35814869  
23.60487157  
23.92206355  
24.56987476  
24.55597411  
21.97929824  
14.9089483  
2.39982142  
-14.82466769  
-34.34373141  
-52.69027685  
-66.40742334  
-73.07367693  
-71.90295729  
-63.7446397  
-50.58542773  
-34.85109042  
-18.83307422  
-4.422149283  
6.885772228  
13.91362358  
15.87647481  
12.68452673  
5.341844981  
-3.850782359  
-11.57279553  
-14.32939335  
-9.654840449  
2.788292698  
20.73499967  
39.79453897  
54.81978228  
61.7038803  
58.90192226  
48.03668631  
33.29887251  
19.85314034  
11.88742613  
11.10267765  
16.25295562  
23.89091794  
29.95460975  
31.47993398  
27.69792119  
20.08206966  
11.4029232  
4.295615709  
0.04265055578  
-1.864067357  
-3.218608783  
-5.956263674  
-10.97729961  
-17.54950855  
-23.60006056  
-26.75489502  
-25.60190492  
-20.52968054  
-13.69105166  
-8.066327771  
-6.050317153  
-8.24124169  
-13.0401755  
-17.30226895  
-17.78444524  
-12.74194584  
-2.926181712  
8.515663332  
17.25164108  
19.59158512  
14.13908275  
2.534598001  
-11.06049518  
-21.54455473  
-24.86619463  
-19.59478632  
-7.428157018  
7.543585733  
20.47123923  
27.56642193  
27.35488194  
20.89397153  
10.95975369  
0.6555464672  
-7.884462827  
-14.11810957  
-18.82016962  
-23.12835481  
-27.45360694  
-30.85492519  
-31.24679865  
-26.39366079  
-15.24651238  
1.027101508  
18.87460095  
33.25367931  
39.33058347  
34.34647882  
18.89958799  
-2.919310891  
-24.66990769  
-39.62212152  
-43.00715756  
-33.64845051  
-14.383173  
8.873476545  
29.07878216  
40.33385832  
39.69252205  
27.92163347  
9.021575299  
-11.24578667  
-27.25414633  
-35.17324861  
-33.87682019  
-24.89506682  
-11.55638203  
2.281195022  
13.43035758  
20.13123753  
22.20968511  
20.72095359  
17.32219765  
13.65184323  
10.91140196  
9.706163741  
10.07942083  
11.62297099  
13.57814895  
14.9178134  
14.46758722  
11.13355156  
4.243696934  
-6.085692136  
-18.72284702  
-31.59398376  
-42.12425908  
-47.95585263  
-47.70731028  
-41.47898522  
-30.87821561  
-18.51878008  
-7.165321819  
1.149801374  
5.692072544  
7.060866188  
6.713812625  
6.218274442  
6.577090693  
7.921715271  
9.673888845  
11.04360856  
11.57045004  
11.40860645  
11.20606377  
11.65712954  
12.99596009  
14.74277209  
15.88732352  
15.45383172  
13.16466071  
9.828580809  
7.185550455  
7.201003106  
11.0955414  
18.5693121  
27.63525185  
35.21798536  
38.31845628  
35.25958784  
26.4581153  
14.35735536  
2.524312522  
-5.709786376  
-8.480806399  
-5.97558914  
-0.153440042  
6.212811305  
10.69667259  
12.04290741  
10.32662328  
6.472501465  
1.482693479  
-4.153667715  
-10.53289375  
-17.87400718  
-25.83298308  
-33.06435352  
-37.39197428  
-36.62548903  
-29.68157471  
-17.44417743  
-2.857799066  
9.917160814  
17.00241066  
16.31933662  
8.432984462  
-3.692756765  
-15.95033045  
-24.80027657  
-28.66166357  
-28.3480578  
-26.36704686  
-25.44484629  
-27.01043897  
-30.39079898  
-33.11918681  
-32.209452  
-25.76886133  
-14.14664691  
-0.03314830745  
12.56800177  
20.02362198  
20.61624145  
15.21962215  
6.791518657  
-1.059965171  
-5.734940324  
-6.724338442  
-5.604540653  
-4.970921365  
-6.860399309  
-11.46506279  
-16.79877117  
-19.51226022  
-16.48947062  
-6.468550287  
9.096549302  
26.37020154  
40.54728944  
47.72629089  
46.41720489  
38.03100101  
26.16517396  
15.03902025  
7.792590174  
5.387387441  
6.536721668  
8.609209833  
9.019350044  
6.438897644  
1.299360074  
-4.5750489  
-8.949309207  
-10.25543044  
-8.247400338  
-3.959851401  
0.9442880282  
5.060493584  
7.896968552  
9.974354083  
12.34437392  
15.79817426  
20.18984276  
24.24293952  
25.97244319  
23.55540866  
16.26508205  
5.039596644  
-7.592880966  
-18.23959804  
-23.75563666  
-22.32265601  
-14.09216996  
-1.165661634  
13.06282648  
24.95011965  
31.66569207  
31.92891408  
26.22071938  
16.46069731  
5.310469937  
-4.643781498  
-11.57709446  
-14.80552507  
-14.79912422  
-12.8778429  
-10.71584183  
-9.810030583  
-11.05723408  
-14.5406153  
-19.56666812  
-24.92711865  
-29.3017565  
-31.67712138  
-31.64731495  
-29.49434136  
-26.01278201  
-22.13501471  
-18.49407755  
-15.10338368  
-11.30691885  
-6.060889077  
1.526027354  
11.59313974  
23.12841598  
33.98917089  
41.41842139  
42.9341685  
37.28974617  
25.12633831  
9.011776938  
-7.229919105  
-19.71578076  
-25.81382802  
-25.06802563  
-19.35519599  
-12.17569838  
-7.321800098  
-7.430970432  
-12.99509531  
-22.22426201  
-31.81914343  
-38.32980582  
-39.53448004  
-35.26664259  
-27.3598295  
-18.76375018  
-12.24089993  
-9.224215861  
-9.325786862  
-10.67829872  
-10.90860246  
-8.263956572  
-2.363338606  
5.75228885  
14.24754431  
21.4472743  
26.62101426  
30.20287201  
33.35178055  
37.10138222  
41.56608304  
45.64820406  
