24.08593559  
19.26747868  
16.01107024  
15.57599444  
18.23771813  
23.16328552  
28.59493791  
32.33474465  
32.43043002  
27.87616289  
19.09999511  
8.039772724  
-2.281566855  
-8.608911297  
-8.501747563  
-1.239531519  
11.74197859  
27.0837346  
40.39096028  
47.52873327  
45.91438233  
35.36588214  
18.19466178  
-1.518128091  
-19.23183976  
-31.39280481  
-36.50210109  
-35.41704097  
-30.77983897  
-25.79902326  
-22.86773369  
-22.57684423  
-23.53531845  
-23.08977151  
-18.66290298  
-9.157064721  
4.188782108  
17.90498875  
27.39711202  
28.67181463  
20.01916619  
2.962442916  
-17.95987029  
-36.5718753  
-47.13226286  
-46.34610594  
-34.56294095  
-15.70312502  
4.070302651  
18.44935504  
23.08605017  
16.96096816  
2.568277621  
-15.07910808  
-30.20021345  
-38.09621985  
-36.47385207  
-25.87265169  
-9.185272359  
9.429482782  
25.79246298  
36.70496547  
40.48226679  
37.0160883  
27.51275078  
14.0919015  
-0.6305754592  
-13.94609895  
-23.47007584  
-27.58182095  
-25.82189191  
-19.10866534  
-9.625634499  
-0.3167266958  
5.919850267  
7.097494043  
2.757006442  
-5.912757148  
-16.51422634  
-26.27996932  
-32.98491025  
-35.57605329  
-34.29022922  
-30.25700915  
-24.80831287  
-18.83598713  
-12.49721789  
-5.388154805  
2.928397585  
12.3319672  
21.81733832  
29.63735332  
33.89795303  
33.36736459  
28.14308785  
19.8612389  
11.31457739  
5.588922476  
5.029450124  
10.42295972  
20.70249445  
33.28225774  
44.89510792  
52.62609057  
54.77573651  
51.26476607  
43.46870288  
33.57895232  
23.75069755  
15.3614443  
8.65083275  
2.862198631  
-3.186519314  
-10.34330559  
-18.49862137  
-26.38453034  
-31.92977452  
-33.08170996  
-28.79565919  
-19.77960901  
-8.627482881  
0.8192782319  
4.738119564  
0.7912771509  
-10.78020652  
-26.92464541  
-42.60292322  
-52.44841346  
-52.68403882  
-42.56581319  
-24.76440443  
-4.491692155  
12.32301929  
21.11354343  
20.20793214  
11.22784915  
-1.75831519  
-13.93093225  
-21.53285438  
-23.06276505  
-19.42180353  
-13.07256889  
-6.699327371  
-2.03657609  
0.6134808459  
2.041360292  
3.262889858  
4.670701765  
5.704501119  
5.225775066  
2.369726652  
-2.641530168  
-8.246560773  
-12.08508745  
-12.12480098  
-7.810002396  
-0.5922052526  
6.531938082  
10.35889502  
9.101661942  
3.498945089  
-3.207236556  
-6.531191195  
-2.746081529  
9.266300818  
27.20223833  
46.00458814  
59.78755239  
64.19979309  
58.18333514  
44.34218225  
27.76146132  
13.82371763  
6.017247225  
4.715484132  
7.430276885  
10.33884615  
10.29155152  
6.308260325  
-0.14428271  
-6.177565939  
-9.239057145  
-8.669845276  
-6.235446225  
-5.32196232  
-9.166157274  
-18.98738696  
-32.96560537  
-46.62354036  
-54.50779865  
-52.44319994  
-39.35330862  
-17.83140289  
6.786365691  
28.42048491  
42.43400278  
47.07627586  
43.63771981  
35.37769584  
25.82875416  
17.30524679  
10.26498739  
3.702753591  
-3.761748481  
-12.74681593  
-22.53057255  
-31.29857373  
-37.03013175  
-38.50798283  
-35.89623417  
-30.58846475  
-24.43557235  
-18.80100555  
-13.97862812  
-9.302539257  
-3.886316406  
2.437123766  
8.546809666  
12.24140328  
11.22681048  
4.450786312  
-6.894081031  
-19.29299973  
-27.95447899  
-28.64673243  
-19.57702591  
-2.471398826  
17.69902795  
34.34155123  
41.62778697  
36.70361366  
20.82873039  
-1.025005213  
-21.96136516  
-35.62098183  
-38.34797141  
-30.24295559  
-14.76450735  
2.861299702  
17.70326433  
26.80392543  
29.8494929  
28.67965544  
25.99057945  
23.89566916  
23.00698893  
22.40398675  
20.41493626  
15.75862903  
8.445035644  
-0.02404302046  
-7.259322852  
-11.10102526  
-10.70200715  
-7.038517492  
-2.572385125  
-0.1864005451  
-1.861146642  
-7.697897257  
-15.75178283  
-22.78289762  
-25.62073156  
-22.55411102  
-14.13607246  
-3.04191014  
6.969094485  
12.54617508  
12.05643392  
6.159778356  
-2.572720334  
-10.79894431  
-15.7834589  
-16.41075421  
-13.42470649  
-8.853890343  
-4.954278439  
-3.200661573  
-3.795603003  
-5.87864478  
-8.252881299  
-10.18472755  
-11.8077552  
-13.88525294  
-17.04962769  
-20.95077196  
-23.84551331  
-22.97867841  
-15.71660204  
-0.9815785376  
19.69495508  
42.09648882  
60.43313508  
69.32236592  
65.88765963  
51.09512081  
29.70018754  
8.722368608  
-5.025886506  
-7.415990299  
1.484667334  
17.46659669  
33.77893118  
43.64699354  
42.72818922  
30.57885982  
10.6255793  
-11.26430893  
-28.98517762  
-38.29036075  
-38.01912415  
-30.09065501  
-18.41042553  
-7.228868815  
0.3666276606  
3.292174328  
2.440223827  
-0.05234092255  
-1.83732329  
-1.249568278  
2.23256387  
8.02019474  
14.79343386  
20.98656076  
25.17341441  
26.26834461  
23.58292997  
16.8435107  
6.252964434  
-7.400893103  
-22.67094129  
-37.52425025  
-49.63383551  
-56.86221124  
-57.80546216  
-52.21198138  
-41.11393798  
-26.60559031  
-11.3309686  
2.153486885  
11.93880396  
17.08664101  
17.65632912  
14.48617077  
8.85408472  
2.152291046  
-4.337065561  
-9.555306459  
-12.72135291  
-13.39358852  
-11.56980803  
-7.788501985  
-3.141246671  
0.8990961425  
2.8661197  
1.827980619  
-2.126099408  
-7.668050342  
-12.4538717  
-13.80796963  
-9.691023412  
0.3868071408  
14.88925326  
30.480075  
42.96899122  
48.70129364  
45.89820836  
35.41972914  
20.60165175  
6.16193105  
-3.455728258  
-5.684712967  
-0.7597336425  
8.412915873  
17.40111297  
21.95906068  
19.62592307  
10.57946351  
-2.571873306  
-15.93099418  
-25.8781906  
-30.39565554  
-29.62247672  
-25.47200067  
-20.56181433  
-16.98941224  
-15.51324654  
-15.46663353  
-15.36244265  
-13.82252168  
-10.33967055  
-5.505981233  
-0.6417533892  
2.923239239  
4.497529305  
4.250499325  
2.912264368  
1.161557566  
-0.9021528517  
-3.845766752  
-8.446687246  
-14.92443168  
-22.31743198  
-28.44727043  
-30.63656222  
-26.94043969  
-17.32000994  
-4.119237877  
8.529535287  
16.25390052  
16.3306726  
9.058012331  
-2.098388567  
-11.78414408  
-15.00669403  
-9.409867919  
3.464319275  
18.57680468  
29.39446564  
30.7060568  
21.05281361  
3.682944035  
-14.46223455  
-25.38510013  
-23.23458139  
-6.748376671  
20.09371051  
49.4928471  
72.75317793  
83.50860367  
79.95273462  
65.20958924  
45.76929253  
28.7058611  
18.85822129  
17.11177832  
20.40713101  
23.36209564  
20.74575818  
9.747888953  
-8.855688514  
-31.03180709  
-51.07720083  
-63.75003952  
-66.08377198  
-58.22629611  
-43.09131469  
-25.0844547  
-8.484448236  
3.885618244  
11.25755988  
14.68148638  
16.17288996  
17.65571284  
20.12655008  
23.31959964  
25.9299637  
26.24545847  
22.91145524  
15.54042126  
4.958419287  
-6.979418732  
-17.92732982  
-25.75332184  
-29.17341348  
-28.10833244  
-23.64698708  
-17.63472766  
-12.03305082  
-8.280249359  
-6.882432951  
-7.37754619  
-8.66874087  
-9.57461903  
-9.35643953  
-7.996009364  
-6.114365155  
-4.587529223  
-4.060038967  
-4.605331707  
-5.709737297  
-6.592110861  
-6.692436399  
-6.06133987  
-5.414763959  
-5.779426102  
-7.871350041  
-11.5159798  
-15.44212904  
-17.6356362  
-16.17847842  
-10.23966581  
-0.7576193969  
9.569147306  
17.09350278  
18.59030322  
12.65969571  
0.5601463783  
-13.94716247  
-25.78126907  
-30.36233238  
-25.39007121  
-11.87343508  
6.033638949  
22.38104932  
31.48614601  
29.95512741  
17.91244707  
-1.015060037  
-20.94538726  
-35.75203271  
-41.10481104  
-35.82393545  
-22.11030288  
-4.637670433  
11.10747929  
20.62220993  
21.71101882  
14.94973923  
3.233047622  
-9.341090522  
-18.81379992  
-22.489615  
-19.53677596  
-10.97149759  
0.8637662434  
13.09335559  
23.11221608  
29.19608206  
30.80898058  
28.59229796  
