27.63625721  
11.00542909  
-9.479214666  
-30.09688422  
-47.36302689  
-58.95353569  
-63.9983497  
-62.74429542  
-55.89780302  
-44.0877991  
-27.77698284  
-7.658350491  
14.74188801  
36.70413351  
54.5720193  
64.70275812  
64.80784247  
55.10825843  
38.71322396  
20.90694826  
7.486321279  
2.732181575  
7.811339294  
20.28199383  
34.95025638  
45.77506139  
48.08233537  
40.2191881  
24.01647656  
3.928307433  
-14.73826656  
-27.74037497  
-33.19077402  
-31.77531211  
-25.94522279  
-18.57413515  
-11.75301191  
-6.254993604  
-1.818564201  
2.029974561  
5.1542457  
6.494460015  
4.472864663  
-2.079989135  
-12.98452163  
-26.30728562  
-38.79644178  
-47.04030206  
-48.84886114  
-44.20576876  
-35.30577675  
-25.6090387  
-18.31303981  
-14.93786442  
-14.69077938  
-14.92658137  
-12.508049  
-5.438529805  
6.006448548  
19.20398436  
30.23540155  
35.60675686  
33.85608739  
26.30033157  
16.55651792  
9.027055551  
7.012038464  
11.28550438  
19.76715621  
28.43236849  
33.05352033  
31.00539489  
22.35293758  
9.772288081  
-2.623996772  
-11.0133306  
-13.3826169  
-10.20768601  
-4.056176841  
1.644115497  
4.084956698  
2.152757313  
-3.328519512  
-10.21732079  
-16.18442402  
-19.80103368  
-21.09293408  
-21.34393771  
-22.28494385  
-25.07599236  
-29.56377899  
-34.15687854  
-36.3803306  
-33.8783675  
-25.45079274  
-11.70285769  
4.952875876  
20.95344085  
32.67170296  
37.55684908  
34.94620653  
26.28315568  
14.67298164  
3.916447165  
-2.67842515  
-3.337222103  
1.617423823  
9.871414794  
17.88319592  
22.08291018  
20.12680533  
11.7821995  
-0.8841991191  
-14.12055944  
-23.73266402  
-26.54148529  
-21.53704465  
-10.29411375  
3.529209509  
15.45133085  
21.73403516  
20.67796577  
13.16348709  
2.238925646  
-8.075356453  
-14.29936441  
-14.74095408  
-10.01471098  
-2.664460826  
3.925805946  
6.881675552  
4.921885804  
-1.219360966  
-9.148883542  
-15.76628  
-18.41821046  
-15.82281434  
-8.454688917  
1.694304133  
11.83695059  
19.30550523  
22.34461441  
20.55036072  
14.86869662  
7.210046088  
-0.1631606453  
-5.283798675  
-6.990059977  
-5.182438658  
-0.7824912197  
4.580820296  
9.069681785  
11.18821331  
10.23474321  
6.524162978  
1.306798509  
-3.602594888  
-6.382011546  
-5.779129356  
-1.531580977  
5.499127315  
13.52063224  
20.27271583  
23.62919809  
22.178484  
15.63877365  
5.011346048  
-7.566522275  
-19.25032633  
-27.12895329  
-28.95842271  
-23.82715246  
-12.56835451  
2.243571023  
16.79245986  
26.95457089  
29.44513962  
22.83645869  
8.093952866  
-11.59927509  
-31.72450689  
-47.74858601  
-56.4340959  
-56.67514137  
-49.56937259  
-37.73892146  
-24.21417396  
-11.36343929  
-0.3062248387  
8.993323646  
17.08460241  
24.23208902  
29.91755114  
32.93578566  
32.05953635  
26.93534185  
18.71984016  
10.06027215  
4.325920076  
4.367380523  
11.33379542  
24.08594576  
39.49040617  
53.48462369  
62.45198523  
64.31380458  
58.89532538  
47.48564041  
31.90247597  
13.59976518  
-6.699468744  
-28.67117419  
-51.59046727  
-73.58348831  
-91.46594354  
-101.4234566  
-100.3477845  
-87.25987312  
-64.12932618  
-35.61778251  
-7.74239079  
14.04433006  
26.57299416  
29.75780263  
26.16718741  
19.60432248  
13.37619005  
9.04400961  
6.187852296  
3.208405934  
-1.31733222  
-7.468829385  
-13.62927407  
-17.14639445  
-15.67996786  
-8.549339625  
2.622378852  
14.33334683  
22.54105189  
24.30790088  
18.99503647  
8.460616823  
-3.80503627  
-14.17415933  
-20.29421626  
-21.78116957  
-19.93883375  
-16.74146547  
-13.66812997  
-11.01358894  
-8.012033194  
-3.651036811  
2.330827504  
8.877679518  
13.86761922  
15.119984  
11.66228698  
4.572190809  
-3.123372927  
-7.558004028  
-5.69526198  
3.210360505  
17.08038408  
31.71992377  
42.49996177  
46.27723261  
42.68195759  
34.18192643  
24.8943732  
18.69905653  
17.52972916  
20.63125235  
25.10834133  
27.47885516  
25.47181776  
19.20118808  
11.15166549  
4.983412729  
3.726817515  
8.229457252  
16.59952913  
24.92349731  
28.94232641  
25.92848394  
15.9172431  
1.744524782  
-12.11539321  
-21.38947933  
-23.71832046  
-19.52158765  
-11.69240396  
-4.310903558  
-0.9678373391  
-3.407041903  
-11.00313045  
-21.19814597  
-30.62015619  
-36.37056272  
-36.97752362  
-32.72870703  
-25.39030085  
-17.54539067  
-11.85585667  
-10.46972136  
-14.64372585  
-24.53093023  
-39.06359514  
-55.93537463  
-71.78181604  
-82.685026  
-85.03578448  
-76.60089285  
-57.45745916  
-30.38631577  
-0.435197186  
26.34871399  
44.66881843  
51.61330814  
47.55389585  
35.93155513  
21.97491031  
10.82502668  
5.78812375  
7.388049895  
13.55861122  
20.83914662  
26.02260153  
27.53274521  
25.95135694  
23.50856949  
22.81378594  
25.43384391  
30.97490587  
37.08058009  
40.33713372  
37.67328082  
