22.9138282  
13.0251381  
3.319470958  
-3.003791799  
-4.591602085  
-2.472868912  
0.6981743747  
2.256005456  
1.122070374  
-1.478151023  
-2.595581411  
0.8162563505  
10.03495389  
23.43057893  
36.70333615  
44.49347333  
42.68451087  
30.35265489  
10.4366392  
-11.23390549  
-28.17082907  
-35.76388761  
-33.0264666  
-22.81756233  
-10.49576585  
-1.652063856  
0.05771939672  
-5.933009262  
-17.35584245  
-30.49465028  
-41.93456558  
-49.80941366  
-54.01962286  
-55.46987519  
-54.89212095  
-52.01309182  
-45.60196343  
-34.4162351  
-18.52618205  
-0.2273173945  
16.10040235  
25.3198589  
23.56498497  
10.06758767  
-12.11060186  
-36.88332576  
-57.23309324  
-67.73696  
-66.44301036  
-55.28856347  
-38.90335322  
-22.37237487  
-8.99938102  
0.9048731352  
9.679965697  
20.62656342  
35.81479014  
54.47023678  
72.74676207  
85.04678428  
86.32908335  
74.38402594  
51.06349744  
21.91497665  
-5.634998815  
-24.79235172  
-31.58873061  
-25.93304655  
-11.22242814  
7.182436361  
23.90010135  
35.1126603  
39.29049585  
37.00042125  
30.12313616  
20.96237215  
11.61995015  
3.746282083  
-1.475422114  
-3.347195813  
-1.813895595  
2.308886196  
7.270355483  
10.71518298  
10.44975952  
5.401589235  
-3.677038366  
-14.1959925  
-22.5721222  
-25.68521007  
-22.34188779  
-14.04340189  
-4.594729405  
1.406011726  
0.6190624792  
-7.338415779  
-19.3601432  
-29.82877118  
-32.78660967  
-24.42639785  
-4.843370988  
21.7270368  
48.32511315  
67.76710211  
75.19952464  
69.67075373  
54.13020965  
33.95683496  
14.73706859  
0.2804668986  
-8.326638134  
-12.36702516  
-14.19095306  
-15.72318873  
-17.54252771  
-18.93107085  
-18.74870415  
-16.55353134  
-13.27787699  
-11.03048749  
-12.08712457  
-17.59361873  
-26.69542855  
-36.62078639  
-43.76995683  
-45.33821581  
-40.69364062  
-31.80598554  
-22.4558677  
-16.53953752  
-16.23946604  
-20.92634383  
-27.34038054  
-31.01061029  
-28.28958954  
-18.08217441  
-2.476631372  
14.0167207  
26.28143927  
30.65648799  
26.34001114  
15.55294315  
2.455868185  
-8.630455333  
-14.87225319  
-15.72721655  
-12.63804086  
-7.888432318  
-3.27048201  
0.7507557721  
4.994341077  
10.7416347  
18.64248891  
27.98683892  
36.7714594  
42.55654953  
43.67284559  
40.13104403  
33.71498419  
27.14828162  
22.70851972  
20.97783865  
20.39652042  
17.92400339  
10.57476128  
-2.857760574  
-20.72158346  
-38.65810245  
-51.03408134  
-53.11573268  
-43.08052651  
-22.99172205  
1.719905271  
24.09487152  
38.07409607  
40.54419759  
32.20073263  
16.94165766  
0.1198409837  
-13.56406958  
-21.64847805  
-24.37941175  
-23.98362762  
-23.18991915  
-23.73323847  
-25.52457627  
-26.81742556  
-25.22504052  
-19.06053179  
-8.35078982  
4.946719421  
17.61457051  
26.4225548  
29.39852942  
26.58362664  
19.9811745  
12.76351945  
8.102442345  
8.107087648  
13.25703582  
22.46711942  
33.64563165  
44.43049602  
52.77906392  
57.22667054  
56.83436663  
51.00633689  
39.39896231  
22.05112333  
-0.3003556416  
-25.90611785  
-51.92774072  
-74.75963884  
-90.73849706  
-97.04402185  
-92.48475159  
-77.88012465  
-55.89103498  
-30.35359456  
-5.34859682  
15.68349252  
30.52086048  
38.31736972  
39.39709582  
34.86770043  
26.25631312  
15.29477168  
3.851781882  
-6.099922262  
-12.62570115  
-14.16109104  
-9.985510602  
-0.6620055593  
11.78910684  
24.15968276  
32.78922227  
34.59390276  
28.06585938  
13.88358354  
-5.120255847  
-24.67255267  
-40.25098184  
-48.37166797  
-47.55317695  
-38.65120569  
-24.48194274  
-8.896980819  
4.354629002  
12.60270396  
14.79465527  
11.50651552  
4.526164951  
-3.771768993  
-11.02876113  
-15.33401012  
-15.45589434  
-10.93538949  
-2.124155745  
9.800566925  
22.88993912  
34.64003579  
42.43711356  
44.19690735  
39.03251336  
27.69967518  
12.58613328  
-2.849218251  
-15.06792419  
-21.55466377  
-21.62234592  
-16.58757514  
-9.212745003  
-2.602937305  
1.019947937  
1.173918665  
-0.7525700462  
-2.162494812  
-0.4425883351  
5.802613568  
15.99018104  
27.59843134  
37.00920493  
40.82881565  
37.1737618  
26.42561387  
11.17561679  
-4.604183639  
-16.8410355  
-22.62693846  
-21.04504801  
-13.32439159  
-2.34000182  
8.317230948  
15.38058603  
16.76040797  
12.01792834  
2.392671544  
-9.582971709  
-20.78450524  
-28.37086766  
-30.6519237  
-27.72443567  
-21.6446529  
-15.97295585  
-14.69292503  
-20.74539466  
-34.64243636  
-53.72150613  
-72.47887634  
-84.07721687  
-82.65682439  
-65.67750417  
-35.3703017  
1.402470181  
35.0335107  
56.27250137  
59.46826209  
44.7196729  
18.04054663  
-10.62731066  
-30.87758085  
-35.49638854  
-22.92160761  
2.430020914  
32.05904685  
56.70799553  
69.76588744  
69.41277546  
58.73111307  
43.88217887  
31.24479074  
24.79316321  
24.80366762  
28.3253444  
31.03906582  
29.53438855  
