-8.886697921  
-28.82158729  
-33.9789697  
-21.24573945  
5.860568427  
38.19223008  
64.34965092  
75.10705301  
67.03818148  
43.78689855  
14.42483319  
-10.39416811  
-22.80738803  
-20.75093116  
-8.341354225  
6.432352015  
15.56194699  
14.61307382  
4.437533987  
-9.683767887  
-20.92812169  
-24.37264996  
-19.30604094  
-9.335643551  
-0.324387397  
2.740172005  
-1.657185104  
-10.79663518  
-19.15242932  
-21.26231489  
-14.56688089  
-0.7735904181  
14.94584173  
26.51392291  
29.95913868  
25.34328252  
16.61232132  
9.432095587  
8.103437246  
13.14102613  
20.79313277  
24.81811539  
19.69316058  
3.67795518  
-19.82295297  
-43.3603799  
-58.57446392  
-59.92859168  
-47.2840485  
-26.07589908  
-4.970805232  
7.929717941  
8.596558298  
-1.307147511  
-15.39808725  
-25.63229387  
-26.00067856  
-15.16477546  
3.112161922  
21.82148261  
33.88460686  
35.13245656  
25.7645034  
9.763213213  
-7.270251889  
-20.6945735  
-28.56990648  
-31.83677807  
-33.04445051  
-34.45754397  
-36.6130642  
-38.07856001  
-36.47216724  
-30.11866709  
-19.38985007  
-6.962132445  
3.190757421  
7.583597732  
4.88978991  
-3.343117891  
-13.29354565  
-20.49516204  
-21.71831318  
-16.23172582  
-5.901561799  
5.841800574  
15.61435834  
21.48624209  
23.56772477  
23.59698701  
23.83725651  
25.8818707  
29.93871292  
34.86936185  
38.8648474  
40.35411295  
38.69006332  
34.33317917  
28.53654188  
22.76712399  
18.17058124  
15.29104159  
14.07778751  
14.0654873  
14.57555047  
14.85654909  
14.18523156  
12.00369437  
8.127863367  
2.958619463  
-2.457564841  
-6.658206401  
-8.292242175  
-6.765740064  
-2.695706764  
2.113826777  
5.262734123  
4.717496926  
-0.274003528  
-8.763913257  
-18.42680028  
-26.51390584  
-31.00683669  
-31.41676111  
-28.83582831  
-25.22092829  
-22.28735596  
-20.60271654  
-19.37380785  
-17.0541159  
-12.44914632  
-5.703385879  
1.416523996  
6.175673276  
6.191154569  
0.7614615191  
-8.511291952  
-18.20078182  
-24.48248003  
-24.85040163  
-19.2826705  
-10.25394542  
-1.550925832  
3.551724539  
3.862019556  
0.8036868362  
-2.363760512  
-2.25545505  
2.853699354  
12.07121562  
22.24740663  
29.48272728  
31.03091479  
26.64579489  
18.6996279  
11.02060398  
7.040208154  
8.181296968  
13.28363842  
19.3265484  
23.04835896  
22.61545308  
18.48855469  
13.06522567  
9.318007801  
9.16402835  
12.42708586  
16.92993414  
19.65459089  
18.34896533  
12.73064703  
4.657659267  
-2.81608038  
-6.997526245  
-6.903289815  
-3.696657978  
0.005367756732  
1.5759808  
-0.2001176015  
-4.486327195  
-8.876972362  
-10.74839555  
-8.758793168  
-3.690624029  
1.832896293  
4.637621178  
2.643467393  
-3.985499588  
-12.79604552  
-20.15827005  
-22.99881461  
-20.2962308  
-13.59281131  
-6.263755041  
-1.901378701  
-2.606687404  
-8.018289372  
-15.53764348  
-21.61876737  
-23.47969347  
-20.40811885  
-14.05804938  
-7.640300938  
-4.439186899  
-6.380733441  
-13.30237476  
-23.19296183  
-33.18881636  
-40.77735172  
-44.62572056  
-44.71269484  
-41.83835186  
-36.8986624  
-30.38470007  
-22.37390569  
-12.95131813  
-2.723006559  
6.979710918  
14.4235629  
18.21840427  
18.09696344  
15.26898371  
12.07446522  
11.01776016  
13.60459267  
19.54694419  
26.75986611  
32.20871814  
33.25386446  
28.8854458  
20.27400808  
10.37139728  
2.73255183  
0.085583849  
3.282695126  
11.07559082  
20.77104676  
29.42339066  
35.00043355  
37.01113968  
36.37048892  
34.6503114  
33.14064777  
32.20165932  
31.20268291  
29.03088632  
24.86413506  
18.7827283  
11.89283858  
5.892463037  
2.295384075  
1.698021329  
3.450156644  
5.89114825  
7.040714455  
5.421908679  
0.6425134799  
-6.511796773  
-14.48248708  
-21.62139606  
-26.82053451  
-29.80894343  
-31.02174204  
-31.16442739  
-30.73904622  
-29.79668567  
-28.03979216  
-25.19272282  
-21.39920189  
-17.37794045  
-14.19142217  
-12.70138943  
-12.98396262  
-14.04930037  
-14.10203651  
-11.32388792  
-4.876245025  
4.353914781  
13.69901604  
19.51668489  
18.63791738  
9.898015369  
-4.934381116  
-21.33958104  
-33.42034993  
-36.03272463  
-26.86384977  
-7.591303316  
16.42709333  
37.90904883  
50.2240037  
49.79858678  
37.39495668  
17.74571962  
-2.307634697  
-16.41647026  
-21.01783196  
-16.42020417  
-6.307603183  
4.04435811  
10.02881066  
9.483569636  
3.290946068  
-5.337708751  
-12.45978563  
-15.10898125  
-12.3718879  
-5.453822513  
3.148992968  
10.86386724  
16.02769123  
18.23093592  
17.98753153  
16.05164341  
12.84729192  
8.35073327  
2.456448174  
-4.456201221  
-11.17733258  
-15.84963317  
-16.6825176  
-12.87136623  
-5.228589618  
3.86912036  
11.29214762  
14.41496229  
12.25416562  
5.943097615  
-1.710016323  
-7.406860143  
-8.76214181  
-5.295847425  
1.420612328  
8.502919975  
13.01156224  
13.14376407  
8.839581498  
1.586268941  
-6.408566593  
-13.22773307  
-17.94993875  
-20.75820192  
-22.48060438  
-23.87037133  
-25.03190473  
-25.28646556  
-23.52211138  
-18.82227485  
-11.04359355  
-1.063808928  
9.399648468  
18.29522835  
23.83763923  
24.97751041  
21.61854949  
14.58770896  
5.439752208  
-3.826100817  
-11.11027639  
-14.62581972  
-13.36015559  
-7.481166487  
1.495663374  
10.9575173  
17.90982985  
19.98716821  
16.3882129  
8.305963331  
-1.422673572  
-9.396910322  
-13.05284119  
-11.77009658  
-7.144069361  
-2.235168204  
-0.08810394813  
-2.193456703  
-7.641018204  
-13.42539066  
-15.82740369  
-12.26131987  
-2.713229468  
9.953518024  
21.03934717  
25.97348691  
22.32737091  
10.95516431  
-4.267746825  
-17.99156739  
-25.5193615  
-24.56361061  
-15.88863262  
-2.648906697  
11.1513905  
22.27827484  
29.21187875  
32.07922953  
31.80119275  
29.07891458  
23.87440073  
15.69466486  
4.467245938  
-8.602741747  
-20.84677549  
-28.91643272  
-30.2678545  
-24.6089965  
-14.47532905  
-4.464242155  
0.6772993725  
-1.715445606  
-10.76020239  
-22.13682656  
-29.86119748  
-28.99743124  
-18.06932984  
0.002420538306  
18.96816182  
31.92278845  
34.40612029  
26.50692296  
12.96780887  
1.190432438  
-1.995179182  
6.640211261  
25.24916314  
47.63121371  
65.81095547  
73.3081035  
67.66561674  
51.18457848  
29.65233624  
9.741553151  
-3.705746377  
-9.338319334  
-9.293240585  
-7.714909912  
-8.616362022  
-14.10567519  
-23.71493326  
-34.97504966  
-44.78916922  
-50.84915413  
-52.42933367  
-50.29362125  
-45.92722863  
-40.61153543  
-34.86155564  
-28.47410178  
-21.06420781  
-12.7034961  
-4.249900501  
2.834784388  
7.075463668  
7.649587014  
4.763869466  
-0.4473382866  
-6.421680841  
-11.77602625  
-15.69592476  
-17.93389072  
-18.4860735  
-17.20821857  
-13.66125418  
-7.325652847  
1.914200395  
13.30494607  
25.09512829  
34.90012218  
40.45958841  
40.46435212  
35.07062848  
25.8584928  
15.25594863  
5.702437193  
-1.069961801  
-4.351792271  
-4.315814532  
-1.611124377  
3.005680886  
8.775136638  
14.76593547  
19.6463063  
21.69831952  
19.2608399  
11.51594562  
-0.7427718842  
-14.83392979  
-26.73014889  
-32.37719867  
-29.33258522  
-18.01427457  
-1.920550661  
13.42346668  
22.4764844  
21.86582835  
11.82097163  
-3.798286868  
-18.94957079  
-27.76500712  
-26.84858942  
-16.56539727  
-0.8117227921  
14.59170799  
24.16545441  
24.7414256  
16.37290388  
1.931203124  
-14.28427028  
-28.21886144  
-37.29616666  
-40.80423452  
-39.48608658  
-34.74787231  
-27.98688301  
-20.34413044  
-12.84203338  
-6.594229781  
-2.738029244  
-1.962960873  
-3.854844596  
-6.522007499  
-6.939713637  
-2.112893493  
9.331265562  
25.88094964  
42.98612063  
54.37914715  
54.54481202  
41.36771059  
17.72584915  
