-1.806889034  
-19.12656079  
-34.00028993  
-41.92581565  
-40.60780628  
-30.7987211  
-15.81309579  
-0.0603344022  
12.65587505  
20.30870794  
22.87204043  
21.68146582  
18.41517169  
14.28376821  
9.807682835  
5.172853759  
0.8120859823  
-2.254307431  
-2.617347296  
0.82945205  
8.078947043  
17.57088759  
26.45672694  
31.54389776  
30.52737416  
22.93821185  
10.3502796  
-4.261241973  
-17.70280371  
-27.71815296  
-33.57663404  
-35.86011251  
-35.64102153  
-33.56574043  
-29.40172169  
-22.34261381  
-11.92651313  
0.9603321375  
13.63582586  
22.13791086  
22.62827111  
13.11390581  
-5.330996098  
-28.51326775  
-50.40988941  
-65.34120045  
-70.11585108  
-65.18601447  
-54.25562475  
-42.47351345  
-34.00242098  
-30.0724882  
-28.43953526  
-24.54581919  
-13.89843673  
5.403886735  
31.17660674  
57.44480874  
76.50593977  
81.94850557  
71.36657484  
47.60595908  
17.97716959  
-8.286817339  
-23.32766862  
-23.41652299  
-10.11270298  
10.56381841  
30.54332538  
42.70812808  
43.33160824  
33.10414486  
16.49966773  
-0.1243902924  
-10.88424195  
-12.31346051  
-4.292035979  
10.1977706  
26.23033226  
38.5114131  
42.85494529  
37.20107828  
22.02637616  
0.1678581826  
-23.83008809  
-44.71086912  
-57.69136483  
-59.64141573  
-49.99737748  
-31.12254692  
-7.898709255  
13.47235172  
27.20497313  
29.70382957  
20.77802892  
3.820468076  
-15.19024894  
-29.58473626  
-34.16463135  
-26.87964922  
-9.431635471  
13.3873778  
35.34985979  
50.8135309  
56.38453804  
51.68313962  
39.05011036  
22.43619465  
5.983919272  
-7.15594973  
-15.4161455  
-18.75380287  
-18.1472586  
-14.97871666  
-10.58153358  
-6.060416429  
-2.31051322  
-0.06508676752  
0.1657394932  
-1.723055449  
-5.253576797  
-9.370340439  
-12.74085695  
-14.30128924  
-13.82889267  
-12.24488634  
-11.42421148  
-13.49320645  
-19.84721583  
-30.29418307  
-42.7360321  
-53.61210069  
-59.02170137  
-56.14032817  
-44.38495965  
-25.84430903  
-4.757215973  
13.80974879  
25.61458491  
28.61419212  
23.55377816  
13.56543441  
2.947438452  
-4.399616384  
-6.291610094  
-2.862773006  
3.729772079  
10.33257512  
14.12380462  
13.72622985  
9.702067304  
4.283486974  
0.4842921501  
0.9543075739  
7.003958833  
18.13025775  
32.17021577  
45.97759316  
56.35209722  
60.89853419  
58.56224635  
49.73362471  
35.97502037  
19.53396251  
2.835978518  
-11.90126222  
-22.88529488  
-28.84215352  
-29.07322352  
-23.54596666  
-13.02324195  
0.8402432735  
15.54823559  
28.05556707  
35.31832153  
35.0040299  
26.16787011  
9.666335282  
-11.86824924  
-34.54130866  
-54.08630213  
-66.88718347  
-70.83461052  
-65.76662297  
-53.37923598  
-36.66371261  
-19.07063607  
-3.666179377  
7.485349149  
13.58512197  
15.01517621  
13.01544062  
9.273459453  
5.550986133  
3.405566971  
4.000732234  
7.96974082  
15.31318006  
25.35056943  
36.77673589  
47.86481756  
56.80585372  
62.10253056  
62.88504651  
59.0244184  
50.99362532  
39.54040111  
25.33405875  
8.776742399  
-9.89765507  
-30.25659943  
-51.20757587  
-70.70597173  
-85.86482767  
-93.54692821  
-91.30245719  
-78.32944545  
-56.06840578  
-28.14115289  
0.4246472729  
24.46790614  
40.04525064  
45.40218969  
41.24843898  
30.28564787  
16.21179361  
2.597265665  
-7.97235344  
-14.25133661  
-16.18810728  
-14.48270089  
-10.1300498  
-4.163471043  
2.354041325  
8.213303076  
12.01989892  
12.38611679  
8.355227896  
-0.1086722896  
-11.82308936  
-24.49423694  
-35.2751559  
-41.61007126  
-42.05022089  
-36.71452109  
-27.20736972  
-16.03281666  
-5.752960008  
1.769207653  
5.767039783  
6.516814828  
4.953049236  
2.201439397  
-0.7325718631  
-3.018455359  
-3.879261135  
-2.494353509  
1.886828965  
9.578666209  
19.99661302  
31.38938059  
41.0375458  
46.00217043  
44.22623373  
35.55758469  
22.20306229  
8.298049112  
-1.3735479  
-3.089605748  
4.325887585  
18.87140072  
35.91046193  
49.74660891  
55.66140207  
51.63943014  
39.1123278  
22.43284218  
7.28439893  
-1.364835607  
-1.001303672  
7.615057732  
20.79435851  
33.23057133  
39.7724308  
37.03598694  
24.37046942  
3.959174584  
-19.8725439  
-41.86462353  
-57.18878734  
-62.64643226  
-57.45258646  
-43.45121136  
-24.6959629  
-6.436998601  
6.305001998  
10.23499272  
4.89139747  
-7.080068337  
-20.72981776  
-30.56214947  
-32.70958692  
-26.70709926  
-16.06773992  
-7.236632392  
-7.129030775  
-20.10084302  
-45.56632961  
-77.36382428  
-105.3610548  
-118.8969602  
-110.8402796  
-80.66962677  
-35.25007425  
13.16962045  
51.11045617  
68.63535605  
62.89944539  
39.07787922  
8.297115995  
-16.61089133  
-25.84967526  
-16.04333501  
8.992630455  
40.25914875  
67.39740029  
82.68339517  
83.58163073  
72.95354708  
57.06215675  
42.4322  
33.023533  
28.91372888  
26.91851189  
22.68083131  
13.13789247  
