23.24280022  
29.4316633  
21.5561251  
1.492448558  
-23.58271454  
-43.92701375  
-51.17689492  
-41.81603089  
-18.66747826  
10.23075425  
34.86113375  
47.16059908  
43.98139507  
27.89877599  
5.6812609  
-14.73619002  
-27.35306927  
-29.96046587  
-24.13685942  
-13.68757135  
-2.519642534  
6.925405265  
14.00492892  
19.0546287  
22.13863858  
22.28983536  
17.81222722  
7.531346493  
-7.755852155  
-24.60050887  
-37.62129564  
-41.51845534  
-33.52385949  
-15.07344638  
8.252285858  
28.69126709  
39.4061589  
37.35947854  
24.61495016  
7.412202542  
-6.604130768  
-11.74243269  
-6.660035451  
5.299514001  
17.94516639  
25.33175909  
24.5984434  
17.1902118  
7.910773847  
2.326731705  
3.847263249  
11.94603891  
22.40435873  
29.43599342  
28.61232524  
19.11133327  
4.161431859  
-10.53732275  
-19.61419322  
-20.6370752  
-15.21564099  
-8.044838304  
-4.376765568  
-7.206125138  
-15.60823049  
-25.09641982  
-29.85428836  
-25.74746456  
-12.61147527  
5.351946086  
21.31457319  
28.89165331  
25.07074169  
11.58504028  
-5.935516781  
-20.6230958  
-27.55258296  
-25.90625911  
-19.08621452  
-12.74384139  
-11.71503454  
-17.3858277  
-26.80600246  
-34.02097484  
-33.01174523  
-20.8435878  
0.4991465778  
24.5115519  
42.68220741  
48.02072118  
38.0286978  
15.79856092  
-11.22418949  
-34.2391312  
-46.51797043  
-45.79669191  
-34.68634146  
-19.06884473  
-5.314894746  
2.389831045  
3.478477134  
0.704099162  
-1.579209384  
0.3524814373  
7.891589165  
19.62450553  
32.15665708  
41.71993819  
45.75325356  
43.75974097  
37.16203217  
28.3752428  
19.64754972  
12.24699505  
6.317640593  
1.34831516  
-3.108551984  
-6.914044754  
-9.306049361  
-9.342581381  
-6.550429139  
-1.398280572  
4.683863596  
9.771523271  
12.17788999  
11.09952915  
6.877338921  
0.7753039569  
-5.581269022  
-10.81309395  
-14.15290201  
-15.43646855  
-14.80180206  
-12.33642454  
-7.930888222  
-1.462517422  
6.777303551  
15.67556783  
23.21427705  
26.88829536  
24.55787654  
15.42401994  
0.6916791148  
-16.44256799  
-31.58948133  
-40.53263772  
-40.67388182  
-31.99500081  
-17.12950578  
-0.4780070596  
13.31673267  
20.95202446  
21.49071806  
16.43863122  
8.872677068  
2.011403063  
-2.150590306  
-3.560086981  
-3.879986051  
-5.448662637  
-9.918866195  
-17.22224259  
-25.36684818  
-31.20065225  
-31.82901686  
-26.05561711  
-15.17488256  
-2.707044587  
6.873190852  
9.909633117  
5.090791353  
-5.935522894  
-19.14370713  
-29.67860953  
-33.72286364  
-29.90080845  
-19.64734831  
-6.430342688  
5.784025848  
14.12001582  
17.74614288  
17.83151574  
16.62187149  
16.15399076  
17.26276943  
19.34576198  
20.93970456  
20.73961304  
18.47204047  
15.12704149  
12.41114147  
11.7200229  
13.21362708  
15.55209888  
16.51788403  
14.26944435  
8.592518888  
1.443531225  
-3.621576423  
-2.998938672  
5.091691456  
19.3166204  
35.23430864  
46.75668163  
48.54553977  
38.33957719  
18.162566  
-6.197580324  
-27.30564191  
-38.94398994  
-38.51979802  
-27.98362584  
-12.86543103  
0.1456942326  
6.01746132  
3.364694128  
-5.22530283  
-14.61954557  
-19.62803082  
-17.40876723  
-8.712817492  
2.557250893  
11.22806842  
13.28669933  
7.747552174  
-2.877059171  
-13.68901755  
-19.57276393  
-17.44218423  
-7.582520263  
6.465807804  
19.38236498  
26.22219525  
24.32052309  
14.17833227  
-0.956422718  
-16.52988563  
-28.46295935  
-34.51694032  
-34.74746247  
-30.99318189  
-25.7606008  
-21.072336  
-17.77693733  
-15.53557653  
-13.36182356  
-10.35598646  
-6.24364562  
-1.48575773  
3.02312623  
6.445352931  
8.391545896  
9.016726131  
8.811491769  
8.251071176  
7.531187746  
6.550859928  
5.141564732  
3.383642813  
1.78401446  
1.156032632  
2.209905596  
5.043909808  
8.821016577  
11.86481846  
12.22327499  
8.513192471  
0.6856465851  
-9.662070533  
-19.63960157  
-26.01102418  
-26.39189454  
-20.20770477  
-8.993652232  
4.125956363  
15.59401769  
22.74786298  
24.76443996  
22.82290045  
19.41943947  
17.13975314  
17.43872668  
19.97804381  
22.82507626  
23.42573446  
19.90563246  
12.09315029  
1.774011538  
-7.966358907  
-14.03466548  
-14.67442175  
-10.24371525  
-3.055087862  
3.664172031  
7.222776027  
6.659453708  
3.123373287  
-0.7416140405  
-2.12539691  
0.5287956261  
6.683769091  
13.8489331  
18.64469083  
18.30013781  
11.89266224  
0.7665784464  
-12.03913104  
-23.0560408  
-29.7351552  
-31.26073242  
-28.50554616  
-23.24526504  
-17.11441304  
-10.88447989  
-4.431407356  
2.649795686  
10.20804699  
17.04556735  
21.16033376  
20.68649534  
15.06208499  
5.747729688  
-4.018429403  
-10.47272976  
-11.07315932  
-5.888585574  
2.147577308  
8.39911513  
8.685560578  
1.4608666  
-11.08070455  
-23.63889895  
-30.05060895  
-26.20514383  
-12.28261977  
6.821069097  
