33.44201002  
18.71357706  
-2.874499687  
-23.85169372  
-36.83614354  
-37.33073801  
-25.4526427  
-5.900876439  
13.84490861  
26.39217155  
27.23210705  
16.3542421  
-1.944543152  
-20.93207354  
-34.17650245  
-37.98933845  
-32.5791518  
-21.50707706  
-9.786115802  
-1.546039411  
1.664742956  
1.208697993  
0.2551323256  
1.854032216  
7.172450467  
14.77293339  
21.28666931  
23.14156196  
18.48013499  
8.299983483  
-3.780547873  
-13.06135881  
-15.89337381  
-11.38894054  
-1.877440258  
8.139083074  
14.06028919  
13.32397308  
6.595286358  
-2.561648226  
-9.386574108  
-10.207293  
-4.234660395  
5.975043649  
15.61116743  
19.74981955  
15.55762106  
3.555203379  
-12.61349592  
-27.75904824  
-37.31155677  
-39.0712247  
-33.78195057  
-24.35503525  
-14.22061024  
-5.678220672  
0.9296088129  
6.853896002  
13.65136005  
21.72548411  
29.54877914  
34.07173331  
32.20254605  
22.65011123  
7.166816312  
-9.553939167  
-21.45855208  
-23.60375962  
-14.43969642  
3.177583108  
22.82242683  
36.95635723  
40.02810886  
30.89314867  
13.45888366  
-4.810940677  
-15.98193988  
-15.06331697  
-2.30236596  
16.65882942  
32.90567686  
37.83848721  
26.78004329  
1.122235153  
-31.89279244  
-61.70871698  
-78.32590684  
-75.99235775  
-55.28286433  
-22.79083575  
11.3905893  
37.36419562  
48.84793694  
45.03749197  
30.30420926  
12.0027767  
-2.614028964  
-9.093839647  
-7.07019592  
0.2399333552  
7.938605518  
11.81526544  
10.1293408  
4.094173046  
-3.031374948  
-7.71590943  
-7.91609087  
-4.007560617  
1.506253971  
5.317283564  
5.004980977  
0.2811695038  
-6.799836066  
-12.75924909  
-14.30236088  
-9.862272425  
-0.35592392  
11.19898806  
21.02712766  
26.27007143  
26.20990916  
22.46728597  
18.07881757  
15.88678645  
17.00863409  
20.1348444  
22.03450577  
19.09099881  
9.195845589  
-6.874754929  
-25.2894819  
-40.37932785  
-46.8162335  
-41.87822239  
-26.8410682  
-6.855990898  
10.72502337  
18.98314646  
14.02833841  
-3.446583817  
-28.26599962  
-52.50569703  
-68.22162642  
-70.17028514  
-57.54182029  
-34.1184651  
-6.863893044  
16.48743526  
29.9504333  
31.04962725  
21.28283947  
5.250403389  
-11.12296876  
-22.57871839  
-26.04090847  
-21.22277051  
-10.26083175  
3.342244962  
15.99327231  
25.03979736  
29.27246673  
28.86463403  
24.92912542  
18.96776283  
12.44814298  
6.606616424  
2.426449893  
0.6531341057  
1.723895757  
5.588430266  
11.51959235  
18.08236648  
23.39343375  
25.67060364  
23.90053579  
18.33642995  
10.55062242  
2.928275399  
-2.259601434  
-3.83580539  
-2.295499333  
0.346936046  
1.468209493  
-0.8344993591  
-6.585810923  
-13.5403091  
-17.86727917  
-15.75217666  
-5.294409057  
12.14634151  
31.86391725  
47.20165456  
52.00835248  
43.20722011  
22.38080612  
-4.400847786  
-28.58342063  
-42.25470675  
-41.15911423  
-26.34807864  
-3.742136418  
18.25201248  
32.08963294  
33.98996815  
25.15900013  
10.82777002  
-2.434743127  
-9.899869374  
-10.88642122  
-8.964944393  
-10.03766931  
-19.15638635  
-37.55365324  
-61.31433676  
-82.41385921  
-91.79687514  
-83.23364556  
-56.29243524  
-17.09202607  
23.5835303  
54.11264982  
66.28558844  
58.27179318  
35.13700465  
6.754478542  
-15.99193897  
-25.16631312  
-18.36698694  
0.9550384408  
25.37779003  
46.654605  
58.77209981  
59.74118485  
51.58318606  
38.7701898  
25.97942412  
16.1914396  
9.874147427  
5.426862197  
0.4866063717  
-6.622579856  
-15.9796422  
-26.0421994  
-34.40623213  
-38.9065197  
-38.51754847  
-33.67696267  
-25.96607658  
-17.38173347  
-9.584095186  
-3.456256127  
0.8857102664  
3.727932787  
5.289844843  
5.416699817  
3.583910279  
-0.8080149976  
-8.011441614  
-17.59541643  
-28.35658041  
-38.52093617  
-46.15928694  
-49.66555959  
-48.14135734  
-41.58217008  
-30.83704746  
-17.38209214  
-2.988924141  
10.62119334  
22.06141844  
30.45270493  
35.47137897  
37.28859086  
36.44535339  
33.71718091  
30.00899837  
26.28749266  
23.51847075  
22.55566206  
23.94423512  
27.66245824  
32.90091601  
38.02763132  
40.8664208  
39.30818041  
32.1122276  
19.60822736  
3.962427867  
-11.2230577  
-21.96587766  
-25.30751849  
-20.54501364  
-9.751229251  
2.734845832  
11.77009686  
13.32908678  
6.14073162  
-7.660144819  
-23.21577642  
-34.7786207  
-38.01344101  
-31.84299907  
-19.04477492  
-5.282056035  
3.113936212  
1.761784078  
-9.804357078  
-27.64974453  
-44.69591779  
-53.29178817  
-48.1396796  
-28.45664115  
1.471276752  
33.58096128  
58.7152138  
69.72684134  
63.88654969  
43.74627599  
16.17939805  
-10.02598746  
-27.14668161  
-31.02992639  
-22.27769985  
-5.7485434  
11.39115546  
22.34071358  
23.1065702  
13.85701445  
-1.270623863  
-15.82153904  
-23.52623497  
-20.73898487  
-7.908082836  
10.48734242  
27.54494919  
36.52262302  
