-16.49009766  
-4.743811929  
1.052864931  
0.1333136096  
-4.670556255  
-8.447095772  
-6.643341118  
2.652138948  
17.5816246  
33.05450022  
42.75671902  
41.82156594  
29.05568943  
7.767291251  
-15.21525081  
-32.02465268  
-36.80721355  
-28.14828833  
-9.868488542  
10.20991082  
23.14242121  
22.33696158  
6.291292074  
-20.50478119  
-48.92851009  
-68.40297878  
-70.73412386  
-53.16125406  
-19.45567683  
21.35497454  
58.14414432  
81.51268463  
86.83649065  
75.43380481  
53.52459746  
29.5331277  
10.900464  
1.678939638  
1.756586056  
7.810486237  
15.35800117  
20.87879567  
23.07043233  
22.80431421  
22.00123145  
22.13965653  
23.21770675  
23.69019082  
21.36411107  
14.73806296  
4.058544059  
-8.471083941  
-19.45122649  
-25.65187777  
-25.33268827  
-18.91363567  
-8.733120503  
1.922523985  
10.01108275  
13.59983648  
12.09364112  
5.889385809  
-4.185202542  
-17.23098989  
-32.2177538  
-47.61900231  
-61.11411235  
-69.75456556  
-70.74585523  
-62.6112516  
-46.19146832  
-24.8931468  
-3.882957582  
11.5834832  
18.05065783  
15.14692304  
5.656440432  
-5.693330047  
-14.20584146  
-17.06230794  
-14.20954136  
-7.922916944  
-1.329346139  
3.31282781  
5.670229315  
7.178021301  
9.773745592  
14.24059329  
19.1333764  
21.00363049  
15.97835921  
2.004043135  
-19.37563717  
-42.73203814  
-60.33471234  
-65.09397576  
-53.63544617  
-28.10302615  
4.232547336  
33.53845853  
51.15438506  
52.9296547  
40.72639535  
21.43313674  
3.919850521  
-4.733564154  
-2.097473976  
8.872721529  
21.48165484  
28.52053661  
25.60071097  
13.11850136  
-3.972513696  
-18.41053835  
-23.8430469  
-17.57916886  
-1.707074281  
17.83208274  
33.7286863  
40.23328634  
35.30630648  
21.18266656  
3.262105163  
-12.08235441  
-19.82550283  
-17.86163671  
-7.365573966  
7.986306746  
23.45855822  
34.75301523  
39.08426798  
35.63696833  
25.46880647  
11.05409751  
-4.345338134  
-17.37488695  
-25.29508437  
-26.63025543  
-21.61292196  
-12.23173679  
-1.747255678  
6.284678305  
9.211632384  
6.271030265  
-1.06049182  
-9.565474188  
-15.49854802  
-16.06198921  
-10.55115389  
-0.69515926  
9.951167741  
17.31186982  
18.25850428  
11.67249996  
-1.261566995  
-17.54814473  
-33.36539965  
-45.11247088  
-50.16935806  
-47.24101193  
-36.3789809  
-18.87334329  
2.859772423  
25.43048017  
44.83378872  
57.16323659  
59.64364379  
51.68646502  
35.49479752  
15.79340071  
-1.438887493  
-10.9122437  
-9.945295149  
0.4382847368  
15.77207391  
29.7597724  
36.64044729  
33.35054486  
20.5839244  
2.31660516  
-15.96585861  
-29.53301414  
-36.16069699  
-36.62872418  
-33.82580833  
-30.97472599  
-29.88258837  
-30.0705775  
-29.17883142  
-24.40369785  
-14.22129554  
0.4788354858  
16.42598978  
29.17128997  
34.90390404  
32.04096407  
21.87427786  
8.008545918  
-5.119606784  
-13.96197863  
-17.08019292  
-15.40620643  
-11.53444107  
-8.44504873  
-8.242048659  
-11.39712505  
-16.70879037  
-21.87409612  
-24.37293897  
-22.33655941  
-15.17133609  
-3.838561659  
9.229267159  
20.57542043  
26.51979984  
24.2331802  
12.85790535  
-5.71198236  
-26.82583896  
-44.11504384  
-51.45808509  
-45.28888075  
-26.34492666  
0.008175757083  
25.27276332  
40.78347355  
41.07143154  
26.23577503  
2.207260352  
-21.38706148  
-35.00749434  
-33.09817054  
-16.41651505  
8.26799185  
31.0392885  
43.05049471  
40.24660365  
24.95045265  
4.623465799  
-11.60402233  
-17.02787008  
-10.21947512  
4.632830733  
19.96152936  
28.50227859  
26.64064683  
15.86028309  
1.689624178  
-9.228625601  
-12.43129715  
-7.653182256  
1.381020715  
9.197856144  
11.63468973  
8.110599532  
1.930022219  
-1.537113272  
2.141148729  
13.8268177  
29.93374212  
43.81138402  
48.76675251  
41.27269065  
22.80242757  
-0.6140128364  
-20.92160916  
-31.47869871  
-29.81333012  
-18.46739695  
-3.629112211  
7.711758261  
10.71578486  
4.430874218  
-8.338055207  
-22.74974059  
-34.24419038  
-40.29588464  
-40.86307665  
-37.54535099  
-32.13050159  
-25.45454904  
-17.21628912  
-6.764183619  
5.726068699  
18.50954908  
28.54455708  
32.76198998  
29.70306638  
20.61270263  
9.292068693  
0.6286743027  
-1.577482867  
3.543234246  
13.35473557  
22.7682148  
26.50257816  
21.53607009  
8.614048643  
-7.900266589  
-21.78587494  
-27.55883854  
-22.76215969  
-8.976064077  
8.832780974  
24.27537059  
31.94177761  
29.25808346  
17.1396968  
-0.6550108049  
-19.04384118  
-33.32355706  
-40.43881913  
-39.50597207  
-31.63302949  
-19.30399156  
-5.625988815  
6.371840269  
14.33187312  
17.04766128  
14.77276075  
9.221705624  
3.120210325  
-0.7032857129  
-0.4567025215  
3.686432642  
9.34822079  
12.66748709  
9.84435567  
-1.054880838  
-18.81860997  
-38.99994151  
-55.2207566  
-61.46591399  
-54.48117133  
-35.26852564  
-8.997598643  
16.70738724  
34.46282416  
39.74314628  
32.39230337  
16.46657248  
-1.464042512  
-14.82130931  
-19.32132621  
-14.22474984  
-2.17358408  
12.16040002  
23.96238347  
29.93264081  
29.15867785  
23.03409602  
14.43591437  
6.587951298  
2.039600964  
2.032824836  
6.328754989  
13.41826754  
20.9892353  
26.5360893  
28.01894306  
24.46541682  
16.36744903  
5.708891978  
-4.483480764  
-11.02050734  
-11.62847105  
-5.849184154  
4.611370361  
16.28744725  
25.0267877  
27.36576284  
21.69732245  
8.789416597  
-8.530098068  
-26.3716639  
-41.05179916  
-50.13921151  
-52.92245622  
-50.21373221  
-43.68325586  
-35.07882041  
-25.67055711  
-16.09708609  
-6.575392328  
2.723649717  
11.37139914  
18.60544079  
23.49962353  
25.27663127  
23.61140516  
18.80343863  
11.76786923  
3.865613852  
-3.373505538  
-8.575144928  
-10.83804292  
-9.983314599  
-6.657824069  
-2.216137729  
1.647349165  
3.446828339  
2.455661465  
-0.9763152841  
-5.524345598  
-9.429081386  
-11.27938964  
-10.68130342  
-8.456277732  
-6.202869544  
-5.370661141  
-6.283560913  
-7.650259864  
-6.927891826  
-1.509151815  
9.740942299  
25.3386254  
41.09082651  
51.30386263  
50.93386788  
37.82215273  
14.01435574  
-14.52028588  
-39.79126912  
-54.61195374  
-55.20654968  
-42.51332425  
-21.64116013  
0.2678618492  
16.83452116  
24.7033546  
24.35592568  
19.24803497  
13.79812478  
11.23472341  
12.29375239  
15.28093624  
17.32424028  
16.08324081  
11.01954536  
3.621672701  
-3.448272299  
-7.766875195  
-8.346883447  
-6.005525226  
-2.759031161  
-0.6197749714  
-0.4730624891  
-1.639044291  
-2.337076107  
-0.7777678296  
3.721715079  
10.20370998  
16.4018106  
19.76340598  
18.63468482  
13.01593423  
4.541855301  
-4.247956268  
-10.93402102  
-14.02016684  
-13.18072837  
-8.964155075  
-2.269931126  
6.002451775  
14.91206356  
23.14757115  
28.77693987  
29.46257552  
23.26987221  
9.790596112  
-9.011631603  
-28.8388784  
-44.23430105  
-50.58132043  
-46.11125554  
-32.95364892  
-16.5906992  
-3.770649965  
0.3199839629  
-5.602874574  
-18.17009404  
-30.64110045  
-35.75373731  
-28.93856649  
-10.48511149  
14.32196769  
37.19256037  
50.1047847  
48.46457378  
32.82747769  
8.521254795  
-16.56238207  
-34.97412973  
-42.21880092  
-37.81663427  
-24.69200305  
-7.427605665  
9.653736357  
23.70220434  
33.47446652  
38.6406844  
38.93276727  
33.79664894  
22.81645627  
6.630808285  
-12.31948432  
-29.86353177  
-41.23260232  
-42.89083876  
-34.23528817  
-18.2693879  
-0.7563288478  
11.94183405  
15.47465637  
9.409196723  
-2.477124215  
-13.73692348  
-18.0238243  
-11.91269915  
3.469528466  
22.74374963  
38.41365354  
43.93916879  
36.44317333  
17.90732589  
-5.630873391  
-26.51235694  
-38.4728538  
-38.97523855  
-29.91741943  
