-97.86715125  
-127.183917  
-144.9893147  
-144.1010808  
-121.7850085  
-80.8768925  
-29.0070167  
23.74433944  
67.83934613  
96.82573607  
108.6166121  
105.2713252  
91.63202463  
73.51152043  
56.11319818  
43.06500565  
36.07612947  
34.98399077  
37.95371928  
41.77042085  
42.35461505  
35.67032215  
19.01222386  
-7.655558089  
-40.88301183  
-74.00301076  
-98.70484354  
-107.5735509  
-96.73587386  
-67.55058542  
-26.54573902  
16.5330182  
51.90769515  
72.97743383  
78.28670104  
71.48687933  
59.36883433  
48.8553667  
44.25877587  
45.93799092  
50.82111988  
54.40461434  
53.19473211  
46.41934291  
36.24413242  
26.48146197  
20.50386221  
19.43215258  
21.50001278  
22.89732502  
19.66999206  
9.746463731  
-5.883991918  
-23.39793445  
-37.65470295  
-44.29238057  
-41.45084614  
-30.38248572  
-14.7602063  
0.9033274951  
12.93784125  
19.53992884  
20.77138207  
17.70941868  
11.34445288  
1.907615184  
-10.96983986  
-27.36077478  
-45.9571877  
-63.51471082  
-75.3330896  
-76.77770622  
-65.29089858  
-42.00471882  
-12.12919182  
16.25383281  
34.6949551  
37.29862932  
22.93767582  
-4.142915395  
-35.63441933  
-61.94410237  
-75.42810018  
-72.88382353  
-56.40181381  
-32.31746154  
-8.727444502  
7.444720755  
12.73177769  
7.964338014  
-2.521239055  
-12.86845968  
-18.02313042  
-15.48386251  
-5.878654286  
7.720898218  
21.33449532  
31.75692446  
37.70979475  
40.07076353  
41.20394813  
43.77120663  
49.56333575  
58.80735567  
70.15171023  
81.22980047  
89.49285064  
92.95954567  
90.64294886  
82.60605766  
69.75917961  
53.57309758  
35.82957181  
18.42098263  
3.124953577  
-8.718824542  
-16.60983795  
-21.2182566  
-24.42480564  
-28.89615386  
-37.20096833  
-50.71041548  
-68.70713159  
-88.13984729  
-104.2669229  
-112.0866156  
-108.0971021  
-91.72673064  
-65.8376913  
-36.03114829  
-8.950159735  
9.809033234  
17.38927692  
14.32990664  
3.972302316  
-9.086697306  
-20.80720819  
-29.01573913  
-33.70183077  
-36.27543819  
-38.24487802  
-40.03518298  
-40.57721328  
-37.89560922  
-30.39971786  
-18.19009068  
-3.633508454  
9.218778661  
16.23235154  
15.12950677  
6.836200859  
-4.508333863  
-13.05399283  
-13.71773959  
-4.582489399  
11.90645505  
29.61621937  
41.13959817  
41.00907633  
28.33754512  
7.669857433  
-12.45732555  
-22.76468122  
-16.9888705  
5.434501657  
38.94271421  
73.91379387  
100.401893  
111.9781657  
108.056189  
93.73088864  
77.24181787  
66.20837308  
64.30891378  
69.85784559  
76.86507676  
78.03976444  
68.33013393  
47.36805817  
19.7098346  
-7.213228639  
-26.46670967  
-34.7397818  
-33.78132384  
-29.48341556  
-29.02899314  
-37.39791822  
-54.80930042  
-76.24710915  
-93.28369556  
-97.41205318  
-83.47031582  
-51.75649928  
-8.041594081  
38.39810932  
77.82271741  
102.9019501  
110.3989156  
101.2619513  
79.41722893  
50.00900447  
17.87863997  
-13.24071519  
-40.79742113  
-63.09819848  
-79.00897734  
-87.92458358  
-89.96485101  
-86.15008561  
-78.30550129  
-68.6306283  
-59.10879019  
-51.06103969  
-45.07365079  
-41.29125868  
-39.81637976  
-40.86379665  
-44.46432836  
-49.83369934  
-54.83000497  
-56.01023879  
-49.56554903  
-32.94211049  
-6.481863613  
25.78122128  
56.79342523  
78.62265106  
85.33999608  
75.43875629  
52.65232636  
24.65876355  
0.09740168748  
-14.86407649  
-18.89236325  
-15.68275807  
-11.85170636  
-13.4654639  
-22.81199112  
-36.9548661  
-48.81042191  
-50.32151255  
-36.30800672  
-7.22712965  
30.45128945  
66.47689503  
90.70514942  
96.95287482  
85.18333851  
61.16303423  
33.8703093  
11.89313746  
0.3974343091  
-0.1417288546  
6.848877503  
16.23854154  
23.60296465  
26.73102363  
25.71770124  
21.91661801  
16.57245417  
10.00084475  
1.749725043  
-8.473093726  
-19.80643911  
-29.93700516  
-35.8526915  
-35.37124858  
-28.65144846  
-18.79113993  
-11.00468591  
-10.56417763  
-20.34533433  
-39.09412093  
-61.28480377  
-78.76771571  
-83.62553792  
-71.12588921  
-41.60982178  
-0.6009603057  
42.86481263  
79.01916861  
100.2343015  
103.0490927  
88.81779076  
62.97489647  
33.32324439  
7.932930485  
-6.808138735  
-7.616087138  
5.002410198  
26.89229093  
51.23070541  
70.23556702  
77.3040218  
69.06543975  
46.70610863  
16.00891078  
-14.10636258  
-34.2353173  
-37.53311867  
-22.10784382  
8.125397755  
44.49093658  
76.16729534  
93.45657464  
90.58168215  
67.11409607  
27.69824252  
-19.62447412  
-65.75148745  
-102.6925217  
-125.0146719  
-130.4060307  
-119.5528548  
-95.65254112  
-63.78360877  
-30.1574044  
-1.151822362  
17.90547649  
24.01515781  
17.42225289  
1.691286356  
-17.31618762  
-33.37507478  
-42.09202192  
-42.48520577  
-37.23415883  
-31.41286659  
-30.1897908  
-36.47093529  
-49.53039852  
-65.25140881  
-77.87963554  
-82.49567727  
-77.08609799  
-63.28683013  
-45.50023625  
-28.84788884  
-16.94621498  
-10.53893895  
-7.571597572  
-4.582884606  
1.335250408  
10.99521404  
22.72244059  
33.25385697  
39.42652784  
39.79465231  
35.38703422  
29.27113026  
25.18199134  
25.90416026  
32.16720121  
42.51431236  
54.10913321  
64.01225892  
70.29557395  
72.52350786  
71.500887  
68.55745119  
64.81979584  
60.84061393  
56.68876326  
52.31987397  
47.90790668  
43.89006452  
40.69975263  
38.38847178  
36.42669142  
33.86963776  
29.84004662  
24.06004331  
17.0954372  
10.11437833  
4.235253136  
-0.199887914  
-4.00039344  
-8.867874151  
-16.54038437  
-27.7101576  
-41.25447528  
-54.22395782  
-62.70425637  
-63.25971211  
-54.37466057  
-37.27460032  
-15.75373916  
4.955720322  
19.84736264  
25.71283965  
22.06156861  
11.10628905  
-3.106972056  
-16.05912792  
-24.12845195  
-25.56095046  
-20.81673878  
-12.28010937  
-3.482101159  
1.930871513  
1.224432885  
-6.64283594  
-20.68699791  
-38.13119744  
-55.18420499  
-68.17044492  
-74.6601472  
-74.19286861  
-68.28986476  
-59.7097125  
-51.22147753  
-44.4111047  
-39.06460094  
-33.44288652  
-25.35990217  
-13.57439088  
1.189592991  
16.15489005  
27.48485669  
31.98707773  
28.77500288  
20.08850244  
10.80521361  
6.744083065  
12.41193294  
29.11635682  
54.2331933  
81.93557638  
105.0846226  
117.5249441  
115.9164573  
100.4928307  
74.62093631  
43.50404028  
12.62161546  
-13.5480495  
-32.24103147  
-42.57901384  
-45.40157867  
-42.94781996  
-38.43365958  
-35.44030085  
-37.0382024  
-44.74383819  
-57.64101153  
-72.1275375  
-82.63409258  
-83.29959265  
-70.12191785  
-42.77048455  
-5.252668241  
34.98226873  
69.27873063  
90.53567695  
95.41298188  
85.11854437  
64.51866823  
40.03589673  
17.29850699  
-0.4597198657  
-12.67875457  
-20.53723633  
-25.485955  
-28.12234751  
-28.00192581  
-24.39349927  
-17.41861249  
-8.772487304  
-1.451278718  
1.515828686  
-1.282240584  
-8.526368343  
-16.32936969  
-19.79438626  
-15.35083323  
-2.769237023  
14.19798447  
29.01431597  
34.998265  
28.28445592  
9.765430401  
-14.91948042  
-37.42554235  
-49.93650002  
-48.21358708  
-33.16317911  
-10.28891566  
12.67451933  
28.88070294  
34.90828635  
31.71181237  
23.72665189  
16.67104628  
15.08553807  
20.64865  
31.86053629  
45.03542545  
56.00796612  
61.75280675  
61.28963919  
55.65442046  
47.14089815  
38.26171311  
30.8749765  
25.73315936  
22.47395876  
19.91744154  
16.50311544  
10.75904145  
1.754255317  
-10.51396649  
-24.8988015  
-39.19313028  
-50.62490913  
-56.70253478  
-56.14738631  
-49.51823222  
-39.17773937  
-28.50026115  
-20.58067978  
-16.99555545  
-17.2220392  
-19.06672827  
-19.98570011  
-18.70736717  
-16.34229438  
-16.3266266  
-23.05358472  
-39.68332276  
-66.07959124  
