24.9980346  
15.05947377  
4.596064294  
-4.983801802  
-13.23134873  
-20.36245969  
-26.64658415  
-31.88277929  
-35.27945187  
-35.80308482  
-32.79097234  
-26.47732696  
-18.13126848  
-9.711652444  
-3.190993657  
0.1417757898  
0.09613318962  
-2.437504187  
-5.878634684  
-8.50939474  
-8.952820863  
-6.436150846  
-0.842972145  
7.341598521  
17.08793612  
26.86318918  
34.74181394  
38.70491475  
37.17115362  
29.64334923  
17.20560854  
2.569268033  
-10.50566818  
-18.3272027  
-18.56447502  
-11.20577452  
1.259547988  
14.59156749  
24.25302903  
27.0217419  
22.12414006  
11.43281863  
-1.346613919  
-12.15556465  
-18.11682771  
-18.5078577  
-14.81586043  
-9.916030005  
-6.772005099  
-7.222661551  
-11.33302397  
-17.50864597  
-23.24016867  
-26.10925245  
-24.63773715  
-18.69482279  
-9.403520688  
1.308889053  
11.27968539  
18.59755954  
21.9203589  
20.64521684  
14.99383263  
6.039025104  
-4.371772531  
-13.87744098  
-20.0890357  
-21.22924229  
-16.73143359  
-7.549108479  
4.00943734  
14.93350684  
22.45168174  
24.92017828  
22.31292562  
16.12194861  
8.720010307  
2.460731204  
-1.110951274  
-1.637367942  
0.1809595215  
3.085066332  
5.841775403  
7.630791205  
8.099436328  
7.153732814  
4.703255211  
0.5876423894  
-5.218671883  
-12.22894474  
-19.15399671  
-23.97244002  
-24.47985766  
-19.18164472  
-8.166797258  
6.474701637  
20.99229881  
31.06902672  
33.32131571  
26.6318293  
12.75307652  
-4.123695048  
-18.7339306  
-26.55642743  
-25.39993165  
-16.15595197  
-2.435172311  
10.76226775  
18.82698931  
19.10301783  
11.67817986  
-0.8314900808  
-14.34920437  
-24.80450711  
-29.44846256  
-27.58244895  
-20.52978769  
-10.96851512  
-1.944618201  
4.065483489  
5.764408958  
3.204150805  
-2.432543723  
-9.292354405  
-15.39035711  
-19.10298205  
-19.54041581  
-16.7528656  
-11.73166325  
-6.172312108  
-2.00283021  
-0.7559428194  
-2.956088599  
-7.750563449  
-12.98867072  
-15.82304102  
-13.70540786  
-5.452737149  
8.036301197  
23.76513989  
37.43951106  
44.8788495  
43.55407948  
33.65799569  
18.2418345  
2.286810253  
-9.001710382  
-12.05899923  
-6.267993435  
5.816755384  
19.43881264  
29.43960141  
32.18743347  
26.87986516  
15.71867524  
2.917777562  
-7.020990655  
-11.04296403  
-8.586311995  
-1.553055322  
6.7123341  
12.93998364  
15.26859211  
13.83886639  
10.4498991  
7.510361815  
6.817545496  
8.738712159  
12.14490718  
15.07222429  
15.74290847  
13.42864829  
8.744325702  
3.26071444  
-1.334668347  
-4.085624866  
-5.195921479  
-5.837688067  
-7.460007948  
-10.96763007  
-16.19637509  
-21.9484588  
-26.55833572  
-28.68709815  
-27.93320154  
-24.95128611  
-21.0340384  
-17.39563242  
-14.55073189  
-12.1294822  
-9.233249186  
-5.141477784  
0.0195724553  
5.032999012  
7.952147033  
6.937238835  
1.184843165  
-8.501294987  
-19.79539396  
-29.58570531  
-35.05515225  
-34.64649979  
-28.51738199  
-18.33638751  
-6.569686116  
4.387716234  
12.86465663  
18.13943992  
20.26755454  
19.72547844  
17.12175162  
13.11060168  
8.460054051  
4.096533267  
0.958616468  
-0.3595934781  
-0.000359602942  
1.013863452  
1.100157515  
-1.122117266  
-5.933043353  
-11.95779781  
-16.36504755  
-15.90799755  
-8.462723894  
5.614344957  
23.02421212  
38.34948559  
45.98809581  
42.46354213  
28.11030191  
7.314695365  
-12.92476377  
-25.61288838  
-26.48783408  
-15.70289608  
2.278518546  
20.5419867  
32.53029631  
34.58215511  
27.12084688  
14.04232926  
0.6768535065  
-8.667955443  
-12.43010217  
-12.03212849  
-10.63315741  
-11.11530845  
-14.37511789  
-18.80051024  
-21.18763912  
-18.60671087  
-10.23437811  
1.822312572  
13.18550317  
19.08153694  
16.54888513  
5.914525749  
-9.184598528  
-23.26491405  
-31.26918509  
-30.60193281  
-22.01606347  
-9.00664653  
3.92037861  
13.23039184  
17.65717518  
18.27409795  
17.43580319  
17.23899342  
18.34465316  
19.75846041  
19.62387308  
16.53612492  
10.61803747  
3.742499521  
-1.244041298  
-1.900923883  
2.547650042  
10.73943151  
19.74371805  
26.38838197  
28.66854799  
26.52569376  
21.62215664  
16.26430354  
12.06981344  
9.099330287  
5.915217838  
0.5289675713  
-8.281745252  
-20.00949517  
-32.35043538  
-42.1060963  
-46.61067519  
-44.95468966  
-38.37231688  
-29.59100232  
-21.4844946  
-15.73737047  
-12.22508614  
-9.433336598  
-5.680643459  
-0.4600414751  
4.875760681  
7.538901018  
4.711277193  
-4.745691299  
-19.17329412  
-34.25466646  
-44.48722428  
-45.40424035  
-35.55417694  
-17.30592631  
3.942447787  
21.84860363  
31.60565493  
31.73464403  
24.42542987  
14.3268482  
6.385512413  
3.736062887  
6.57518367  
12.45484936  
17.75631801  
19.57717201  
17.12171206  
11.97528192  
7.207617704  
5.804105166  
9.207367005  
16.64593168  
25.50954352  
32.5214561  
35.10788622  
32.32807375  
