47.52194963  
37.18736658  
25.33724964  
14.16129222  
4.758509551  
-2.767846185  
-8.731690283  
-13.20311038  
-15.67145457  
-15.23295632  
-11.20025193  
-3.788727641  
5.524439721  
14.2218555  
19.51788387  
19.37638258  
13.33689062  
2.783998869  
-9.467043391  
-20.10441707  
-26.40076404  
-27.03050253  
-22.35042399  
-14.10915685  
-4.773675809  
3.227055733  
8.075111182  
8.826555607  
5.399319634  
-1.580638823  
-10.94371828  
-21.10339043  
-30.19378158  
-36.30922559  
-37.89136234  
-34.19943674  
-25.69025735  
-14.10026751  
-2.100336634  
7.437431814  
12.3359617  
11.83876537  
6.861313501  
-0.3639531073  
-7.137106049  
-11.31060833  
-12.07358568  
-10.18153731  
-7.538925796  
-6.308547462  
-7.917123547  
-12.36674844  
-18.13357959  
-22.69444654  
-23.47249925  
-18.83534757  
-8.771796728  
4.991780708  
19.46069531  
31.24774589  
37.55610964  
36.96399419  
29.79820496  
18.02527191  
4.724357886  
-6.701200273  
-13.37683227  
-13.68127942  
-7.680346068  
2.840893704  
14.78543232  
24.53177894  
28.93242739  
26.26153609  
16.81803307  
2.952904986  
-11.55014297  
-22.59479054  
-27.05174777  
-23.76634109  
-13.92972426  
-0.6642843025  
12.03805163  
20.63975383  
23.15846978  
19.6533433  
11.95777176  
2.824799375  
-5.123563651  
-10.20372625  
-11.94314596  
-10.79678417  
-7.549866873  
-2.77914816  
3.321195241  
10.66890806  
18.77036528  
26.30994768  
31.19532796  
31.18120447  
24.87587962  
12.67751106  
-2.867770625  
-17.59602116  
-27.07086866  
-28.27279548  
-20.93529545  
-7.903369715  
5.746204028  
14.56876835  
14.90110699  
6.425452126  
-7.530339712  
-21.14307716  
-28.28959472  
-24.93924796  
-10.79404977  
10.48384416  
32.55534851  
48.69334546  
54.17912044  
47.88385927  
32.46047368  
13.13731029  
-4.346793982  
-15.82112495  
-19.97807308  
-18.45046402  
-14.74823371  
-12.57432477  
-14.24069494  
-19.80118373  
-27.1794853  
-33.15220861  
-34.72695308  
-30.34722807  
-20.48279579  
-7.443501824  
5.438417104  
14.90399954  
18.73824186  
16.31824683  
8.630992561  
-2.15696109  
-13.37645864  
-22.5518899  
-27.93999688  
-28.82108216  
-25.5320147  
-19.28186181  
-11.81384364  
-4.985095516  
-0.3407972277  
1.235428548  
-0.2835406358  
-4.083803583  
-8.745133359  
-12.64297253  
-14.41071503  
-13.32900499  
-9.523972867  
-3.911789948  
2.09597703  
7.036981313  
9.857064807  
10.24189877  
8.716703498  
6.477093227  
4.995455087  
5.518583808  
8.614584141  
13.92311902  
20.20980512  
25.73049566  
28.80242127  
28.39169667  
24.50140298  
18.19880117  
11.24793096  
5.469451788  
2.072966186  
1.236476457  
2.120912695  
3.32749732  
3.60767989  
2.506531407  
0.6300707297  
-0.6166392251  
0.268112717  
4.048900845  
10.18651295  
16.84369846  
21.51934604  
22.07276989  
17.6952534  
9.379647727  
-0.3582860796  
-8.420691522  
-12.33818763  
-11.22151554  
-6.03442299  
0.9250053126  
7.081159448  
10.67412169  
11.37805447  
10.17301293  
8.571224201  
7.623269129  
7.239943305  
6.203746339  
2.884125248  
-3.706260915  
-13.07948252  
-23.14414725  
-30.92078157  
-33.80897059  
-30.80913559  
-23.08527399  
-13.54907751  
-5.616889408  
-1.707443942  
-2.199324408  
-5.364714138  
-8.329246941  
-8.599757769  
-5.406526143  
-0.1781925862  
4.116438127  
4.464596272  
-0.5830967384  
-10.00126866  
-20.56185728  
-28.2027597  
-29.85956  
-24.87932544  
-15.31955428  
-4.969251799  
2.444494789  
4.99252635  
3.368377037  
0.3916895829  
-0.5627942723  
2.580450244  
9.408196665  
17.12218992  
21.91953971  
20.97823869  
14.04333086  
3.773904214  
-5.391790163  
-9.354081548  
-6.432827334  
1.638042941  
10.3598888  
14.53095455  
10.78148134  
-0.6303317586  
-15.66731588  
-28.15562892  
-32.51568869  
-26.33462139  
-11.57112429  
6.205263291  
20.23300753  
25.55256214  
21.21274582  
10.67910064  
0.253956527  
-3.773177306  
2.046518746  
16.78265784  
35.54069263  
51.60110612  
59.28532562  
56.25938788  
44.29011011  
28.2076191  
13.64502885  
4.640981752  
2.180558662  
4.245378421  
7.207378977  
7.790125255  
4.617474105  
-1.355813678  
-7.642487698  
-11.7517683  
-12.62135991  
-11.2206175  
-10.04403891  
-11.78256287  
-17.86016907  
-27.5696736  
-38.22614051  
-46.2521681  
-48.669914  
-44.30953623  
-34.21601205  
-21.14064761  
-8.427784116  
1.155087111  
6.144634265  
6.45018771  
2.899837799  
-3.367391105  
-11.29197822  
-19.90315393  
-28.06608513  
-34.27542187  
-36.78631221  
-34.15968342  
-26.00804965  
-13.53461354  
0.5160341017  
12.62331661  
19.73818399  
20.49351653  
15.81048608  
8.566851966  
2.411719863  
0.2172481867  
2.853002844  
8.847140946  
15.10706214  
18.38847626  
16.85222864  
10.99990584  
3.555563583  
-1.661824006  
-1.377047599  
5.714260828  
18.34642948  
33.15000245  
45.94767079  
53.29664094  
53.62337984  
