60.75248052  
50.68852947  
33.36949421  
13.24101243  
-5.411827742  
-19.70098708  
-28.57549839  
-32.49927821  
-32.71729082  
-30.54938926  
-27.01078158  
-22.80259533  
-18.49921785  
-14.69112474  
-11.93453192  
-10.5336024  
-10.31989911  
-10.61334582  
-10.44343655  
-8.949239257  
-5.761963973  
-1.174926779  
3.97904878  
8.662752727  
11.99329037  
13.44119859  
12.8019663  
10.02403408  
5.071049401  
-2.030485596  
-10.94449894  
-20.72996524  
-29.73775103  
-35.88401809  
-37.29680687  
-33.10513398  
-24.00190101  
-12.25347748  
-1.051866005  
6.587098676  
8.93721215  
6.20108703  
0.3775796038  
-5.598924463  
-9.072684843  
-8.698153557  
-4.845007395  
0.7681122207  
5.991922187  
9.251708936  
10.16071783  
9.48671697  
8.553109799  
8.43601213  
9.397248938  
10.83862796  
11.7627257  
11.44530217  
9.915096942  
7.955782533  
6.626230618  
6.581265284  
7.605455993  
8.667475973  
8.513191612  
6.495014607  
3.164144327  
0.2350206278  
-0.1564269709  
3.406803  
10.64905532  
19.34037166  
25.98404351  
27.23065439  
21.41076514  
9.466358208  
-5.203921161  
-17.98789307  
-24.8858054  
-24.12729507  
-16.86397044  
-6.634361  
2.148630819  
6.001330349  
3.667788287  
-3.622298971  
-12.96872593  
-21.22506462  
-26.31500321  
-27.83091012  
-26.70651775  
-24.24240512  
-21.08681811  
-16.77226108  
-10.08585573  
-0.0774062076  
12.8678679  
26.54481342  
37.41558846  
41.96043883  
38.31295136  
27.39194519  
12.91426362  
0.1581758526  
-6.072873272  
-3.437836435  
6.875922609  
20.5087666  
31.60062301  
35.10228311  
28.77232602  
14.04242928  
-4.580198005  
-21.28941392  
-31.17668564  
-31.95400164  
-24.55560502  
-12.47209684  
-0.196288484  
8.515725891  
11.86218988  
10.2788184  
5.805864084  
0.9330055504  
-2.524773132  
-4.060620665  
-4.43708148  
-5.10421708  
-7.413082589  
-11.98800563  
-18.4868256  
-25.7677499  
-32.31045668  
-36.67365423  
-37.8231747  
-35.27856436  
-29.12866434  
-20.00118805  
-9.031454505  
2.197033807  
11.81647332  
17.99998652  
19.42178152  
15.72093381  
7.777160085  
-2.365808408  
-11.9740122  
-18.37929922  
-19.77018738  
-15.73620486  
-7.365080854  
3.139326589  
13.17155411  
20.50720987  
23.88505059  
23.21932335  
19.4301264  
14.0180275  
8.574786068  
4.396770621  
2.28054965  
2.483655402  
4.77922717  
8.539006731  
12.82845711  
16.54554984  
18.64220309  
18.41931484  
15.81170373  
11.52493366  
6.900643867  
3.483598217  
2.407636158  
3.840517728  
6.755750626  
9.200743873  
9.026598454  
4.823863874  
-3.328069545  
-13.65902106  
-23.21377985  
-28.92326875  
-28.82965076  
-22.94327772  
-13.32766153  
-3.319021017  
3.83377644  
6.345252905  
4.6769322  
1.347522828  
-0.1986520918  
2.790632881  
10.9710092  
22.35459444  
32.91937502  
38.17873073  
35.08303616  
23.45090876  
6.296008594  
-11.13619067  
-23.26785337  
-26.27160725  
-19.49963435  
-5.689472988  
10.1175537  
22.48520135  
27.53803043  
24.19785692  
14.26731097  
1.422034856  
-10.38680489  
-18.42007215  
-21.93986253  
-22.06538175  
-20.88149858  
-20.28652311  
-21.12094693  
-22.92878004  
-24.37452068  
-24.036595  
-21.15729376  
-16.00016796  
-9.691760024  
-3.684032834  
0.8631567125  
3.479953059  
4.411726993  
4.321263334  
3.871227945  
3.41978405  
2.968541718  
2.344874625  
1.472038078  
0.5447156489  
-0.003251412445  
0.2752010471  
1.546400202  
3.495654976  
5.330128976  
5.989377196  
4.472206228  
0.1518687163  
-7.016904793  
-16.42614877  
-26.85016537  
-36.55338591  
-43.4735679  
-45.52302877  
-41.04373668  
-29.37381485  
-11.36422161  
10.40333198  
31.92544995  
48.68017724  
56.93423862  
55.02427151  
44.09049375  
27.87818506  
11.56473399  
-0.01540880891  
-4.075926722  
-0.8147494322  
6.832196339  
14.54019302  
18.48254077  
16.9388201  
10.9208907  
3.551799296  
-1.49786095  
-1.776916487  
2.805810264  
9.994975283  
16.32858735  
18.83520385  
16.45475911  
10.49336455  
3.905817547  
-0.2155556985  
-0.1727970364  
3.562349737  
8.7158459  
12.51635064  
13.2414155  
11.17193382  
8.418892119  
7.673771377  
10.51539225  
16.17955701  
21.5084273  
22.22306013  
14.98223485  
-0.7528975309  
-22.00046823  
-43.12998038  
-58.01625766  
-62.53343193  
-56.2496028  
-42.53077711  
-27.0000023  
-15.07021598  
-9.705325537  
-10.44372817  
-14.09990679  
-16.73877843  
-15.90054844  
-11.94088209  
-7.802991197  
-7.332831565  
-12.99401687  
-24.16410076  
-36.93121358  
-45.58336162  
-45.14167209  
-33.74928046  
-13.75625486  
9.065647605  
27.86835858  
37.58188616  
36.97781478  
29.00467089  
19.26153079  
13.33761267  
14.26039697  
21.22292022  
30.14738064  
35.78044792  
34.31460467  
25.30913241  
12.0351232  
0.1092538565  
-4.940827941  
-0.07887259397  
13.91498355  
32.72366987  
50.18403609  
60.60827118  
