51.08775671  
36.34921838  
15.33823464  
-7.256540136  
-26.48144985  
-38.56852255  
-41.9141735  
-37.29851369  
-27.35126002  
-15.53254902  
-5.030528208  
2.054458722  
5.031740103  
4.452125238  
1.622729464  
-1.953538179  
-5.011239452  
-6.732653284  
-6.754018129  
-5.057239746  
-1.845306854  
2.540631796  
7.657815418  
12.98329788  
17.95293291  
22.02850987  
24.77665083  
25.93200919  
25.42507617  
23.37479175  
20.05994256  
15.8826324  
11.32290092  
6.87148587  
2.931727503  
-0.2951462567  
-2.895390396  
-5.23781119  
-7.836857036  
-11.0998967  
-15.04473925  
-19.12130221  
-22.25876959  
-23.18155643  
-20.91474114  
-15.2913226  
-7.2331708  
1.360130722  
8.13235536  
11.04194386  
9.097320733  
2.758006927  
-6.179621369  
-15.18931877  
-21.88878373  
-24.83946012  
-23.96077137  
-20.4082178  
-15.98956403  
-12.38233265  
-10.48760278  
-10.17955814  
-10.52546927  
-10.34103813  
-8.806614287  
-5.858843775  
-2.189461821  
1.129204671  
3.202684843  
3.789406111  
3.47028652  
3.43217922  
4.956723252  
8.831940341  
14.93372825  
22.15066435  
28.68715076  
32.63499368  
32.6088967  
28.22699597  
20.27896259  
10.53258583  
1.243140391  
-5.483632666  
-8.287783068  
-6.937887404  
-2.388215095  
3.513203873  
8.588467234  
11.00382039  
9.845705767  
5.407406646  
-0.9241133009  
-7.159535498  
-11.41619844  
-12.59095024  
-10.73977223  
-7.007151369  
-3.120933756  
-0.6486922652  
-0.3210330895  
-1.713319841  
-3.435551869  
-3.766040413  
-1.466633926  
3.57340164  
10.15774159  
16.16735874  
19.36641087  
18.29903277  
12.89922574  
4.551704615  
-4.426636024  
-11.66989984  
-15.6431081  
-16.15708547  
-14.31640867  
-11.94155775  
-10.72528325  
-11.48642202  
-13.83116209  
-16.3517604  
-17.2658134  
-15.22268515  
-9.944832881  
-2.448637885  
5.239471183  
10.76165537  
12.25127738  
9.006124374  
1.781337063  
-7.393794118  
-15.81353041  
-20.91732329  
-21.07936135  
-16.12143807  
-7.386713184  
2.658102449  
11.17964681  
15.86354317  
15.64298266  
11.02062186  
3.859019128  
-3.30152769  
-8.161086106  
-9.473368323  
-7.436411546  
-3.497587822  
0.3558751014  
2.528387662  
2.567753485  
1.395861514  
0.893290653  
2.998447019  
8.711361019  
17.45639116  
27.11808684  
34.77327012  
37.8275465  
35.07016105  
27.18223082  
16.46739838  
5.918079026  
-1.971665175  
-6.123708412  
-7.128597165  
-6.747071143  
-6.920570438  
-8.77135016  
-12.0646428  
-15.37426636  
-16.85141781  
-15.20935244  
-10.44036371  
-3.919433635  
2.150172293  
5.678867792  
5.573235973  
2.154717235  
-3.053441587  
-8.034310469  
-11.11948733  
-11.56978082  
-9.659345638  
-6.29524598  
-2.434026702  
1.366453997  
5.03115545  
8.687919874  
12.24173596  
15.10771134  
16.31364392  
14.96042991  
10.80145848  
4.600865288  
-1.981104227  
-6.986925215  
-8.988537273  
-7.736481633  
-4.285544698  
-0.4998794877  
1.841252421  
1.895483249  
0.1236136403  
-2.039690425  
-3.063379147  
-2.295646292  
-0.5045680544  
0.3579371605  
-1.876681448  
-8.333997952  
-18.18190692  
-28.58494492  
-35.66338138  
-36.10405097  
-28.71716982  
-15.19865382  
0.3236230322  
12.84176339  
18.48746671  
16.1443495  
7.92761758  
-1.709025294  
-7.872666603  
-7.319292835  
0.175834823  
11.75583291  
22.74026897  
28.63807017  
27.03134795  
18.52546937  
6.392817239  
-4.881111875  
-11.47432138  
-11.70571292  
-6.513610083  
1.189991393  
7.91645234  
11.07808446  
9.900912385  
5.440042789  
-0.1973019706  
-4.966553526  
-7.776856926  
-8.765190684  
-8.901678792  
-9.21185492  
-10.07094303  
-10.95447176  
-10.76635742  
-8.551928391  
-4.197962415  
1.274346064  
6.011474374  
8.110702132  
6.520851779  
1.625707262  
-4.787676391  
-10.19099898  
-12.33119387  
-10.15862227  
-4.259909177  
3.394013059  
10.27470175  
14.34134167  
14.86049272  
12.66163249  
9.734251906  
8.347159029  
10.05981104  
15.0251823  
21.85242392  
28.06827519  
30.98756408  
28.66269924  
20.57622429  
7.855467127  
-7.030541339  
-20.95930472  
-30.9893071  
-35.08862083  
-32.57184315  
-24.16831853  
-11.75438831  
2.141645665  
14.9202883  
24.44342447  
29.41624486  
29.55926482  
25.55520164  
18.79743589  
11.00492338  
3.796599428  
-1.670000717  
-4.905474351  
-6.091126853  
-5.889430391  
-5.13641224  
-4.53070482  
-4.43382409  
-4.851459468  
-5.589510059  
-6.501171038  
-7.695467907  
-9.5878662  
-12.74052374  
-17.53939404  
-23.84558398  
-30.79569593  
-36.8860694  
-40.36630789  
-39.83033866  
-34.78604557  
-25.96132866  
-15.18508232  
-4.843816469  
2.906823615  
6.876556435  
7.221820085  
5.303315131  
3.062461855  
2.167876576  
3.295605454  
5.865029468  
8.366077443  
9.154483644  
7.372326395  
3.570976425  
-0.282635649  
-1.482662279  
2.288409197  
11.83108909  
25.7832512  
40.77322229  
52.37724007  
56.56197918  
