-3.432881283  
-14.4523379  
-24.09766969  
-30.64062767  
-33.02652444  
-31.19252684  
-25.93674125  
-18.476576  
-9.971179176  
-1.25870122  
7.100539443  
14.58101273  
20.47754255  
23.92622471  
24.2158232  
21.24813611  
15.87838541  
9.88527585  
5.485811615  
4.541869307  
7.784536787  
14.41040976  
22.25911015  
28.5269318  
30.73170792  
27.53452619  
19.09927015  
6.8918902  
-6.924128823  
-20.17811633  
-31.15987039  
-38.72312842  
-42.11228296  
-40.76077117  
-34.31071519  
-22.93900294  
-7.835819736  
8.494971695  
22.44133311  
30.117373  
28.62392924  
17.25192555  
-1.9363924  
-24.52087759  
-45.09973764  
-59.15215681  
-64.63899009  
-62.64023834  
-56.70251744  
-51.12250847  
-48.88182568  
-50.14512077  
-52.02946886  
-49.81974363  
-39.16587034  
-18.3360236  
10.47301324  
41.40412999  
66.77118766  
79.77402516  
77.02875033  
59.89964942  
34.09577981  
7.690240005  
-11.65947832  
-19.22263952  
-14.5203753  
-1.054980913  
15.32721255  
28.70971181  
35.1168966  
33.56520004  
25.90928522  
15.7291551  
6.825757848  
1.937446553  
2.081042733  
6.592894462  
13.66152187  
21.02049152  
26.52888212  
28.53213116  
26.05353661  
18.92440421  
7.903138411  
-5.282436343  
-18.11074064  
-27.76683406  
-31.92317309  
-29.56703564  
-21.52379681  
-10.37170242  
0.3382009623  
7.335903479  
8.887561632  
5.516319108  
-0.1656055817  
-4.505989366  
-4.345848421  
1.596720874  
12.09040051  
23.79606857  
32.56189508  
35.06771189  
30.12392049  
19.08312616  
5.215218342  
-7.649976991  
-16.59971754  
-20.59752134  
-20.55065902  
-18.53652746  
-16.62005228  
-15.85674033  
-15.94810594  
-15.66817502  
-13.78657857  
-9.969174378  
-5.160238826  
-1.225708416  
-0.02721449561  
-2.40314994  
-7.6012408  
-13.49646054  
-17.53926034  
-18.00071246  
-14.90440778  
-10.15296901  
-6.725993341  
-7.272955767  
-12.73840569  
-21.67914886  
-30.64552992  
-35.52296835  
-33.28373206  
-23.3878719  
-8.199907853  
7.798135114  
19.69711308  
24.06072161  
20.2461385  
10.60205545  
-0.5240434809  
-8.541522793  
-10.40376926  
-5.707861544  
3.30193844  
12.7708011  
18.8397735  
19.15636961  
13.71255226  
4.747268093  
-4.162700895  
-9.405100907  
-8.517451002  
-0.8658558737  
12.32046611  
28.44072467  
44.26975567  
56.68489933  
63.20456992  
62.31083185  
53.61942916  
37.96349801  
17.39140419  
-4.994493958  
-25.44760751  
-40.25667748  
-46.58708158  
-43.25347627  
-31.15021486  
-13.14082192  
6.616577159  
23.72500955  
34.65583608  
37.5556101  
32.5168717  
21.2801251  
6.538142481  
-8.867739954  
-22.57842827  
-33.01600023  
-39.36023132  
-41.347747  
-39.0799475  
-32.96563843  
-23.80157276  
-12.88018336  
-1.968811574  
6.944877106  
12.12628618  
12.64081875  
8.755778232  
2.002862329  
-5.176323997  
-10.11707024  
-10.72949964  
-6.133172403  
3.090689088  
15.10887435  
27.41771439  
37.57744843  
43.83845544  
45.45827981  
42.63910556  
36.16474172  
26.92385379  
15.53420739  
2.223712713  
-12.99346664  
-29.93651316  
-47.85355051  
-65.19096175  
-79.67357283  
-88.71760487  
-90.07184755  
-82.48991845  
-66.21241737  
-43.09045231  
-16.29283065  
10.33044273  
33.05144325  
49.01383885  
56.73815892  
56.27915019  
49.04211115  
37.35673494  
23.95051166  
11.45159735  
1.999781544  
-3.014088351  
-3.09694709  
1.292466547  
8.792571328  
17.32501411  
24.44812355  
27.86439709  
25.99478895  
18.46522537  
6.32994208  
-8.092222823  
-21.77499474  
-31.79815695  
-36.17032734  
-34.38838456  
-27.53973349  
-17.91169275  
-8.248227655  
-0.916894523  
2.731665879  
2.618505316  
-0.2300723383  
-4.150573023  
-7.403016472  
-8.623352138  
-7.056609312  
-2.577858682  
4.406491253  
13.07143912  
22.24931054  
30.50040567  
36.26115965  
38.13491098  
35.30432191  
27.93615091  
17.38271081  
6.012703511  
-3.368365829  
-8.366751437  
-7.826610867  
-2.301259196  
6.058959723  
14.21300852  
19.29618887  
19.65030027  
15.41358022  
8.429700757  
1.503424212  
-2.707474043  
-2.729345305  
1.163646477  
7.06764141  
12.18521554  
13.88024908  
10.64579546  
2.637350326  
-8.390101976  
-19.67416353  
-28.32066454  
-32.15107808  
-30.26337373  
-23.17922192  
-12.59677439  
-0.8741925799  
9.58751391  
16.90538038  
20.1004888  
19.23529849  
15.27195971  
9.674449513  
3.84390927  
-1.450282916  
-6.43599244  
-12.3129246  
-20.76014307  
-33.08108529  
-49.27859557  
-67.45727315  
-83.9003665  
-93.94931855  
-93.49147792  
-80.56350969  
-56.44321929  
-25.71702499  
4.841936395  
28.29094099  
39.75194082  
38.04529686  
26.08854674  
9.874641512  
-3.614798887  
-8.793560509  
-3.273482035  
11.55380701  
31.30653135  
50.38936611  
64.01406312  
69.68078843  
67.61680982  
60.13416578  
50.31028982  
40.62773189  
32.14831977  
24.49353879  
16.51318921  
7.229135787  
