68.77794564  
54.27961628  
23.92577105  
-15.31602851  
-53.00785909  
-79.08603872  
-87.54194904  
-78.43089795  
-57.44092886  
-33.30601355  
-14.24142974  
-4.926312586  
-5.229944039  
-11.05052932  
-16.7011197  
-17.65585735  
-12.42047549  
-2.795378177  
7.407188041  
14.43166806  
16.38169359  
13.92673028  
9.675491522  
6.639084669  
6.614796072  
9.302443162  
12.55465058  
13.58192143  
10.47285067  
3.263371369  
-5.960686443  
-13.95676885  
-17.76640467  
-16.0145034  
-9.474036406  
-0.6715556878  
7.240133505  
11.79802395  
12.1439724  
9.174579993  
4.934731731  
1.59752137  
0.5210214462  
1.782763223  
4.334768034  
6.629929259  
7.383296769  
6.119251857  
3.300708065  
0.04837709041  
-2.368848643  
-3.028853359  
-1.648706006  
1.389745929  
5.225480685  
8.797638916  
11.10982466  
11.42295196  
9.373013718  
5.033205839  
-1.070969347  
-8.006983707  
-14.5617016  
-19.44927843  
-21.56422135  
-20.21453154  
-15.27175819  
-7.207077343  
2.972726778  
13.85000878  
23.7506936  
30.93246842  
33.83881922  
31.43955656  
23.61549111  
11.45905192  
-2.691207022  
-15.62987169  
-24.08710639  
-25.76398841  
-20.24130312  
-9.36239704  
3.167390317  
12.93052053  
16.33492864  
11.96564974  
1.194167959  
-12.24626641  
-23.59644017  
-28.80996701  
-26.00586257  
-16.06046039  
-2.129794788  
11.65144228  
21.7113107  
26.17317121  
25.15889562  
20.24966081  
13.47686137  
6.39339944  
-0.3315502134  
-6.676894565  
-12.64129681  
-17.68207014  
-20.62556024  
-20.16368428  
-15.68534432  
-7.953338461  
0.8326523347  
7.749025327  
10.38035854  
7.994790955  
2.04619963  
-4.330928907  
-7.687126329  
-5.892446108  
0.7325233664  
9.369986914  
15.83561406  
16.42228383  
9.633370427  
-2.99692875  
-17.39923596  
-28.5880348  
-32.69995181  
-28.5595838  
-18.10302828  
-5.510162232  
4.532113932  
8.65817595  
5.979903012  
-1.837906829  
-11.48491274  
-19.3876024  
-22.93019551  
-21.0611298  
-14.20092897  
-3.711829877  
8.667403295  
21.12776156  
31.81348551  
38.78689207  
40.22422783  
34.96858116  
23.26786663  
7.281684307  
-9.07885825  
-21.15631619  
-25.14695132  
-19.66668841  
-6.545525905  
9.629131864  
23.16272729  
29.47017775  
26.91251919  
17.4190805  
5.578049942  
-3.426795511  
-6.111154286  
-2.172096945  
5.519871681  
12.3983003  
14.43435248  
10.05649167  
0.8446609785  
-9.315279167  
-16.18082693  
-17.23687993  
-12.88604502  
-6.165225803  
-1.141163035  
-0.7938375946  
-5.452050156  
-12.57271569  
-17.98900381  
-18.02053197  
-11.40498187  
-0.08760273457  
11.54166313  
18.61878719  
18.04971819  
9.960255066  
-2.33315946  
-13.80535008  
-19.94297806  
-18.65514372  
-11.00240907  
-0.4621087373  
8.844529245  
14.06137581  
14.71907143  
12.57829985  
10.35981247  
10.07695449  
11.85860448  
13.86942392  
13.35217285  
8.234155722  
-1.549452649  
-13.71698066  
-24.48694204  
-30.21113786  
-28.99968966  
-21.54779185  
-10.7707624  
-0.440906819  
6.497787284  
9.120302805  
8.663983284  
7.602358416  
8.155826684  
11.01014378  
14.89081364  
17.19887155  
15.37939943  
8.332590195  
-2.835983183  
-15.09806201  
-24.68536705  
-28.61296098  
-25.84025345  
-17.56481998  
-6.57244553  
3.992581799  
11.83554398  
16.16384034  
17.57008983  
17.32669606  
16.54085929  
15.63158595  
14.36070826  
12.31373134  
9.472028661  
6.478974056  
4.395826384  
4.056174036  
5.386089859  
7.11430331  
7.115577984  
3.301380041  
-5.333236613  
-18.01542825  
-32.22432568  
-44.48395997  
-51.59726574  
-51.78673551  
-45.25241332  
-33.93485312  
-20.6432699  
-7.988757319  
2.384539393  
9.971488085  
15.01382789  
17.8700038  
18.5731671  
16.86143796  
12.65826755  
6.681579972  
0.7362373362  
-2.623246752  
-1.041807222  
6.457241888  
18.64527108  
32.10935502  
42.26252748  
45.01886075  
38.45652336  
23.73389842  
4.80878141  
-12.97922357  
-24.89646652  
-28.54231705  
-24.58909835  
-16.24270932  
-7.696337232  
-2.287738139  
-1.178136585  
-3.104969732  
-5.249177472  
-4.745645116  
-0.09236504154  
8.196908226  
17.95379554  
26.48201503  
31.83773053  
33.60549586  
32.79921919  
30.98797274  
29.15834338  
26.96664748  
22.83049155  
14.86099321  
2.171445339  
-14.14168223  
-30.93044173  
-43.99274356  
-49.74873329  
-46.83313875  
-36.82525979  
-23.70932589  
-12.2499473  
-5.996834268  
-5.837507893  
-9.782920061  
-14.09811693  
-15.24558824  
-11.70542923  
-4.777667201  
2.048530606  
4.878180084  
1.487298366  
-7.34008931  
-17.91990829  
-25.23993851  
-25.29431373  
-17.07491975  
-3.234492688  
10.96020148  
19.95591972  
20.46034862  
13.00677317  
1.765204925  
-7.355548459  
-9.453409181  
-2.937247143  
9.719668179  
23.17102194  
31.80231983  
32.52278364  
26.38911307  
18.22319217  
14.319817  
19.26083219  
33.32199795  
51.74559249  
66.33552351  
