54.06133766  
57.52289916  
53.03939176  
40.79310264  
23.32707988  
4.695254962  
-11.07131413  
-21.51267246  
-26.5882053  
-28.41331236  
-29.99284143  
-33.54913548  
-39.26025948  
-45.05128541  
-47.58783094  
-44.03529737  
-33.74988212  
-19.05725833  
-4.669093867  
4.08935256  
3.502790527  
-6.837049741  
-23.63680251  
-41.02828303  
-52.77282163  
-54.62993761  
-45.90797486  
-29.57303432  
-10.91268769  
4.644420512  
13.62242279  
15.65445267  
13.28249083  
10.56893209  
11.16937618  
16.69794234  
26.04311803  
35.85998853  
41.97415506  
41.08580799  
32.08823526  
16.51628292  
-1.989740209  
-18.94114429  
-30.47535303  
-34.51465136  
-31.24248192  
-22.8065897  
-12.4317015  
-3.300035182  
2.409481797  
4.034105799  
2.385628599  
-0.7585590993  
-3.403950866  
-4.050148992  
-2.135362808  
1.89710746  
6.879945933  
11.40557365  
14.31785846  
15.04445035  
13.68753615  
10.89326999  
7.596331428  
4.755491237  
3.160375778  
3.325795848  
5.439104064  
9.316984909  
14.36410473  
19.57741991  
23.66743273  
25.33728268  
23.6804966  
18.56491147  
10.82333139  
2.114239881  
-5.555486324  
-10.49080419  
-11.88371298  
-10.04209182  
-6.151443431  
-1.668506854  
2.363854005  
5.732014294  
8.969813016  
12.80467535  
17.42143983  
21.9673706  
24.6385449  
23.40842959  
17.11020972  
6.345828906  
-6.296224041  
-16.95082318  
-21.91169077  
-19.20467301  
-9.575662047  
3.621152889  
15.67288513  
22.40290486  
21.88734795  
15.21313638  
5.910265476  
-1.704278454  
-4.52240845  
-2.061070406  
3.362293583  
7.779579648  
7.509930041  
0.9749074759  
-10.46443936  
-23.0437678  
-32.25581069  
-34.86189172  
-30.32764463  
-21.03726104  
-11.21845527  
-5.101785658  
-5.166413865  
-11.24273865  
-20.80726882  
-30.2413851  
-36.40451674  
-37.7896326  
-34.79675809  
-29.12681058  
-22.71737444  
-16.81196298  
-11.61091711  
-6.592869216  
-1.226078487  
4.39873734  
9.398659618  
12.48560272  
12.67426972  
9.891152886  
5.12276997  
0.002378088892  
-3.949213483  
-6.018992665  
-6.555769708  
-6.64608379  
-7.390932891  
-9.180730405  
-11.36989595  
-12.53998626  
-11.22732801  
-6.74388852  
0.3308245847  
8.241375541  
14.69219951  
17.72362784  
16.42490603  
11.18748669  
3.446006635  
-4.901480484  
-12.08666461  
-16.83106665  
-18.41016967  
-16.54486175  
-11.31739142  
-3.232246484  
6.628766265  
16.55185765  
24.44106182  
28.42282573  
27.61709794  
22.70518577  
15.92951546  
10.3836363  
8.801034884  
12.34881963  
20.00585165  
28.8858375  
35.43548101  
37.00295706  
33.0537326  
25.43995788  
17.5627079  
12.79930225  
12.94065396  
17.39379831  
23.5431941  
28.09339031  
28.72416148  
25.22633716  
19.54124669  
14.6808958  
13.07892848  
15.22449687  
19.30061614  
22.04241145  
20.4050513  
13.19953647  
1.847408412  
-10.16785202  
-18.91986838  
-21.94457805  
-19.48000742  
-14.39985177  
-10.84105499  
-12.17800267  
-19.33425499  
-30.27084356  
-40.919344  
-47.11791902  
-46.6104002  
-40.1316372  
-31.04543419  
-23.7080127  
-21.35177706  
-24.51626017  
-30.78471615  
-35.9497074  
-36.04235004  
-29.25231214  
-16.83125784  
-2.570355375  
8.876950844  
14.02355032  
11.99055226  
4.73646988  
-3.961608078  
-10.23494901  
-11.73106657  
-8.395330342  
-2.161674233  
4.182615378  
8.337312039  
9.391154402  
7.931812439  
5.442658294  
3.407397619  
2.630663865  
3.093074043  
4.318139842  
5.933894884  
8.024865064  
11.0284295  
15.23486254  
20.22193331  
24.63306117  
26.54072402  
24.30856555  
17.55388278  
7.691762769  
-2.305843401  
-8.942147014  
-9.626261888  
-3.876897506  
6.271823593  
16.90335495  
23.67361429  
23.49981006  
15.77979455  
2.636553937  
-11.90164802  
-23.42760603  
-28.75059237  
-26.92795388  
-19.36958776  
-9.058367108  
0.716326509  
7.5560978  
10.61628298  
10.54392307  
8.824381222  
6.90105212  
5.479275729  
4.294565978  
2.389063262  
-1.285111111  
-7.239844901  
-15.08881679  
-23.59931818  
-31.12482075  
-36.22771704  
-38.23159966  
-37.47386408  
-35.14749567  
-32.77684837  
-31.51642198  
-31.54263036  
-31.7980748  
-30.24153471  
-24.57823773  
-13.2517874  
3.661370891  
24.03459849  
44.00201375  
58.99722529  
65.22507264  
61.05535454  
47.78852084  
29.42930004  
11.46138204  
-0.9830274605  
-4.890918491  
-0.3856506132  
9.428129019  
19.7562851  
26.04196027  
25.7541753  
19.31236486  
9.777207945  
1.458459223  
-1.952294321  
1.078591511  
9.360893937  
19.59644954  
27.86406631  
31.28723603  
29.14434976  
22.95986191  
15.59558061  
9.816215537  
7.022867459  
6.737001218  
7.035816749  
5.677456042  
1.332790528  
-5.690551716  
-13.57736268  
-19.90295468  
-22.83686145  
-22.04445495  
-18.83614511  
-15.4909491  
-14.09070659  
-15.442475  
-18.6229569  
-21.37668434  
-21.18613811  
-16.51093687  
-7.615469256  
3.397400936  
13.35608161  
19.23875469  
19.29987777  
13.63746592  
4.014915333  
-6.905415941  
-16.52216717  
-23.02721943  
-25.66530473  
-24.54690192  
-20.25488701  
-13.53668561  
-5.246724905  
3.512118494  
11.27028524  
16.33545144  
17.2820997  
13.62695048  
6.341594123  
-2.155858279  
-8.686918001  
-10.50252098  
-6.506852515  
2.053116504  
11.8275406  
18.53851946  
18.66488624  
10.94200004  
-2.983587115  
-19.06596149  
-32.35924799  
-38.89007665  
-37.12050524  
-28.39830975  
-16.24007133  
-4.803487462  
2.754612557  
5.322508494  
3.875746644  
0.5928666348  
-2.456773729  
-4.385327978  
-5.805871769  
-8.281093817  
-13.21944475  
-20.80611938  
-29.53005079  
-36.57007809  
-38.88275445  
-34.49590384  
-23.41626934  
-7.742938571  
9.053488486  
23.3546075  
32.58679731  
35.90009374  
34.117056  
29.07541662  
22.73999983  
16.50874291  
10.98304897  
6.204932293  
2.127840653  
-1.002574708  
-2.592134782  
-1.992046233  
1.041568137  
6.008005456  
11.6691913  
16.4479601  
19.05248851  
19.03419045  
17.00528798  
14.39559355  
12.8415396  
13.46934548  
16.38317546  
20.57771135  
24.31188858  
25.7886946  
23.86742105  
18.532613  
10.94710255  
3.077500349  
-2.968480817  
-5.660544621  
-4.577598895  
-0.5747459966  
4.478509061  
8.320924625  
9.098287423  
6.080183579  
0.03385699069  
-6.924355735  
-12.01937903  
-12.86960889  
-8.548956575  
-0.2383561916  
8.863475604  
14.45844954  
12.661003  
1.590328727  
-17.57666198  
-40.57279811  
-61.15429584  
-73.04190498  
-72.0170418  
-57.39697889  
-32.32014111  
-2.719128739  
24.63322857  
44.26454465  
53.53690181  
53.05267259  
45.88454245  
36.05163011  
26.92660787  
20.21254911  
15.81242966  
12.48814716  
8.870428472  
4.282848851  
-0.9923595636  
-6.052177266  
-10.04419021  
-12.75191049  
-14.75530339  
-17.08282047  
-20.55837264  
-25.21484692  
-30.1104645  
-33.66959917  
-34.39224105  
-31.58069599  
-25.71946296  
-18.3162449  
-11.2795724  
-6.133268721  
-3.438924745  
-2.684956438  
-2.665888154  
-2.141186525  
-0.4424922484  
2.254152448  
5.093341527  
7.027428882  
7.365318507  
6.114732387  
3.971443351  
1.988446084  
1.103067022  
1.745001112  
3.684365506  
6.152566313  
8.150503036  
8.80144326  
7.624206941  
4.665026147  
0.4892638982  
-3.936889995  
-7.449092875  
-8.958498477  
-7.771449181  
-3.888823564  
1.829434406  
7.757070281  
11.91057449  
12.60383423  
9.135561865  
2.221332686  
-6.067823276  
-12.91838498  
-15.75639967  
-13.22557349  
-5.750254064  
4.577062313  
14.7610689  
22.0099902  
24.71663354  
22.90687948  
17.99968675  
12.04465543  
6.838058985  
3.347981754  
1.688295765  
1.572266489  
2.910420778  
6.141187056  
12.04092105  
21.07286097  
32.63492349  
44.68296095  
