59.05254766  
53.61115313  
41.26410605  
27.04287124  
15.35256251  
8.344254945  
5.5210101  
4.583411518  
2.95578661  
-0.81498893  
-6.439776234  
-12.24989169  
-16.24406603  
-17.21692746  
-15.38713243  
-12.25121525  
-9.803728328  
-9.569482476  
-11.94396269  
-16.13193516  
-20.63985879  
-24.00224501  
-25.34481922  
-24.53212833  
-21.91511961  
-17.92402549  
-12.81322786  
-6.729210093  
-0.02956078217  
6.417783773  
11.25063278  
13.06399808  
11.13266137  
6.015703582  
-0.3667523343  
-5.366678295  
-6.760044762  
-3.897233808  
1.758338685  
7.086432255  
8.678229378  
4.550626337  
-4.610667361  
-15.36087621  
-22.74581931  
-22.44055106  
-12.84732666  
3.844260138  
22.22616055  
35.74048802  
39.41034291  
32.03617353  
16.84072007  
0.2049254944  
-11.01031337  
-12.40685731  
-3.957070992  
9.983648496  
22.58306218  
27.52294355  
21.75476425  
6.809384698  
-11.89617065  
-27.41324822  
-34.20505467  
-30.37311813  
-18.22256505  
-2.997788211  
9.553380125  
15.63577291  
14.78455044  
9.622032383  
4.229137481  
1.996518075  
4.010131921  
8.707200594  
12.88425254  
13.47885811  
9.198155683  
1.18683249  
-7.561948623  
-13.71267662  
-15.22521201  
-12.29915678  
-7.172056449  
-2.906689981  
-1.807472864  
-4.277734484  
-8.689370519  
-12.31287686  
-12.81620015  
-9.555426759  
-3.989945683  
1.001049902  
2.569377495  
-0.602335111  
-7.499429125  
-15.08015132  
-19.55629095  
-18.05004618  
-9.854374659  
3.273630312  
17.88775252  
30.2944577  
37.97058283  
40.32035621  
38.49392885  
34.46098972  
29.88015001  
25.35783487  
20.43883452  
14.25536373  
6.406603174  
-2.470083451  
-10.78777596  
-16.72997509  
-19.2066422  
-18.49772523  
-16.18393063  
-14.34125412  
-14.38795364  
-16.19720222  
-17.9974346  
-17.20444888  
-11.84631534  
-1.896383207  
10.19253466  
20.12799868  
23.42390087  
17.38415807  
2.541574752  
-17.14508542  
-35.5162312  
-46.42117893  
-46.03171643  
-34.3145751  
-15.05987417  
5.537595306  
21.15599888  
27.56579478  
23.93804712  
12.80233686  
-1.217918375  
-13.29110549  
-20.09616398  
-20.7385394  
-16.62223364  
-10.48276396  
-5.090117136  
-2.183731664  
-2.016890257  
-3.577455675  
-5.268941711  
-5.693072502  
-4.207045516  
-1.086315088  
2.687925206  
5.864260517  
7.389376479  
6.761099471  
4.193186793  
0.5806711049  
-2.713180461  
-4.212881574  
-2.771611876  
2.001472981  
9.46717389  
17.97730105  
25.26652  
29.15592492  
28.35549996  
23.05601791  
15.02709723  
7.103382578  
2.190820382  
2.152309383  
7.025384293  
14.92308072  
22.70022577  
27.14251675  
26.200057  
19.75469932  
9.604001019  
-1.31719189  
-10.12681538  
-15.07592738  
-16.06491639  
-14.41303607  
-12.04477291  
-10.51387738  
-10.33484866  
-10.91536919  
-11.07370882  
-9.836600848  
-7.087246735  
-3.72530042  
-1.260669719  
-1.05474378  
-3.600302726  
-8.207124449  
-13.2521187  
-16.86844708  
-17.73367566  
-15.57766495  
-11.18349874  
-5.914978632  
-1.03784597  
2.809936706  
5.741869409  
8.311504021  
10.97196062  
13.63061464  
15.56388969  
15.75376324  
13.47072914  
8.783216769  
2.701213381  
-3.152587692  
-7.202893785  
-8.592495799  
-7.527304927  
-5.118684357  
-2.799888783  
-1.609967235  
-1.707411231  
-2.358284199  
-2.400590678  
-0.9410546615  
2.079657275  
5.752025445  
8.572234511  
9.146300328  
6.874322464  
2.274599716  
-3.212555666  
-7.843112102  
-10.30581247  
-10.2242973  
-8.200792392  
-5.41384391  
-3.002750417  
-1.56344227  
-1.000542466  
-0.7767583105  
-0.3844805126  
0.2485519717  
0.6588680761  
0.1111769191  
-1.926423929  
-5.374452413  
-9.449056863  
-12.96034727  
-14.8582179  
-14.7358046  
-13.01069283  
-10.67118344  
-8.710921177  
-7.553924922  
-6.791617763  
-5.397405161  
-2.328249889  
2.796995145  
9.315923215  
15.67497114  
20.0807953  
21.34510616  
19.49301088  
15.8014231  
12.21016856  
10.37137988  
10.80439873  
12.59525743  
13.82393829  
12.54136542  
7.830562993  
0.4213530631  
-7.473208302  
-13.05907452  
-14.19810925  
-10.40088107  
-3.099369106  
4.939447314  
10.79191686  
12.60171345  
10.28902612  
5.438548874  
0.4566610523  
-2.570703128  
-2.766475006  
-0.6977392032  
2.099534811  
4.00966524  
4.158575043  
2.755589053  
0.8241548144  
-0.4759778985  
-0.5235233052  
0.4773085463  
1.739861602  
2.490680336  
2.524857289  
2.344680394  
2.751736753  
4.108022848  
5.727235302  
5.850764694  
2.378862884  
-5.900559196  
-18.19243409  
-31.35319267  
-40.70117101  
-41.80862739  
-32.57004226  
-14.58899306  
6.880099929  
24.61018458  
32.13517631  
26.43160849  
9.365393406  
-12.81348119  
-31.82509221  
-40.63773174  
-36.30168204  
-21.1200731  
-1.632868421  
14.16923588  
20.21500341  
14.86707832  
1.519236498  
-12.94566488  
-21.1335837  
-18.24984527  
-4.022145218  
17.32528618  
38.93967846  
54.16080515  
