24.37876939  
26.56612753  
26.70889781  
24.92439547  
21.68568204  
17.74285333  
13.90826377  
10.76593881  
8.439989752  
6.566240747  
4.533789381  
1.923709542  
-1.059385414  
-3.412790495  
-3.584692169  
-0.1211273445  
7.53038501  
18.43138418  
30.11011329  
39.18906735  
42.50553492  
38.29640842  
26.94355903  
10.92872329  
-6.023915532  
-20.28123682  
-29.55222117  
-33.524933  
-33.6311861  
-32.0783879  
-30.62742282  
-29.71012159  
-28.31363085  
-24.68302819  
-17.48759712  
-6.855184703  
5.276049068  
15.72213566  
21.32643496  
20.37616641  
13.49827803  
3.583036032  
-5.285284455  
-9.4590884  
-7.224918854  
0.4798608092  
10.44088754  
18.4681488  
21.06697597  
16.77917346  
6.66118331  
-6.244470598  
-18.15859147  
-25.97089796  
-28.22311257  
-25.32801111  
-19.04563115  
-11.55329278  
-4.57519785  
1.058943612  
5.31268954  
8.46311541  
10.57248636  
11.22585342  
9.675795039  
5.3044016  
-1.859472558  
-10.85905309  
-19.93849654  
-27.05572454  
-30.57117907  
-29.82586  
-25.37389688  
-18.78740601  
-12.12430977  
-7.270388956  
-5.389416674  
-6.645629  
-10.2462099  
-14.74153315  
-18.45886179  
-19.93804499  
-18.26915347  
-13.27510919  
-5.517783022  
3.865730407  
13.46337991  
21.95719872  
28.46146298  
32.71846564  
35.07092268  
36.20573003  
36.76154967  
36.96906725  
36.50148402  
34.63591778  
30.68539765  
24.517006  
16.89792397  
9.454127087  
4.184622569  
2.681936391  
5.374333117  
11.14052842  
17.52204019  
21.5158804  
20.67151578  
14.05999669  
2.707447971  
-10.71018587  
-22.81138871  
-30.72237516  
-33.07227546  
-30.3728834  
-24.64736693  
-18.49045174  
-13.97917426  
-11.90382611  
-11.63351783  
-11.64066813  
-10.41402038  
-7.32174762  
-3.016796581  
0.8088639  
2.215365371  
-0.00649067141  
-5.619541985  
-12.83169483  
-18.87989883  
-21.09236134  
-18.00252323  
-10.05166349  
0.4273827646  
9.970685849  
15.2175956  
14.15865321  
6.924483778  
-4.187450776  
-15.46797727  
-23.06481425  
-24.30912357  
-18.62803792  
-7.723825349  
5.03296569  
15.7709857  
21.42842265  
20.74832277  
14.62471745  
5.701363402  
-2.61013342  
-7.330280572  
-6.904936605  
-1.657889967  
6.426811146  
14.48093679  
19.78481059  
20.68301013  
17.0734377  
10.33179593  
2.74086462  
-3.337745177  
-6.242930624  
-5.483978977  
-1.773477431  
3.33913039  
8.064076121  
10.97080076  
11.39240337  
9.5286091  
6.255505981  
2.744309287  
0.03819865138  
-1.271224062  
-1.176054385  
-0.1707459111  
0.9964733304  
1.644141769  
1.434898764  
0.5086009559  
-0.5838935383  
-1.13260997  
-0.6196418401  
0.9685323193  
3.010835726  
4.393572867  
3.912554734  
0.80630905  
-4.789434049  
-11.67891044  
-17.85574969  
-21.12506084  
-19.89243081  
-13.81542596  
-4.038699681  
7.118293565  
16.93075612  
23.20684565  
25.02024383  
22.93485738  
18.62802804  
14.07503854  
10.65038277  
8.53996442  
6.723487889  
3.534160604  
-2.453603187  
-11.60361142  
-22.83053682  
-33.82185739  
-41.78397043  
-44.41014626  
-40.690129  
-31.26604981  
-18.23741515  
-4.533709953  
6.890710368  
13.77168389  
14.98682228  
10.70265876  
2.273982045  
-8.024343642  
-17.38980059  
-23.00771608  
-22.68045502  
-15.48625713  
-2.27936073  
14.21343081  
29.88492914  
40.32309085  
42.20631629  
34.5469035  
19.27394227  
0.8330375653  
-15.15675383  
-23.75660896  
-22.39300495  
-11.72010061  
4.686433907  
21.68202746  
34.4031812  
39.87154846  
37.73800383  
29.94434894  
19.55729663  
9.368465839  
0.9052077157  
-5.754721229  
-11.39491296  
-16.70986695  
-21.55876068  
-24.84593356  
-25.09198863  
-21.37263096  
-14.09118174  
-5.123779337  
2.802847206  
7.236221943  
7.084166505  
3.115620083  
-2.393722013  
-6.720434268  
-7.954159231  
-5.851078559  
-1.869557424  
1.620013215  
2.551310716  
0.1976614531  
-4.482178363  
-9.346892956  
-12.15608565  
-11.68001999  
-8.277087447  
-3.659244132  
0.01792359352  
1.262074596  
-0.02347049023  
-2.553368341  
-4.402203446  
-4.079524816  
-1.370944802  
2.50189734  
5.497989694  
5.844766829  
3.043016398  
-1.732681851  
-6.064275385  
-7.367709822  
-4.113494606  
3.385231699  
12.98652049  
21.52448419  
26.03210305  
24.83644081  
18.07263984  
7.460251291  
-4.471343622  
-15.30007526  
-23.36316271  
-27.93366571  
-28.98709505  
-26.82198079  
-21.82082898  
-14.4868469  
-5.668341952  
3.274352094  
10.59835484  
14.66999014  
14.64413469  
10.98778247  
5.516607682  
0.8190163786  
-0.7555879947  
1.879647969  
7.990594121  
15.22667821  
20.54801713  
21.49755297  
17.26931214  
9.102437291  
-0.1733049507  
-7.241488806  
-9.576840307  
-6.364784671  
1.287171655  
10.87367622  
19.47015986  
24.73001474  
25.51813662  
22.01176646  
15.35318951  
7.106472992  
-1.21344928  
-8.389550271  
-13.54414595  
-16.10162888  
-15.80417651  
-12.81864106  
-7.854807647  
-2.153938114  
2.7502974  
5.471938339  
5.253233328  
2.265426705  
-2.430477477  
-7.27022495  
-10.75778334  
-11.96833975  
-10.76679618  
-7.675190938  
-3.502874707  
1.034160319  
5.495002379  
9.624077981  
13.09401984  
15.30037976  
15.40732546  
12.69390485  
7.051875953  
-0.6477314774  
-8.583851515  
-14.49989518  
-16.54104454  
-14.05546721  
-7.970368447  
-0.520617515  
5.598606904  
8.305556025  
6.958646825  
2.56333638  
-2.733622987  
-6.627089192  
-7.661829936  
-5.814809583  
-2.412108791  
0.5395130241  
1.261922596  
-1.075523759  
-6.130828191  
-12.69658248  
-19.31694222  
-24.86658695  
-28.81134448  
-31.07947515  
-31.70296095  
-30.50940964  
-27.09398627  
-21.1113589  
-12.71182592  
-2.831899381  
6.89314511  
14.62399284  
19.01172298  
19.74645709  
17.66258243  
14.31774416  
11.23740463  
9.203052294  
7.953892676  
6.466264261  
3.672541195  
-0.758838946  
-6.008772054  
-10.30934459  
-11.69711422  
-8.961689008  
-2.316861193  
6.553079408  
15.11291511  
20.97211176  
22.78072678  
20.60739831  
15.65156534  
9.484640732  
3.250720269  
-2.739775477  
-8.819581986  
-15.31454185  
-21.84009898  
-26.99858079  
-28.72750877  
-25.19396044  
-15.81116492  
-1.842867281  
13.77212131  
27.37346511  
35.92093416  
38.12384154  
34.83906259  
28.55541915  
22.21180111  
17.90650895  
16.09256879  
15.60349027  
14.4429836  
10.909016  
4.485275691  
-3.917277924  
-12.43464946  
-19.14047713  
-22.86214691  
-23.50704371  
-21.77702904  
-18.49585069  
-13.98597118  
-7.891708925  
0.4212281659  
11.10872703  
23.18946857  
34.42861355  
41.94353224  
43.32531148  
37.76523152  
26.61842978  
13.07184671  
1.000686306  
-6.506052616  
-8.296224598  
-5.466758124  
-0.7120601152  
2.96618035  
3.57349168  
0.8578850751  
-3.835297557  
-8.450848035  
-11.36067035  
-12.15989507  
-11.73578902  
-11.61525554  
-12.9752438  
-15.86890309  
-19.097615  
-20.81040178  
-19.52157308  
-15.00775239  
-8.595614821  
-2.658430196  
0.4553470591  
-0.4606732953  
-4.865833205  
-10.69359508  
-15.30636515  
-16.72732665  
-14.55215196  
-10.09612133  
-5.704862717  
-3.563892806  
-4.587232202  
-7.92778408  
-11.35317763  
-12.31642941  
-9.218610283  
-2.269557079  
6.461945731  
13.84314378  
16.97050376  
14.39639466  
6.763332011  
-3.411601989  
-12.69395171  
-18.02139525  
-17.80594269  
-12.44006523  
-4.061156807  
4.275375205  
9.665239932  
10.27432457  
5.82437678  
-2.44755721  
-12.26449458  
-21.01389572  
-26.45427341  
-27.24663378  
-23.21455952  
-15.31360283  
-5.347340507  
4.493708774  
12.16607111  
16.25801097  
16.30576148  
12.85607847  
7.258360431  
1.252483221  
-3.514236536  
-5.887570677  
-5.410753144  
-2.301208139  
2.743503533  
8.80184977  
14.94336716  
20.35259818  
