56.77955839  
58.10541688  
53.30239607  
43.9710313  
33.16347678  
24.03960165  
18.42309772  
15.9449853  
14.22353221  
10.06323999  
1.171624869  
-12.38573922  
-27.70523166  
-39.85757232  
-43.74865116  
-36.30214329  
-18.04985106  
6.585817495  
30.52157507  
46.34714302  
48.89626963  
37.07512147  
14.2499196  
-12.94681536  
-36.92245074  
-51.66219201  
-54.55896096  
-46.90439053  
-32.95083513  
-18.00381905  
-6.348212238  
0.178403106  
2.460400435  
3.212485707  
5.377883143  
10.53628348  
18.00512208  
25.00759325  
27.83009307  
23.48386945  
11.17935712  
-7.006230684  
-26.57049322  
-42.00610022  
-48.68581102  
-44.5147699  
-30.73301025  
-11.56456651  
7.16622279  
19.95633575  
23.40130698  
17.21413347  
4.159888369  
-11.02091481  
-23.27325153  
-28.86380698  
-26.43272694  
-17.1534375  
-4.037113699  
9.276707806  
19.75339012  
25.77996671  
27.33657792  
25.57220415  
22.05742187  
18.07583905  
14.24193213  
10.54748751  
6.729666109  
2.715000841  
-1.117138212  
-3.998030575  
-5.128696719  
-4.149611818  
-1.471194928  
1.725744307  
3.85873646  
3.546059993  
0.187844001  
-5.732992364  
-12.77712072  
-19.06507823  
-22.97262688  
-23.71020872  
-21.53618654  
-17.51520444  
-12.93858825  
-8.68474066  
-4.83362269  
-0.7382057712  
4.460923281  
11.11880276  
18.53680877  
24.91004253  
27.89220742  
25.60538304  
17.67450247  
5.788593672  
-6.559321184  
-15.16951395  
-16.70433003  
-10.1051142  
2.768554256  
17.62492816  
29.23917836  
33.40748269  
28.5663367  
16.39001021  
1.090028806  
-12.30961694  
-19.99820295  
-20.84062904  
-16.65263241  
-11.18731972  
-8.307226848  
-10.17863185  
-16.30929266  
-23.85722539  
-29.04835849  
-29.02809297  
-23.27455975  
-13.91337625  
-4.79239411  
0.2463191753  
-0.9072851485  
-7.694511545  
-17.14434597  
-25.1658731  
-28.25364443  
-24.83049492  
-15.6733658  
-3.33579632  
9.045158626  
18.92675625  
24.98613242  
27.01801817  
25.34935758  
20.26182752  
11.8546462  
0.4553169839  
-12.71339689  
-25.13944665  
-33.34995405  
-34.0361326  
-25.56573665  
-9.151362359  
11.01926788  
28.96618852  
39.06734709  
38.3123628  
27.65161138  
11.76559274  
-2.741022694  
-10.00078692  
-7.266741105  
4.018272425  
18.92924266  
31.21840123  
35.96359781  
31.54975965  
20.16083723  
6.65206364  
-3.607209284  
-6.916451925  
-2.515824666  
7.501358576  
19.43196008  
29.66273676  
36.008765  
38.15542987  
37.17500962  
34.54514723  
31.27811919  
27.60817761  
23.3020139  
18.27886282  
13.0638383  
8.730799913  
6.328976686  
6.12990316  
7.176150361  
7.473921367  
4.821953628  
-2.098491696  
-12.92546171  
-25.54807468  
-36.84976226  
-43.93500891  
-45.26305207  
-41.15865183  
-33.487452  
-24.70328377  
-16.779091  
-10.56040889  
-5.826713016  
-1.947341293  
1.304101663  
3.288945028  
2.69767012  
-1.681627798  
-10.04309387  
-21.03111783  
-31.95608756  
-39.73581964  
-42.15195625  
-38.82337794  
-31.4124814  
-22.93909997  
-16.50307839  
-13.99373517  
-15.36201103  
-18.75513076  
-21.41097704  
-20.87762926  
-16.01698215  
-7.400543942  
2.987771803  
12.525135  
18.83040105  
20.425052  
17.02514896  
9.504904302  
-0.3335817399  
-10.07790019  
-17.10008434  
-19.07816605  
-14.64735959  
-4.042412205  
10.55108028  
25.23986565  
35.39522117  
37.16926955  
29.04495496  
12.76446398  
-6.870784956  
-23.4112287  
-30.93819295  
-26.18629369  
-9.745373531  
14.17003336  
39.29685634  
59.58246996  
71.17945241  
73.37688681  
68.1739744  
58.82697472  
48.1432654  
37.35074977  
26.02475905  
12.9904465  
-2.373371599  
-19.1815334  
-34.97854877  
-46.61517195  
-51.61899486  
-49.35519457  
-41.38484525  
-30.8381327  
-21.11305221  
-14.53055432  
-11.5711217  
-11.00127739  
-10.74717197  
-9.02416006  
-5.153303036  
0.2871620464  
5.95278155  
10.51790447  
13.29795574  
14.40207568  
14.41091834  
13.8494807  
12.81495605  
10.98586014  
7.972521828  
3.738822904  
-1.225219363  
-6.136771111  
-10.43607563  
-14.240797  
-18.37837369  
-23.85941731  
-31.00147943  
-38.68879017  
-44.27766057  
-44.38469905  
-36.34078461  
-19.68727261  
3.036460077  
26.72008144  
45.29710047  
53.95134186  
50.99177819  
38.56178921  
21.83503001  
7.007592822  
-1.07391747  
-0.6610845324  
6.46563619  
15.98618167  
22.94467032  
23.71672768  
17.24472613  
5.144737948  
-9.186388941  
-21.93921164  
-30.11365325  
-32.17497255  
-28.07831983  
-18.89725611  
-6.388107969  
7.298302361  
19.77489499  
28.62806924  
31.85090827  
28.48654991  
19.23179393  
6.62880134  
-5.43040777  
-12.86239379  
-12.83725186  
-4.921030794  
8.610968693  
23.48226796  
34.88752353  
39.12501148  
34.72229911  
22.6409476  
5.587393302  
-13.13994192  
-30.67729386  
-45.06057459  
-55.06624132  
-59.74095371  
-58.09863033  
-49.32451905  
-33.46192393  
-12.18038402  
10.93816844  
30.98947809  
43.17349237  
44.53981297  
35.27442709  
18.86905829  
0.9814227176  
-12.60717929  
-18.09595229  
-14.94079569  
-5.783347184  
4.874291972  
12.6015388  
14.70067715  
10.91779043  
3.030844148  
-6.307787175  
-14.78777839  
-21.10348284  
-24.84417855  
-25.87294256  
-23.74685844  
-17.67167234  
-7.110462521  
7.301571221  
23.16826322  
36.61449644  
43.54743713  
41.4375131  
30.77212689  
15.36422208  
1.168434052  
-6.035037152  
-3.13361346  
8.776387537  
24.56774051  
36.99683352  
39.58414605  
29.235308  
7.481501711  
-20.16805838  
-46.43183237  
-65.02302954  
-72.78949121  
-70.39014708  
-61.38030142  
-50.29086327  
-40.67039219  
-33.95649963  
-29.54379616  
-25.79612933  
-21.32547758  
-15.82526832  
-10.0806314  
-5.278192937  
-2.120007659  
-0.3155245514  
1.238567058  
3.713945886  
7.512945579  
11.87690641  
15.22710739  
16.09459682  
14.12973305  
10.58996417  
7.95147745  
8.751240537  
14.20209342  
23.29563662  
32.91244095  
38.98214305  
38.2111723  
29.59008371  
14.96389188  
-1.626412554  
-15.55183437  
-23.42840763  
-24.35054601  
-19.9893172  
-13.55570307  
-8.15361276  
-5.310467942  
-4.359813974  
-2.92568143  
1.766617439  
11.40129786  
25.60846188  
41.95566824  
56.86640411  
67.01787381  
70.57987824  
67.76731701  
60.51861129  
51.50876165  
42.9771425  
35.88411089  
29.7186282  
22.96762034  
13.97799304  
1.812101614  
-13.24904337  
-29.71126065  
-45.31630241  
-57.71190303  
-65.0786908  
-66.51852522  
-62.13127642  
-52.82591225  
-39.98181698  
-25.08943134  
-9.472119641  
5.853422292  
20.16493596  
32.8983974  
43.45189445  
51.02211988  
54.57148717  
52.99159695  
45.45691405  
31.86875049  
13.2166598  
-8.327859044  
-29.69755664  
-47.56898755  
-59.1772208  
-63.03257801  
-59.28068414  
-49.57233318  
-36.49902682  
-22.81758222  
-10.75808884  
-1.648611254  
4.071526361  
6.560681676  
6.230496163  
3.559468836  
-0.85276287  
-6.083600531  
-10.75327136  
-13.16954773  
-11.82091656  
-6.07443491  
3.240623979  
13.71506341  
21.91031377  
24.49448189  
19.58389196  
7.742891126  
-7.84532718  
-22.23503357  
-30.38602076  
-29.06090666  
-18.21166398  
-1.256259531  
15.95435121  
27.16579562  
28.01697377  
17.72833778  
-0.4960169738  
-20.55258976  
-35.63713368  
-40.74172611  
-34.5032149  
-19.69325726  
-2.158326425  
11.38260557  
15.83773565  
9.585441734  
-5.025127884  
-22.67021447  
-37.11522915  
-43.51733167  
-40.0778522  
-28.44985354  
-12.82720816  
1.833783541  
11.69261933  
15.25347046  
13.52108938  
9.143777518  
5.026659574  
3.081015308  
3.650495781  
5.791905785  
8.168989259  
10.03531484  
11.76983911  
14.68081373  
20.18380726  
28.79453059  
39.48896252  
49.81630404  
