27.16231092  
27.35489117  
19.19416538  
5.760903488  
-8.293278043  
-18.59326694  
-22.59630038  
-20.25751369  
-13.64393092  
-5.800566891  
0.5499309463  
3.908871533  
4.209051408  
2.396834739  
-0.2695346267  
-2.804500824  
-4.714503755  
-5.860108628  
-6.17588296  
-5.510251245  
-3.72401808  
-0.9778536424  
2.021021828  
4.054252303  
3.800897479  
0.4806290382  
-5.584030552  
-12.81823152  
-18.82062072  
-21.24990379  
-18.8095241  
-11.88208496  
-2.492935318  
6.426939512  
12.18940243  
13.42396954  
10.61453422  
5.86393989  
1.986450385  
1.315780535  
4.729840427  
11.28988888  
18.6229721  
23.86720184  
24.78035902  
20.56941779  
12.13658118  
1.683540915  
-8.13413618  
-15.15698802  
-18.41891728  
-18.35494591  
-16.47773205  
-14.671999  
-14.38339222  
-16.00235768  
-18.6685744  
-20.57339313  
-19.66402276  
-14.50699956  
-4.996035104  
7.377790008  
19.8393167  
29.16643387  
32.78582993  
29.73537098  
21.11320168  
9.799451183  
-0.4967781044  
-6.541534149  
-6.748013501  
-1.759552013  
5.799304999  
12.32191299  
14.58918972  
10.98023941  
2.062873716  
-9.641789211  
-20.59350278  
-27.47203569  
-28.23839457  
-22.65053103  
-12.12225168  
0.9149065215  
13.82059805  
24.40142831  
31.23459512  
33.67740593  
31.72181767  
25.87059581  
17.1148126  
6.951881405  
-2.70394243  
-9.839872927  
-12.88082055  
-11.26783018  
-5.808489161  
1.42845814  
7.723022543  
10.6336693  
8.889104306  
2.867771505  
-5.549808055  
-13.70363669  
-19.14814517  
-20.5002911  
-17.80187171  
-12.28683479  
-5.71530076  
0.3837146863  
5.210622979  
8.745083533  
11.39677174  
13.5018884  
14.96467558  
15.2380221  
13.63643173  
9.788715856  
3.966031813  
-2.904442075  
-9.553185186  
-14.84458858  
-18.16803507  
-19.55087164  
-19.45935791  
-18.42536873  
-16.72605764  
-14.30104684  
-10.94366509  
-6.634133295  
-1.791052257  
2.742113592  
6.006542974  
7.384983067  
6.95297566  
5.507525876  
4.219975733  
4.066756912  
5.327736678  
7.427274038  
9.226124484  
9.635764848  
8.244445079  
5.618871242  
3.097757594  
2.152213231  
3.620659157  
7.207620149  
11.5181855  
14.63519136  
14.96881965  
11.96169584  
6.297872858  
-0.4862685025  
-6.783171986  
-11.67398794  
-15.2601838  
-18.38325692  
-21.87881816  
-25.77739418  
-28.92206951  
-29.28149632  
-24.88206878  
-14.94225028  
-0.640629258  
14.92235427  
27.65070137  
33.92655306  
32.0094577  
22.74160454  
9.233004772  
-4.347789888  
-14.35381327  
-18.93116168  
-18.45964813  
-15.0341975  
-11.29755708  
-9.209793535  
-9.325574925  
-10.86260143  
-12.43531705  
-13.00234346  
-12.49444701  
-11.78624453  
-12.04218552  
-13.81448695  
-16.41726219  
-17.97069505  
-16.16622823  
-9.421448418  
2.133753231  
16.35197863  
29.65351179  
38.29737902  
39.80682014  
33.93612691  
22.76724349  
9.910101554  
-0.8324995769  
-6.766045334  
-7.059186151  
-2.71976403  
4.083072144  
10.96542291  
16.10717816  
18.58723816  
18.26810897  
15.44865171  
10.57234275  
4.169075375  
-2.99850877  
-9.786166545  
-14.74790261  
-16.53909177  
-14.51134306  
-9.188885669  
-2.302848184  
3.756759557  
6.911526599  
6.366834302  
3.093818737  
-0.489459274  
-1.580899748  
1.636651017  
8.958983835  
17.99643512  
25.04663187  
26.68206149  
21.36251119  
10.32027142  
-2.742058427  
-13.07736594  
-16.85930796  
-12.83437023  
-2.920910044  
8.529996699  
16.50685755  
17.3812516  
10.34598093  
-2.349828271  
-16.42714304  
-27.3725479  
-32.19950731  
-30.43228012  
-23.95874914  
-15.92256905  
-9.236350597  
-5.414049642  
-4.207100456  
-4.108990175  
-3.379517318  
-1.029515889  
2.715492966  
6.648722294  
9.323002465  
9.869522629  
8.460529884  
6.19858044  
4.526104003  
4.489763923  
6.245864759  
9.04151873  
11.64523212  
12.97010603  
12.55566169  
10.67645336  
8.063683511  
5.434597075  
3.110958058  
0.9346047729  
-1.497784629  
-4.445027752  
-7.724859328  
-10.6961824  
-12.5365796  
-12.65774788  
-11.02127554  
-8.176861142  
-5.006827237  
-2.329597638  
-0.5912127602  
0.1875827384  
0.2034225123  
-0.4367893341  
-1.893356531  
-4.490861644  
-8.368085597  
-13.09662316  
-17.5493655  
-20.19319118  
-19.74467065  
-15.88786847  
-9.652762936  
-3.168957733  
1.192415006  
1.939094365  
-0.704174192  
-4.713986415  
-7.087642388  
-5.264155592  
1.492354365  
11.43718185  
20.8180979  
25.36506187  
22.18555879  
11.21639172  
-4.464825256  
-19.67519678  
-29.10879001  
-29.42565441  
-20.54620523  
-5.600726811  
10.41476031  
22.65574068  
28.22532373  
27.0003893  
21.22025069  
14.14970998  
8.525734862  
5.530200564  
4.704575545  
4.714094613  
4.444120788  
3.779670637  
3.635511851  
5.243566207  
9.128745884  
14.38952345  
18.74860573  
19.43252684  
14.48874332  
3.891643772  
-10.14073928  
-23.8291774  
-33.24438914  
-35.82193246  
-31.30394017  
-21.704664  
-10.35702849  
-0.5162771319  
5.827250769  
8.418656961  
8.36324004  
7.194157815  
5.918701652  
4.54245179  
2.283259802  
-1.693839223  
-7.464159135  
-13.9302824  
-19.06686966  
-20.73294951  
-17.66172643  
-10.13966235  
-0.0332614947  
9.866123742  
16.88853967  
19.46063121  
17.59819021  
12.74207175  
7.063418049  
2.580698556  
0.4738297858  
0.8435940396  
2.936937863  
5.653477215  
8.060353385  
9.694619763  
10.57503929  
10.99605512  
11.25854436  
11.48092174  
11.55536974  
11.22490052  
10.20895261  
8.312045332  
5.492278996  
1.902245764  
-2.081654242  
-5.854075541  
-8.641722743  
-9.668638112  
-8.414594152  
-4.881618991  
0.2648120855  
5.795577  
10.27925653  
12.59273594  
12.36767738  
10.15349113  
7.187835298  
4.847398578  
4.018944916  
4.690115044  
5.971443835  
6.556344204  
5.403644515  
2.301437175  
-1.985998679  
-6.085682398  
-8.732950328  
-9.479891923  
-9.018965837  
-8.92070359  
-10.87296573  
-15.77058075  
-23.10363864  
-30.97287719  
-36.77180517  
-38.25472888  
-34.51297514  
-26.40895286  
-16.25855558  
-6.896707156  
-0.5423671915  
2.032594571  
1.672817138  
0.2980147781  
-0.07586412372  
1.707620523  
5.441554946  
9.707300387  
12.57808976  
12.52899813  
9.136566493  
3.272523083  
-3.259399626  
-8.448559346  
-10.83084831  
-9.959591688  
-6.436675895  
-1.549884291  
3.282279865  
7.01057863  
9.216823835  
10.0850971  
10.15551615  
10.00380974  
9.985704021  
10.12713023  
10.16858503  
9.71607254  
8.429267359  
6.181436858  
3.143990699  
-0.2307310797  
-3.331263727  
-5.586989903  
-6.686798981  
-6.731854426  
-6.241287406  
-5.972957157  
-6.598462579  
-8.351682994  
-10.81036318  
-12.94008742  
-13.4280384  
-11.20128857  
-5.921819631  
1.764100616  
10.3539527  
17.9653617  
22.97274353  
24.54011492  
22.83066094  
18.82364464  
13.84983919  
9.077986815  
5.187193441  
2.342731871  
0.4224535035  
-0.6907181657  
-0.9542590473  
-0.2508559666  
1.351280475  
3.358233447  
4.840339482  
4.743217412  
2.415603689  
-1.911570601  
-6.988463648  
-10.90804818  
-11.8749168  
-9.058321632  
-3.116451937  
3.905570698  
9.322480876  
10.90692334  
7.8550401  
1.172739158  
-6.710027263  
-12.93352611  
-15.36342645  
-13.38809498  
-8.01616704  
-1.272126577  
4.780698189  
8.900594167  
11.01125679  
11.91400572  
12.58520329  
13.47862247  
14.2249969  
13.88292728  
11.57783068  
7.144723521  
1.385893655  
-4.228716183  
-8.271492989  
-10.085809  
-10.11075237  
-9.589296965  
-9.789492977  
-11.15956919  
-12.91032442  
-13.31892346  
-10.66732997  
-4.36171317  
4.37330422  
12.67203804  
17.11087728  
15.2640043  
7.011530596  
-5.06695681  
-16.49395588  
-22.62286556  
-20.57477429  
-10.53193103  
4.205267394  
18.45370846  
