0.8628526838  
-4.095627037  
-6.549650387  
-6.638068066  
-6.257383171  
-7.816066365  
-12.78652657  
-20.76211582  
-29.44087679  
-35.51020347  
-36.01616867  
-29.62809282  
-17.29888965  
-2.095392114  
11.70845591  
19.94749577  
19.87167204  
11.06764456  
-4.254432307  
-21.70395373  
-35.81546919  
-41.58585314  
-36.05887493  
-19.47711467  
4.451680538  
29.42175291  
48.41167454  
56.04474459  
50.59673074  
34.82156441  
15.12819394  
-0.7293364855  
-6.637733347  
-0.6016702593  
14.3606445  
31.37570555  
42.53507776  
42.23443592  
29.60219323  
8.933034661  
-12.10802043  
-25.75605411  
-27.46024989  
-17.77186477  
-1.969708166  
12.38801405  
18.85250045  
14.86082406  
2.650687194  
-12.04949054  
-22.8715515  
-25.80641632  
-20.92474847  
-12.04408497  
-4.580901807  
-2.705707466  
-7.235356868  
-15.30103759  
-21.92439154  
-22.67367386  
-16.03305451  
-4.270641201  
7.646210588  
14.54796537  
13.71200688  
6.314905495  
-3.069817337  
-8.709529747  
-6.592239509  
3.480689557  
17.64267231  
29.70408495  
34.0584091  
28.34513642  
14.57500786  
-1.826395944  
-14.58706836  
-19.5161696  
-16.37322921  
-8.787561062  
-2.296393197  
-1.485705504  
-7.646120386  
-18.08994149  
-27.45454092  
-30.34587599  
-24.0305586  
-9.871178498  
7.181771939  
20.78943644  
26.06173216  
21.69418006  
10.42708142  
-2.337595841  
-11.0578371  
-12.50331877  
-7.009635041  
1.981727818  
9.78890258  
12.80716832  
10.1639827  
3.966218998  
-1.902323517  
-3.790789904  
-0.1101520268  
7.870175185  
16.58420772  
21.77268655  
20.35716884  
11.74650244  
-1.945936299  
-16.77478087  
-28.45861887  
-33.82860771  
-31.67823533  
-22.80473987  
-9.409267215  
5.753111256  
20.08628769  
31.53207761  
38.65429216  
40.61353439  
37.20348861  
28.98083663  
17.36264182  
4.504365381  
-7.145167811  
-15.52919762  
-19.6474835  
-19.88188291  
-17.78072093  
-15.34368022  
-14.10009044  
-14.399845  
-15.26153463  
-14.87426116  
-11.54078299  
-4.632341772  
4.894363667  
14.67660434  
21.76762894  
23.75978729  
19.73631081  
10.66079341  
-0.9397727177  
-11.84725984  
-19.22007633  
-21.45459511  
-18.565196  
-12.02394561  
-4.20221128  
2.342071808  
5.504367344  
4.071144755  
-2.069101429  
-11.90868692  
-23.46898444  
-34.11869772  
-41.0745336  
-42.04934397  
-35.91799856  
-23.18809189  
-6.054001719  
12.08090069  
27.53523488  
37.44889359  
40.6519318  
37.95297552  
31.70804418  
24.8238841  
19.59708745  
16.87246391  
15.87582169  
14.78257175  
11.75448386  
5.960759115  
-1.898703035  
-9.825998492  
-15.42309218  
-17.046124  
-14.67170463  
-10.0415565  
-5.969580232  
-5.076881939  
-8.499844295  
-15.15929706  
-21.96373027  
-24.92849044  
-20.7977041  
-8.520685829  
10.03235343  
30.44301967  
47.10567398  
55.08652245  
51.79465937  
37.8546542  
16.88073611  
-5.731297795  
-24.52341252  
-35.57893731  
-37.4731409  
-31.31950376  
-20.0138921  
-7.058218123  
4.556381387  
13.02581521  
17.8240313  
19.32272639  
18.22458597  
15.11423529  
10.31283573  
4.033854714  
-3.320473983  
-10.94156891  
-17.63409841  
-22.09181172  
-23.30623348  
-20.91311336  
-15.31265929  
-7.513157273  
1.217384034  
9.720759577  
17.17348924  
23.09058473  
27.15686029  
29.02667083  
28.24566492  
24.37347955  
17.26672937  
7.379662673  
-4.089168791  
-15.31671576  
-24.23581028  
-29.05368099  
-28.72753628  
-23.24155131  
-13.61852001  
-1.701859751  
10.19368725  
19.66539209  
24.59096466  
23.48242506  
15.83033007  
2.394199583  
-14.67970149  
-32.06561567  
-45.88541213  
-52.69369023  
-50.56248169  
-39.86998883  
-23.41659252  
-5.696429532  
8.514844368  
15.77641972  
15.17361173  
8.571577967  
-0.2192644705  
-7.053824937  
-9.170382782  
-6.273478796  
-0.5018155148  
4.70299802  
6.305060394  
3.162763325  
-3.405627006  
-10.24919083  
-13.90247899  
-12.25615438  
-5.55900706  
3.748909067  
12.2955775  
17.50114066  
18.88985159  
18.30102026  
18.85525869  
23.1689831  
31.72145168  
42.24393884  
50.52152701  
52.2965843  
45.38553573  
30.96169648  
13.31506471  
-1.883303069  
-10.05120091  
-9.750349074  
-3.338385082  
4.124992304  
7.231826267  
2.744255114  
-8.908820623  
-23.86139673  
-36.64727462  
-42.75503658  
-40.67320916  
-32.45557334  
-22.56554272  
-15.60031142  
-14.03530123  
-17.10332085  
-21.34384867  
-22.51820956  
-17.90356461  
-7.794577849  
4.553359058  
14.5143373  
18.41201985  
15.39103911  
7.881803845  
0.406740739  
-2.684722734  
0.5847618653  
8.80545173  
17.88428885  
23.14135874  
21.76369978  
14.37927205  
4.926939246  
-1.172275509  
0.3054791292  
10.14471639  
24.99396276  
38.60429109  
44.4810893  
38.75571285  
21.9728029  
-1.01390349  
-22.98144415  
-37.23513225  
-40.1858859  
-32.5196017  
-18.54501195  
-4.127791481  
5.789217259  
8.978784485  
6.333227119  
