11.99708935  
3.530672864  
-11.30141104  
-24.8710469  
-29.80405782  
-22.19350481  
-3.337418387  
20.70236468  
41.50814  
51.66748849  
47.70874675  
31.43703789  
9.168019405  
-10.79538229  
-21.41422311  
-19.61007422  
-7.377472845  
9.075074626  
21.77887138  
24.08650125  
13.21226856  
-8.692709532  
-35.27988979  
-58.22682729  
-70.09194468  
-66.76178756  
-48.65609202  
-20.35224399  
11.12175655  
38.62078906  
56.97688814  
64.16396472  
61.26217002  
51.43428939  
38.47286631  
25.55746637  
14.66419283  
6.701016109  
2.084253139  
1.287860279  
4.968943925  
13.55570727  
26.52643917  
41.83877464  
55.95119636  
64.61977263  
64.26360916  
53.36674071  
33.29207639  
8.084092363  
-16.74207411  
-35.98355517  
-46.3993869  
-47.57326893  
-41.6831227  
-32.35314898  
-23.15631859  
-16.44662497  
-12.98903677  
-12.42190778  
-14.16047978  
-18.14107149  
-24.92549809  
-35.07168745  
-48.12613824  
-61.87071312  
-72.39567296  
-75.19017792  
-66.91229056  
-47.0929133  
-18.95435545  
11.15371709  
35.61179231  
48.01637774  
45.32459313  
28.81555436  
3.519533223  
-23.59380572  
-45.8882784  
-58.89415705  
-61.07973945  
-53.47207996  
-38.5461073  
-19.05340122  
2.650156774  
24.60181098  
44.81007481  
60.91417374  
70.3500918  
71.10800999  
62.75071693  
47.11615914  
28.19852711  
11.07230612  
0.2114038209  
-2.097329899  
3.470630234  
13.6881343  
24.20504181  
31.34785188  
33.46944215  
31.25043179  
26.86858924  
22.5058598  
18.98252956  
15.23423108  
8.917295297  
-2.145564113  
-18.40230477  
-37.69551671  
-55.5691523  
-66.70429028  
-66.9064417  
-54.81228988  
-32.60793611  
-5.480273457  
19.95500877  
37.62682423  
43.68006312  
37.35016858  
20.91103233  
-1.10437117  
-23.05334052  
-39.38110979  
-45.689226  
-39.6152958  
-21.4764079  
5.459447258  
35.29051769  
60.56118585  
74.05631893  
70.92431662  
50.45749666  
16.80323284  
-21.84610919  
-55.50212359  
-75.39696939  
-76.7250957  
-60.10379449  
-31.20564344  
1.281179005  
28.56819294  
44.45622292  
46.86146963  
37.77502754  
21.90631815  
4.733497955  
-9.219199165  
-17.32899322  
-18.96374047  
-15.02155375  
-7.362398895  
1.584974786  
9.063349714  
12.32241921  
9.280971579  
-0.5249372265  
-15.10422066  
-29.8747196  
-38.66883324  
-35.82629768  
-18.70125563  
10.50401277  
44.59685396  
73.3561643  
87.08922511  
80.45506516  
54.92979384  
18.72009744  
-16.04401029  
-37.81923288  
-40.0417801  
-23.55801511  
3.947374787  
31.27390275  
48.32673232  
50.02843263  
37.86370662  
18.49640203  
0.2336298903  
-10.93715174  
-13.88330311  
-12.31875732  
-12.38159527  
-19.07510375  
-33.36069595  
-51.33207069  
-65.86310022  
-69.91919624  
-59.93239596  
-37.63583136  
-9.511769996  
15.85009338  
31.22336254  
33.44825779  
24.20320823  
8.640905311  
-7.309261101  
-19.60281888  
-27.45849805  
-32.92004554  
-38.99600955  
-47.44851256  
-57.407834  
-65.50888613  
-67.44297163  
-60.11267459  
-43.30788949  
-20.09744772  
4.217220003  
24.05644013  
35.51384021  
37.47996138  
31.57738424  
21.12875798  
9.774576041  
0.3931490353  
-5.319450726  
-6.677029736  
-3.608839089  
3.561716054  
14.00812645  
26.13112368  
37.49460112  
45.26262204  
47.12615282  
42.34576539  
32.34715832  
20.43294106  
10.58057293  
5.784764304  
6.703594855  
11.29950647  
15.731254  
16.15036968  
10.58973832  
0.04503065195  
-11.79374785  
-20.07095844  
-20.86325367  
-12.88456673  
1.968384812  
19.43722391  
34.65013813  
43.95233812  
45.99790839  
41.70984077  
33.30870669  
23.05403201  
12.41157989  
2.031519979  
-7.604342549  
-15.43137017  
-19.58730064  
-18.04823623  
-9.88220785  
3.575144388  
18.41404416  
29.14440267  
30.76354692  
21.04711589  
1.963854858  
-20.59220244  
-38.83044588  
-46.09885825  
-39.64484889  
-21.87106301  
0.5154195299  
19.13548585  
27.2347578  
22.24033074  
6.524339374  
-13.85973005  
-31.80824462  
-41.94972917  
-42.39055993  
-34.8035816  
-23.04650244  
-11.14547555  
-1.668317981  
4.814735624  
9.123761147  
12.26161284  
14.41025462  
14.73698946  
12.09110904  
6.12052621  
-1.930396916  
-9.322247512  
-12.89958445  
-10.65463647  
-2.956692762  
7.269423689  
15.63277748  
18.20963301  
13.43467829  
3.029150437  
-8.535134508  
-15.86052198  
-14.95252125  
-5.025685417  
11.009206  
27.57757811  
38.52582692  
39.36184935  
28.74715352  
8.728443271  
-16.22681834  
-40.84394943  
-60.58522779  
-72.58196362  
-75.80314387  
-70.68798373  
-58.64250065  
-41.71021903  
-22.46496598  
-3.930007252  
10.74021172  
18.9219937  
19.35042947  
12.71231775  
1.597057909  
-10.34315707  
-19.76782589  
-24.96564182  
-26.45739273  
-26.50809755  
-27.68931752  
-31.14355225  
-35.43418231  
-36.67188694  
-30.04455936  
-12.18933888  
16.63673093  
51.65949997  
84.5571717  
106.0991273  
109.4955867  
93.12014013  
61.45382466  
23.78786972  
-8.87407164  
-27.54608757  
-28.20439872  
-12.86435954  
11.53172119  
35.87901511  
52.19041557  
56.14822774  
48.07121251  
32.13213479  
14.3408814  
0.2075960319  
-7.014116369  
-6.969034773  
-1.709839227  
5.50817163  
11.54840775  
14.32739089  
13.14274976  
8.477028337  
1.54214586  
-6.163643535  
-13.14641411  
-18.07360609  
-19.91034087  
-18.12313254  
-12.9319741  
-5.480145332  
2.243535695  
7.81543494  
9.051553662  
4.722420706  
-4.973570556  
-18.38813756  
-32.8808254  
-45.58107166  
-54.15358719  
-57.27776523  
-54.7021311  
-46.94132524  
-34.84814824  
-19.32724803  
-1.344743245  
17.81122076  
36.24676638  
51.44040572  
60.66318612  
61.7891411  
54.20060139  
39.36578168  
20.7348118  
2.862229043  
-9.997225286  
-15.30102852  
-13.06429322  
-5.761087944  
2.711152768  
8.588907814  
9.666794904  
5.976758272  
-0.5620938397  
-7.337930813  
-12.50117063  
-15.95599381  
-19.36918071  
-25.13987151  
-34.79474051  
-47.59941499  
-60.14331747  
-67.25124227  
-63.96682003  
-47.81645024  
-20.3498752  
12.80921058  
43.56944393  
64.08756823  
69.53881929  
59.81929226  
39.47612095  
15.89222024  
-3.522664492  
-13.9817441  
-14.75751673  
-8.900576615  
-1.485864896  
2.758061639  
1.376486853  
-5.1099743  
-13.90125819  
-21.53550024  
-25.5714798  
-25.5324339  
-22.73916298  
-19.24913214  
-16.55502952  
-14.77632783  
-12.76939195  
-9.057426593  
-3.021829253  
4.360510133  
10.71466067  
13.37763202  
10.88747036  
4.06672298  
-3.931686877  
-8.758913854  
-6.736771366  
3.385606419  
19.62323508  
37.31931326  
50.87951973  
55.93181931  
50.97395754  
37.81480822  
20.67570702  
4.423565652  
-7.237384719  
-12.83624845  
-13.10501541  
-10.04008709  
-5.663791967  
-1.168754199  
3.163255281  
7.354064561  
10.92841663  
12.52459149  
10.2764562  
2.858032865  
-9.355366675  
-23.71130243  
-35.76689733  
-40.8004977  
-35.76422862  
-20.79573469  
0.4708978776  
22.04982115  
37.799348  
43.76150562  
39.64044887  
28.77388457  
16.61158198  
8.368036534  
6.867670072  
11.49308195  
18.64097875  
23.42720918  
21.8621386  
12.56505372  
-2.658660688  
-19.5320246  
-32.93184971  
-38.72528791  
-35.12609398  
-23.16209517  
-6.234507378  
10.93822267  
23.58261197  
27.9964332  
22.35612847  
7.14997741  
-14.78214631  
-38.65295284  
-58.63618786  
-69.24419338  
-66.93364698  
-51.46922104  
-26.47496276  
1.248647254  
23.656649  
34.12403756  
29.9100307  
13.41093548  
-8.444986966  
-26.60717293  
-33.29856103  
-25.0917395  
-4.394888569  
21.33825173  
42.44332579  
50.82998773  
43.18817212  
22.29253984  
-4.146024526  
-26.61297107  
-37.60642316  
-34.5533015  
-20.62897519  
-3.177165762  
9.560618203  
