-14.99551399  
-21.72497768  
-23.51259079  
-19.66632453  
-10.71748635  
1.931502133  
16.21879814  
29.47739533  
38.57752742  
40.45666286  
33.11209162  
16.74891505  
-5.521652771  
-28.02480342  
-44.10453243  
-48.5293228  
-39.77608023  
-21.11559266  
0.1797471544  
15.39321113  
17.74177106  
5.171124931  
-18.67196014  
-45.77588113  
-66.88689532  
-75.09734774  
-68.37201542  
-49.9741142  
-26.70838246  
-5.870031951  
7.678668069  
13.02787952  
12.78994715  
11.12069627  
11.29555579  
14.07314921  
17.60343285  
18.81516799  
15.47067904  
7.767858323  
-1.367322477  
-7.472003616  
-6.649086222  
2.439480068  
17.64949479  
33.95147094  
45.2969869  
46.94988224  
37.3151695  
18.56377821  
-4.110252661  
-24.22231679  
-36.02449664  
-36.13307649  
-24.32301586  
-3.404017348  
21.6268559  
44.83922246  
60.72391341  
65.41016977  
57.55539085  
38.73253571  
13.16923777  
-13.20576983  
-34.25718115  
-45.3028425  
-44.41985626  
-32.9278499  
-14.84340659  
4.511105726  
20.21672347  
29.13060572  
30.42914412  
25.21647424  
15.51785852  
3.232460559  
-10.42345711  
-24.76739609  
-38.99673542  
-51.52848124  
-59.84396493  
-61.07188996  
-53.11976895  
-35.82219961  
-11.50549319  
15.38815763  
39.53443455  
56.32980534  
63.20645958  
60.15598586  
49.34463123  
34.11684551  
17.90992708  
3.54086003  
-6.970617651  
-12.2212854  
-11.25289724  
-3.683069386  
9.852263733  
27.24820659  
44.91078118  
58.45542531  
64.0320187  
59.77971673  
46.72109036  
28.56763354  
10.3798196  
-3.413024764  
-10.76610643  
-12.72144262  
-12.69317548  
-14.63656494  
-20.9542895  
-31.15098884  
-41.91530749  
-48.6359038  
-47.66298046  
-38.24951648  
-23.2310285  
-8.077536738  
1.29852386  
1.020495329  
-9.076815586  
-25.29807359  
-41.5121034  
-51.52337764  
-51.39596389  
-40.81502363  
-23.03051449  
-3.530262497  
11.93540204  
19.19502982  
16.75406515  
5.916228039  
-9.920538933  
-26.41274828  
-39.45616507  
-46.1207899  
-45.20892707  
-37.41547898  
-25.10354947  
-11.71174383  
-0.8520768987  
4.743143755  
4.140968918  
-1.347616787  
-8.455317929  
-12.99966678  
-11.3892395  
-2.068861127  
13.66597268  
31.8526822  
47.03603764  
54.03780861  
49.69036163  
33.92722587  
9.881553181  
-16.98237322  
-40.35773925  
-54.70892715  
-56.56548531  
-45.23603146  
-22.88165887  
5.975465786  
35.38621772  
59.21854538  
72.54083314  
72.88656914  
61.05004104  
41.06370932  
19.17882328  
2.005726922  
-5.647986593  
-2.463833062  
8.892909474  
22.78298303  
32.81070336  
34.39846782  
26.64251709  
12.62349912  
-2.005365963  
-11.5572423  
-12.84505173  
-6.546073086  
3.251346908  
11.12807781  
13.07653074  
8.601487453  
1.147826159  
-3.407704131  
0.4439670442  
15.0218141  
37.91567305  
62.47501298  
80.16349804  
83.79225727  
70.27426903  
41.78093496  
4.901659117  
-31.74273492  
-60.38359341  
-76.34057288  
-78.86782328  
-70.53553551  
-55.67893928  
-38.71969721  
-23.03446868  
-10.63145757  
-2.451156285  
1.143675876  
0.08474380565  
-5.339688864  
-14.23101603  
-24.93861843  
-35.26144645  
-42.9924757  
-46.56718501  
-45.48391474  
-40.27593152  
-32.0653614  
-21.96892442  
-10.70837914  
1.347924092  
13.75600493  
25.47743293  
34.65917973  
38.96293103  
36.39583979  
26.29344877  
9.969793232  
-9.33833337  
-27.29526788  
-39.76472683  
-44.0683902  
-39.71294088  
-28.34325443  
-13.02324836  
2.789687128  
16.1447565  
25.08860285  
28.71774465  
26.98000403  
20.47394548  
10.38614531  
-1.48255897  
-12.79174246  
-21.01502795  
-24.08704192  
-21.13404103  
-12.9388926  
-1.836201325  
9.032614088  
16.86099143  
20.24321015  
19.67894698  
17.26009889  
15.65360633  
16.82795074  
21.10191472  
26.95236309  
31.67045805  
32.56669425  
28.18092185  
18.96334077  
7.143604652  
-4.129632125  
-11.98973676  
-14.8891035  
-13.07575935  
-8.374687501  
-3.421092899  
-0.6770347759  
-1.590050775  
-6.148623942  
-12.92341534  
-19.53269889  
-23.3764801  
-22.44209383  
-15.97686512  
-4.835625631  
8.642581184  
21.26947249  
30.03087953  
33.19039632  
31.05213279  
26.00278833  
21.68668923  
21.52895981  
27.16010096  
37.436479  
48.58330839  
55.54056833  
54.04487926  
42.58447407  
23.33514097  
1.571158481  
-16.29515398  
-25.25879295  
-23.76019287  
-14.31278226  
-2.431004407  
5.668890409  
5.571911933  
-3.723090726  
-19.73577482  
-37.89566418  
-53.63260321  
-64.12929823  
-68.94504976  
-69.35541172  
-66.93665817  
-62.30012  
-54.75050466  
-43.08025068  
-27.02162274  
-8.441255944  
8.566489808  
18.97138812  
18.99797293  
8.159534573  
-9.964235819  
-28.76868692  
-41.16795472  
-42.54492738  
-32.73243515  
-16.045216  
0.7173851989  
11.40458199  
13.3173587  
8.347042605  
1.895301346  
0.08629919834  
6.614818049  
20.75920428  
37.54030252  
49.97436333  
52.35958373  
43.03251846  
25.27841857  
5.956495519  
-7.519340667  
-10.4346317  
-2.762445281  
11.0015719  
24.02595863  
30.28977379  
27.21879228  
16.63016149  
3.634633161  
-5.899231209  
-8.077022404  
-2.638872183  
7.158593341  
16.28278615  
20.38810114  
17.81808647  
10.24314496  
1.716732264  
-3.32318624  
-2.123579253  
5.200172992  
15.85579956  
25.76819246  
31.46022165  
31.52967657  
27.07280466  
20.92973939  
16.17344003  
14.58305759  
15.80685144  
17.56595377  
16.76375933  
10.96524905  
-0.4250572647  
-15.79328092  
-31.88392088  
-45.02424205  
-52.46146652  
-53.25330772  
-48.37930403  
-40.09248403  
-30.85421599  
-22.34795325  
-14.9978741  
-8.162364786  
-0.8540486595  
7.40108263  
16.00744253  
23.33565179  
27.35172627  
26.55053716  
20.74740995  
11.33521376  
0.8574841659  
-7.928918099  
-13.08055321  
-14.11119588  
-11.96114448  
-8.331011782  
-4.739353578  
-1.811197922  
0.809952137  
3.864236638  
7.519899143  
10.63272461  
10.74759249  
5.025911559  
-8.21095363  
-28.03205487  
-50.33859872  
-68.68400555  
-76.36021573  
-69.0128079  
-46.69928226  
-14.42659751  
19.21941791  
44.94266289  
56.02665552  
50.74076835  
32.88920774  
10.28394618  
-8.224143299  
-15.95000633  
-10.55866688  
5.540972498  
26.58063595  
45.86143287  
58.1447367  
61.07774812  
55.26540804  
43.24414493  
28.04825764  
12.1057057  
-3.117871159  
-16.7902832  
-28.1343234  
-36.11464521  
-39.66757787  
-38.35764357  
-33.02512998  
-25.93226283  
-20.15815783  
-18.40345486  
-21.72447003  
-28.82055767  
-36.28651103  
-39.80963221  
-35.85198209  
-23.12669074  
-3.26038986  
19.61412832  
40.14673735  
53.41945402  
56.35355616  
48.4440365  
31.70369131  
9.990139589  
-11.96746713  
-29.55085156  
-39.08170924  
-38.45427737  
-27.56132689  
-8.455132362  
14.87901143  
37.23937013  
53.38221574  
59.40684253  
53.92728988  
38.58460118  
17.63463473  
-3.317214815  
-19.0241956  
-26.14956856  
-24.12093185  
-15.03282981  
-2.719194302  
8.584775413  
15.48212318  
16.17619112  
10.63987533  
0.3197289169  
-12.384953  
-24.67336121  
-33.85871417  
-37.87784412  
-35.80933305  
-28.29427843  
-17.63316788  
-7.328703565  
-1.026041083  
-1.111422563  
-7.510199986  
-17.29321897  
-25.45585871  
-26.74373217  
-17.87035878  
0.8180064153  
25.04672936  
47.96132085  
62.66411437  
64.90467635  
54.75526706  
36.51255354  
16.84691991  
2.019262409  
-4.587624295  
-3.529223127  
1.472417569  
5.686420853  
5.827340579  
1.606175108  
-4.343831533  
-8.066808073  
-6.552614195  
0.5013192735  
10.33530098  
18.36233231  
20.37440992  
14.62326575  
2.750652337  
-10.87959115  
-21.11289027  
-24.26756123  
-19.67445868  
-9.824658022  
0.8585218651  
7.975453088  
8.912197528  
3.672346865  
-5.445226437  
