21.62279414  
20.05051637  
15.43880824  
7.426060199  
-2.755886904  
-12.52463674  
-18.97046627  
-20.16580453  
-16.09498627  
-8.715565591  
-1.096459359  
3.952940953  
5.090061755  
2.894683076  
-0.6309719731  
-3.235745379  
-3.649114008  
-2.233415647  
-0.7357238609  
-1.287014627  
-5.183699902  
-12.09070527  
-20.076993  
-26.45862843  
-29.0096881  
-26.92473807  
-21.06317238  
-13.39246673  
-5.964168762  
0.01727696495  
4.552470013  
8.486972218  
12.69219929  
17.29671302  
21.43745545  
23.69420246  
22.96767875  
19.28819874  
14.05387296  
9.497580451  
7.611471104  
9.082899928  
12.83131082  
16.44731639  
17.36710211  
14.20877851  
7.577048591  
-0.1175634025  
-5.787457398  
-7.213477968  
-4.237051892  
1.024875934  
5.094765364  
4.771891748  
-1.28606422  
-11.80457845  
-23.33390704  
-31.69238735  
-33.73597235  
-28.63789832  
-18.11855496  
-5.583751454  
5.356211663  
12.25966928  
14.51015101  
13.06084572  
9.547659854  
5.341267035  
1.065885214  
-3.219178109  
-7.402696447  
-10.76800712  
-11.96114228  
-9.611976189  
-3.306650239  
5.672585528  
14.38008252  
19.18099664  
17.31957081  
8.352558955  
-5.308339601  
-19.12684694  
-28.21893993  
-29.40962082  
-22.61174158  
-10.84658153  
1.147388678  
9.092176274  
11.11524913  
8.536542679  
5.117823265  
5.132835748  
11.18572875  
22.8280129  
36.63722613  
47.71516136  
51.88429495  
47.53849943  
36.29085333  
22.15601237  
9.709674549  
2.135471274  
0.07845325406  
1.785976671  
4.361594336  
5.42045056  
4.27770088  
2.090085922  
0.9426187242  
2.426158721  
6.504639548  
11.30009786  
13.92666104  
11.94549441  
4.67977768  
-6.306191435  
-17.8345873  
-26.55406746  
-30.48229926  
-29.88530666  
-27.05814109  
-25.11774947  
-26.40657781  
-31.29181819  
-37.94266123  
-43.18375581  
-44.00035696  
-38.96723921  
-28.92967807  
-16.64248032  
-5.576619782  
1.516932123  
3.616877102  
1.591446344  
-2.482811012  
-6.434998238  
-8.966898778  
-10.01886358  
-10.42267657  
-11.10528105  
-12.32342635  
-13.36719504  
-12.8998022  
-9.751654143  
-3.737166905  
3.961418684  
11.08854708  
15.19786842  
14.73546441  
9.823622074  
2.366818076  
-4.600975169  
-8.073511481  
-6.259647797  
0.6881154201  
10.69976643  
20.55557595  
27.08839819  
28.35270754  
24.32021198  
16.85515043  
8.998214384  
3.838691887  
3.392326019  
7.886148221  
15.69543158  
23.94302443  
29.53839524  
30.28239374  
25.64291218  
16.92480602  
6.775450002  
-1.78947534  
-6.475137432  
-6.499770161  
-2.789086517  
2.49495445  
6.892585379  
8.661673355  
7.447097728  
4.327638139  
1.232215838  
-0.005905392784  
1.472431346  
5.140723747  
9.329849295  
12.01305084  
11.76929413  
8.476394947  
3.408592871  
-1.311390636  
-3.656691385  
-2.604648012  
1.403546556  
6.654756044  
10.90918393  
12.35181799  
10.32118828  
5.504366685  
-0.4575726984  
-5.741974309  
-9.128690398  
-10.45207231  
-10.55419909  
-10.80826947  
-12.46160597  
-16.09468566  
-21.40126234  
-27.32643875  
-32.44726341  
-35.41223864  
-35.28854571  
-31.7558914  
-25.16839225  
-16.5309254  
-7.401686743  
0.3180311424  
4.756813375  
4.596440439  
-0.3791453884  
-8.932072128  
-18.44492947  
-25.52865622  
-27.05417117  
-21.27802571  
-8.625932481  
8.225142363  
25.07418076  
37.51574145  
42.37943689  
38.75110046  
28.19866418  
14.14435095  
0.6611347421  
-8.825027919  
-12.45534199  
-10.21389424  
-3.582320406  
5.167367137  
13.70272829  
20.13373953  
23.22356719  
22.40720582  
17.77397845  
10.09762742  
0.8624077266  
-7.862713192  
-13.82897385  
-15.273463  
-11.63564946  
-3.993387444  
5.070909899  
12.24748157  
14.69512483  
11.19277355  
2.741487157  
-7.694880068  
-16.26356181  
-19.70183719  
-16.61781936  
-8.039521343  
2.99111911  
12.59600796  
17.50694674  
16.18856958  
9.220345273  
-1.137356293  
-11.92138306  
-20.52555745  
-25.41447848  
-26.28539026  
-23.75139028  
-18.815618  
-12.43572071  
-5.350538847  
1.849317413  
8.567311619  
14.1407641  
17.9529536  
19.65308998  
19.32914844  
17.49766264  
14.88841977  
12.13718905  
9.565406698  
7.177160565  
4.865378735  
2.677450633  
0.9386521659  
0.1127100834  
0.4540168442  
1.669974899  
2.856175231  
2.841778656  
0.8410614249  
-2.919996987  
-7.001165088  
-9.207922497  
-7.617087796  
-1.72513393  
6.884985182  
14.81968302  
18.13743864  
14.13594243  
2.860300254  
-12.44778453  
-26.32116458  
-33.17450154  
-29.69024091  
-16.41653735  
2.206121163  
19.49724813  
29.21050864  
28.07991751  
17.11280386  
1.053638563  
-13.73162593  
-21.9838095  
-21.65700187  
-14.47993709  
-4.789723259  
2.730547868  
5.282497805  
3.081676932  
-1.10952795  
-3.73626457  
-2.549351674  
2.049069191  
7.111445891  
8.656856304  
3.826415291  
-7.412489289  
-21.89305924  
-34.43401919  
-40.04687778  
-36.13255132  
-23.64338881  
-6.688789434  
9.198384802  
19.30546301  
21.47249603  
16.59408311  
7.796319718  
-1.181056833  
-7.550205012  
-10.26958749  
-9.826125167  
-7.319813021  
-3.503589256  
1.618599768  
8.422851238  
16.81428077  
25.50811027  
32.01708553  
33.52931034  
28.32752088  
17.02118854  
2.858409243  
-9.214746795  
-14.46197283  
-10.42068617  
1.842950671  
17.93782288  
31.8097319  
38.18034057  
34.70281042  
22.88090997  
7.350111538  
-6.144673721  
-13.16419132  
-12.32083406  
-5.629156155  
2.61505449  
7.847258264  
7.200061087  
0.5711503645  
-9.59308395  
-19.58105133  
-26.09577751  
-27.55296834  
-24.47741482  
-18.94499193  
-13.45441752  
-9.816915522  
-8.554052562  
-8.97916314  
-9.787153518  
-9.769176392  
-8.285935452  
-5.335574943  
-1.30386876  
3.356747384  
8.285230828  
13.12843942  
17.32873488  
20.00149175  
20.07736457  
16.71752899  
9.820236236  
0.3404984461  
-9.797631869  
-18.22746168  
-22.9154136  
-22.8616668  
-18.42511292  
-11.14291426  
-3.143365432  
3.578318228  
7.721701602  
8.894225507  
7.477255943  
4.302475481  
0.3418068748  
-3.45994216  
-6.217462203  
-7.115672687  
-5.520559582  
-1.217968341  
5.324557819  
12.85840508  
19.56683218  
23.59253428  
23.6995829  
19.77695913  
12.92636333  
5.056695454  
-1.852648649  
-6.484459691  
-8.569865147  
-8.757945015  
-8.067038801  
-7.238107276  
-6.361729847  
-4.996100082  
-2.706703396  
0.3038914238  
2.895503956  
3.288683645  
-0.09362845008  
-7.629336164  
-17.88923806  
-27.83581954  
-33.87605766  
-33.37499589  
-25.94777562  
-13.877409  
-1.364988379  
7.14512579  
8.862729745  
3.917242739  
-4.617739835  
-12.00438675  
-13.89256641  
-8.244321737  
3.727026843  
18.02512531  
29.53698793  
34.15530827  
30.42497447  
20.018409  
6.887950957  
-4.465737482  
-10.80539703  
-11.2645838  
-7.339896885  
-1.890792223  
2.296318756  
3.685055678  
2.41167759  
-0.1284077083  
-2.203643948  
-2.647791601  
-1.291858123  
1.219723909  
4.028463595  
6.669836855  
9.316968835  
12.52543461  
16.64961729  
21.29981648  
25.19738196  
26.57149315  
23.94354089  
16.92493716  
6.624678643  
-4.559204417  
-13.7014731  
-18.34773832  
-17.33537959  
-11.12363175  
-1.550110074  
8.826491622  
17.5024542  
22.6448882  
23.40288945  
19.92785485  
13.21012368  
4.83414821  
-3.316897504  
-9.434453231  
-12.24810539  
-11.49747229  
-8.219727535  
-4.629287301  
-3.473270443  
-6.979247701  
-15.76239653  
-28.18764189  
-40.58333966  
-48.38037954  
-47.82897928  
-37.62297184  
-19.71288668  
1.127585407  
18.90337446  
28.57022408  
27.89743028  
18.24354761  
3.921822292  
-9.560717339  
-17.62495013  
-18.20351592  
-12.16339764  
-2.491765695  
7.272293637  
14.57419966  
18.6485938  
20.30920671  
20.96878438  
21.50519122  
