59.14755396  
47.50220248  
26.85066726  
0.5507581307  
-25.42161  
-43.91135577  
-49.12124682  
-39.19657863  
-17.54746671  
7.983778479  
28.04816503  
35.68809956  
29.4643533  
14.25094488  
-0.8892823303  
-6.973238169  
0.367444438  
18.24848216  
37.21476485  
45.18619168  
33.05524684  
-0.5689589766  
-47.7399437  
-93.63582892  
-122.2393011  
-122.8679689  
-94.71129011  
-47.3359657  
3.130989649  
40.52812996  
55.0809613  
46.96616796  
25.55061233  
4.763040884  
-3.259395694  
6.580871005  
30.43888867  
57.63988552  
75.67857968  
75.76426974  
56.4672037  
24.01414257  
-10.64608928  
-36.48390048  
-46.60630051  
-40.32188557  
-22.46365698  
-0.660021002  
17.94616859  
29.02233589  
31.61261042  
27.13447284  
17.73850554  
5.108229534  
-9.689667377  
-25.4572665  
-39.97542325  
-49.83222977  
-51.38488395  
-42.53594073  
-24.40741833  
-1.883766295  
17.53746723  
26.32740643  
19.92093217  
-1.191822905  
-31.26363075  
-61.15209833  
-81.51194145  
-86.01659056  
-73.33479765  
-47.18071934  
-14.60564756  
16.59659989  
40.25550455  
53.12651874  
54.90519305  
47.33363974  
33.0827896  
14.99168613  
-4.14584606  
-21.47371972  
-34.06439862  
-39.30454767  
-35.62868602  
-23.2279629  
-4.264033357  
17.66895528  
38.68478887  
55.83666962  
67.8350052  
74.90172926  
77.8857294  
77.19916042  
72.26734093  
61.9168371  
45.57806958  
24.64183501  
3.097842416  
-13.15126134  
-18.2576156  
-8.921046185  
13.7494013  
44.0050179  
73.17143085  
92.71551239  
97.38783169  
87.0544139  
66.38462469  
42.53430442  
21.89755831  
7.439990267  
-2.153934988  
-11.1616865  
-24.02962842  
-42.52460155  
-64.28288308  
-83.53077168  
-93.68608034  
-90.61189434  
-74.94023403  
-52.28940895  
-31.17530339  
-19.50048037  
-21.18315286  
-34.44341451  
-52.5219216  
-66.51852147  
-69.10961117  
-57.54885608  
-34.71845061  
-7.880121986  
14.23771727  
24.73457038  
20.88226624  
4.706116399  
-18.20525702  
-40.96262278  
-57.69743257  
-65.09120648  
-62.75156269  
-52.61580832  
-37.89415263  
-22.07449031  
-8.267427052  
1.136923402  
4.701473838  
2.221325243  
-4.998503253  
-14.11304099  
-21.23170263  
-22.51572543  
-15.61370435  
-0.8737697038  
18.28933788  
36.23264884  
46.98953596  
46.5840889  
34.81821855  
15.71526135  
-3.693412455  
-15.86692944  
-15.59770345  
-2.066204294  
20.74123302  
45.44864981  
63.99388445  
70.55125391  
63.52965005  
45.89727706  
23.7779147  
3.957903914  
-8.651834638  
-12.59427064  
-9.932258309  
-4.901940221  
-1.827465034  
-3.228496243  
-8.90281146  
-16.29687322  
-21.90191314  
-22.98553545  
-18.86092301  
-11.1419684  
-2.907904419  
2.807985548  
4.498649823  
2.954689737  
0.9761095768  
2.150854952  
9.241116341  
22.88932222  
41.21274552  
60.46162643  
76.45108798  
86.14198394  
88.68995022  
85.52637211  
79.46859902  
73.28514263  
68.37433927  
64.14915896  
58.39223382  
48.40288707  
32.40714051  
10.595877  
-14.66035116  
-39.49334295  
-59.79601283  
-72.5109115  
-76.43737428  
-72.31086096  
-62.25827132  
-48.99126819  
-35.14222644  
-22.9696738  
-14.37875962  
-10.98395825  
-13.92244164  
-23.32634088  
-37.66950141  
-53.43584382  
-65.5473341  
-68.69704933  
-59.27034425  
-37.12929209  
-6.4143036  
25.20458526  
48.7905468  
57.20204516  
47.79714367  
23.65278185  
-7.301039352  
-35.00125603  
-50.8199616  
-50.59553827  
-35.94061581  
-13.34460426  
8.507178003  
22.0624523  
23.52986051  
13.82365988  
-2.393676889  
-18.97689243  
-30.78689708  
-35.34220286  
-33.06783463  
-26.28151954  
-17.62136509  
-8.78861818  
-0.1963736876  
8.442913815  
17.08887063  
24.63226557  
28.98079552  
28.0184861  
20.94941217  
9.253263629  
-3.390475201  
-12.3608678  
-14.0693801  
-7.756484076  
3.793136838  
15.08150797  
20.04501302  
14.65873371  
-1.12736476  
-23.00567819  
-43.72261956  
-55.75448519  
-54.16959047  
-38.51210692  
-12.95692466  
15.28664679  
38.62796727  
51.70676008  
52.94372145  
44.50988624  
30.88603857  
16.75560914  
5.190007058  
-3.128408617  
-9.424401153  
-15.45584281  
-22.00110517  
-27.98805572  
-30.71500784  
-27.08409996  
-15.28200181  
3.888009227  
26.69375732  
47.42661381  
60.32170469  
61.71190677  
51.54596799  
33.61589789  
14.33310221  
0.4658214282  
-3.323531132  
3.801599679  
18.55021967  
34.75545927  
45.71016259  
46.68561585  
36.65531286  
18.55841849  
-1.97812275  
-18.91607757  
-28.13383285  
-28.84692991  
-23.553109  
-16.57285162  
-11.86471598  
-11.11585563  
-12.98361568  
-13.84707296  
-9.73667144  
1.446604895  
18.47319794  
36.82346657  
50.2908865  
53.49716946  
44.22041809  
24.47919536  
-0.1555522981  
-22.76668033  
-37.87213995  
-43.56526709  
-42.06951118  
-38.46595055  
-38.17187826  
-44.30872591  
-56.14824603  
-69.33577672  
-77.78944855  
-76.42549794  
-63.49993716  
-41.54585697  
-16.51867752  
4.450878711  
15.71909533  
15.10673374  
4.452244051  
-11.34506632  
-26.25165277  
-35.12981138  
-35.10121307  
-25.89147039  
-9.306980878  
11.67476073  
33.70319633  
53.49648333  
68.02470417  
74.73505702  
72.06180536  
60.17550365  
41.59784776  
21.16404892  
4.990068808  
-1.440482352  
4.561885971  
21.41479666  
43.27609267  
61.7984792  
69.11752621  
60.94234669  
38.45445924  
8.13061715  
-20.55271419  
-38.67039214  
-41.22519785  
-28.96762214  
-7.926143949  
13.11424304  
26.08642592  
26.60781942  
15.25783352  
-3.226771826  
-22.3151947  
-36.44967814  
-42.98929467  
-42.59182207  
-38.08053605  
-32.54138881  
-27.67883644  
-23.22199662  
-17.56410433  
-9.165961037  
2.114885031  
14.51976733  
24.9836522  
30.50247859  
29.53507607  
22.69526766  
12.37483754  
1.510953837  
-7.834821449  
-15.32484572  
-22.17005515  
-30.03483635  
-39.63043014  
-49.79308516  
-57.6117453  
-59.62814237  
-53.56077438  
-39.69334075  
-21.18650567  
-3.071029686  
9.684179603  
14.17399494  
10.71849882  
2.653416196  
-5.148604625  
-8.342631902  
-4.829020541  
4.616997894  
17.01121958  
28.71987611  
37.11926915  
41.56773834  
43.28601466  
44.3012997  
46.06527956  
48.48913979  
49.89568946  
47.90575787  
40.79784789  
28.64204984  
13.62029449  
-0.6614611611  
-10.58329541  
-14.02419516  
-11.31742353  
-5.243803739  
-0.0765367318  
-0.0711010815  
-7.979693818  
-24.10073528  
-46.12252792  
-69.71807183  
-89.62958329  
-100.9097762  
-100.0371115  
-85.72413377  
-59.31216473  
-24.67730697  
12.40620214  
45.42896321  
68.6700289  
78.72697138  
75.56660175  
62.64636739  
45.90464433  
31.82557944  
25.18908701  
27.33089369  
35.62767315  
44.49108337  
47.55987623  
40.26810063  
21.77441528  
-4.534672352  
-32.18589114  
-53.94999787  
-64.42238006  
-61.82715936  
-48.36807646  
-29.07491976  
-9.71904127  
5.282142661  
14.11966191  
17.59213854  
18.02215885  
17.72725855  
17.82039015  
17.87857285  
16.54582361  
12.66039845  
6.252055005  
-1.153539648  
-7.110217204  
-9.427383148  
-7.343279635  
-2.065907  
3.653869509  
6.783254585  
5.540997639  
0.4650875558  
-5.557249546  
-8.424206518  
-4.708670639  
6.492276931  
22.60307199  
38.04827254  
46.13049866  
41.6688367  
23.37437116  
-5.048825102  
-35.6638779  
-58.80975997  
-66.53772696  
-55.71904861  
-29.59223736  
2.965703764  
30.33296437  
42.24590377  
33.63106874  
6.705120042  
-29.5312309  
-62.32176371  
-79.65554774  
-74.59499441  
-47.81386287  
-7.387558544  
34.07890626  
63.88504151  
73.55331987  
61.44703092  
32.82060056  
-2.529660528  
-33.93195648  
-53.32497401  
-57.29753487  
-47.15481412  
-27.36804082  
-3.38439126  
20.13336158  
39.99841214  
54.17480272  
61.05998083  
