24.8796156  
4.634771557  
-13.55516421  
-27.58842348  
-37.01410785  
-42.59658879  
-45.45990989  
-46.26720119  
-44.83143745  
-40.32310491  
-31.9482461  
-19.74784359  
-5.108007251  
9.309574155  
20.26154695  
25.01663145  
22.43912659  
13.62387918  
1.784974073  
-8.636656236  
-13.39165284  
-9.896968349  
1.758349731  
18.66830423  
35.93177565  
48.20158097  
51.44259916  
44.27775886  
28.428229  
8.076744531  
-11.61230973  
-26.25524493  
-33.61919476  
-34.08436272  
-30.05807367  
-24.64036642  
-20.15563122  
-17.21206423  
-14.70181929  
-10.71240415  
-3.885709667  
5.465302467  
15.07438932  
21.48065766  
21.53093981  
13.94538308  
0.1893220018  
-15.8223875  
-29.14028366  
-35.73988455  
-34.17010745  
-26.14030219  
-15.75182624  
-7.686677905  
-5.144897181  
-8.450904724  
-14.95912211  
-20.30834203  
-20.46393027  
-13.62600581  
-1.136232934  
13.03677868  
24.01516853  
28.1731656  
24.78107181  
16.39721374  
7.82263362  
4.060249169  
8.148521058  
19.78813137  
35.33668541  
49.16962444  
55.84531494  
52.20200857  
38.5684149  
18.64770529  
-1.836836351  
-17.18396942  
-23.67245017  
-20.74528954  
-11.05573158  
0.5657467097  
8.805276868  
9.622442976  
1.510361417  
-14.09186151  
-33.2942378  
-50.94822312  
-62.14682277  
-63.59274745  
-54.4655052  
-36.57933357  
-13.82606543  
8.910241698  
27.04571888  
37.43250181  
39.03637775  
33.00217274  
22.14021529  
10.03290887  
0.05109590292  
-5.441450144  
-5.515774313  
-0.6976343431  
7.338932944  
16.2617166  
23.61804741  
27.33310511  
26.12706233  
19.82146717  
9.481456113  
-2.687000665  
-13.75236259  
-20.77352859  
-21.67389034  
-16.0080779  
-5.3129832  
7.175454345  
17.44554863  
22.01677802  
19.17656494  
9.662312417  
-3.522992543  
-16.14892683  
-24.29034332  
-25.77493498  
-20.9763744  
-12.62979239  
-4.734143502  
-0.9717460996  
-3.267553075  
-11.04669447  
-21.46255777  
-30.47934701  
-34.36860192  
-31.04384586  
-20.75684987  
-5.951591093  
9.603072797  
22.03866895  
28.52764968  
27.98864296  
21.20447422  
10.41293096  
-1.424299373  
-11.42492285  
-17.45295958  
-18.52630785  
-14.92418928  
-8.013762083  
0.1478148793  
7.350686887  
11.79639999  
12.55680846  
9.803757064  
4.734777786  
-0.7940363476  
-4.822137884  
-5.855311585  
-3.279230595  
2.497762677  
10.18864175  
17.98381295  
23.99771986  
26.69198851  
25.2039411  
19.55075279  
10.69501576  
0.4444164257  
-8.852155527  
-14.82349438  
-15.74194576  
-11.16188493  
-2.282635214  
8.188614124  
16.74907546  
20.22869145  
16.95345495  
7.47278185  
-5.506126433  
-18.03163231  
-26.35364428  
-28.31816993  
-24.10520184  
-15.96538036  
-7.05816897  
0.0767868522  
4.683390746  
8.002722263  
12.39705883  
19.78893431  
30.19863023  
41.17348348  
48.5132535  
48.07188789  
37.85272071  
19.39280178  
-2.312530295  
-20.4577123  
-29.02700053  
-25.24499516  
-10.78694545  
8.822294128  
26.39310542  
35.90082998  
34.73290339  
24.39868774  
9.456528585  
-4.775765749  
-14.62724009  
-19.48874517  
-21.64086474  
-24.67469388  
-31.349718  
-41.96884109  
-54.05608494  
-63.45765454  
-66.28628661  
-60.73704637  
-47.90180874  
-31.23413263  
-14.99025084  
-2.455002698  
5.181886061  
8.814321945  
10.39637478  
11.54398359  
12.55711518  
12.38704379  
9.529506026  
3.301272874  
-5.264120353  
-13.46858092  
-18.00460842  
-16.51461309  
-8.85425186  
2.622558367  
13.95923356  
21.27757494  
22.44250193  
17.90816278  
10.34904151  
3.287320462  
-0.5777407908  
-0.5017461549  
2.246863004  
5.367413715  
6.96627937  
6.647039238  
5.647179208  
5.948575443  
8.864091838  
13.91583206  
18.69553082  
19.88958556  
15.01979926  
4.023654529  
-10.18794835  
-22.59409236  
-28.0512212  
-23.52838511  
-9.544949037  
9.89441662  
28.8813487  
42.0027205  
46.47248466  
43.04077901  
35.30651782  
27.81051027  
23.84473682  
24.01468386  
26.19650315  
26.8428448  
22.94799238  
13.69357847  
0.9864226489  
-11.33826365  
-19.22844003  
-20.20486043  
-14.39428911  
-4.372132916  
6.037021362  
13.37764233  
15.83395784  
13.61972767  
8.423622334  
2.303700333  
-3.354296028  
-8.306929454  
-13.19425422  
-18.79267298  
-25.25456104  
-31.77332158  
-36.84541203  
-38.96121443  
-37.33373206  
-32.2764375  
-25.05716778  
-17.34831322  
-10.60119705  
-5.678529649  
-2.893904074  
-2.343226098  
-4.23128194  
-8.904550497  
-16.4998992  
-26.39270709  
-36.81490372  
-44.99061931  
-47.89698847  
-43.41509031  
-31.37208081  
-13.94553183  
4.85769396  
20.52190953  
29.62940167  
31.07255957  
26.33877585  
18.73959704  
11.93130726  
8.394233927  
8.550167815  
10.89188418  
13.02156338  
13.07029336  
10.80029079  
7.851744962  
7.008235749  
10.82142058  
20.23810468  
33.87349735  
48.27928072  
59.10693983  
62.67334684  
57.27272388  
43.70950286  
