-5.945310024  
-21.15863648  
-31.27829866  
-31.58160399  
-19.65495969  
3.317843202  
32.37637852  
59.93821779  
78.03456038  
80.93851417  
67.27343306  
40.78666792  
9.388823528  
-17.33522675  
-31.35363086  
-29.02928794  
-12.5169602  
10.86983389  
31.18057168  
39.38063404  
30.65427527  
6.228260021  
-26.98506093  
-58.81178476  
-79.4067832  
-82.66437346  
-68.18245576  
-41.08901593  
-9.880568048  
16.8147206  
33.25684447  
38.25536694  
34.9325583  
28.83766835  
25.30558882  
27.1913891  
33.87235445  
41.81779151  
46.35818444  
43.8229285  
33.13591237  
16.26229501  
-2.579672377  
-18.52496548  
-27.79500818  
-28.90001134  
-22.93923976  
-13.01149747  
-3.057736743  
3.411283999  
4.307796428  
-0.5436815652  
-9.459129909  
-19.40295945  
-26.80927685  
-28.557177  
-22.91899661  
-10.26212994  
6.732519962  
23.51722696  
34.80484394  
36.14709184  
25.49787546  
4.194396108  
-23.09409767  
-49.56747976  
-68.32645331  
-74.55641696  
-67.06977884  
-48.61965032  
-24.85802472  
-2.342209624  
13.63332437  
20.55300456  
19.01408607  
11.86375935  
2.626169046  
-6.026893127  
-13.09145384  
-19.04620845  
-24.87898415  
-30.91217408  
-36.09253096  
-38.15910356  
-34.64764164  
-24.25347043  
-7.866904965  
11.27984461  
28.51720432  
39.37002431  
41.2450475  
34.45687812  
22.15173619  
9.159543851  
0.2559520523  
-1.454342231  
4.590553533  
16.55429361  
31.1872559  
45.14033459  
56.0166509  
62.76592982  
65.38729347  
64.24631063  
59.47040341  
50.79154016  
37.91895567  
21.2008459  
2.143772811  
-16.59532461  
-31.86735054  
-41.11271189  
-43.38424833  
-39.803001  
-33.17140658  
-26.85539318  
-23.40551747  
-23.53781145  
-25.95275811  
-28.09163518  
-27.4853111  
-23.05536393  
-15.72980155  
-8.047096431  
-2.906495656  
-2.051278368  
-5.036069412  
-9.236024146  
-10.98115954  
-7.354788628  
2.161150751  
15.0032374  
26.22475007  
30.38754536  
23.90228645  
6.822037591  
-16.72479939  
-39.73318766  
-54.74317442  
-56.55777676  
-44.19066571  
-21.28006331  
5.184982447  
27.32197736  
39.05356497  
38.05705903  
26.30864013  
9.12603155  
-6.840363579  
-15.89176219  
-15.0541766  
-4.820987519  
11.25358185  
27.85423893  
39.6165496  
42.72797663  
35.99844981  
21.16265959  
2.371361137  
-14.99010162  
-25.8625633  
-27.04456517  
-18.2415244  
-2.257535123  
15.826666  
30.31424013  
36.87691015  
34.14992633  
24.28238107  
12.13520767  
3.34753347  
1.991777802  
8.777833852  
20.60583774  
31.73736887  
36.16340275  
30.19632371  
14.16562941  
-7.555909529  
-28.25871371  
-41.63269587  
-44.35806119  
-37.41790868  
-25.55328105  
-15.09926154  
-11.15608027  
-15.33734349  
-25.0688263  
-34.71602356  
-38.01554729  
-30.74067047  
-12.47698669  
13.17640004  
39.95716734  
61.17543225  
71.87301102  
70.09579056  
56.95192699  
35.68399803  
10.34436259  
-15.31059634  
-38.36161894  
-56.73673206  
-68.99659687  
-74.23314868  
-72.22721587  
-63.74055257  
-50.64834532  
-35.66375112  
-21.63856492  
-10.70366385  
-3.661914676  
0.04098496813  
1.730733708  
2.605754369  
3.018395172  
2.352223958  
-0.4084011844  
-5.719112613  
-12.6858716  
-18.96279355  
-21.51794859  
-17.97740761  
-7.903276505  
6.675604012  
21.84036631  
33.2909612  
38.13118058  
36.09743573  
29.63259695  
22.74624671  
19.18675271  
20.78579672  
26.75236848  
34.22548003  
39.77781148  
41.1030629  
38.04787342  
32.49927993  
27.2284237  
24.32229185  
24.03509897  
24.66302106  
23.50930081  
18.43673517  
9.195227589  
-2.181467131  
-12.14729954  
-17.23121986  
-15.67330647  
-8.312258906  
1.708035345  
10.2709769  
14.02047116  
11.68155958  
4.378658349  
-5.136411697  
-13.91026981  
-20.14163783  
-23.81409438  
-26.35099978  
-29.53416364  
-34.28580937  
-39.95756336  
-44.49606507  
-45.40600304  
-41.03650992  
-31.5615752  
-19.17458812  
-7.386492334  
0.276666152  
1.622382849  
-3.369591518  
-12.5430382  
-22.36786589  
-29.21085591  
-30.58558536  
-25.93901101  
-16.73459473  
-5.850469086  
3.467508203  
8.736808547  
9.091285925  
5.588912912  
0.8724206836  
-1.729518332  
0.6038816402  
9.0787024  
22.65910729  
38.19305434  
51.32490762  
57.9393551  
55.64853877  
44.76321715  
28.34007532  
11.22920519  
-1.559937161  
-6.569215365  
-3.02697689  
7.018282041  
19.58168939  
30.24591825  
35.65455695  
34.41620808  
27.14400111  
15.76115643  
2.512562316  
-10.8078337  
-23.09340732  
-33.64132744  
-41.66195445  
-45.99525334  
-45.30028803  
-38.67895251  
-26.40130804  
-10.28895763  
6.5470888  
20.59600462  
29.11059277  
31.02475367  
27.20192599  
19.90601871  
11.75952568  
4.689577804  
-0.6561039703  
-4.803007094  
-8.793482771  
-13.38679232  
-18.55897191  
-23.53942098  
-27.299484  
-29.15178149  
-29.07591018  
-27.57576655  
-25.18150372  
-21.9525229  
-17.35993283  
-10.70785885  
-1.903810414  
7.883586231  
16.16384098  
19.87688279  
16.73251647  
6.534532581  
-8.213832975  
-22.85768003  
-32.19756712  
-32.52549478  
-23.18903358  
-6.939521503  
11.15301646  
25.77505808  
33.52133927  
34.15900955  
30.44651279  
26.62032653  
26.27681546  
30.64306749  
38.02259157  
44.6331671  
46.40023961  
40.84747637  
28.22539379  
11.41516477  
-5.266858236  
-17.75817457  
-23.66693557  
-22.86332182  
-17.13455299  
-9.225435475  
-1.799052657  
3.234712419  
4.869061264  
2.793147137  
-2.853176807  
-11.51774719  
-22.05901483  
-32.57762504  
-40.55121946  
-43.42255515  
-39.50479649  
-28.81462151  
-13.3810584  
3.232287788  
17.09221602  
25.30016696  
27.03526215  
23.77103093  
18.5630494  
14.71913133  
14.42794122  
17.91312166  
23.41641848  
27.93883071  
28.36868276  
22.53401773  
9.843028684  
-8.582803184  
-30.17152112  
-51.37886032  
-68.26983916  
-77.20179322  
-75.63959961  
-63.02737503  
-41.45198868  
-15.70116242  
7.609780367  
21.84601529  
22.63403586  
9.771772692  
-12.13264569  
-34.81582242  
-49.11965442  
-48.41900234  
-31.35484833  
-2.658844153  
28.42678419  
51.62416864  
59.62898787  
50.99968034  
30.69925414  
8.043882566  
-7.08150119  
-8.143914483  
5.607550907  
29.14926913  
53.99951695  
71.73897819  
77.18718052  
69.95083652  
53.87117747  
34.85169728  
18.19848652  
6.682260812  
0.04821363252  
-4.056426064  
-8.411984633  
-14.72384064  
-22.96089822  
-31.67598867  
-38.93121107  
-43.21536155  
-43.87577253  
-40.96792789  
-34.80666117  
-25.6520664  
-13.8086266  
-0.07004220875  
13.86432486  
25.43597975  
31.92756764  
31.59161955  
24.63973583  
13.48467192  
1.947356019  
-6.319436799  
-9.46817472  
-8.307552262  
-5.844887193  
-5.642685445  
-9.75401847  
-17.29717168  
-24.49381652  
-26.30309301  
-18.9694281  
-2.267770654  
19.72391439  
39.85890357  
50.75106425  
47.9846488  
32.2329728  
9.248331875  
-12.36763766  
-24.68692547  
-23.73206707  
-11.05880619  
7.048916692  
22.39275588  
28.41154371  
22.89798168  
8.720484543  
-7.684199928  
-19.28567751  
-21.52492573  
-14.12513672  
-0.9360491238  
11.98671102  
19.09989254  
17.64213548  
8.506164309  
-4.535469836  
-16.75068696  
-24.55485616  
-26.86146806  
-25.17011751  
-22.5024652  
-21.79712443  
-24.53987142  
-30.20392677  
-36.64078925  
-41.12418091  
-41.50894086  
-37.00227317  
-28.30020461  
-17.15959851  
-5.699842186  
4.229815707  
11.4045102  
15.27665989  
15.85092895  
13.53736351  
9.06831811  
3.455415166  
-2.102013044  
-6.42503386  
-8.656528943  
-8.533576359  
-6.475330153  
-3.393611993  
-0.2711044751  
2.30993963  
4.446934635  
6.826995673  
10.26192361  
15.04081675  
20.42332066  
24.58163787  
25.13085201  
20.12541108  
9.154403235  
