31.42932341  
34.5425165  
10.23721419  
-27.61628681  
-63.0773273  
-84.43700663  
-87.55462223  
-75.52930535  
-55.65010919  
-35.49121433  
-19.9514495  
-10.19694519  
-4.399698046  
0.5896907383  
7.648496416  
18.49812656  
33.56811523  
52.22135162  
72.90662299  
93.08857812  
109.1795879  
116.8779305  
112.1679882  
92.81733788  
59.78706784  
17.80017938  
-25.43753137  
-61.31433572  
-82.99852308  
-87.68323072  
-77.43473095  
-58.24292501  
-37.63224326  
-21.82060496  
-13.61307526  
-11.88254547  
-12.78416273  
-12.07579146  
-7.443215264  
0.2550260756  
7.385980394  
9.38253106  
3.146783617  
-11.13335334  
-29.65868123  
-46.41406589  
-55.72699059  
-54.85869344  
-45.42621104  
-32.91028256  
-24.32541953  
-24.95719613  
-35.55751991  
-51.29177539  
-63.06914944  
-60.90653907  
-38.08250851  
5.587599436  
62.77200996  
120.4971373  
164.3004676  
183.1400634  
173.1842821  
139.004464  
91.71263462  
44.79514821  
9.3022995  
-9.727852715  
-14.29004542  
-11.64464993  
-10.67227597  
-17.97254944  
-35.3100853  
-59.31332567  
-83.29476251  
-100.1723573  
-105.1232105  
-96.91190465  
-77.59668689  
-51.13287989  
-21.82507748  
6.541675991  
30.64514923  
47.07873705  
52.12718455  
42.50995382  
17.09901259  
-21.14993625  
-64.25123935  
-100.2314411  
-116.3434641  
-103.5493215  
-60.54457008  
4.503854964  
75.5786989  
133.5379045  
162.3503859  
154.5232544  
113.6257994  
52.94065984  
-9.213779449  
-55.66537306  
-75.76621543  
-68.11604648  
-39.95082092  
-3.822285122  
26.89892175  
42.00778686  
36.7697525  
12.25154961  
-25.86016083  
-69.15462536  
-108.4383299  
-135.4241994  
-144.169857  
-132.2993757  
-101.8133771  
-59.05371602  
-13.40004222  
25.31697973  
50.042584  
59.15133497  
57.235569  
53.31648509  
56.86713664  
73.15661621  
100.0011037  
127.6481569  
142.2759662  
131.9503818  
92.59980223  
31.29498672  
-34.93327332  
-84.67130703  
-100.0922326  
-74.15406715  
-14.02014203  
60.84502157  
125.305297  
157.3946237  
145.9948497  
94.49961768  
19.26634047  
-56.30017598  
-109.6314146  
-125.9495705  
-102.0668009  
-46.21654214  
25.40444438  
93.75155301  
141.9230563  
158.7694357  
140.6575228  
91.55946689  
21.88206609  
-53.62837516  
-118.7272123  
-159.0548248  
-165.5792474  
-137.2446696  
-81.81789144  
-14.23246172  
47.48425717  
87.63602744  
97.83626684  
79.6753735  
43.93234126  
6.465526157  
-17.76541646  
-20.31089105  
-2.345247693  
25.88473384  
49.0216145  
52.42508231  
27.67896864  
-24.18900214  
-92.80314509  
-161.6498333  
-213.161911  
-233.9410265  
-218.5127004  
-170.6190728  
-101.8641201  
-28.26087782  
34.26665497  
74.17453851  
87.21451208  
77.15462791  
54.05280813  
30.54048072  
17.25359599  
18.95568085  
32.81106377  
49.59361945  
57.52673933  
47.33471341  
16.45624966  
-29.42277357  
-78.29701826  
-116.5048303  
-134.1160338  
-128.6253764  
-105.2622486  
-73.82275836  
-43.64719984  
-19.3393312  
0.5022879706  
20.81766192  
45.19923888  
71.38777033  
90.0286577  
88.05776215  
55.63441128  
-6.641048008  
-84.20316908  
-151.3647  
-180.3190731  
-152.9323232  
-70.09370761  
46.10079024  
159.1913859  
232.0435401  
241.8409034  
189.8300595  
101.2338367  
14.96470812  
-32.64790514  
-23.06828308  
37.02526177  
119.4300825  
187.5382682  
212.9129181  
187.777504  
127.7776854  
63.90084034  
27.45260048  
35.17964427  
81.46525065  
141.1403758  
181.4281192  
177.3039254  
123.049497  
34.70748308  
-57.48857795  
-122.9266154  
-144.0893452  
-123.4870237  
-81.13237593  
-44.19073571  
-34.02925237  
-56.85761335  
-102.1245575  
-148.9215079  
-176.8024377  
-175.527206  
-149.092976  
-112.5008053  
-83.36958737  
-72.93506114  
-80.98416477  
-97.01790195  
-106.6182849  
-99.37985399  
-74.1376436  
-38.85389286  
-5.472395155  
17.24532021  
28.85254245  
37.40394253  
54.48204825  
87.67416297  
134.5821389  
181.7833574  
209.6897218  
201.2335714  
150.2640983  
65.53830465  
-31.78286065  
-116.1394501  
-167.4907684  
-178.6856622  
-157.0905016  
-120.0144806  
-86.32973777  
-68.29354477  
-67.23094771  
-74.69209883  
-78.02995639  
-67.36264377  
-40.49413045  
-3.64042494  
31.99841648  
55.80119197  
62.58359782  
54.54039404  
39.6854638  
27.91955227  
26.79879549  
38.8789516  
61.42140155  
87.98071035  
110.6494887  
121.857989  
115.3801668  
87.01422797  
35.66494815  
-34.94171482  
-114.6367679  
-186.7300432  
-230.8120541  
-228.6182675  
-171.406428  
-65.87567181  
64.54718696  
184.8307614  
259.0597246  
263.2495829  
195.2637147  
77.41567061  
-50.04055447  
-142.6793145  
-167.9313117  
-117.1719799  
-9.018287235  
117.5845235  
217.8335283  
257.4288957  
224.4977349  
132.6694048  
14.55206553  
-91.3339742  
-154.7278247  
-163.4283617  
-125.4111701  
-63.26910443  
-3.990328471  
