27.97508237  
41.73801394  
49.92707957  
50.17017518  
42.87814074  
31.09381969  
19.20023429  
11.04489138  
8.325632074  
9.984839609  
12.90737295  
13.61203048  
10.14830541  
3.287886113  
-3.596318561  
-5.971828797  
-0.2939696753  
14.11182762  
34.31989814  
54.61656205  
68.55722497  
71.4047266  
61.90369093  
42.63465377  
18.82328891  
-3.836104107  
-21.35947869  
-32.70045675  
-39.53729576  
-44.81077328  
-50.78188638  
-57.58353006  
-62.9823772  
-63.47108946  
-56.16158396  
-40.5545458  
-19.3041678  
2.441122705  
18.87979404  
25.78770177  
22.15969382  
10.54804394  
-4.033270095  
-16.1371279  
-21.95350006  
-20.55223132  
-13.83735355  
-5.345777212  
1.47948311  
4.730984469  
4.585252628  
2.816211415  
1.626461363  
2.437083071  
5.233102495  
8.732532161  
11.21042508  
11.48969522  
9.559303422  
6.508697227  
3.844710604  
2.582920767  
2.6141711  
2.690335362  
1.040053688  
-3.705692221  
-11.75645021  
-21.95822437  
-32.23674155  
-40.45067619  
-45.2177094  
-46.31039433  
-44.46200304  
-40.74302876  
-35.89227254  
-29.99440586  
-22.68569522  
-13.75525866  
-3.765129923  
5.725397137  
12.54721715  
14.80228862  
11.82427409  
4.713417407  
-3.888367075  
-10.75576348  
-13.37299601  
-10.97153064  
-4.815951874  
2.414531479  
7.87219123  
9.834183422  
8.437122341  
5.516481967  
3.647381479  
4.867542955  
9.708384754  
16.99529381  
24.48906992  
30.02087822  
32.53626162  
32.52360981  
31.62749435  
31.66788893  
33.58823018  
36.885658  
39.82161591  
40.30447575  
36.9872074  
30.01202232  
21.01686636  
12.39983593  
6.220052636  
3.298251924  
2.97272305  
3.620710879  
3.652729166  
2.436441344  
0.6418884828  
-0.1948656404  
1.327923943  
5.448252855  
10.76188754  
14.61592028  
14.25622488  
8.209311081  
-2.778545279  
-15.7496367  
-26.56626308  
-31.55859145  
-29.07697898  
-20.25652244  
-8.639687061  
1.197154416  
5.436225487  
2.483197158  
-6.48226161  
-18.05193872  
-27.95253064  
-32.63843923  
-30.48446426  
-22.17116434  
-10.21753307  
2.052942774  
11.65862182  
16.80421605  
17.20072076  
13.87134972  
8.622578672  
3.413520113  
-0.1885392193  
-1.365081929  
-0.1852953566  
2.471141079  
5.194260305  
6.490409575  
5.304805371  
1.464596455  
-4.141213284  
-9.775578886  
-13.44979147  
-13.71286105  
-10.31511273  
-4.430743508  
1.716031123  
5.715825467  
5.980553246  
2.442140834  
-3.397914513  
-9.125409041  
-12.50240505  
-12.4941341  
-9.747783419  
-6.282318061  
-4.519177398  
-6.104679192  
-11.08562362  
-17.84001344  
-23.80670395  
-26.67292459  
-25.45452185  
-20.95203161  
-15.36436374  
-11.24539358  
-10.30231619  
-12.60447004  
-16.56828898  
-19.70906987  
-19.78861794  
-15.81315347  
-8.426549169  
0.4527504829  
8.541720887  
14.19620095  
17.03964788  
17.95588107  
18.50061131  
20.05220362  
23.11450195  
27.07469707  
30.47925464  
31.65062518  
29.34189314  
23.16137048  
13.65230317  
2.087704377  
-9.858130589  
-20.41132675  
-27.91691508  
-31.01720075  
-28.86537974  
-21.39276712  
-9.54324521  
4.688103172  
18.55205929  
29.18924219  
34.45286982  
33.6099989  
27.62008254  
18.83753165  
10.22312362  
4.362697229  
2.674672573  
5.098470816  
10.33435906  
16.46655038  
21.65928436  
24.63692028  
24.81791285  
22.17367041  
17.01222625  
9.87476418  
1.598004837  
-6.572294939  
-13.01963496  
-16.09125245  
-14.690544  
-8.885005055  
-0.190473707  
8.718062009  
14.8638449  
16.08955081  
11.95313661  
3.957329306  
-5.050315254  
-12.08076613  
-15.27725127  
-14.66526568  
-12.01442656  
-9.871040144  
-10.22901223  
-13.49625417  
-18.27797751  
-22.09595964  
-22.69037885  
-19.24512054  
-12.90126169  
-6.270952518  
-2.169292706  
-2.18892453  
-5.84276914  
-10.73375211  
-13.70246752  
-12.40760226  
-6.557276726  
1.838135582  
9.35105777  
12.75700989  
10.61391938  
4.026659367  
-3.794544913  
-8.993241209  
-8.861881167  
-3.124556098  
5.898729728  
14.32068542  
18.41912352  
16.26158241  
8.479475775  
-2.130834606  
-11.94172008  
-18.09679004  
-19.62148132  
-17.55750834  
-14.13220067  
-11.44401915  
-10.35788024  
-10.16464836  
-9.149309216  
-5.739980243  
0.3844812652  
7.829916674  
13.94183812  
15.99411973  
12.55259934  
4.350152772  
-5.776138154  
-13.9090149  
-16.61838791  
-12.404629  
-2.396741385  
9.997031187  
20.34866121  
24.87235676  
21.83365258  
12.17416178  
-0.8543337435  
-12.86768761  
-19.87379728  
-19.58705611  
-12.09562742  
0.2938076472  
13.91632293  
24.97501563  
30.71155699  
30.15894492  
24.28044863  
15.50456118  
6.84777978  
0.9255116931  
-0.8360401057  
1.444991326  
6.269665695  
11.35847672  
14.46866069  
14.14609245  
10.16199049  
3.503632055  
-4.049400821  
-10.58617449  
-14.71028224  
-15.94169005  
-14.75478632  
-12.27785494  
-9.803940632  
-8.315056152  
-8.190126323  
-9.173929748  
-10.57527606  
-11.58568482  
-11.58786352  
-10.35447833  
-8.094516827  
-5.358982456  
-2.849908534  
-1.188364144  
-0.6982962442  
-1.263592845  
-2.313674752  
-2.974270496  
-2.374815033  
-0.03476846493  
3.813510542  
8.128388799  
11.29841402  
11.69936005  
8.395891415  
1.704280352  
-6.664759917  
-14.02538673  
-17.60853003  
-15.60922239  
-7.960383978  
3.521530476  
15.72899371  
25.38590805  
30.24618683  
29.86242211  
25.59592322  
19.87511585  
15.04941608  
12.36924467  
11.55770861  
11.15197926  
9.418928074  
5.371999912  
-0.6292741095  
-7.001925829  
-11.72291966  
-13.37305018  
-11.90214344  
-8.710079302  
-5.980038363  
-5.58213155  
-8.092941845  
-12.43309026  
-16.32753932  
-17.38727773  
-14.29867046  
-7.543868822  
0.7036073266  
7.469089663  
10.23755441  
7.99956921  
1.610289222  
-6.671824451  
-14.20825104  
-19.05763511  
-20.60769041  
-19.51678875  
-17.0803898  
-14.41655105  
-11.92391345  
-9.280677609  
-5.934965164  
-1.756155087  
2.572431498  
5.69074348  
6.195920562  
3.444191397  
-1.930270914  
-8.108412693  
-12.81046514  
-14.33139021  
-12.38029448  
-8.282975796  
-4.404354025  
-3.030725476  
-5.229740886  
-10.23624547  
-15.67466326  
-18.53687301  
-16.47795725  
-8.843323208  
3.029964744  
16.35395521  
28.0035538  
35.68790795  
38.66907447  
37.75879685  
34.67494289  
31.12519829  
28.07391518  
25.5109292  
22.76166115  
19.10554887  
14.33935296  
8.987488875  
4.075078423  
0.6188867301  
-0.8688162889  
-0.5955173063  
0.6764020174  
2.061900731  
3.000888019  
3.474446552  
3.883623947  
4.678583626  
5.965586122  
7.3287599  
7.980754961  
7.170349546  
4.628263911  
0.8052257564  
-3.237568452  
-6.243349125  
-7.277820915  
-6.095982275  
-3.184729549  
0.5209169915  
4.08333041  
6.930345061  
8.963162761  
10.37584076  
11.32337294  
11.66031362  
10.92716944  
8.611692637  
4.538184448  
-0.8586887324  
-6.580034008  
-11.46752826  
-14.79786059  
-16.75864172  
-18.51154115  
-21.72508678  
-27.72265353  
-36.61531265  
-46.85399937  
-55.49420821  
-59.16533113  
-55.40646537  
-43.82294733  
-26.53962904  
-7.685128587  
7.964903524  
16.69082499  
17.20940663  
11.16145901  
2.478753223  
-4.147818481  
-5.107207795  
0.7142591854  
11.5051096  
23.26628972  
31.42133758  
32.65375943  
26.23477778  
14.31073877  
1.041071427  
-9.058146034  
-12.89178835  
-9.967772669  
-2.516270916  
5.485226926  
9.96643328  
8.413996844  
0.8465906772  
-10.26372735  
-21.05958968  
-27.88399362  
-28.71016436  
-23.82983841  
-15.54999769  
-7.081193872  
-1.142706625  
1.08955037  
0.2484569824  
-1.811779439  
-3.122968413  
-2.661744427  
-0.8298833211  
0.8796912704  
0.8556776052  
-1.526463783  
-5.26053953  
-7.913543216  
-6.653639218  
0.342674897  
12.77490857  
