53.67499984  
54.40279678  
47.17151734  
32.54703898  
13.26834403  
-6.651982046  
-23.34120995  
-34.37506363  
-39.41597857  
-39.93839302  
-38.23273731  
-36.21093075  
-34.60307163  
-32.90831495  
-30.06065405  
-25.40024641  
-19.38969949  
-13.65974598  
-10.33135829  
-10.95365346  
-15.61447798  
-22.70822448  
-29.51988676  
-33.36955551  
-32.77223865  
-28.05138101  
-21.11090621  
-14.48496531  
-10.13648791  
-8.588832979  
-8.795431674  
-8.776434816  
-6.672361616  
-1.675276168  
5.613625304  
13.53809242  
20.22289477  
24.43129496  
26.0038226  
25.68945185  
24.519284  
23.11483939  
21.33960611  
18.489203  
13.89602194  
7.575820221  
0.5076573397  
-5.663422432  
-9.385560171  
-10.03024045  
-8.332716098  
-6.162717505  
-5.687559048  
-8.314867882  
-13.93603319  
-20.85958503  
-26.48843098  
-28.4279663  
-25.50082084  
-18.19675093  
-8.373275005  
1.606783211  
9.850929826  
15.55254278  
18.99227399  
21.00976199  
22.30393599  
22.98374212  
22.61828822  
20.72577443  
17.37275298  
13.47823302  
10.57985612  
10.1307943  
12.68639895  
17.44125719  
22.42481632  
25.33017677  
24.60689168  
20.28237697  
14.08127051  
8.744075589  
6.84024185  
9.624080043  
16.46655926  
25.11594718  
32.6414985  
36.59702525  
35.86432384  
30.83099667  
22.91132874  
13.74461218  
4.529982552  
-4.172865672  
-12.15267764  
-19.04158798  
-23.99783547  
-25.85606317  
-23.72248005  
-17.68447267  
-9.173492211  
-0.6578344567  
5.308198667  
7.272791297  
5.707249348  
2.96494178  
2.275419277  
6.160335371  
14.99800881  
26.46580477  
36.22688165  
39.65441752  
33.87159892  
19.18413691  
-0.7934411846  
-20.45256705  
-34.4304341  
-39.82133156  
-37.38899586  
-31.2280879  
-26.99413405  
-29.4440232  
-40.32900551  
-57.52799107  
-75.77646646  
-88.67393107  
-91.13162084  
-81.27082456  
-61.04520733  
-35.40956839  
-10.44604785  
8.758257235  
19.65289895  
22.65655238  
20.43771711  
16.45996481  
13.45567734  
12.44948817  
12.6634539  
12.24029811  
9.38824813  
3.40910114  
-4.837288327  
-13.20981169  
-19.15485437  
-20.77017517  
-17.5954806  
-10.78958059  
-2.624097007  
4.478807014  
8.938172082  
10.5946988  
10.62035532  
10.80030184  
12.52427135  
15.9755615  
19.93474048  
22.3406165  
21.38649722  
16.64189027  
9.624293274  
3.453907979  
1.633860965  
6.429571229  
17.57048882  
31.9260556  
44.42126706  
49.91097627  
45.26991803  
30.80193631  
10.31800437  
-10.21093541  
-24.89567315  
-30.12886423  
-25.81273662  
-15.11145255  
-2.882819329  
6.47042416  
10.74946848  
10.54650752  
8.478472032  
7.523511189  
9.329755061  
13.34614393  
17.18950266  
18.02767745  
14.2434388  
6.504177664  
-2.335243576  
-8.476070123  
-8.962579496  
-3.128587552  
7.017722022  
17.66734779  
24.91903431  
26.49183787  
22.62092532  
15.73207392  
9.101257212  
5.200167942  
4.561332786  
5.70653975  
6.124860508  
3.750967224  
-1.847706924  
-9.194520757  
-15.66993562  
-18.90393799  
-18.05447553  
-14.29773069  
-10.2716258  
-8.760942063  
-11.3026273  
-17.42632774  
-24.90833685  
-30.89034075  
-33.27247099  
-31.66151699  
-27.40455858  
-22.7281892  
-19.47449675  
-18.12829017  
-17.65940045  
-16.25441228  
-12.52160096  
-6.487075363  
0.1982840752  
5.002240153  
5.847685608  
2.344544454  
-3.760204706  
-9.209702035  
-10.68707782  
-6.397018263  
3.005691135  
14.62032641  
24.563454  
29.69130421  
28.95112831  
23.71400979  
16.94744572  
11.6619593  
9.421286322  
9.663797395  
10.16485863  
8.387772954  
3.018409697  
-5.118192521  
-13.25182865  
-17.90676422  
-16.59222686  
-9.112403001  
2.161979954  
13.22174282  
20.12908282  
20.71547435  
15.47794666  
7.264965232  
-0.08739178181  
-3.523398624  
-2.119683558  
2.585847885  
7.408799391  
9.067660879  
5.736507373  
-2.107526375  
-11.90557606  
-20.17461203  
-24.05460886  
-22.54555696  
-16.90086828  
-10.03364579  
-5.225462092  
-4.710807822  
-8.734082283  
-15.44957255  
-21.67005323  
-24.13063103  
-20.75209359  
-11.42342595  
1.962173717  
16.18721588  
27.81779189  
34.32174777  
34.80872003  
30.16587819  
22.58784243  
14.70754115  
8.658146502  
5.400869868  
4.543282778  
4.687001585  
4.147360452  
1.748724931  
-2.628289073  
-7.973607625  
-12.58175555  
-14.8128827  
-13.85303405  
-10.13321082  
-5.203142729  
-1.091260419  
0.5829530362  
-0.6493872051  
-3.857722904  
-7.093758013  
-8.257186188  
-6.068366661  
-0.7049109311  
6.202959484  
12.23812931  
15.23827903  
14.24747572  
9.942927852  
4.337136889  
-0.1127891027  
-1.583347632  
0.3406491354  
4.541575795  
8.93584649  
11.45037779  
10.94254424  
7.637249517  
2.897311819  
-1.529844986  
-4.397322071  
-5.530840221  
-5.811070392  
-6.591527336  
-8.862615307  
-12.59935454  
-16.63650086  
-19.14862014  
-18.50904139  
-14.11000311  
-6.743454296  
1.643140485  
8.698307649  
12.5665709  
12.51988593  
9.05237058  
3.447985644  
-2.906808347  
-9.082955984  
-14.753088  
-19.88302706  
-24.20365765  
-26.83995974  
-26.40501421  
-21.6125332  
-12.14763619  
0.669453417  
13.86761401  
23.63028181  
26.69995768  
21.82240914  
10.56701259  
-2.935984747  
-13.35873348  
-16.16518876  
-9.435063467  
5.253794362  
23.30194375  
38.78027151  
46.67466521  
44.77197977  
34.41455064  
19.82288247  
6.289664204  
-1.979518345  
-3.468177904  
0.2584088465  
5.486535124  
8.155992176  
5.713206467  
-1.794789072  
-11.83344378  
-20.60106929  
-24.77148339  
-22.96519417  
-16.30650626  
-7.855488899  
-1.211879528  
1.057258107  
-1.533468537  
-7.295297739  
-13.21541755  
-16.31946616  
-14.91700362  
-9.197077428  
-0.9716006337  
7.236541805  
13.28561319  
16.17548672  
16.17152543  
14.32099569  
11.68588966  
8.72753891  
5.164672916  
0.354335151  
-6.042036703  
-13.49984658  
-20.52076261  
-25.08043863  
-25.45399999  
-21.03286468  
-12.72920708  
-2.744616411  
6.228619005  
12.040426  
13.90427659  
12.65053531  
10.30577874  
9.18324753  
10.87610478  
15.57431432  
21.97649594  
27.81172716  
30.73776906  
29.2457338  
23.22156688  
13.97191492  
3.738231841  
-5.09117993  
-10.77143909  
-12.72154391  
-11.61984106  
-9.074422105  
-7.004491379  
-6.949863536  
-9.535089025  
-14.25983413  
-19.68463382  
-23.95755406  
-25.51302715  
-23.70155627  
-19.11119978  
-13.42791294  
-8.841721672  
-7.186552074  
-9.135355943  
-13.79228897  
-18.89974289  
-21.64554422  
-19.79494978  
-12.7023663  
-1.762295383  
9.942521991  
18.71329907  
21.63075349  
17.71120753  
8.332455229  
-3.272100719  
-13.26042919  
-18.65662162  
-18.43394573  
-13.75108433  
-7.256295344  
-1.784570226  
0.9573664735  
1.121867903  
0.537617875  
1.701689033  
6.415092977  
14.69785238  
24.50117794  
32.37997099  
34.86027837  
29.9234643  
17.97042897  
1.847364195  
-14.09034385  
-25.50128746  
-29.56236406  
-25.87535599  
-16.45880448  
-4.882694671  
5.070298774  
10.684882  
11.07753299  
7.233642089  
1.405372679  
-3.816553119  
-6.372803138  
-5.254705396  
-0.5721631597  
6.734989542  
15.33037262  
23.84797048  
31.07810858  
35.99007984  
37.70594761  
35.55520026  
29.27015418  
19.26758231  
6.864059142  
-5.753111905  
-15.90770101  
-21.13295502  
-19.99030483  
-12.70836852  
-1.352997659  
10.62428634  
19.38617749  
21.95680654  
17.27857785  
6.665125673  
-6.567696497  
-18.2093311  
-24.62216093  
-24.02768388  
-17.11589999  
-6.733503859  
3.231333447  
9.325331357  
9.778246794  
5.033053629  
-2.623136783  
-10.12344176  
-14.88667264  
-15.72461913  
-13.02248092  
-8.180359  
-2.656098384  
2.869087559  
8.761119522  
16.0001887  
25.28003952  
36.13520866  
46.60285598  
