14.07676069  
5.520504659  
-1.823934024  
-7.091656763  
-9.838628765  
-9.912637448  
-7.410573036  
-2.774676255  
3.068791606  
8.71543805  
12.57937434  
13.45752232  
11.13373982  
6.680280307  
2.188511341  
-0.08408089493  
1.160674039  
5.393369755  
10.14548558  
11.85195087  
7.389033959  
-4.339165833  
-21.52463986  
-39.7928538  
-53.72484961  
-58.9676438  
-54.01112792  
-40.80742664  
-23.90698343  
-8.467117349  
1.971141327  
6.91033069  
8.856105094  
11.8254618  
19.11406133  
31.40098788  
46.12396686  
58.46278896  
63.5020345  
58.57327999  
44.67499397  
26.28605942  
9.627592864  
0.1377562663  
0.2742281778  
8.592063289  
20.45430198  
30.00322983  
32.49503867  
26.00672617  
11.87755684  
-6.146977641  
-23.54396252  
-36.63113704  
-43.52215529  
-44.17812339  
-39.77372642  
-31.87265611  
-21.88355811  
-10.99786774  
-0.4696827238  
8.116701877  
12.91947723  
12.34429553  
5.771663165  
-5.889683919  
-20.18255768  
-33.72729251  
-43.28264604  
-46.80293666  
-44.03983059  
-36.44743006  
-26.47042191  
-16.56426793  
-8.384178406  
-2.453215316  
1.638505066  
4.704050106  
7.41795191  
10.02369928  
12.36924033  
14.15777829  
15.20647085  
15.54766569  
15.34479306  
14.72964401  
13.71475337  
12.26602361  
10.48723345  
8.762757876  
7.704277907  
7.864490897  
9.34741395  
11.55690209  
13.29658552  
13.26263071  
10.73803429  
6.135915925  
1.056257926  
-2.268899725  
-1.954788807  
2.571730135  
10.11212185  
18.02755624  
23.27904644  
23.73384959  
19.13176861  
11.23440968  
3.053319298  
-2.505769717  
-3.954192056  
-1.866699146  
1.44568112  
3.078249905  
0.93967497  
-5.252494084  
-13.85814252  
-22.11918416  
-27.47065834  
-28.70877725  
-26.4497093  
-22.6766126  
-19.62800493  
-18.60127333  
-19.27698604  
-19.89896115  
-18.21579819  
-12.7146548  
-3.54215374  
7.333481538  
16.7957438  
21.77600141  
20.43527839  
12.83339497  
0.8509952727  
-12.52587472  
-24.1927048  
-31.76672778  
-34.00829854  
-30.79885864  
-22.85636061  
-11.43115962  
1.866900418  
15.1298325  
26.25008792  
33.20910464  
34.5791826  
30.07909067  
20.90334084  
9.573534054  
-0.7529676752  
-7.323706882  
-8.785086407  
-5.701335439  
-0.338512149  
4.244569701  
5.455108804  
2.270506279  
-4.264148204  
-11.35301114  
-15.46113884  
-13.63075  
-4.605964001  
10.63757115  
29.12600308  
46.77341134  
59.59843768  
64.86854412  
61.82638544  
51.80788201  
37.75155818  
23.26774275  
11.54908598  
4.440704613  
1.948980075  
2.351619575  
2.897557619  
0.8908954934  
-5.20235549  
-15.03483867  
-26.35658497  
-35.76330801  
-39.98293595  
-37.22175709  
-28.01827425  
-15.20928827  
-2.957012661  
4.815759853  
5.957735733  
0.9419547192  
-7.345162969  
-14.8180379  
-17.91293831  
-15.08849907  
-7.465480189  
1.664032644  
8.23524597  
9.102762551  
3.296092441  
-7.680110075  
-20.58527681  
-31.8482011  
-38.99444551  
-41.48156167  
-40.63097239  
-38.76758225  
-38.01905467  
-39.33674467  
-42.14535413  
-44.70548131  
-44.94578822  
-41.34485452  
-33.48183585  
-22.08323213  
-8.649510117  
5.086514997  
17.60507318  
27.81012796  
35.03724869  
38.99887836  
39.79657493  
38.01693903  
34.80015324  
31.71873745  
30.3785483  
31.82125718  
35.97329094  
41.44249733  
45.85663794  
46.7004144  
42.35025545  
32.86447849  
20.14565232  
7.343586212  
-2.297567143  
-6.682623689  
-5.672108562  
-1.102422975  
3.993563193  
6.633195793  
5.069874795  
-0.5695161767  
-8.432334397  
-15.76661156  
-20.04363508  
-19.90170451  
-15.55411101  
-8.563135111  
-1.151449444  
4.616377496  
7.453831828  
7.088777626  
4.124460175  
-0.3192777458  
-4.989651473  
-8.775840255  
-10.84870723  
-10.72073642  
-8.294290625  
-3.917028273  
1.603812202  
7.10437915  
11.32238624  
13.26112483  
12.52463631  
9.465975426  
5.052229511  
0.4776829732  
-3.315895864  
-5.992007197  
-7.872213581  
-9.654004203  
-11.9222202  
-14.69356102  
-17.22905554  
-18.23219874  
-16.37069777  
-10.90417029  
-2.141939995  
8.47869243  
18.74421139  
26.31925459  
29.45793529  
27.51537087  
21.09452865  
11.80973423  
1.781932742  
-6.948198127  
-12.91108671  
-15.48913598  
-14.95502555  
-12.298288  
-8.903010714  
-6.150701796  
-5.027438845  
-5.824709704  
-8.026291617  
-10.45064592  
-11.6528971  
-10.49196218  
-6.673788431  
-1.042002137  
4.55751886  
7.863183734  
7.066567423  
1.640765522  
-7.231118468  
-16.86716423  
-23.93469068  
-25.661166  
-20.95014167  
-10.94169702  
1.252358854  
11.58782076  
16.53441198  
14.38163109  
5.8934782  
-5.950982446  
-17.03940633  
-23.61766056  
-23.62498146  
-17.37935859  
-7.382140129  
2.646279293  
9.107992446  
9.740898493  
4.286340692  
-5.570045561  
-16.88577173  
-26.46855952  
-31.8270376  
-31.7679979  
-26.51746824  
-17.42629672  
-6.443200352  
4.435508856  
13.58615568  
19.98608739  
23.2690158  
23.66217088  
21.85625579  
18.83430276  
15.66989137  
13.31086829  
12.38584332  
13.08655987  
15.16947486  
18.081561  
21.16371724  
23.84937059  
25.7786345  
26.79341145  
26.84492589  
25.89486045  
23.89564491  
20.88439187  
17.14494557  
13.32660098  
10.40039526  
9.399493879  
11.00502594  
15.14684759  
20.8278547  
26.31601961  
29.69628269  
29.59729213  
25.7926602  
19.38818666  
12.45776801  
7.224810181  
5.101967781  
5.996321844  
8.205161838  
8.993630426  
5.65530344  
-3.360943104  
-17.71967167  
-35.17099282  
-52.24470438  
-65.38710315  
-72.08592834  
-71.55208232  
-64.7337487  
-53.73051332  
-40.91826243  
-28.18177102  
-16.5530791  
-6.327518806  
2.506534604  
9.819131595  
15.13641426  
17.78478495  
17.27740475  
13.70383558  
7.8864052  
1.199774442  
-4.86382484  
-9.166017295  
-11.20204039  
-11.07621058  
-9.236720942  
-6.165467444  
-2.231316593  
2.202561317  
6.508423458  
9.588085409  
9.963427428  
6.246853678  
-2.15273866  
-14.42105493  
-28.18939354  
-40.04402479  
-46.5944875  
-45.70976355  
-37.39944882  
-23.92307639  
-9.026524121  
3.41268739  
10.77716345  
12.55829954  
10.32048231  
6.834318558  
4.798315706  
5.732774744  
9.517864336  
14.71999887  
19.47147263  
22.42335249  
23.29638554  
22.79593637  
22.00348292  
21.62697052  
21.54820824  
20.92378761  
18.77809984  
14.74528608  
9.521660294  
4.73577353  
2.252517248  
3.239826215  
7.474867805  
13.26956795  
18.09863833  
19.66382822  
16.90576522  
10.48927571  
2.535197512  
-4.273891856  
-7.798664836  
-7.26167266  
-3.437841503  
1.817183454  
6.432489603  
8.961757382  
9.03808493  
7.308405687  
4.971488969  
3.204881653  
2.759791687  
3.853501211  
6.299812346  
9.700244296  
13.53626827  
17.12901589  
19.57632498  
19.83528457  
17.04216574  
10.98995313  
2.520779774  
-6.45013046  
-13.43029924  
-16.26066815  
-14.08457014  
-7.915118418  
-0.4658936548  
4.776349019  
4.896954438  
-1.251080622  
-12.53739865  
-25.97540261  
-37.89852876  
-45.36826185  
-47.18710544  
-44.08582542  
-38.05577484  
-31.20590882  
-24.73898665  
-18.55499819  
-11.64999439  
-3.058079569  
7.201210159  
17.71268506  
26.05757868  
29.8519311  
27.92885934  
21.06370119  
11.84487855  
3.699515743  
-0.5090211643  
0.3171434666  
5.051423504  
10.82957933  
14.2600722  
12.82342806  
5.868813216  
-5.177422055  
-17.41669993  
-27.58350275  
-33.17046523  
-33.14989735  
-28.09484818  
-19.77155224  
-10.45837726  
-2.280351208  
3.248415412  
5.427808795  
4.380730762  
0.9520810196  
-3.462877653  
-7.174855139  
-8.562675355  
-6.506824278  
-0.7776690972  
7.78371878  
17.4150283  
25.91244744  
31.29120419  
32.38110669  
29.12810105  
22.50064609  
