49.79560689  
48.95664382  
40.35213476  
25.98944259  
9.354510677  
-5.4670368  
-15.02313404  
-17.66962164  
-14.19037317  
-7.513488086  
-1.522909875  
0.6174803064  
-2.074965812  
-7.847335958  
-12.91131561  
-13.19165101  
-6.399344538  
6.520180029  
21.31009574  
31.86716334  
32.71682807  
21.45914803  
0.08819649146  
-25.46965493  
-47.48791144  
-59.38684464  
-58.25751801  
-45.89012373  
-27.88092963  
-11.22741898  
-1.469346976  
-0.5989308561  
-6.582279287  
-14.59488028  
-19.32025038  
-17.24177203  
-7.941622234  
6.055169184  
20.66225941  
32.08337071  
38.24741492  
39.240654  
36.69229476  
32.57805581  
28.12972684  
23.39497133  
17.58661001  
9.922284573  
0.4175463686  
-9.837010991  
-19.06515298  
-25.63021025  
-28.82986236  
-29.22215029  
-28.31059371  
-27.76369316  
-28.58495548  
-30.6587053  
-32.88067454  
-33.76802867  
-32.20284512  
-27.92153975  
-21.52900816  
-14.08745145  
-6.5516469  
0.6239683593  
7.512045856  
14.40821571  
21.42045587  
28.21860945  
34.09014156  
38.24516088  
40.15986232  
39.73210329  
37.16219647  
32.668181  
26.2748573  
17.88497683  
7.654273043  
-3.540816975  
-13.88810228  
-20.95040128  
-22.5117998  
-17.64034272  
-7.443055904  
4.955122915  
15.35434511  
20.04019548  
17.30897102  
8.251095804  
-3.617481937  
-13.76452305  
-18.48440393  
-16.34660954  
-8.600943389  
1.612285897  
10.8237651  
16.78298767  
19.24249925  
19.64420329  
19.95523236  
21.34442041  
23.46082905  
24.73263068  
23.5254949  
19.49433844  
14.30805386  
11.22225306  
13.58196379  
22.94248309  
37.7789636  
53.5443051  
64.21222239  
64.70631981  
53.13408286  
31.7718171  
6.286852927  
-16.51023479  
-31.40482471  
-36.7951554  
-35.10442046  
-31.44280381  
-31.16605889  
-37.44986032  
-49.94193243  
-65.01492324  
-77.3964369  
-82.36092501  
-77.49598773  
-63.35217738  
-42.86901869  
-20.03256123  
1.506678999  
19.24949428  
31.89707769  
38.88273986  
39.87874053  
34.69416823  
23.65170075  
8.157570783  
-9.012952141  
-24.08755341  
-33.34694803  
-34.4704387  
-27.56314861  
-15.33099162  
-2.232162989  
7.098577028  
9.515053213  
4.432771328  
-6.103575319  
-18.32662878  
-28.19250027  
-32.75566402  
-30.97076079  
-23.73214505  
-13.30043572  
-2.467723301  
6.195173485  
10.83152293  
10.54739349  
5.528871544  
-2.905676026  
-12.37969881  
-19.81032011  
-22.14058763  
-17.35870271  
-5.468284676  
11.05917163  
27.71748569  
39.31668352  
41.84569061  
34.12071665  
18.47607309  
0.09609905458  
-14.84130378  
-21.4928614  
-18.1792373  
-6.92490289  
7.530312507  
19.80983403  
26.14320508  
25.78308699  
20.99813123  
15.70975932  
13.46377478  
15.71457568  
21.21906679  
26.7838303  
28.95602113  
25.80929045  
17.95638076  
8.317172246  
0.7798100299  
-1.582403407  
2.11267107  
10.21592126  
19.35973256  
25.99585393  
27.91360105  
25.0434576  
19.22534109  
13.12311245  
8.853605111  
6.994359109  
6.413993316  
4.956894335  
0.6156480805  
-7.377700744  
-18.04021853  
-28.91745501  
-37.008136  
-39.92556023  
-36.81986272  
-28.71714754  
-18.18139457  
-8.457434991  
-2.413392559  
-1.63160646  
-5.916819778  
-13.34912975  
-20.85747206  
-25.15716746  
-23.79964284  
-16.03343218  
-3.193210202  
11.56393053  
24.17093568  
30.97826789  
30.07043527  
22.08001029  
10.13075189  
-1.162170099  
-7.33634487  
-5.778469526  
3.193306349  
16.32738867  
28.56883515  
34.91247198  
32.26165117  
20.56110232  
2.769100906  
-16.28648517  
-31.66783952  
-39.97504771  
-40.24800689  
-33.85147669  
-23.53020983  
-12.15817846  
-1.775750917  
6.707568983  
13.14495201  
17.46389077  
19.1441529  
17.22031622  
10.84715651  
0.1213179629  
-13.33164243  
-26.42252042  
-35.43156637  
-37.3393582  
-31.10746334  
-18.32591423  
-2.884700753  
10.27104342  
16.84934423  
14.72597507  
4.679691026  
-9.925802524  
-24.36924589  
-34.22090456  
-36.78900575  
-31.85547238  
-21.49645234  
-9.140292497  
1.717890001  
8.646246738  
10.8692458  
9.192231382  
5.394719466  
1.412928534  
-1.33517664  
-2.241865368  
-1.379274311  
0.8963857644  
4.339582922  
8.965479177  
14.85619779  
21.72451194  
28.50130643  
33.25633806  
33.6469408  
27.84680964  
15.63395022  
-0.857083276  
-17.18623763  
-27.66921376  
-27.24252933  
-13.51996697  
11.78054793  
42.74154657  
70.73828638  
87.15088207  
86.37579482  
67.98985372  
37.15245394  
2.970954766  
-24.64019864  
-38.43879661  
-36.32222865  
-21.80799688  
-2.350715752  
13.79110401  
20.82634063  
17.48857123  
7.070992655  
-4.478784676  
-11.4786952  
-11.10328551  
-4.495615702  
4.040357136  
9.309634523  
7.833667121  
-0.4596317083  
-12.25769439  
-22.5609242  
-27.21722012  
-25.05675788  
-18.58463863  
-12.8770759  
-13.18076808  
-22.32906068  
-39.17719634  
-58.78723741  
-74.29045727  
-79.60274131  
-71.81072524  
-52.23632956  
-25.81259714  
0.8458178517  
21.76951796  
33.38163639  
35.06620982  
28.56786879  
16.75615034  
2.47640176  
-11.99655003  
-24.84040956  
-34.27126396  
-38.36625408  
-35.46477653  
-25.06080638  
-8.684351376  
9.874329633  
25.4033415  
33.04863556  
30.35922899  
18.65050077  
2.920998732  
-9.845400565  
-13.41180037  
-4.934056355  
13.65756619  
36.22634188  
54.79631377  
62.76096186  
57.57254718  
41.75213082  
21.78334431  
5.378777643  
-1.684764374  
2.20370492  
14.11899228  
28.16847325  
38.22209701  
40.54318985  
35.16283513  
25.46304727  
16.27380217  
11.45232938  
12.10017102  
16.21809883  
19.88554849  
19.33075131  
12.86361243  
1.750433069  
-10.35445953  
-19.10952406  
-21.48666936  
-17.12967987  
-8.465034913  
0.4355900974  
5.664571589  
5.104081913  
-0.8533112561  
-9.748754038  
-18.36990623  
-24.25660686  
-26.68530178  
-26.71982979  
-26.3915979  
-27.48230881  
-30.53810656  
-34.5839794  
-37.63545801  
-37.71058022  
-33.82406399  
-26.48982188  
-17.52573624  
-9.299446621  
-3.799676696  
-1.957331236  
-3.471649935  
-7.128311358  
-11.37044249  
-14.81204723  
-16.48342819  
-15.79498372  
-12.3789373  
-6.01911406  
3.215018298  
14.68872624  
26.98183711  
37.95577585  
45.21215167  
46.83774148  
42.1487082  
32.09609107  
19.11261895  
6.416126847  
-2.975448121  
-7.1380188  
-5.712978888  
0.1778639814  
8.467734605  
16.85535529  
23.39508272  
26.79478667  
26.43316027  
22.24782442  
14.66180706  
4.614179966  
-6.388336414  
-16.37297617  
-23.29015277  
-25.66328388  
-23.27168822  
-17.52417363  
-11.23886677  
-7.776735633  
-9.786229963  
-18.04932314  
-30.94670688  
-44.84101449  
-55.29617046  
-58.67676399  
-53.48293907  
-40.86972329  
-24.14289611  
-7.461677977  
5.688311386  
13.61234485  
16.68716809  
16.77117829  
16.09739998  
16.20140491  
17.36465887  
18.76217268  
19.14515207  
17.64578242  
14.27294592  
9.870582343  
5.614939358  
2.369624417  
0.2745789155  
-1.206140499  
-2.821514215  
-4.937503477  
-7.165958761  
-8.452747872  
-7.601613855  
-3.960677934  
2.107716103  
9.254019837  
15.6910163  
20.01195791  
21.86636895  
22.13406149  
22.47711908  
24.45914817  
28.64798392  
34.14604938  
38.80689297  
40.08100883  
36.14107766  
26.79923607  
13.80989303  
0.4087755751  
-9.745440278  
-13.82529108  
-10.81936833  
-1.905158308  
9.894022425  
20.61916117  
26.53522782  
25.18224662  
16.03395659  
0.6228992613  
-17.86110226  
-35.3726684  
-48.01257973  
-52.99699226  
-49.36556877  
-38.24762103  
-22.59628653  
-6.434108607  
6.204167886  
12.34096197  
10.82581709  
2.581395703  
-9.731964834  
-22.50057726  
-32.12595111  
-35.88487374  
-32.47062021  
-22.14698397  
-6.575168963  
11.56456202  
29.05411451  
42.67557831  
