62.43519679  
40.14454422  
16.66627072  
2.022524766  
1.398115439  
13.2397461  
30.29777092  
43.03072014  
43.82636026  
30.23391598  
5.919765628  
-20.91980991  
-40.89485319  
-47.06381578  
-37.43109846  
-15.4287624  
11.62110033  
35.29441748  
48.95300882  
49.69104376  
38.78384445  
20.69828481  
1.215901135  
-14.5705367  
-23.71618796  
-25.96239222  
-23.32830182  
-19.0182116  
-16.06510344  
-16.1548318  
-18.99120356  
-22.39920183  
-23.15277943  
-18.28576473  
-6.458200368  
11.12797841  
30.67919474  
46.7735644  
54.10714766  
49.44512592  
33.03749352  
8.884639451  
-16.36080356  
-35.53712223  
-43.39641364  
-38.38767829  
-23.10422589  
-3.223975897  
14.62087818  
25.18451671  
26.24090197  
18.9307059  
6.812226941  
-5.84920612  
-15.74887026  
-21.47522929  
-23.43381061  
-22.99621795  
-21.44918072  
-19.33831957  
-16.5089423  
-12.71552029  
-8.338243704  
-4.690936006  
-3.651119093  
-6.752520677  
-14.22308122  
-24.53042387  
-34.76015861  
-41.71841017  
-43.24997502  
-39.12049193  
-31.00971212  
-21.61641731  
-13.33958868  
-7.231857244  
-2.78160952  
1.369259909  
6.189342653  
11.23965877  
14.53237296  
13.47173039  
6.475000378  
-5.571887749  
-18.89134577  
-27.84918064  
-27.1573105  
-14.31892612  
8.834603973  
36.33628402  
60.07141917  
72.79554924  
70.90785414  
55.77925578  
33.06704861  
10.34940835  
-5.84412895  
-12.29958895  
-9.758098415  
-1.806224139  
7.282833086  
14.61356258  
19.63627098  
23.65332726  
28.28675078  
33.86716762  
38.71215999  
39.74950636  
34.1826972  
21.29687027  
3.384499027  
-14.80041004  
-27.89139408  
-32.1992592  
-27.31972395  
-16.25251722  
-3.964690634  
4.884957189  
7.92173625  
5.757516271  
1.116616649  
-3.084757324  
-5.618404072  
-7.712684357  
-12.23481426  
-21.68517703  
-36.09584056  
-52.06370043  
-63.62940263  
-64.77775556  
-52.44859277  
-28.57138943  
0.005909880547  
23.87655422  
34.80730364  
29.21732513  
9.812192232  
-15.42704381  
-36.51097417  
-45.54618303  
-39.87091229  
-22.86105929  
-2.110722481  
14.12054466  
20.54336539  
16.92458357  
7.755085616  
-0.2279107162  
-1.419058979  
5.983897961  
19.22688175  
32.43392565  
39.47265505  
36.86314252  
25.38102731  
9.666482894  
-3.903798831  
-10.0436495  
-6.780796298  
3.883629613  
17.08166881  
27.3527444  
31.00785596  
27.54355728  
19.56259476  
11.35636021  
6.875844454  
8.019660449  
13.94701949  
21.61687061  
27.21285422  
27.77496044  
22.34342487  
12.19792442  
0.1904911864  
-10.46438931  
-17.40763055  
-19.88874292  
-18.81857183  
-16.18089212  
-14.09502663  
-13.92016146  
-15.73811083  
-18.38882258  
-20.02120633  
-18.93668001  
-14.39726392  
-7.075938617  
1.050796087  
7.36794338  
9.622929114  
6.885777363  
0.06956267226  
-8.248427569  
-14.69785861  
-16.38007186  
-12.03258244  
-2.602606218  
9.042972687  
19.1867575  
24.68228663  
24.13016046  
18.30289772  
9.639136327  
1.046013197  
-5.431252943  
-9.450983058  
-12.33421105  
-16.16910741  
-22.50342588  
-31.2754934  
-40.53235026  
-47.11220009  
-48.00402907  
-41.76252138  
-29.31290661  
-13.7526543  
0.7835574986  
10.7004167  
14.26805513  
12.13097798  
6.814943281  
1.499387378  
-1.362667048  
-0.9651410678  
1.754448194  
4.807858937  
6.249635696  
5.135402674  
1.91998241  
-1.831515558  
-4.218296656  
-3.862843963  
-0.4569559933  
5.210050543  
11.68504472  
17.49001579  
21.65675798  
23.94882339  
24.74378916  
24.70930802  
24.47043104  
24.41667247  
24.68498869  
25.24978539  
26.01285428  
26.82364889  
27.43677588  
27.47389072  
26.46028346  
23.95529939  
19.72441702  
13.86268735  
6.796691634  
-0.8394673834  
-8.385376214  
-15.29414162  
-21.16271365  
-25.6638015  
-28.46181803  
-29.21427724  
-27.70733414  
-24.07431438  
-18.96584914  
-13.52747687  
-9.122716636  
-6.875692248  
-7.225630545  
-9.715294466  
-13.14536456  
-16.05671657  
-17.33473205  
-16.65656145  
-14.57006558  
-12.17169109  
-10.55233069  
-10.29813467  
-11.29964855  
-12.95275385  
-14.61688881  
-16.04675281  
-17.52305071  
-19.57334089  
-22.41816295  
-25.46222938  
-27.1716664  
-25.50825435  
-18.80444552  
-6.704890665  
9.293188592  
26.03099103  
39.62626272  
46.82467215  
46.2126128  
38.76834102  
27.49431256  
16.26598108  
8.3681084  
5.322186699  
6.474427213  
9.48215284  
11.45482096  
10.24499447  
5.350202799  
-1.919841147  
-9.030445216  
-13.27701417  
-12.85496424  
-7.52571374  
1.343917632  
11.32917633  
19.82369946  
24.89461962  
25.81265225  
23.10729056  
18.18293758  
12.68399825  
7.868434447  
4.224311561  
1.461623796  
-1.136203978  
-4.1595232  
-7.567428251  
-10.48039243  
-11.41578456  
-8.929109574  
-2.424474644  
7.229458947  
17.62492587  
25.4435618  
27.65065516  
22.8252612  
12.0498077  
-1.115914361  
-11.71707861  
-15.22871628  
-9.436225822  
4.423300754  
21.81749263  
36.42038442  
42.43303752  
36.81378127  
20.50320343  
-1.877094379  
-23.74209791  
-38.97479877  
-44.08113509  
-39.22292124  
-27.79042169  
-14.80747513  
-4.928334624  
-0.882275616  
-2.926875874  
-9.355564278  
-17.62532174  
-25.46430489  
-31.45634754  
-34.97699303  
-35.74820692  
-33.46342236  
-27.82232462  
-18.98074204  
-8.079697521  
2.616253053  
10.26949631  
12.60437269  
9.11839324  
1.69424853  
-5.85761679  
-9.293737409  
-5.877863424  
4.140615574  
17.29546457  
28.16810466  
31.68332417  
25.4349458  
10.95532401  
-6.717756623  
-21.05467258  
-26.76802245  
-22.05540618  
-9.351740151  
5.733469339  
16.79758069  
19.27366537  
12.16829485  
-1.776518103  
-17.44198542  
-29.49738947  
-34.37800417  
-31.28914873  
-21.99112214  
-9.701939784  
2.217816308  
11.19130213  
15.71482252  
15.18404134  
9.658518674  
-0.1149971531  
-12.41926422  
-24.35130843  
-32.10924176  
-31.99779878  
-21.92105684  
-2.718160726  
21.42084493  
43.91537681  
57.96491796  
59.12555812  
47.17493006  
26.36245934  
3.822848299  
-13.22874537  
-20.31159439  
-17.26123175  
-7.893117242  
2.044608155  
7.627603841  
6.911343618  
1.508787109  
-4.589961786  
-7.269043539  
-4.424238249  
3.084859526  
12.08874075  
18.94188025  
21.51225293  
20.25482243  
17.81599839  
17.41702406  
20.91879588  
27.63332719  
34.53462696  
37.76020873  
34.59447747  
24.8646807  
11.00012278  
-3.265367314  
-14.82382175  
-22.67948348  
-28.15213718  
-33.66699298  
-40.80235053  
-48.72249762  
-53.97120951  
-51.90003153  
-39.1115699  
-15.6874854  
14.0180899  
42.58216268  
62.29010741  
68.24824862  
60.37378099  
43.30845498  
24.29141281  
10.00693196  
3.901925978  
5.204042795  
10.00025127  
13.70375544  
13.56996963  
9.95660541  
5.732078303  
4.240338406  
7.004715258  
12.48566866  
16.6322506  
14.98523701  
5.2237865  
-11.23831141  
-29.54240058  
-43.52069867  
-48.65006141  
-44.319367  
-34.20393115  
-24.48061189  
-20.7264217  
-25.05028945  
-34.93568009  
-44.43914508  
-47.20315153  
-39.80192397  
-23.72691201  
-4.960491203  
8.728603262  
11.49155902  
2.303046732  
-14.38148178  
-30.58096446  
-38.45339455  
-33.93180385  
-18.60239059  
1.058846652  
16.70730566  
21.95935954  
15.22728713  
0.2739504612  
-15.68279367  
-25.327518  
-24.44067588  
-13.47151971  
3.105152378  
19.14847093  
29.64746796  
32.57919447  
29.05559175  
21.93354357  
13.85128115  
5.873880322  
-2.510203922  
-12.14202927  
-22.56596469  
-31.16354395  
-33.79167408  
-26.81010058  
-9.518602237  
14.36567324  
37.22890198  
50.18584646  
46.831122  
26.44536773  
-4.932551957  
-36.29003521  
-55.72975804  
-55.21648594  
-33.9496075  
1.144524377  
38.08345217  
64.57216397  
72.82406914  
