10.06724165  
-7.730253264  
-21.03488679  
-28.55004323  
-30.74470045  
-28.93614344  
-24.36317907  
-17.73938418  
-9.424571562  
0.04041924861  
9.50471892  
17.27080394  
21.71001996  
22.10925444  
19.22136113  
15.09411895  
12.12797115  
11.76737525  
13.50804902  
14.82856945  
12.23268662  
3.014240514  
-13.07454263  
-33.12061931  
-51.78504775  
-63.27624382  
-63.73484694  
-52.93948656  
-34.49755046  
-14.35946591  
1.717559811  
10.61217275  
13.05366627  
13.02508601  
15.6146116  
24.31147198  
39.02315336  
55.77207541  
68.25826989  
70.60941817  
60.08284827  
38.49655168  
11.73499705  
-12.46637902  
-27.50119775  
-30.37168162  
-22.65800661  
-9.651226716  
1.89228183  
6.380742844  
1.335373057  
-12.02506772  
-29.61935917  
-46.2412582  
-57.40601038  
-60.60995898  
-55.67638027  
-44.29338307  
-29.13796719  
-13.02485669  
1.64650336  
13.11582984  
20.29728475  
22.79222014  
20.94158826  
15.84737369  
9.23062035  
3.052086557  
-1.035193063  
-2.199092216  
-0.6711703334  
2.414412657  
5.531396989  
7.392092978  
7.408331579  
5.781964523  
3.217910932  
0.4466672935  
-2.168648077  
-4.728809311  
-7.564889221  
-10.83242289  
-14.18962824  
-16.76700738  
-17.46882563  
-15.45795249  
-10.57031901  
-3.443034199  
4.703386977  
12.50373898  
18.87560164  
23.23368727  
25.43358927  
25.55828835  
23.74956104  
20.23699871  
15.5572376  
10.78278872  
7.511808777  
7.46675111  
11.77600666  
20.24820417  
31.04688187  
41.05368646  
46.89817364  
46.27901529  
38.98988321  
27.12738531  
14.29903831  
4.119188362  
-1.346368198  
-2.45040877  
-1.696027399  
-2.405131359  
-6.926554769  
-15.24944671  
-24.74210822  
-31.22763432  
-30.96686303  
-22.64954824  
-8.432096906  
6.547795774  
16.07046103  
15.38265972  
3.302461792  
-17.05332972  
-39.27285757  
-55.9971605  
-61.65461863  
-54.47439553  
-36.99989538  
-14.96775458  
4.910008859  
17.322407  
19.97263335  
13.90724258  
2.614223577  
-9.574747877  
-19.04829749  
-23.86125443  
-23.84713716  
-20.07984718  
-14.10271722  
-7.335294679  
-0.8609871715  
4.469549629  
7.860578862  
8.562538407  
6.118539754  
0.7441128497  
-6.4178936  
-13.40504632  
-17.97430702  
-18.41128187  
-14.27763731  
-6.746865808  
1.672964875  
7.977601871  
9.77239429  
6.22688614  
-1.49540032  
-10.51111869  
-17.11512854  
-17.99716552  
-11.36601903  
2.390358474  
20.71863266  
39.57663303  
54.55767057  
62.11779007  
60.54090958  
50.36298552  
34.14237378  
15.66246029  
-1.175304735  
-13.41522678  
-19.73483471  
-20.55534068  
-17.5802538  
-12.97431651  
-8.521565176  
-5.0930712  
-2.60902838  
-0.4537351823  
1.904225368  
4.426235871  
6.41993337  
6.917933189  
5.331897389  
2.029318293  
-1.513908724  
-3.145756829  
-0.9282229433  
5.892595499  
16.30180052  
27.64708367  
36.51039304  
40.00004969  
36.92415136  
28.32266833  
17.0920876  
6.82584525  
0.3426199229  
-1.47600913  
-0.03731795777  
1.582348957  
-0.02071487055  
-7.066652205  
-19.5315781  
-34.9661817  
-49.26324829  
-58.07188895  
-58.3238196  
-49.32236436  
-33.03566273  
-13.53356661  
4.207693079  
15.73643751  
18.3702017  
11.92900957  
-1.205948498  
-16.70368932  
-29.41665704  
-34.77857509  
-30.13598386  
-15.65751192  
5.483604775  
27.80763663  
45.01638176  
51.90305785  
46.10337541  
29.06876049  
5.833201088  
-16.46513447  
-30.8866887  
-33.04746467  
-22.67646463  
-3.767634794  
16.77871725  
31.56135309  
35.2593303  
26.44398404  
7.969227837  
-14.16418469  
-32.99930432  
-43.02139999  
-41.88719447  
-30.91891828  
-14.30345393  
2.577391482  
14.98811816  
20.18489331  
17.88093843  
9.83989155  
-1.07509589  
-11.9374107  
-20.50147827  
-25.49772916  
-26.54956927  
-23.91826191  
-18.27511383  
-10.59137707  
-2.104489631  
5.753081305  
11.55212836  
14.18809903  
13.217606  
9.058058028  
2.938060962  
-3.408436416  
-8.200019303  
-10.05557136  
-8.29038498  
-3.003497356  
5.008961899  
14.42839454  
23.60618304  
30.76372756  
34.24441577  
32.86159136  
26.31717583  
15.56161  
2.89355704  
-8.378088331  
-14.74727196  
-13.62373188  
-4.379652306  
11.10265976  
28.69756794  
43.1541601  
49.76210507  
46.00360271  
32.573473  
13.33787463  
-5.82271755  
-18.92410375  
-21.88373981  
-13.91113054  
2.211899305  
21.05620723  
36.34018343  
42.96169521  
38.5748396  
24.20766516  
3.772049462  
-17.30215643  
-33.80504567  
-42.27447219  
-41.85302365  
-34.27184295  
-23.05192641  
-12.24540891  
-5.142685362  
-3.338271588  
-6.401284456  
-12.19721723  
-17.71456459  
-20.11318016  
-17.66442528  
-10.30029947  
0.3828742861  
11.64896594  
20.49249783  
24.56333065  
22.84211459  
15.85226908  
5.361271839  
-6.29301883  
-16.98308193  
-25.38393789  
-31.17109663  
-34.78890624  
-36.93636449  
-38.03136377  
-37.913075  
-35.9239739  
-31.33153759  
-23.88611737  
-14.23883323  
-3.996062048  
4.658374963  
9.653560179  
9.773571879  
5.157990772  
-2.645003272  
-11.11025031  
-17.50981593  
-19.76746459  
-17.11048148  
-10.31265114  
-1.459510435  
6.687646377  
11.5429548  
11.5239807  
6.626765501  
-1.425549919  
-9.538825966  
-14.06561423  
-11.90780265  
-1.610739548  
15.90188384  
37.25940081  
57.38268776  
70.91004929  
73.9153556  
65.34263423  
47.59555639  
25.9613403  
6.958803214  
-3.869768341  
-3.930957201  
5.45203594  
19.50327567  
31.77135417  
36.56579718  
31.10557327  
16.51918564  
-2.710071891  
-20.62212354  
-32.19481693  
-35.28135452  
-31.26437504  
-24.1778008  
-18.71553509  
-18.02737043  
-22.28490195  
-28.64564993  
-32.61292505  
-30.16693817  
-19.70710904  
-2.945276193  
15.63140841  
30.47058325  
37.07879649  
33.65185162  
21.56369286  
4.598641454  
-12.64085847  
-26.40223785  
-34.82494327  
-38.015131  
-37.29299266  
-34.11957087  
-29.29254634  
-22.78631131  
-14.22680258  
-3.645933858  
7.972745907  
18.71003409  
26.32090421  
29.14253486  
26.84079162  
20.61702081  
12.77323994  
5.853440292  
1.774227889  
1.33215058  
4.250836375  
9.638061449  
16.5221123  
24.13604324  
31.81220497  
38.62290428  
43.09571878  
43.32532625  
37.58894817  
25.25834445  
7.561290748  
-12.27644228  
-29.74478754  
-40.46239128  
-41.770109  
-33.83552993  
-19.75425112  
-4.536044464  
6.661445673  
10.35868525  
5.917031181  
-4.404736554  
-16.47553089  
-25.93541018  
-29.77200934  
-27.2261958  
-19.75536714  
-10.19413491  
-1.561439983  
3.961724385  
5.521001507  
3.477012475  
-1.098715939  
-6.985520672  
-13.15757251  
-18.82314078  
-23.2703279  
-25.73287112  
-25.44693983  
-21.92259798  
-15.2917257  
-6.514389241  
2.72682855  
10.46661737  
15.0819546  
15.8511886  
13.21257806  
8.613367169  
4.010909458  
1.221524418  
1.354481253  
4.510186351  
9.804576111  
15.6648756  
20.27403372  
22.03367995  
19.94831201  
13.87343741  
4.593424724  
-6.294941779  
-16.70125216  
-24.52697423  
-28.21630685  
-27.20973215  
-22.12678897  
-14.57125804  
-6.585948506  
0.06281825286  
4.496053225  
6.969578155  
8.637547237  
10.91757166  
14.72568818  
19.92192837  
25.22678823  
28.67000972  
28.39827198  
23.50985032  
14.56741014  
3.572651018  
-6.595004228  
-13.06784921  
-13.88989903  
-8.630853941  
1.457863625  
13.75702171  
24.94233438  
31.81240279  
32.09309131  
25.05563938  
11.81554102  
-4.790482842  
-20.79540442  
-32.1021465  
-35.68674484  
-30.65653697  
-18.76468611  
-4.083415686  
8.196369261  
13.52458291  
9.710322563  
-2.079579219  
-17.51521283  
-30.52745052  
-35.49307783  
-29.36374771  
-12.89535248  
9.532283599  
31.45135275  
46.58993421  
50.99733466  
44.19555846  
28.97918871  
