88.02836019  
80.27322937  
66.48497437  
47.77551291  
26.10002507  
4.197287002  
-15.05668988  
-29.61009973  
-38.96063414  
-44.14955246  
-46.91417952  
-48.40447528  
-48.20831604  
-44.3663356  
-34.5698975  
-18.05192426  
2.831329421  
22.3568246  
33.01248437  
28.48356663  
6.816901093  
-27.76476951  
-65.48883184  
-94.16358939  
-103.7047174  
-90.20013878  
-57.71446243  
-16.93108981  
18.91521688  
39.16144717  
39.75023525  
24.49284043  
3.089277188  
-13.15844656  
-16.03875572  
-3.535461484  
19.85483506  
45.50769394  
64.50570675  
71.14989335  
64.69327137  
48.7951126  
29.28093254  
11.48346382  
-1.554508996  
-9.361052296  
-13.01694125  
-13.71108176  
-11.84614589  
-7.214494788  
-0.03402354364  
7.949648781  
13.18436274  
11.30540947  
-0.8938473898  
-23.44506061  
-52.2400112  
-79.80356461  
-97.68254951  
-99.53472651  
-83.61337908  
-53.56899678  
-17.21789139  
16.19147454  
39.06597032  
47.69041811  
42.83459244  
28.7513223  
11.23015351  
-4.36259932  
-14.33052654  
-16.96086629  
-12.18180184  
-1.07260109  
14.3987779  
31.38978257  
46.25456948  
55.04348739  
54.54632558  
43.57366453  
23.84736347  
-0.1114679009  
-22.30411445  
-37.38137115  
-42.67426807  
-39.14934684  
-30.7406321  
-22.28240735  
-16.99582939  
-14.78285497  
-12.25641451  
-4.604638618  
11.55478559  
35.75423998  
63.00230939  
85.38374886  
95.35220232  
89.24337082  
69.32304811  
43.28619584  
21.28927187  
11.77623302  
17.97597119  
36.68946488  
59.93911745  
78.71491727  
87.05208056  
84.50640384  
75.85256524  
68.164018  
66.71283062  
71.73089913  
77.70120382  
75.65983787  
57.53639285  
20.53352868  
-30.56350335  
-84.375982  
-126.9728676  
-147.3159974  
-141.7799641  
-115.7673809  
-81.67089223  
-53.99818606  
-43.67932398  
-53.90291345  
-79.1479769  
-107.714543  
-126.6083341  
-126.7215867  
-106.2340887  
-70.99251037  
-31.91870665  
-0.6758717378  
14.58725404  
11.79067001  
-5.018827044  
-27.83720696  
-47.99560058  
-59.18113845  
-59.09695583  
-49.37877231  
-34.1347207  
-17.959305  
-4.314337558  
5.174757689  
10.47734235  
12.37992542  
11.73944561  
9.18725649  
5.354515529  
1.342654264  
-1.000165752  
0.6595721278  
8.306507785  
22.48634047  
41.50080559  
61.38950285  
76.9036468  
83.2375854  
77.89695745  
61.93356406  
39.94860379  
18.72169525  
4.877641078  
2.43760233  
11.21596218  
26.74902749  
41.86948188  
49.38337764  
44.84190404  
28.32166747  
4.490662655  
-19.09244663  
-34.79098719  
-37.70532243  
-27.37946516  
-7.744361181  
14.62752225  
33.1879879  
43.86951408  
46.32694862  
43.51378832  
39.87936408  
39.06613574  
42.17217102  
47.34705532  
50.8511649  
49.02551428  
40.20844442  
25.68070856  
9.196178095  
-4.665503321  
-12.53291624  
-13.69221353  
-10.2692558  
-6.070111401  
-4.648646084  
-7.539576326  
-13.51758692  
-19.25620582  
-21.09269888  
-17.07116229  
-8.286398509  
1.149744784  
5.583772061  
0.1557487269  
-16.97865341  
-43.48066962  
-73.22844787  
-98.16628051  
-110.9241041  
-107.2588863  
-87.47662788  
-56.4000832  
-21.963933  
7.052289354  
23.44163898  
23.46828868  
7.798893432  
-18.6954144  
-48.16550501  
-71.73978744  
-81.77723266  
-73.90990007  
-48.36282533  
-10.13984545  
32.09903234  
68.28998623  
89.7880285  
91.9334308  
75.52016007  
46.61479957  
14.70821863  
-10.2320379  
-20.82966715  
-14.45247124  
6.248997969  
34.51833149  
61.86851695  
80.75083778  
86.60191946  
78.69327987  
59.72629324  
34.56994481  
8.745466236  
-12.826983  
-26.59171201  
-30.6963322  
-25.11471405  
-11.69397282  
5.928289315  
22.74788771  
33.35099857  
33.35843564  
20.97605067  
-1.975306048  
-30.14155565  
-56.05897051  
-72.5841508  
-75.47993527  
-65.1142653  
-46.48892708  
-27.46497693  
-15.81160267  
-16.24021691  
-28.63168061  
-48.17975764  
-67.36586797  
-78.90241755  
-78.39462291  
-65.63902623  
-44.12523577  
-19.12233973  
4.662335919  
24.74366622  
41.13765482  
55.27782003  
68.27136884  
79.50663808  
86.42108634  
85.62643307  
74.8697211  
54.83813962  
29.82108477  
6.733882557  
-7.243707959  
-7.493378844  
5.948571044  
27.98560992  
50.03442744  
63.06297386  
60.96915524  
43.00392398  
14.28178505  
-15.87383622  
-37.19876746  
-42.21655891  
-29.08844084  
-2.53443138  
27.56426625  
49.4676596  
53.6932105  
36.52953255  
1.684983731  
-40.59813839  
-76.77395381  
-94.53624611  
-87.11792185  
-55.79751558  
-9.641811541  
37.5072567  
71.76277224  
83.91572127  
72.38749425  
43.309167  
7.751912714  
-22.72230661  
-40.34535947  
-43.51956732  
-36.40036114  
-26.04810904  
-18.59732425  
-16.3089894  
-16.91290513  
-15.51118676  
-8.028192859  
5.619388194  
20.38678945  
27.7957837  
19.85061621  
-6.611982769  
-47.28839589  
-90.96082844  
-123.2832155  
-132.3203841  
-113.469684  
-71.58084623  
-19.29071067  
27.74136288  
56.65491148  
61.80977127  
46.06112473  
18.61599656  
-9.278477071  
-28.71957798  
-35.71279527  
-31.11009384  
-18.50071341  
-1.583264614  
17.40002558  
37.41741609  
57.05871225  
72.9733  
79.76592925  
71.93111298  
47.10388755  
8.876824766  
-32.68661692  
-63.76165601  
-71.99991821  
-52.13471458  
-9.273564258  
42.00809543  
82.8325814  
97.4871451  
80.00189929  
36.86224842  
-15.49200195  
-57.40488101  
-74.0649499  
-61.35499278  
-26.96176631  
13.60727595  
44.13999451  
54.64380355  
44.97047149  
23.70104719  
3.133485695  
-6.990396575  
-3.930725816  
7.460438579  
18.03065322  
19.60304246  
9.443349725  
-8.33392216  
-25.01489008  
-31.8919332  
-24.76060956  
-5.985881953  
16.84913266  
34.88962675  
42.39362622  
39.23456137  
30.25960799  
21.96213396  
18.38163389  
18.5636577  
17.07049898  
7.366105834  
-13.71162841  
-42.87419392  
-70.57420717  
-84.70156524  
-76.18867468  
-43.83793123  
4.082664546  
52.45620238  
85.12609752  
91.3337551  
69.89741952  
29.30345869  
-16.20228287  
-52.59813084  
-71.35415732  
-71.68921669  
-59.0983868  
-41.27642816  
-23.75369995  
-7.531244659  
10.19046178  
32.80369659  
60.55969813  
88.54316451  
107.6880848  
108.5523655  
86.07344699  
42.91605205  
-10.39179021  
-58.84351382  
-88.49936641  
-91.80208903  
-70.363283  
-34.0761445  
2.953586799  
27.81845107  
33.27148923  
19.54786531  
-6.857120401  
-36.52244753  
-60.85919982  
-74.70483862  
-76.97188207  
-69.6052134  
-55.82125339  
-38.70136032  
-20.72606863  
-4.115624724  
8.676447102  
15.00430668  
12.85523193  
2.090971481  
-14.67729349  
-32.30562451  
-44.63156177  
-46.78346775  
-37.27653754  
-18.873464  
2.296816161  
19.07038622  
26.05149424  
21.67785292  
8.676463038  
-7.226498952  
-19.70356675  
-24.25153084  
-19.64025729  
-7.905646714  
6.904543681  
20.51237939  
29.88786011  
33.8869259  
33.01010606  
28.66637131  
22.46514909  
15.88228222  
10.30038248  
7.136052014  
7.718640216  
12.79263994  
21.85007534  
32.73609884  
41.94630465  
45.72991504  
41.6682908  
30.05890284  
14.39356674  
0.5390530503  
-5.221926657  
1.40042294  
20.7980997  
48.87512152  
78.09274631  
99.82880587  
107.2176246  
97.45054358  
72.72308978  
39.5146132  
6.471011104  
-18.37825239  
-30.15254556  
-28.60447606  
-18.11067618  
-6.190247932  
-1.002901975  
-8.580746805  
-30.63996784  
-63.68053021  
-99.73303429  
-128.6230099  
-141.1250436  
-132.0279837  
-102.0756864  
-58.05004761  
-10.86153094  
27.78425732  
49.03212011  
49.56969707  
32.42729614  
5.643382247  
-20.6485695  
-37.58598089  
-40.16434322  
-28.20529724  
-5.573140434  
21.79340656  
48.07919812  
69.13576003  
82.93790461  
89.10238771  
