41.06733401  
20.5375622  
-1.808350767  
-19.83004646  
-28.40380458  
-25.03078177  
-10.77700737  
9.817886855  
29.9561274  
42.66212933  
43.13281676  
30.56684382  
8.73805165  
-15.06753033  
-32.55793983  
-37.58494991  
-28.75732348  
-10.39005096  
8.795037555  
18.92919164  
13.06270721  
-9.591036044  
-42.67911667  
-74.61539939  
-92.80461917  
-88.58608657  
-60.88217776  
-16.96948623  
30.06360642  
66.2222695  
81.89407596  
75.34599146  
52.99630267  
26.40049785  
7.289639723  
2.802934224  
12.91217145  
31.01708384  
47.27571906  
53.0674763  
44.58640964  
24.07976251  
-1.602260398  
-24.2567675  
-37.76631255  
-40.19300678  
-33.78194292  
-23.18769575  
-13.03373993  
-6.078491792  
-2.76498673  
-2.088330518  
-2.999946187  
-5.358363419  
-9.820182082  
-16.79592188  
-25.24117843  
-32.22965742  
-33.8439145  
-27.1353669  
-12.18431331  
6.94465844  
23.12961631  
28.86862419  
19.63248443  
-3.658640753  
-34.31610376  
-62.07324407  
-76.97703586  
-73.34399197  
-52.05642493  
-20.19281719  
11.82973496  
34.32703126  
41.86772177  
34.80387162  
18.33771554  
-0.2260390716  
-14.64958029  
-21.91972652  
-22.59294807  
-19.47428465  
-15.54979837  
-12.32772476  
-9.370790652  
-5.072166798  
1.94954266  
11.72824261  
22.74300869  
32.67748931  
39.6232435  
42.97335977  
43.48116449  
42.49967434  
40.93729088  
38.65221077  
34.74056408  
28.59875915  
21.09887601  
15.03726086  
14.34619989  
22.2438995  
39.17577474  
61.6778949  
82.96829698  
95.26640027  
92.93911333  
75.05042796  
46.04961862  
14.14192491  
-12.02686701  
-26.90577347  
-30.17408027  
-26.48472553  
-22.94689765  
-25.55579374  
-36.27892221  
-52.18334663  
-66.9907343  
-74.26489544  
-70.64998505  
-57.57027452  
-40.57359436  
-26.66404218  
-20.95046799  
-24.25614715  
-32.8439547  
-40.36479895  
-41.05549145  
-32.62438321  
-17.44421073  
-1.511891513  
8.289218393  
7.307602204  
-4.821385499  
-24.06552103  
-43.76863769  
-57.39057371  
-60.93611166  
-54.06272862  
-39.57066138  
-21.75654661  
-4.562594739  
9.608079484  
20.02779201  
26.96397744  
30.81143982  
31.65556351  
29.50429137  
24.93057532  
19.55523799  
15.8638742  
16.25744378  
21.74844856  
31.03038945  
40.56076681  
45.82496814  
43.32139132  
32.36096054  
15.76229043  
-1.014705739  
-12.02500686  
-13.37157526  
-4.971624291  
9.278276827  
23.0589367  
30.24347393  
27.4242767  
15.25218098  
-1.964470377  
-18.16635278  
-28.06627099  
-29.17403896  
-22.49453558  
-11.71330187  
-1.364039073  
5.122131308  
6.623085782  
4.351184876  
0.8443414481  
-1.474662676  
-1.442588094  
0.4955887313  
2.79441875  
3.815448065  
2.779631908  
0.2009084759  
-2.359302919  
-3.034503514  
-0.4974372546  
5.483445769  
13.97724894  
23.26359143  
31.4124449  
36.80587469  
38.43753741  
35.98158822  
29.73088033  
20.51269508  
9.613376749  
-1.34737056  
-10.67957964  
-17.04179977  
-19.90646772  
-19.85618726  
-18.49580604  
-17.90030264  
-19.73910367  
-24.41797414  
-30.64486699  
-35.70081661  
-36.41496974  
-30.52042533  
-17.85427201  
-0.8675563056  
15.85308957  
26.96858856  
28.22046343  
18.05151921  
-1.60084265  
-25.66822479  
-47.38803549  
-60.34657224  
-60.45015723  
-47.17780349  
-23.72076151  
4.01017242  
29.16553592  
45.94829406  
51.20009451  
45.12444647  
30.97774364  
13.8820283  
-0.8265880901  
-9.18279707  
-9.629472742  
-3.226144196  
6.973074903  
17.1048732  
23.80996146  
25.22594651  
21.35748243  
13.76740722  
4.786799659  
-3.397434237  
-9.410782671  
-12.89078316  
-14.22153583  
-14.01380251  
-12.63782178  
-10.05812569  
-6.040533036  
-0.5915059499  
5.647215341  
11.31570283  
14.67958318  
14.29029702  
9.668584197  
1.670288827  
-7.685862926  
-15.9094963  
-20.98413851  
-22.16506333  
-20.27231722  
-17.33069637  
-15.69172981  
-17.00212948  
-21.45271762  
-27.62388369  
-32.98905065  
-34.86423064  
-31.41778251  
-22.34910429  
-9.004077116  
6.068322401  
19.90157808  
29.92731762  
34.55373464  
33.38392757  
27.11414773  
17.25341005  
5.810069136  
-4.981990921  
-12.91846701  
-16.12540603  
-13.43826622  
-4.798969938  
8.483207743  
23.78901157  
37.67352357  
46.72706497  
48.58309049  
42.73240488  
30.81776347  
16.24322914  
3.174337374  
-4.758659246  
-5.614213967  
0.2546541173  
10.35652581  
20.91972518  
28.14240239  
29.3939113  
23.96100267  
13.11814373  
-0.4439343377  
-13.57121348  
-23.60934165  
-29.04436639  
-29.6527257  
-26.20390529  
-19.9308098  
-12.04147232  
-3.478783412  
5.02397562  
12.71233066  
18.62129671  
21.62127186  
20.75661539  
15.75163682  
7.421308636  
-2.289867533  
-10.78290228  
-15.69969347  
-15.91287974  
-12.17075884  
-7.037223799  
-4.030641295  
-6.215363741  
-14.78295501  
-28.23911909  
-42.6227047  
-52.78460761  
-54.29881462  
-45.26940446  
-27.28170564  
-5.053186157  
15.14015119  
27.67432411  
29.5547567  
21.37315766  
6.879477727  
-8.613764468  
-20.28928032  
-25.4691114  
-24.18970367  
-18.56481596  
-11.35552911  
-4.514027851  
1.564813839  
7.746314285  
15.03869162  
23.33112987  
30.76348625  
34.19606962  
30.66801418  
19.1691988  
1.796573604  
-16.4281796  
-29.2021325  
-31.4504535  
-21.61560699  
-2.638788412  
18.93106443  
35.43787012  
41.20744082  
34.8815366  
19.93799162  
3.124357014  
-8.531016849  
-10.80844902  
-4.100786611  
6.882360308  
15.37286242  
15.72858528  
6.085826975  
-10.73217698  
-28.45454248  
-40.16412842  
-41.36424342  
-31.90964682  
-15.94780317  
0.05200706651  
10.22775938  
11.84720065  
6.294803  
-1.851937866  
-7.132097233  
-5.755807393  
2.785751324  
15.72766254  
28.5193511  
36.9612314  
38.91391531  
34.80504334  
26.83197694  
17.44000514  
7.993626407  
-1.612000335  
-12.22723849  
-24.10141937  
-35.78972216  
-44.0855103  
-45.19793257  
-36.68406604  
-19.1544097  
3.222690219  
23.86106014  
36.18156454  
36.28602544  
24.64855587  
5.997757856  
-12.61148592  
-24.6863537  
-26.83751076  
-19.83315605  
-7.741501388  
4.345185964  
12.84371961  
17.2179639  
19.79868884  
24.04480209  
32.19972979  
43.60319307  
54.58478225  
60.05755111  
56.05269079  
41.93170319  
21.13477005  
0.01743663453  
-14.74819806  
-19.03081501  
-13.04263413  
-1.264336978  
9.457910301  
12.76565966  
5.320153341  
-12.04430576  
-34.91654931  
-57.21905125  
-73.46549061  
-80.37635214  
-77.3137978  
-65.65084098  
-47.68916201  
-25.83623528  
-2.431774302  
19.9088262  
37.96475818  
48.15685479  
47.56873007  
35.38520276  
13.97600283  
-11.14917844  
-32.8259221  
-44.7505126  
-44.00308945  
-32.39930287  
-15.91628342  
-2.284211426  
2.293717204  
-4.137748961  
-18.36857203  
-33.37168385  
-41.35692346  
-37.18558921  
-20.62983685  
3.512549799  
27.4602144  
43.69234195  
47.93375238  
40.59832709  
26.1656583  
10.9246746  
0.2212259886  
-3.525264296  
-1.241003565  
3.933827031  
8.583798137  
10.71477842  
10.40048742  
9.197526153  
8.812744186  
9.867566684  
11.48547356  
11.92211324  
9.844981669  
5.487990549  
0.9575902486  
-0.5799398764  
3.516214001  
13.79621008  
28.01324005  
41.72023497  
49.98162588  
49.45284686  
39.87366141  
24.27366812  
7.771687088  
-4.510233987  
-9.507444246  
-7.36882518  
-1.249978462  
4.108576371  
4.368834556  
-2.6909621  
-16.39152795  
-33.51321364  
-49.542621  
-60.23946169  
-62.92734276  
-57.12153808  
-44.42293424  
-27.87240374  
-11.07633543  
2.625326138  
10.79975295  
12.33501074  
7.635771055  
-1.411384327  
-11.74843941  
-19.76414887  
-22.16696936  
-16.93283908  
-4.049506316  
14.22705342  
33.77289399  
49.61799031  
57.33557273  
54.3967947  
