256.3189911  
213.1087463  
100.4570358  
-52.94879379  
-204.4797821  
-312.393187  
-349.0496185  
-308.116153  
-204.1985269  
-66.27059326  
71.90501785  
180.9114861  
241.9313324  
249.2143478  
209.1431042  
136.9324646  
52.07019615  
-26.56588898  
-85.07657471  
-117.5325912  
-126.7520767  
-122.3962372  
-116.7035767  
-119.1699722  
-132.175145  
-149.4880264  
-158.5889221  
-146.1477173  
-104.482663  
-36.16230927  
45.48121109  
120.4666538  
169.3818871  
180.720245  
155.2039577  
105.2483551  
49.86151886  
7.272052002  
-11.4989357  
-5.493501282  
17.76096039  
47.03994827  
72.82290573  
90.68119049  
101.3042702  
107.6901291  
111.5077835  
110.9755203  
101.6137161  
79.49662209  
45.06421242  
5.061972046  
-28.97647934  
-45.45883408  
-38.59269714  
-12.39467621  
19.50750122  
38.75435486  
29.99509258  
-11.8870903  
-78.47189369  
-150.2161369  
-203.8454651  
-221.6830441  
-198.8970993  
-145.4749237  
-82.00728645  
-31.07420044  
-7.930213928  
-14.45983429  
-38.90444527  
-61.34668579  
-62.49701538  
-32.0274292  
26.96568909  
99.0296051  
162.2871521  
196.6594574  
191.0996887  
147.1991089  
78.14430695  
3.810606384  
-55.93110199  
-87.27799606  
-86.06056366  
-58.03027649  
-16.1995388  
23.6425148  
47.82088776  
48.74690247  
26.99562836  
-9.017198181  
-45.71718178  
-68.77041626  
-67.98997345  
-41.18341446  
4.527404022  
54.70848236  
92.56773071  
105.2473579  
89.04083958  
51.25940323  
7.633503723  
-24.01880951  
-31.39698792  
-13.31575623  
19.36604004  
48.25268707  
55.67201767  
33.14529915  
-13.85027313  
-67.30411224  
-104.066597  
-106.2128258  
-69.80426788  
-7.934036255  
53.67904358  
86.97886505  
73.44373932  
12.37075386  
-78.15118332  
-168.1383759  
-227.5637192  
-238.068808  
-199.5488846  
-128.9817932  
-52.37304497  
6.292367935  
34.06383209  
32.20786285  
12.71945648  
-9.465925598  
-24.27791901  
-30.35545692  
-33.25641174  
-39.46252823  
-49.90443344  
-57.02234802  
-47.47705231  
-9.507493973  
58.82644501  
145.1640446  
225.2444092  
271.9855072  
267.54151  
212.7149506  
128.8402084  
50.44361572  
11.24353333  
29.35722828  
98.33208466  
188.3350891  
257.4766388  
268.7507599  
205.4959229  
78.81717148  
-76.17520294  
-213.6786102  
-294.4428833  
-299.8535065  
-237.3834503  
-135.8107979  
-32.91599579  
38.796978  
62.56419067  
40.47458496  
-10.80717545  
-68.69613876  
-113.4259665  
-133.4169594  
-126.0773918  
-95.2216507  
-47.56472702  
9.547024536  
68.48879623  
120.7351166  
156.9576447  
168.9737137  
153.1750504  
113.6106079  
62.45366364  
16.59817886  
-8.850749969  
-7.453274918  
14.78318768  
41.11378174  
51.13343353  
30.35020752  
-22.18805876  
-92.09283371  
-154.9804596  
-186.8727859  
-174.9844978  
-123.8119553  
-53.50291748  
8.894709015  
41.27955933  
35.87510109  
1.752302551  
-40.5763031  
-69.67188797  
-73.5075943  
-54.49876862  
-26.8653244  
-7.908596802  
-7.943379211  
-24.32205925  
-42.8588089  
-46.03124695  
-23.65138245  
19.82720337  
65.67172699  
89.33052673  
73.112146  
16.69923782  
-60.20698395  
-125.1514099  
-147.2277771  
-111.832901  
-28.68632278  
71.11599121  
148.0893219  
171.5811996  
133.2391296  
50.37661743  
-42.35359573  
-109.0032936  
-128.4205353  
-102.7558105  
-54.48594437  
-13.69631653  
-2.115008545  
-21.92569313  
-54.93231735  
-72.43645706  
-50.80137367  
15.19373283  
108.0339142  
194.5133606  
240.8144196  
228.2641663  
162.0556236  
68.6861496  
-16.55607452  
-65.8449707  
-70.82577438  
-44.61680222  
-13.11492386  
-0.2809684753  
-15.04322586  
-46.53137321  
-70.03756409  
-60.57936707  
-7.029217529  
80.54982758  
174.2892967  
241.1022186  
258.2484283  
224.0888397  
158.603006  
93.36397095  
55.94454651  
56.51917725  
83.30035553  
109.0071564  
105.0279495  
56.12294388  
-31.67829285  
-133.8197906  
-219.0338196  
-264.1178589  
-264.1863251  
-233.3747406  
-195.9785767  
-172.9560608  
-171.0583206  
-180.3457787  
-181.309095  
-157.5997711  
-107.241066  
-45.84217072  
0.4904062271  
9.267588806  
-24.58294449  
-82.92704926  
-130.6032684  
-131.4836121  
-66.99521141  
52.16238327  
187.593486  
288.3686829  
313.3704773  
250.5702271  
123.9571152  
-15.64492407  
-112.1413994  
-128.4548904  
-62.43126678  
52.95880013  
165.1689621  
226.0849426  
213.3042099  
138.8887146  
41.8143219  
-31.91913147  
-51.77123413  
-16.93114471  
44.32653198  
89.62126007  
84.29651871  
19.37464752  
-83.13613892  
-180.1927414  
-228.1609375  
-203.9389862  
-116.6254654  
-4.103108978  
83.93139877  
108.5776794  
59.46560822  
-40.5604126  
-145.8525154  
-208.537056  
-199.7479462  
-121.9075943  
-6.741680908  
99.68056145  
157.7718376  
151.6050926  
94.90338898  
23.58370285  
-21.34292603  
-12.60645065  
51.06325216  
144.3156471  
225.9906662  
