41.30871274  
23.86958783  
0.8725306878  
-22.47069316  
-41.12460101  
-51.77300427  
-53.56540436  
-47.89579065  
-37.4621304  
-25.11347756  
-12.99243121  
-2.254144595  
6.677627235  
13.60861721  
18.18757957  
19.87218516  
18.24910365  
13.49465547  
6.675754705  
-0.3313648106  
-5.333637867  
-6.547173866  
-3.260507933  
3.840751123  
12.82210552  
21.06618273  
26.05012958  
26.07166107  
20.70848424  
10.90758823  
-1.278187088  
-13.20367183  
-22.25704979  
-26.46240513  
-24.94191828  
-18.1423718  
-7.760440906  
3.646648641  
13.29945871  
18.92891718  
19.38780499  
14.93383913  
7.071685124  
-2.002695447  
-10.15423823  
-15.97136709  
-19.08692564  
-20.05250951  
-19.85837498  
-19.34658916  
-18.80279688  
-17.91038777  
-16.061177  
-12.83196815  
-8.353889374  
-3.363127663  
1.101536454  
4.192283674  
5.662981891  
5.961697499  
5.940906669  
6.337416652  
7.315032913  
8.346616548  
8.535578464  
7.228748865  
4.585538456  
1.752145951  
0.4699332769  
2.243126469  
7.453349139  
14.89164949  
22.02078532  
25.94043804  
24.66611039  
18.13174388  
8.404159467  
-1.064737351  
-6.872010577  
-7.162028483  
-2.499618898  
4.311675011  
9.420034202  
9.607695119  
3.70832429  
-6.884282394  
-18.84202432  
-28.35997698  
-32.75860412  
-31.48791736  
-26.09306879  
-19.21226947  
-13.14928929  
-8.759486355  
-5.213068361  
-0.7390164034  
6.063170691  
15.06544849  
24.27002323  
30.54058863  
31.10562106  
25.10383849  
14.36506432  
2.946486103  
-4.466965677  
-4.622191987  
2.727937474  
14.50698716  
25.47618627  
30.41947822  
26.40960699  
14.14501175  
-2.257606129  
-16.95013148  
-24.796214  
-23.51192475  
-14.5811751  
-2.567218086  
6.855985396  
9.284629937  
3.358850522  
-8.792283323  
-22.56057501  
-32.82748933  
-36.0226526  
-31.4228113  
-21.22096427  
-9.441927625  
-0.2461638314  
3.643880277  
1.794238448  
-4.048682175  
-10.8491171  
-15.50373418  
-15.89676671  
-11.45393885  
-3.12159041  
7.079958247  
16.68301347  
23.3699096  
25.4388953  
22.12819231  
13.81035308  
2.029645495  
-10.69218247  
-21.34467777  
-27.17951591  
-26.54512031  
-19.51398169  
-8.01289834  
4.684776264  
14.99582985  
20.24055354  
19.5662073  
14.19901956  
6.905088354  
0.8716571372  
-1.531182031  
0.4019156377  
5.588165868  
11.7684054  
16.54423844  
18.36108259  
17.0143513  
13.50442569  
9.382210326  
5.955690813  
3.760834195  
2.53142432  
1.623034707  
0.6049019385  
-0.3475379917  
-0.5056439382  
0.9233731609  
4.136809126  
8.290133464  
11.56251813  
11.78121615  
7.359039569  
-1.88365909  
-14.41853104  
-27.40960169  
-37.67099206  
-42.77516715  
-41.831626  
-35.61018383  
-25.99196117  
-15.04448567  
-4.183177202  
6.181176251  
16.36820525  
26.71294683  
36.82781742  
45.27978653  
49.91747269  
48.75197218  
40.99924582  
27.7762569  
12.0696879  
-2.090440537  
-10.96216603  
-12.40276206  
-6.629143067  
3.875746467  
15.25930281  
23.62437136  
26.25839831  
22.32083648  
12.80172701  
-0.1224859123  
-13.98493457  
-26.77883291  
-37.29905601  
-45.04368648  
-49.85489458  
-51.57041168  
-49.89932765  
-44.5755506  
-35.67183054  
-23.86665792  
-10.48614913  
2.731713859  
14.05571746  
22.17873794  
26.46217696  
26.93658893  
24.11556619  
18.76307801  
11.74782248  
4.031031064  
-3.278067296  
-8.932200635  
-11.73118799  
-10.88507928  
-6.425485385  
0.5466312023  
7.962015248  
13.28471724  
14.28178147  
9.785134971  
0.1423246253  
-12.8357144  
-26.41773386  
-37.77183373  
-44.74156294  
-46.29901227  
-42.55929451  
-34.44523449  
-23.23310688  
-10.22211447  
3.348112265  
16.18625093  
26.83542029  
33.76241528  
35.73403127  
32.36852377  
24.5895374  
14.68233231  
5.792109453  
0.9574302802  
2.019042844  
8.856846867  
19.31475587  
29.90135126  
37.02084203  
38.24788912  
33.13018784  
23.20366491  
11.25008926  
0.1545909216  
-8.120982632  
-13.01754033  
-15.16310032  
-15.65548572  
-15.2681518  
-14.01229263  
-11.27341595  
-6.415319738  
0.5206827103  
8.458622503  
15.53501286  
19.88435026  
20.58444029  
18.25438881  
14.93262178  
13.20643686  
14.95306506  
20.28677343  
27.25815492  
32.52539917  
32.75901022  
26.17090355  
13.46093595  
-2.289411968  
-16.77646619  
-26.20028456  
-28.7982625  
-25.50430871  
-19.44691037  
-14.52906615  
-13.74852898  
-18.01979362  
-26.00382611  
-34.96087998  
-42.15662154  
-46.10489687  
-47.04102352  
-46.42875032  
-45.80640866  
-45.62140576  
-44.71273741  
-40.77047143  
-31.59066179  
-16.5097921  
2.733726066  
22.22377071  
37.17976447  
43.826283  
40.98555083  
30.64825225  
17.224034  
5.772767436  
-0.01151344769  
0.8272684789  
6.37724402  
12.99957506  
17.18806259  
17.27226061  
14.17418143  
10.87754473  
10.87056483  
16.29728273  
26.68304872  
38.83218174  
47.96144551  
49.58032276  
