38.47956002  
40.45547299  
36.53629648  
27.61773879  
15.90225462  
4.093320874  
-5.499834723  
-11.60591769  
-14.17253926  
-14.08152875  
-12.58774609  
-10.76367033  
-9.189763206  
-7.981637177  
-7.065384639  
-6.492022199  
-6.577535632  
-7.767152021  
-10.29040402  
-13.81044408  
-17.30025087  
-19.28077239  
-18.37369987  
-13.94472608  
-6.5334626  
2.167409319  
9.830975024  
14.33013121  
14.54434827  
10.7876911  
4.66085227  
-1.617876653  
-6.11337808  
-7.910130878  
-7.362875005  
-5.763562606  
-4.597298136  
-4.749257119  
-6.043686639  
-7.333936946  
-7.096967773  
-4.242391499  
1.257574308  
8.225714025  
14.69973236  
18.7209977  
19.1246748  
15.96882128  
10.4192182  
4.171718422  
-1.287086677  
-5.215056839  
-7.699440004  
-9.288650063  
-10.40921344  
-10.92152085  
-10.09380927  
-7.045138961  
-1.439477271  
5.955036592  
13.20034588  
17.75300748  
17.4791955  
11.68440671  
1.658985913  
-9.581978773  
-18.33799217  
-21.65129437  
-18.52635913  
-10.39755402  
-0.6064699664  
6.92481066  
9.281228933  
5.734762734  
-1.984483414  
-10.43788369  
-15.92140102  
-15.98008403  
-10.35200042  
-0.9613265818  
8.997390074  
16.44838068  
19.67261769  
18.86326146  
15.79457971  
12.80651115  
11.60749777  
12.45935708  
14.11032191  
14.48301995  
11.77271778  
5.427440915  
-3.453890625  
-12.49320412  
-19.00584578  
-21.13254045  
-18.62204901  
-12.92002705  
-6.534393777  
-1.967329452  
-0.686225487  
-2.573592814  
-6.071868589  
-8.930045944  
-9.204963455  
-6.080034159  
-0.1681465179  
6.792866849  
12.68016575  
15.81951415  
15.56326558  
12.40660156  
7.654484299  
2.839947857  
-0.8280361322  
-2.766576627  
-2.999740692  
-1.908911682  
0.0632726048  
2.584771196  
5.413404064  
8.244247554  
10.56951881  
11.68880626  
10.91573227  
7.901870479  
2.909970386  
-3.131351254  
-8.865319152  
-12.96668757  
-14.63246498  
-13.87963465  
-11.50392684  
-8.708573211  
-6.570958885  
-5.59717647  
-5.57707367  
-5.807340107  
-5.567233912  
-4.599393515  
-3.337150388  
-2.73930182  
-3.79075745  
-6.906810495  
-11.54869191  
-16.27685105  
-19.26724045  
-19.08707496  
-15.3809335  
-9.132405148  
-2.343630247  
2.761787849  
4.677715459  
3.27813077  
-0.1071499584  
-3.257836666  
-4.033949287  
-1.326317729  
4.437648481  
11.46157583  
17.34751144  
20.11908356  
19.04353721  
14.8932027  
9.547998417  
5.142845013  
3.165096774  
3.913487578  
6.542420717  
9.626453404  
11.93146986  
12.99098792  
13.20098447  
13.40409147  
14.20567035  
15.4110777  
15.92054815  
14.1869764  
9.04582373  
0.5132808879  
-9.870424175  
-19.38381083  
-25.06632671  
-24.8803707  
-18.58684247  
-7.934040876  
3.94629224  
13.69290109  
18.93415073  
19.06335195  
15.26527246  
9.824702658  
5.059547793  
2.366877614  
1.789256591  
2.247233116  
2.269842325  
0.8374053926  
-2.074830987  
-5.494258005  
-7.959572461  
-8.268152691  
-6.092295817  
-2.177560582  
1.949090424  
4.601184087  
4.584850309  
1.596012883  
-3.775533777  
-10.3762281  
-16.94996084  
-22.50217934  
-26.43255064  
-28.45180006  
-28.41703096  
-26.24285262  
-21.96684431  
-15.92014174  
-8.857802582  
-1.901476921  
3.754209958  
7.272999646  
8.538183286  
8.233126127  
7.55062652  
7.627672708  
8.961299097  
11.10146883  
12.80658999  
12.62872653  
9.675062404  
4.180065092  
-2.413012125  
-7.945846858  
-10.4250157  
-8.902634806  
-3.950243671  
2.509535458  
7.960277982  
10.31370048  
8.747818881  
3.996041166  
-2.026723054  
-7.07300278  
-9.491068392  
-8.818079039  
-5.799391369  
-1.875893152  
1.5708227  
3.830013313  
5.041931324  
5.895409181  
7.04359282  
8.579484703  
9.871872446  
9.863553684  
7.680924589  
3.228373688  
-2.565083663  
-8.011102877  
-11.34282984  
-11.49502129  
-8.600790541  
-3.947629774  
0.6058515711  
3.484574033  
4.113746332  
3.145392052  
2.07456496  
2.422916794  
4.886069777  
8.873125845  
12.69040199  
14.3174192  
12.43271426  
7.209352407  
0.4825747581  
-4.837169101  
-5.895213183  
-1.10471162  
9.075674907  
22.14205499  
34.34624758  
41.98969694  
42.7044717  
36.22991136  
24.4079778  
10.43713193  
-2.291186679  
-11.31255274  
-15.76008895  
-16.38955017  
-15.02856185  
-13.72955429  
-13.98171964  
-16.2651477  
-20.05765684  
-24.2152206  
-27.51777499  
-29.14635622  
-28.92623079  
-27.29016507  
-25.02798118  
-22.95072095  
-21.59751263  
-21.06767042  
-21.00176459  
-20.6900968  
-19.26831324  
-15.95889485  
-10.32001889  
-2.456776152  
6.862229886  
16.244609  
23.91021422  
28.11014184  
27.64024706  
22.29582983  
13.09377103  
2.135687556  
-7.903198649  
-14.53489522  
-16.23032734  
-12.92711222  
-6.066637732  
1.888443388  
8.312691036  
11.35520453  
10.61045969  
7.260774729  
3.619337647  
2.230772675  
4.861723856  
11.76511829  
21.50347895  
31.40460637  
