13.47220023  
20.7875163  
25.69143698  
26.70296714  
23.62066722  
17.58833463  
10.54144188  
4.308828728  
-0.1746722951  
-3.142124092  
-5.619349063  
-8.610754517  
-12.29948289  
-15.7220612  
-17.13748528  
-14.94061399  
-8.662477237  
0.4793182614  
9.817457612  
16.21080242  
17.33307413  
12.67125944  
3.752726172  
-6.516477209  
-15.09144423  
-20.01897568  
-21.08520981  
-19.60274533  
-17.49023389  
-16.14278114  
-15.68110015  
-14.95753767  
-12.29868927  
-6.58289247  
1.922355017  
11.41503363  
19.20608485  
22.85967564  
21.27869851  
15.21405394  
6.958143586  
-0.6249502944  
-5.273034511  
-6.167590055  
-4.090145465  
-0.8777177994  
1.515237775  
1.887821909  
0.2128305189  
-2.527655052  
-4.937809785  
-5.900764261  
-5.035556649  
-2.747345295  
0.0786306364  
2.526282807  
3.998178625  
4.322477582  
3.630827343  
2.141859457  
0.008325625203  
-2.687354408  
-5.817036006  
-9.079515149  
-11.97163821  
-13.89720246  
-14.36002612  
-13.13415067  
-10.32262301  
-6.291011349  
-1.540996034  
3.381542214  
7.89129036  
11.31328143  
12.8782275  
11.86161116  
7.880162468  
1.236083839  
-6.885962539  
-14.5469114  
-19.55259867  
-20.18196369  
-15.85477714  
-7.432150261  
3.017642573  
12.91867729  
20.06297159  
23.28634847  
22.66643825  
19.20175871  
14.18742191  
8.642268387  
3.088314864  
-2.236567415  
-6.920009944  
-10.02126283  
-10.13359942  
-5.941195797  
2.959169759  
15.41295414  
28.66645435  
39.09944576  
43.5170787  
40.46679699  
30.96482279  
18.23721796  
6.514714528  
-0.6351799756  
-1.716892136  
2.171412096  
7.937884195  
11.94401923  
11.63600969  
6.620010032  
-1.292324103  
-9.056251784  
-13.90064925  
-14.65002036  
-12.24845183  
-9.261515084  
-8.61362513  
-12.16353075  
-19.77535011  
-29.29305379  
-37.40496932  
-40.99226465  
-38.36922919  
-29.9102539  
-17.85704993  
-5.455786704  
4.174590547  
8.991474169  
8.487403272  
3.593167551  
-3.821000489  
-11.58808085  
-17.80018101  
-21.15832044  
-21.11381376  
-17.86153807  
-12.24108898  
-5.562057354  
0.6570626985  
5.030252716  
6.666866316  
5.446688773  
2.091593309  
-2.025604108  
-5.295525209  
-6.37714032  
-4.618930914  
-0.2546983945  
5.679774928  
11.66387711  
16.13011308  
17.89699784  
16.49812291  
12.34925868  
6.722173683  
1.506550642  
-1.238102542  
0.1114698305  
6.114421032  
15.82996132  
26.80448484  
35.61755732  
38.91998337  
34.65775087  
23.01249595  
6.610970586  
-10.20544955  
-22.87640817  
-28.34097936  
-26.2681505  
-19.22642267  
-11.63923853  
-7.904124685  
-10.4558218  
-18.62672748  
-28.8426089  
-36.11182746  
-36.18080326  
-27.40998713  
-11.53412763  
7.03404731  
23.03876162  
32.52269446  
34.31597108  
30.23208278  
23.94259067  
19.11335018  
17.70562471  
19.22789447  
21.23706136  
20.77577429  
15.99653585  
7.168931847  
-3.394684097  
-12.40861585  
-17.11127133  
-16.44617818  
-11.38407847  
-4.302216858  
2.191939551  
6.362346044  
7.839954013  
7.347495899  
5.918154868  
4.127296197  
1.806889595  
-1.604500605  
-6.323709599  
-11.59745622  
-15.65055423  
-16.35001182  
-12.30255507  
-3.807955425  
6.900012686  
16.36529071  
21.32640038  
20.19504267  
13.8651018  
5.403226211  
-1.299384646  
-3.319258014  
-0.09794566877  
6.23600723  
11.8068767  
12.78420418  
7.208421321  
-3.995733633  
-17.29226933  
-27.9754875  
-32.1320195  
-28.2512841  
-17.79333947  
-4.510154265  
7.126321732  
13.6671038  
13.85646697  
8.796744033  
1.153648332  
-6.139750592  
-11.05804886  
-13.05050795  
-12.85379875  
-11.76841825  
-10.83157337  
-10.30032081  
-9.646250789  
-7.982936215  
-4.646611933  
0.3842568493  
6.419174523  
12.3232702  
16.94746358  
19.49736509  
19.69095565  
17.69161431  
13.91925958  
8.877125928  
3.078757011  
-2.934728892  
-8.568718715  
-13.2247408  
-16.44642878  
-18.09662907  
-18.45172629  
-18.12374865  
-17.80954915  
-17.9704469  
-18.60152166  
-19.22163241  
-19.10912546  
-17.68050379  
-14.82578998  
-11.02410492  
-7.164759139  
-4.143556575  
-2.41978467  
-1.746072201  
-1.209201552  
0.4217854221  
4.182321994  
10.44889606  
18.7153199  
27.692645  
35.68328859  
41.07764415  
42.79272917  
40.51641188  
34.70998583  
26.41023899  
16.92567212  
7.529831424  
-0.772607095  
-7.369577174  
-12.05187974  
-14.92807001  
-16.27812331  
-16.39300061  
-15.4565855  
-13.52049287  
-10.59191295  
-6.802768905  
-2.573983166  
1.334938942  
3.971072566  
4.52208535  
2.724747186  
-0.843382728  
-4.775568175  
-7.231862393  
-6.629152875  
-2.370391165  
4.712930231  
12.45742278  
18.04994606  
19.0825987  
14.57265686  
5.507068248  
-5.365472818  
-14.46945135  
-18.72306584  
-16.71705141  
-9.259167986  
0.9557397068  
10.4239046  
16.21116385  
17.05280949  
13.71652374  
8.493566911  
4.066833242  
2.275361477  
3.332013764  
5.835624189  
7.550530931  
6.572218325  
2.320992425  
-4.111199432  
-10.43176082  
-14.2199282  
-14.0963462  
-10.42957366  
-5.22718302  
-1.236637247  
-0.6553838078  
-4.046143544  
-9.974940949  
-15.56834309  
-17.7633011  
-14.69536219  
-6.591290108  
4.255144594  
14.43103885  
20.85697384  
22.08324074  
18.83213336  
13.53206091  
9.061969361  
7.303915713  
8.205942497  
9.828516175  
9.380337274  
4.763848167  
-4.125235815  
-15.01948864  
-24.08481346  
-27.60797345  
-23.81407928  
-13.94658346  
-2.033492191  
6.653021935  
7.825116528  
0.1234134092  
-14.11479597  
-29.65851209  
-40.45801505  
-42.11343281  
-33.66729111  
-17.94137177  
-0.2846669088  
13.69350842  
20.38896768  
19.47481102  
13.6673501  
7.175060933  
3.616110693  
4.400152479  
8.304356678  
12.36994919  
13.6018357  
10.58449202  
4.204488531  
-2.853548567  
-7.540743828  
-8.044023014  
-4.718094785  
0.1292429961  
3.479992091  
3.224547853  
-0.6931829121  
-6.213176491  
-10.23089573  
-10.26466473  
-5.85820425  
1.028138582  
6.884708004  
8.389047658  
4.165998568  
-4.317084083  
-13.21057797  
-17.93978871  
-15.31493795  
-5.113431674  
9.618658542  
23.71539365  
31.99793271  
31.41770401  
22.31027878  
8.245605477  
-5.416492245  
-13.61302872  
-13.42781412  
-4.993776734  
8.80907605  
23.60489356  
35.12710047  
40.53877158  
39.05530034  
31.80546939  
21.16128324  
9.889235288  
0.4167024185  
-5.64890653  
-7.749927482  
-6.41020046  
-3.089633121  
0.1636582544  
1.275658602  
-1.161824777  
-7.284875305  
-15.71803102  
-23.90602395  
-28.99828783  
-28.99006735  
-23.63844384  
-14.70057618  
-5.306824025  
1.320435767  
3.252960802  
0.6998752864  
-4.123057735  
-8.079093458  
-8.661089696  
-5.25996885  
0.492894206  
5.522245396  
6.896173822  
3.440209874  
-3.440257735  
-10.19736458  
-12.70696879  
-8.270390967  
2.89017757  
17.38719898  
29.85938392  
35.1208514  
30.33642552  
16.26331166  
-2.988771882  
-21.56850568  
-34.15572068  
-37.91929126  
-33.36009509  
-23.76026105  
-13.57584551  
-6.536298431  
-4.273265972  
-5.993905919  
-9.209236468  
-11.07245027  
-9.673875116  
-4.747820954  
2.419006698  
9.706563593  
15.09200209  
17.35988891  
16.3436191  
12.7133445  
7.526945116  
1.813634905  
-3.633910519  
-8.24605346  
-11.55853887  
-13.13985057  
-12.64515462  
-9.968055136  
-5.382063306  
0.4375880849  
6.551741131  
12.00107561  
16.0462562  
18.30455453  
18.74983304  
17.61778  
15.29494102  
12.24969181  
9.004696519  
6.101356196  
4.004579283  
2.947533265  
2.786690933  
2.973497627  
2.716125101  
1.306696167  
-1.519316532  
-5.378210411  
-9.325129899  
-12.23278373  
-13.30042742  
-12.43918677  
-10.31746155  
-8.011948252  
-6.420117996  
-5.734554366  
-5.274280673  
-3.799944002  
-0.1885575862  
5.861910519  
