-9.701923015  
-15.06543147  
-15.27008947  
-12.28502976  
-9.25552652  
-8.771492792  
-11.61545836  
-16.55066408  
-21.14336105  
-23.09725167  
-21.37050735  
-16.53212585  
-10.26792464  
-4.411564814  
-0.09841315248  
2.48652531  
3.685728836  
3.614699822  
1.630709379  
-3.544190192  
-13.01093674  
-26.60353309  
-42.17343459  
-55.78507131  
-62.92335438  
-60.2766712  
-47.29887031  
-26.77450339  
-4.024933648  
14.98935135  
25.89005263  
27.47411894  
21.99569981  
14.04015943  
8.51696916  
8.666844343  
14.92744685  
25.06994039  
35.42693568  
42.56473133  
44.62030441  
41.76295257  
35.70734553  
28.65428533  
22.2537163  
17.08456365  
12.81253858  
8.809790738  
4.800381485  
1.133028477  
-1.463723912  
-2.469931882  
-2.127405111  
-1.594245895  
-2.556733769  
-6.455576066  
-13.70186738  
-23.28281081  
-32.97714983  
-40.1129398  
-42.5497531  
-39.47237521  
-31.67907593  
-21.2744522  
-10.92123381  
-2.957141576  
1.307508409  
1.907088103  
0.1081162578  
-2.044373234  
-2.365218545  
0.8098583344  
8.084031583  
18.70084656  
30.58973242  
40.81013801  
46.35222796  
45.11400929  
36.74635458  
23.01954184  
7.472349623  
-5.646204504  
-12.82825225  
-12.61559046  
-6.211775375  
2.923666749  
10.41425507  
12.74145444  
8.730117694  
0.09828058543  
-9.203267407  
-14.621999  
-12.93724157  
-3.679229309  
10.57505411  
25.16228692  
35.14804283  
37.23850129  
31.00689534  
18.96373447  
5.498842748  
-4.815579552  
-8.847038199  
-5.826927141  
2.700078738  
13.75300902  
24.15427969  
31.58936228  
35.10658145  
34.9779438  
32.1288844  
27.49106127  
21.59302146  
14.52785419  
6.226206053  
-3.176041744  
-13.10177165  
-22.55834473  
-30.4108623  
-35.77079605  
-38.32480766  
-38.46582837  
-37.17566857  
-35.70205181  
-35.1388246  
-36.04378705  
-38.21637431  
-40.71712534  
-42.14863416  
-41.13982529  
-36.89642133  
-29.62595565  
-20.64947893  
-12.09508332  
-6.219594469  
-4.573864083  
-7.336407774  
-13.12305759  
-19.41736679  
-23.50898067  
-23.58396171  
-19.50187508  
-12.88919526  
-6.45814193  
-2.806885238  
-3.213707811  
-6.972575941  
-11.59773906  
-13.84093533  
-11.08929828  
-2.525997604  
10.46673386  
24.84020723  
37.09747523  
44.6377758  
46.62559574  
44.02784827  
38.87175735  
33.1471492  
27.92534998  
23.12236641  
17.97491867  
11.91000661  
5.277190453  
-0.5141860271  
-3.58523664  
-2.629251703  
2.147990275  
8.738435667  
13.94390193  
14.69447826  
9.498853284  
-0.6625308464  
-12.47348151  
-21.4668216  
-23.7958475  
-17.84932126  
-5.016130514  
10.73531506  
24.29494284  
31.27802001  
29.5765114  
20.01311214  
5.908178008  
-8.192249328  
-18.08426642  
-21.18161068  
-17.10182402  
-7.481001022  
4.777657516  
16.46659638  
24.91358135  
28.50225582  
26.84082182  
20.65842431  
11.53571771  
1.546761268  
-7.150308871  
-12.74273783  
-14.15331073  
-11.29778743  
-5.115797573  
2.663754284  
9.970796972  
14.91960793  
16.24663453  
13.53850288  
7.221122308  
-1.626457709  
-11.52814516  
-20.85589214  
-28.04940444  
-31.84982885  
-31.58247521  
-27.45429842  
-20.7386994  
-13.67495808  
-8.966278609  
-8.92315483  
-14.50144  
-24.62295521  
-36.14580268  
-44.64603477  
-45.84620454  
-37.21763333  
-19.13910881  
4.896644464  
29.20004636  
47.65886786  
55.74977191  
52.0516589  
38.70246148  
20.64029939  
3.92441382  
-6.241641929  
-7.089733545  
1.033173825  
15.02782317  
30.21769399  
41.86541941  
46.51955063  
42.82334867  
31.65050185  
15.65466803  
-1.545818722  
-16.29520523  
-25.72755025  
-28.35003024  
-24.29743455  
-15.22369368  
-3.84958651  
6.74284122  
13.90111017  
16.06196446  
13.07853585  
6.112293772  
-2.862387371  
-11.74773908  
-18.94330709  
-23.67877831  
-25.97874337  
-26.35018286  
-25.39781381  
-23.57690291  
-21.18516188  
-18.53851672  
-16.15796766  
-14.78397744  
-15.14118438  
-17.53958698  
-21.52655521  
-25.81639829  
-28.60624937  
-28.19107818  
-23.62428173  
-15.12350792  
-4.027195309  
7.682328252  
18.06889427  
25.83183444  
30.54978404  
32.52639533  
32.39372908  
30.73996692  
27.97607811  
24.47703604  
20.83239974  
17.94616652  
16.80470786  
17.95145452  
20.94411304  
24.17235651  
25.29466553  
22.24066357  
14.37443455  
3.21970778  
-7.748358688  
-14.34375243  
-13.51980418  
-5.016053398  
8.04351789  
20.05542345  
25.12807593  
19.69145728  
4.354410041  
-15.93325648  
-33.65501011  
-41.79939568  
-36.9385462  
-20.92450785  
-0.3549800516  
16.0744897  
21.25102621  
12.76261712  
-5.948948667  
-26.96525575  
-41.24419019  
-42.49901358  
-29.89679108  
-8.380483608  
13.52539315  
27.44095201  
28.72240073  
18.32572951  
2.142159564  
-11.84627455  
-17.26475416  
-12.20855949  
0.008466375591  
12.51494129  
18.14870015  
12.81523552  
-2.583291299  
-22.48615442  
-39.07589367  
-45.62445087  
-39.2860499  
-22.14969605  
-0.1912124912  
19.29224854  
30.55896357  
31.36667797  
23.26567123  
10.32976195  
-2.895898391  
-13.19430768  
-19.45097284  
-22.24192768  
-22.70048355  
-21.44804643  
-18.24242306  
-12.50772608  
-4.344842621  
4.703295346  
11.75702686  
13.71968431  
8.946181784  
-1.409886709  
-13.20254025  
-20.58738562  
-18.40466637  
-4.64566406  
18.16533697  
43.4437134  
62.83931873  
69.47784082  
60.78663232  
39.66118952  
13.41759398  
-9.065079789  
-20.81262497  
-19.36900156  
-7.474440384  
8.410311904  
21.01240616  
25.2723636  
20.18384542  
8.741556153  
-3.824569804  
-12.59415826  
-15.06240849  
-11.88766907  
-6.070480967  
-1.117421655  
0.8101174155  
-0.1693226536  
-2.044346353  
-2.323356928  
0.3429071896  
5.225818749  
9.782290517  
10.98539174  
7.020713221  
-1.554352441  
-11.82785224  
-19.76978833  
-22.1062279  
-17.91310315  
-9.132364213  
0.2672566305  
6.103424563  
5.911808258  
0.08337054622  
-8.321599349  
-14.97983847  
-16.25861429  
-10.80710192  
-0.07818764739  
12.40035784  
22.60077537  
27.65024053  
26.82402459  
21.50792922  
14.27978247  
7.657141733  
3.148512553  
1.007209756  
0.667444737  
1.476793384  
3.217449419  
6.08474463  
10.15448651  
14.71099504  
17.93231315  
17.26148412  
10.41939547  
-3.368546023  
-22.54290943  
-43.26512233  
-60.46212904  
-69.50695208  
-67.86972276  
-56.05954731  
-37.47108334  
-17.20917014  
-0.3781797493  
9.492481879  
11.32775601  
6.464356922  
-2.154717676  
-11.12769498  
-17.62094117  
-19.97030427  
-17.80166924  
-11.81477231  
-3.442417756  
5.469227809  
12.93824451  
17.14567627  
16.80704049  
11.57167435  
2.299388717  
-8.966930639  
-19.4295353  
-26.28921308  
-27.58030906  
-22.77220366  
-12.89903039  
-0.1727838516  
12.74777015  
23.52695556  
30.67196685  
33.66236637  
32.74773876  
28.61107055  
22.10755846  
14.1794346  
5.892025314  
-1.563029322  
-7.032360843  
-9.738647078  
-9.639441957  
-7.5737776  
-5.024375204  
-3.511937822  
-3.856644164  
-5.666533417  
-7.355946374  
-6.767349015  
-2.171403753  
6.796642721  
18.71940271  
30.74146039  
39.57403758  
42.74491745  
39.55308359  
31.31310808  
20.79450449  
11.12061232  
4.61842458  
2.10276191  
2.848321577  
5.17733631  
7.327270043  
8.18631829  
7.608570942  
6.260633507  
5.172824231  
5.25810775  
6.999259786  
10.35142314  
14.77486419  
19.28645581  
22.49940598  
22.74209256  
18.39374929  
8.487078937  
-6.570341646  
-24.49849283  
-41.26037279  
-51.99974878  
-52.64252847  
-41.61309326  
-20.91654699  
4.026951174  
25.94340322  
38.1967913  
37.26733602  
24.17664183  
4.192304273  
-15.15074992  
-26.9437319  
-27.52554995  
-17.74270054  
-2.344929121  
12.17415825  
20.31419188  
19.68719076  
11.64904637  
0.2798138505  
