47.8512581  
51.68499526  
48.49168869  
40.22665642  
30.13873809  
21.69092332  
17.16481385  
16.51131085  
17.06979942  
14.50791041  
4.794402578  
-13.55708092  
-38.04230145  
-62.40172454  
-78.74743299  
-80.89002076  
-67.46749587  
-43.35262331  
-18.41687308  
-3.857763894  
-7.465115607  
-29.85138793  
-63.43728698  
-94.89586504  
-110.257338  
-100.6325127  
-66.11870634  
-16.1345221  
34.07208575  
69.34101996  
80.46827721  
67.56172117  
39.5181823  
9.948426449  
-8.600623347  
-9.608030568  
5.330883174  
27.98702712  
47.65430563  
55.97262618  
50.26588024  
34.0797085  
14.96636532  
0.7930057928  
-3.619746136  
1.92349345  
13.65602824  
26.11424033  
34.70508  
37.32834386  
34.47262254  
28.07308327  
20.02063934  
11.25068845  
1.848131849  
-8.091665101  
-17.59352696  
-24.66540921  
-27.15041798  
-24.14997911  
-17.14542611  
-9.993043638  
-7.5262021  
-13.28059629  
-27.4319136  
-46.06747654  
-62.34123126  
-69.15423678  
-62.21195612  
-42.05282322  
-14.06866154  
13.54450731  
33.00296568  
39.88246986  
34.51147323  
21.28710943  
6.372533416  
-5.043495187  
-10.62841267  
-11.15231522  
-9.189179803  
-7.127300659  
-5.621788494  
-3.301238504  
2.186446051  
12.4381959  
26.87724099  
42.46771052  
54.75710404  
59.73397959  
55.56714566  
43.37130886  
26.66117032  
9.826176382  
-3.577153898  
-11.89148015  
-15.36153858  
-15.24686231  
-12.67294147  
-7.927305963  
-0.5807991361  
9.713436667  
22.31378547  
35.22274431  
45.58950369  
50.89056391  
50.16312258  
44.57920239  
36.96866051  
30.46239969  
26.92653139  
26.01185872  
25.3544747  
21.86858596  
13.4876925  
0.4450982821  
-14.60421715  
-27.73267171  
-35.60849931  
-37.13915887  
-34.03428729  
-29.96725787  
-28.72710685  
-32.27641922  
-39.69859713  
-47.58525447  
-51.70110915  
-49.1237067  
-39.81148049  
-26.82536292  
-15.07740066  
-9.185486888  
-11.42762311  
-20.72641749  
-33.09401697  
-43.29175736  
-46.93173127  
-42.10720515  
-29.92371232  
-13.83799635  
1.771107876  
13.1210804  
18.0422012  
16.23860856  
8.923364885  
-1.816455111  
-13.58062128  
-23.99672281  
-30.91952483  
-32.67006208  
-28.41610002  
-18.59932689  
-5.147638768  
8.797344415  
19.71497733  
24.88145634  
23.42193359  
16.74241295  
8.069787077  
1.220540642  
-0.9111523452  
2.501494288  
9.944472914  
18.27661623  
24.10243046  
25.18369594  
21.27190721  
14.03141122  
6.151099344  
0.1023973678  
-2.873477742  
-3.11964653  
-2.169496087  
-1.864486384  
-3.438110036  
-6.981561554  
-11.48176068  
-15.33832439  
-17.06767712  
-15.87019018  
-11.85537432  
-5.90834455  
0.6730473824  
6.592414701  
10.89222729  
13.16950245  
13.67885159  
13.32751542  
13.52755801  
15.85831223  
21.54548374  
30.87936337  
42.80596376  
54.94475855  
64.16759946  
67.63425177  
63.93040722  
53.82335622  
40.23741578  
27.34480429  
19.05537005  
17.48805358  
22.06756992  
29.66050175  
35.73653907  
36.10268833  
28.50905675  
13.48403812  
-5.908717737  
-25.24197638  
-40.30692012  
-48.46605125  
-49.29743283  
-44.3969722  
-36.55727261  
-28.74262914  
-23.25941771  
-21.3305045  
-23.0514796  
-27.56421284  
-33.28921811  
-38.17189415  
-40.01288211  
-36.96908425  
-28.19888666  
-14.44867132  
1.737231852  
16.44937054  
25.51408982  
25.95704833  
17.267822  
1.881404367  
-15.44643089  
-29.23751761  
-35.28340519  
-32.22982501  
-22.079147  
-9.375443337  
0.6033018129  
3.895912782  
-0.6942828303  
-11.32016316  
-24.02497004  
-34.41368515  
-39.30567337  
-37.68749303  
-30.66089604  
-20.56260019  
-9.783385796  
0.1201807344  
8.658452583  
16.00653668  
22.32054066  
27.23968869  
29.89022201  
29.39072174  
25.55041023  
19.32484487  
12.70845297  
8.041341885  
7.026999051  
9.930393227  
15.36377375  
20.79617668  
23.58363007  
22.07043462  
16.2802903  
7.905050033  
-0.386374952  
-6.005835914  
-7.423274482  
-4.682774141  
0.7006693629  
6.360141253  
9.922904951  
9.755357372  
5.375784528  
-2.5301733  
-12.40611179  
-22.27404553  
-30.18542108  
-34.58445302  
-34.5541422  
-29.94866447  
-21.4119521  
-10.27145117  
1.697878216  
12.61427746  
20.86507476  
25.42370604  
26.02513057  
23.16491614  
17.94907376  
11.85765788  
6.487229973  
3.301403719  
3.385221873  
7.194330675  
14.32743854  
23.40799722  
32.19123247  
37.97605982  
38.29178542  
31.68365787  
18.32037654  
0.152227052  
-19.51162546  
-36.91080014  
-48.9142607  
-53.8645711  
-51.85829119  
-44.37365686  
-33.44448037  
-20.78572976  
-7.288356632  
6.888555484  
21.70839651  
36.48778072  
49.42834935  
57.78241587  
58.67798119  
50.28856803  
32.82764379  
8.882000671  
-17.13216674  
-40.22614748  
-56.32793881  
-63.41945608  
-61.89391527  
-54.04610064  
-42.97445411  
-31.39640218  
-20.86572276  
-11.65111428  
-3.211091222  
5.060170846  
13.22396208  
20.61130166  
26.10182604  
28.67076583  
27.8928758  
24.14905292  
18.4594555  
12.06852781  
6.018812653  
0.9251339199  
-2.978047984  
-5.609769441  
-6.826718367  
-6.385999291  
-4.125541  
-0.2479737372  
4.496687911  
8.901164049  
11.69438106  
12.09186819  
10.2400849  
7.308086383  
5.12498975  
5.475859798  
9.340600546  
16.40795158  
25.08948725  
33.04217991  
37.9878319  
38.48964974  
34.37414284  
26.65031062  
17.00158612  
7.103090188  
-1.929958329  
-9.7448985  
-16.56816858  
-22.78037341  
-28.49446242  
-33.35487562  
-36.64678944  
-37.63955511  
-35.97181985  
-31.87247408  
-26.10340963  
-19.65888537  
-13.38428192  
-7.720703953  
-2.716009241  
1.699634808  
5.32640065  
7.430008284  
6.800543629  
2.193109142  
-6.984337308  
-20.02635715  
-34.65972038  
-47.37177269  
-54.33656907  
-52.68053693  
-41.64504886  
-23.17955621  
-1.661003892  
17.26381589  
28.38537567  
28.62804884  
18.14033087  
0.369432447  
-18.94044401  
-33.50433779  
-38.41224066  
-31.55467917  
-14.09301802  
10.13630557  
36.00754882  
58.73793988  
75.17200345  
84.30626549  
86.97118864  
84.92619766  
79.8325283  
72.56584699  
63.13166916  
51.14298134  
36.5533854  
20.22511223  
3.998938539  
-9.817702619  
-19.33718177  
-23.94050733  
-24.65996071  
-23.85151103  
-24.22576718  
-27.61259143  
-33.99657283  
-41.29603374  
-46.07762576  
-45.00497777  
-36.47510168  
-21.74851597  
-5.012653087  
7.799601237  
11.11470876  
2.006036742  
-18.23780992  
-43.97724541  
-66.73666236  
-77.95862829  
-72.0614851  
-48.66668564  
-13.09504053  
25.16462602  
55.5501275  
69.99758188  
65.67507284  
45.84318408  
18.50376834  
-6.6511432  
-21.81259937  
-23.76861703  
-14.72509676  
-0.9686084854  
10.02081968  
12.78042446  
6.068158965  
-6.820247634  
-19.68842286  
-26.27250201  
-23.02726906  
-10.67634314  
6.102096042  
20.66950245  
27.20780382  
23.09180254  
9.877375998  
-7.44363754  
-22.52785811  
-30.17446618  
-28.19118367  
-17.93150694  
-3.409577197  
10.50743105  
20.00262636  
23.53714189  
22.00575078  
17.9197031  
14.10303821  
12.51422101  
13.64767572  
16.64436436  
19.91638938  
21.91313015  
21.67978031  
19.03307187  
14.39340181  
8.455660008  
1.902126265  
-4.724470022  
-10.98893614  
-16.45915745  
-20.62929093  
-22.92660117  
-22.79847888  
-19.8425429  
-13.94433923  
-5.406652749  
4.943187597  
15.704383  
24.98504304  
30.69295492  
31.05304419  
25.25298709  
13.99325213  
-0.3359543212  
-14.05290283  
-23.15595801  
-24.60838584  
-17.48405755  
-3.503615889  
13.31827054  
27.85849341  
35.50954142  
33.65896445  
22.49358743  
4.867397922  
-14.66120827  
-31.22049015  
-40.93756646  
-41.77811334  
-33.76896554  
-18.7059754  
0.4211674042  
20.07792656  
36.81114509  
