2.505190186  
3.008366981  
1.084964342  
-3.63623469  
-10.74211729  
-18.98956759  
-26.50774161  
-31.2489737  
-31.58998834  
-26.90101768  
-17.87453344  
-6.459613062  
4.626099817  
12.68179914  
15.85877844  
13.75983391  
7.583769305  
-0.2500663348  
-6.876830037  
-9.893844255  
-8.084794275  
-1.714817285  
7.684377282  
17.92550192  
26.91307939  
33.23068625  
36.36017629  
36.50003208  
34.1349003  
29.61718989  
23.0020818  
14.23417203  
3.582699751  
-7.938641268  
-18.46493912  
-25.65956552  
-27.51577561  
-23.27386263  
-14.02312126  
-2.630496046  
7.100391826  
11.78915839  
9.830395291  
2.145339673  
-8.056606842  
-16.49444102  
-19.56204946  
-15.88496165  
-6.998109756  
3.202578054  
10.06247415  
10.17900244  
2.964316824  
-8.938187957  
-20.60885283  
-26.81556559  
-24.17890108  
-12.62880229  
4.465856605  
21.55389779  
33.02045824  
35.29170056  
28.0782577  
14.29880296  
-1.209274128  
-13.593377  
-19.69791965  
-18.93044666  
-13.04213374  
-5.060353379  
2.067403956  
6.520187851  
7.972639883  
7.27860327  
5.767081204  
4.561725299  
4.227365384  
4.806976638  
6.084978143  
7.82102974  
9.779128299  
11.56298584  
12.43796195  
11.3605863  
7.321052237  
-0.1054653026  
-10.2774782  
-21.38434389  
-30.8764312  
-36.31749103  
-36.30842492  
-31.05330575  
-22.27862857  
-12.51654122  
-4.074877724  
1.822072187  
5.318125824  
7.520664815  
9.645980473  
12.18969989  
14.58444549  
15.54666764  
13.93429154  
9.637298558  
3.968838469  
-0.7402425125  
-2.224471461  
0.4633266368  
6.188699681  
11.93985436  
14.03024015  
9.825373747  
-0.7917255723  
-14.95250067  
-27.65732274  
-33.68355966  
-29.77274367  
-16.14915768  
3.327164195  
22.49601247  
35.20216179  
37.62688017  
29.68766428  
14.94486919  
-0.9136883117  
-12.35418388  
-16.09806487  
-12.21641078  
-3.844941887  
4.273002234  
7.75624193  
4.262932656  
-5.739161827  
-19.30753592  
-32.21925333  
-40.48876775  
-41.63275079  
-35.28860014  
-23.08992609  
-7.971894141  
6.772587674  
18.36577863  
25.13094489  
26.71233969  
23.95717589  
18.54572596  
12.47564261  
7.51503965  
4.747024714  
4.32615389  
5.531056479  
7.115620662  
7.85127928  
7.060739406  
4.922218165  
2.399430282  
0.8073644037  
1.190990258  
3.793498639  
7.865573541  
11.92154141  
14.34385625  
14.07215836  
11.06814221  
6.347462708  
1.56825716  
-1.633674306  
-2.265875161  
-0.2962113934  
3.438661407  
7.6436629  
11.07213874  
12.89472997  
12.8025306  
10.87421167  
7.356343873  
2.523731085  
-3.299611003  
-9.610661883  
-15.63431165  
-20.40657131  
-23.06594479  
-23.23717128  
-21.2936315  
-18.30581639  
-15.62616544  
-14.25823521  
-14.3043875  
-14.79224698  
-14.02644702  
-10.36291796  
-3.079842109  
7.062801281  
17.87116941  
26.40769771  
30.06621093  
27.59194876  
19.6196439  
8.507960216  
-2.453450919  
-10.13370024  
-12.52147737  
-9.224506888  
-1.399712675  
8.75814063  
18.70185564  
26.13241637  
29.37730531  
27.55822894  
20.64390479  
9.465565674  
-4.317070354  
-18.39237173  
-30.20613662  
-37.58712527  
-39.41435504  
-36.04384785  
-29.24157638  
-21.55483455  
-15.32110329  
-11.7276613  
-10.3682522  
-9.549854762  
-7.25445646  
-2.322234865  
4.72939505  
11.70394149  
15.6188428  
14.12440014  
6.783563519  
-4.43671727  
-15.76914274  
-23.13481128  
-23.86327615  
-17.84613863  
-7.566369258  
3.030973864  
10.30535193  
12.4884799  
10.30744749  
6.37803706  
3.693039361  
3.986072616  
6.820325594  
9.888291173  
10.386883  
6.760966589  
-0.1178449946  
-7.024247088  
-9.777668142  
-5.355357158  
6.303853643  
21.75017655  
35.1196197  
40.49165942  
34.49332833  
17.96272877  
-4.131670245  
-24.54766629  
-36.6286382  
-36.92973198  
-26.47429867  
-10.11875562  
5.64902905  
15.46809281  
17.19596485  
12.4567223  
5.498780415  
0.9835682906  
1.775166809  
7.738911457  
16.03396102  
22.66666463  
24.50005953  
20.74996164  
13.2941127  
5.714054303  
1.584838909  
2.846422245  
8.999906922  
17.4414118  
24.70060578  
27.95401337  
26.11127702  
20.03212541  
11.87466045  
3.97502986  
-2.169415118  
-6.358283694  
-9.452175361  
-12.65568886  
-16.73672096  
-21.5759806  
-26.22639941  
-29.38601756  
-29.99728209  
-27.66668635  
-22.74088115  
-16.0823881  
-8.739189379  
-1.717997638  
4.04443473  
7.584197166  
7.870426693  
3.986664038  
-4.44543187  
-16.76683268  
-30.99350066  
-43.99845714  
-52.23823587  
-52.83977387  
-44.65587774  
-28.84997806  
-8.721317032  
11.2265227  
26.66300654  
34.7556375  
34.96009117  
29.00539897  
20.11892305  
11.81991002  
6.747294061  
5.932679315  
8.720567633  
13.27497204  
17.40543661  
19.37127435  
18.38991128  
14.73364344  
9.468642632  
4.001025192  
-0.3836768408  
-2.854130885  
-3.189619316  
-1.77655409  
0.5102989348  
