7.349986202  
-8.601889906  
-20.99896274  
-26.15839261  
-23.50348059  
-15.63351983  
-6.948127476  
-1.480105166  
-0.9661696944  
-4.074736448  
-7.163390472  
-6.209034061  
1.013313523  
13.56216857  
27.46437943  
37.3448392  
38.83483631  
30.65886593  
15.42349062  
-1.290973804  
-13.16853328  
-15.75556822  
-8.285612341  
6.053089106  
21.49562342  
32.08937761  
34.03891282  
27.01352674  
13.92869697  
-0.5891297452  
-12.27623728  
-18.88258961  
-20.70638345  
-19.89053397  
-18.95095521  
-19.33837379  
-20.75862793  
-21.54916002  
-19.85340936  
-14.92767046  
-7.856646256  
-1.264515219  
1.869713188  
-0.2852430344  
-7.355810686  
-16.72006842  
-24.56493532  
-27.59274951  
-24.59234045  
-17.1213765  
-8.936180548  
-4.3728785  
-6.370866695  
-15.01096758  
-27.23427877  
-37.90534599  
-41.80713706  
-35.75687185  
-19.97830983  
1.827351291  
23.7416493  
39.72472687  
45.74079364  
41.12396904  
28.71121312  
13.74409157  
1.982869646  
-2.273681753  
2.416047748  
14.25865485  
28.93026818  
41.07341062  
46.06620723  
41.49548611  
27.89192121  
8.531738521  
-11.60260767  
-27.36343677  
-34.99889059  
-33.25501026  
-23.68346664  
-10.07008977  
2.820620899  
10.7670879  
11.37624818  
4.718559915  
-6.86636713  
-19.67602547  
-29.89845434  
-34.75078957  
-33.12695697  
-25.60735182  
-13.95020172  
-0.3699757981  
13.06587228  
24.72374859  
33.38930581  
38.14123059  
38.34389618  
33.87441927  
25.4937146  
15.09734831  
5.553219799  
-0.009428304985  
0.6886203152  
7.98324903  
19.71534574  
31.6004352  
38.54062003  
36.47379194  
24.05906153  
3.484523231  
-20.01294989  
-39.8201327  
-50.21998777  
-48.404706  
-35.45348015  
-15.90474262  
3.891682276  
17.98885968  
22.77980347  
17.97151123  
6.327669673  
-7.599974573  
-19.18158367  
-25.20425096  
-24.67553905  
-18.78956389  
-10.23049321  
-2.168969035  
2.691834962  
2.792115501  
-1.960593496  
-10.19462985  
-19.36336833  
-26.300635  
-28.01500113  
-22.61563596  
-10.13470989  
7.08012214  
24.69225357  
37.50101246  
41.1171773  
33.63548898  
16.62993441  
-5.03685055  
-24.67264604  
-36.04066046  
-35.63275926  
-24.02522063  
-5.730040922  
12.45336372  
23.96452034  
24.89356943  
15.32973344  
-0.8569512845  
-17.65314165  
-29.24087812  
-32.07568331  
-25.91705926  
-13.5193113  
0.7343342656  
12.57614775  
19.24248774  
20.04272197  
16.07736877  
9.443082993  
2.397896927  
-3.168639367  
-5.89689018  
-4.936321908  
0.001759941882  
8.403545826  
18.65770333  
28.02044467  
33.12480591  
31.05964013  
20.67924066  
3.544917988  
-16.07711925  
-32.38806989  
-40.08607977  
-36.46719915  
-22.662833  
-3.368802751  
14.94359119  
26.64260819  
29.25476094  
24.43139863  
17.07544982  
12.96732433  
15.93725424  
25.880593  
38.5683706  
47.40699693  
46.40938234  
33.06314131  
9.795182363  
-16.66437363  
-37.7919346  
-46.60160661  
-40.39047948  
-21.75922061  
2.470651608  
23.92201344  
35.75235293  
34.90668167  
22.71432963  
3.77135999  
-16.23108191  
-32.70920419  
-43.51873796  
-49.01678823  
-51.06721937  
-51.63574804  
-51.6959667  
-50.89745438  
-48.0081689  
-41.77089327  
-31.68045535  
-18.32277262  
-3.20641818  
11.71587378  
24.53766362  
33.69460862  
38.05733664  
36.97221762  
30.41259665  
19.25994684  
5.537311434  
-7.687776263  
-16.92771031  
-19.35848507  
-13.98511623  
-2.339880377  
11.73569391  
23.30874566  
28.1791383  
24.56538233  
13.8827211  
0.1959981148  
-11.48108216  
-17.31524539  
-16.24654981  
-10.29337412  
-3.406950126  
0.5920231621  
-0.001579854457  
-3.860517126  
-7.271868882  
-6.083215704  
1.977072056  
15.76347034  
30.79155042  
41.01077289  
41.5271746  
31.02941269  
12.74713353  
-6.593460746  
-19.44084037  
-20.57688294  
-9.369964364  
9.888334711  
29.72559695  
42.54826772  
43.68102456  
33.08221143  
15.05165279  
-3.842667721  
-17.61583098  
-23.20074107  
-21.28297572  
-15.39635126  
-9.852705362  
-7.576832139  
-8.880740682  
-11.68400929  
-12.9465006  
-10.49510349  
-4.274982158  
3.603510093  
10.00749675  
12.48226298  
10.59816479  
6.2216507  
2.546586462  
2.363042068  
6.44337462  
12.8870416  
17.80623006  
17.07926314  
8.369096164  
-7.543147327  
-26.75429879  
-43.60034143  
-52.797831  
-51.43925443  
-40.00716199  
-22.03687337  
-2.665802304  
13.23175748  
22.51681109  
24.32791613  
19.64936635  
10.31986335  
-1.901793107  
-15.73373287  
-30.12989668  
-43.70461258  
-54.33561182  
-59.35824151  
-56.41075625  
-44.5771206  
-25.22942695  
-2.04116079  
19.99263457  
36.20493414  
43.89071126  
43.19541846  
36.83934395  
28.78938937  
22.48364037  
19.42947681  
18.81895616  
18.31460568  
15.58716421  
9.814391589  
2.361900094  
-3.733148508  
-5.257609424  
-0.5739728071  
9.256653035  
20.59353229  
28.60680877  
29.34886603  
21.56003301  
