59.23967148  
48.28095975  
25.47112511  
-3.156260407  
-29.86576223  
-47.9156851  
-53.77675264  
-48.05254346  
-34.83561638  
-19.86942546  
-8.330886801  
-3.124677308  
-4.282682727  
-9.54551207  
-15.71006798  
-20.06741355  
-21.32010956  
-19.69102774  
-16.34253734  
-12.5187496  
-8.882317577  
-5.341665722  
-1.369437207  
3.44381949  
8.948463901  
14.35550119  
18.54480167  
20.57482543  
20.11051956  
17.54940887  
13.8019146  
9.867616111  
6.443689377  
3.760392037  
1.693993226  
0.04616522883  
-1.206159471  
-1.852130996  
-1.611373235  
-0.4075913505  
1.437819046  
3.240749557  
4.232542999  
3.944540496  
2.483019215  
0.520730126  
-1.021870843  
-1.459084664  
-0.7345661702  
0.4966361589  
1.172186614  
0.3847130334  
-2.072851994  
-5.466837568  
-8.340612603  
-9.125439182  
-6.881761265  
-1.831672324  
4.575259909  
10.1178107  
12.60844687  
10.72777299  
4.562378593  
-4.349690063  
-13.46307234  
-19.98124412  
-21.66342989  
-17.44613749  
-7.73981139  
5.628473019  
19.77951969  
31.37553064  
37.35475383  
35.69834086  
26.07712016  
10.18490054  
-8.425122709  
-25.08300015  
-35.21859493  
-35.73467449  
-26.08306682  
-8.616493421  
11.99567536  
30.16191423  
41.11893081  
42.41605585  
34.59035874  
20.79798654  
5.576450559  
-6.752506186  
-13.41909362  
-13.81594069  
-9.262334917  
-2.165123689  
4.966301364  
10.21974474  
12.49391246  
11.3240798  
6.615976761  
-1.422151507  
-12.05967683  
-23.71394254  
-33.85516085  
-39.43794463  
-37.88249057  
-28.27718054  
-12.23636259  
6.119001453  
21.26057115  
28.13916982  
24.14214623  
10.27477186  
-9.019692666  
-27.4261857  
-39.11953489  
-40.95076245  
-33.5307273  
-20.7511448  
-7.967895183  
0.3380964198  
2.385530557  
-0.3831478993  
-4.258640924  
-5.20772384  
-0.8753713176  
8.272584316  
19.15429552  
27.47280454  
29.62279004  
24.22114588  
12.60849804  
-1.814241839  
-15.00988427  
-23.78200643  
-26.6606659  
-23.92030931  
-16.91541689  
-7.230374665  
3.85102994  
15.32622597  
26.06127424  
34.41248804  
38.3052034  
35.9108729  
26.66131236  
12.04869116  
-4.337739556  
-17.76465286  
-24.02855535  
-21.16632067  
-10.41028142  
4.124271993  
16.97538119  
23.48068786  
21.6125577  
12.69794302  
0.7128261879  
-9.513971601  
-14.36500138  
-12.84148969  
-6.720641041  
0.5315290661  
5.508885364  
6.414335787  
3.691805503  
-0.4923186274  
-3.575775132  
-4.010574096  
-2.026190715  
0.6229695925  
1.757669873  
0.115566133  
-3.790504838  
-7.769312314  
-8.980932225  
-5.397993344  
3.030650432  
14.10415384  
24.14288114  
29.46558651  
27.89464381  
19.6124296  
7.013776206  
-6.324141424  
-17.03825153  
-23.10017173  
-24.20800837  
-21.38866884  
-16.13883038  
-9.621902057  
-2.345411071  
5.569224356  
13.76633529  
21.13331415  
25.77274746  
25.5886232  
19.2501495  
7.053907762  
-8.79253056  
-24.68971349  
-36.8110555  
-42.4368672  
-40.88268972  
-33.62065822  
-23.55491518  
-13.79002159  
-6.445350261  
-2.022759064  
0.4420346356  
2.582973488  
5.686449285  
9.950918134  
14.35917827  
17.19147738  
16.90549801  
12.9541033  
6.162491324  
-1.493132404  
-7.589231802  
-10.12505177  
-8.200887395  
-2.261768109  
6.132744724  
14.8634721  
21.88749532  
25.73558194  
25.75828818  
22.12933011  
15.69053184  
7.729968729  
-0.2556892683  
-6.808735441  
-10.77327722  
-11.54988436  
-9.274197728  
-4.832599833  
0.338819059  
4.644979582  
6.795280263  
6.173474059  
2.972918186  
-1.948835794  
-7.420602866  
-12.35088008  
-15.99476859  
-18.00392935  
-18.29186775  
-16.84794572  
-13.65541441  
-8.796546093  
-2.697411042  
3.651702169  
8.697078449  
10.65857006  
8.151101605  
0.8656206074  
-10.0038702  
-21.84615075  
-31.30013369  
-35.32242238  
-32.2736328  
-22.59039933  
-8.741836872  
5.559580272  
16.62288078  
22.04712796  
21.50780916  
16.75933396  
10.86155803  
6.944608136  
7.003502191  
11.19026563  
17.85954259  
24.31550974  
27.93142873  
27.18176753  
22.18605639  
14.58236043  
6.826645686  
1.236672776  
-0.8251481273  
0.6745274029  
4.606217534  
9.251596222  
13.0009902  
14.87448219  
14.6813771  
12.81721827  
9.861429212  
6.210496684  
1.933477408  
-3.097902912  
-8.905122732  
-15.11759196  
-20.8884387  
-25.08783723  
-26.70343614  
-25.26523312  
-21.0905079  
-15.22512628  
-9.099921152  
-4.0543274  
-0.9366982169  
0.0559463925  
-0.7382289972  
-2.736572526  
-5.396670605  
-8.338114089  
-11.25664978  
-13.72545611  
-15.06360971  
-14.42919214  
-11.16565243  
-5.260228114  
2.342367705  
9.813147163  
14.98094335  
16.18591704  
13.08526643  
7.003126717  
0.5708396802  
-3.287296241  
-2.638689322  
2.473248164  
9.849718303  
15.94767328  
17.42159341  
12.7619226  
3.280572984  
-7.085186691  
-13.19261226  
-10.83046734  
1.299419703  
20.63130329  
41.30694846  
56.13893267  
