29.74545439  
25.2027641  
14.91765142  
1.541623452  
-11.828616  
-22.62667818  
-29.40273969  
-31.86552385  
-30.49732062  
-26.04322825  
-19.18376677  
-10.53974474  
-0.9248257172  
8.410811815  
15.81478326  
19.65397003  
18.98652355  
14.15238889  
6.923883627  
0.03159202891  
-3.81898123  
-3.047863244  
2.080388318  
9.483904201  
16.07751197  
19.04835097  
17.03851544  
10.70559417  
2.408239633  
-4.835189464  
-8.632902993  
-8.163169916  
-4.361974946  
0.688641054  
4.83238943  
6.823633145  
6.746989489  
5.700367568  
4.9585454  
5.104178356  
5.625048698  
5.221425701  
2.676033472  
-2.186941342  
-8.011763095  
-12.23697838  
-12.17300837  
-6.359215638  
4.466472745  
17.32140559  
27.98120564  
32.65775002  
29.62662186  
20.05632686  
7.62098953  
-2.981695054  
-7.984817198  
-6.127817627  
0.8420057244  
8.964766079  
13.80797604  
12.38438637  
4.413052909  
-7.605209876  
-19.49363643  
-27.16678066  
-28.27410718  
-23.0279764  
-13.91941646  
-4.52792946  
1.990126871  
4.060446782  
2.042031199  
-2.278497369  
-6.709215247  
-9.657604092  
-10.65991681  
-10.26400485  
-9.433339401  
-8.860508255  
-8.579047549  
-8.060202932  
-6.694407783  
-4.34116244  
-1.598144846  
0.3972120074  
0.5538326986  
-1.506521321  
-5.075210609  
-8.514325422  
-9.918367427  
-7.989023624  
-2.705773453  
4.545110171  
11.472041  
15.80025364  
16.20333848  
12.82489431  
7.161799195  
1.375840851  
-2.640129618  
-4.015348217  
-3.149107921  
-1.377857685  
-0.2580116892  
-0.8258298554  
-3.179369322  
-6.54653371  
-9.754986373  
-11.82936709  
-12.40109814  
-11.73896347  
-10.42431426  
-8.88807276  
-7.095411795  
-4.575227689  
-0.7906827523  
4.355509871  
10.18399035  
15.3050653  
18.1213596  
17.56156029  
13.69037323  
7.861765843  
2.278400817  
-0.8979421161  
-0.5061716085  
3.030804538  
7.803670351  
11.2030534  
11.08279734  
6.795895205  
-0.3736033854  
-7.612078684  
-11.68037519  
-10.27295678  
-3.05736598  
8.060514917  
19.57829252  
27.69691029  
29.74992817  
25.18051633  
15.67726489  
4.434222332  
-5.137766665  
-10.70645745  
-11.79670658  
-9.765812951  
-7.034693142  
-5.938971929  
-7.700245532  
-11.93835014  
-16.8944053  
-20.22946939  
-20.03491826  
-15.62905062  
-7.832047557  
1.355121533  
9.499276117  
14.59194767  
15.68656416  
13.10928575  
8.220804097  
2.872795201  
-1.21443328  
-2.941161469  
-2.060681254  
0.8598800341  
4.6825437  
8.044771154  
9.718236158  
8.916924436  
5.511286185  
0.1107245064  
-6.021639652  
-11.24016081  
-13.94575125  
-13.07943819  
-8.53108572  
-1.303496763  
6.672098763  
13.05928432  
15.83663963  
13.97880995  
7.852003499  
-0.8354512295  
-9.53147644  
-15.62742064  
-17.26790195  
-13.91172747  
-6.467997932  
3.012939426  
11.96255056  
18.01043105  
19.57262927  
16.16622499  
8.414996042  
-2.193690702  
-13.69175037  
-24.04765406  
-31.54467486  
-35.07987907  
-34.35625549  
-29.93587001  
-23.11833764  
-15.63057816  
-9.167401231  
-4.892599116  
-3.060869724  
-2.916174778  
-2.94629175  
-1.445572337  
2.79378137  
9.916620297  
18.79890591  
27.31309356  
33.00027497  
33.92194138  
29.38407711  
20.26382998  
8.810833198  
-2.014420367  
-9.439346764  
-11.71277773  
-8.60605444  
-1.438990732  
7.350750159  
14.93794575  
18.91054668  
17.91665336  
11.9993069  
2.556361032  
-8.043495613  
-17.08295059  
-22.20380888  
-22.02886391  
-16.539181  
-7.096341553  
3.916295266  
13.75221547  
20.0778312  
21.6280203  
18.52436208  
12.14385268  
4.583154276  
-2.084797416  
-6.483927517  
-8.289658501  
-8.150154149  
-7.242087237  
-6.680137223  
-7.049528938  
-8.256895923  
-9.731285927  
-10.83481782  
-11.24587371  
-11.10619331  
-10.86087449  
-10.89611673  
-11.19848662  
-11.25599135  
-10.29081002  
-7.722439557  
-3.610422898  
1.194768152  
5.332700874  
7.560025106  
7.431029474  
5.667048789  
3.964819693  
4.25694489  
7.725539109  
14.03840516  
21.22518623  
26.34301504  
26.71101137  
21.19198787  
10.92323518  
-0.8997276265  
-10.17633662  
-13.54952236  
-9.851585473  
-0.6980991975  
10.07304033  
17.92182727  
19.46080101  
13.85618781  
3.169614331  
-8.512596747  
-16.79191039  
-18.7780736  
-14.24259558  
-5.626317439  
3.077813666  
8.064809818  
7.325736434  
1.447990073  
-6.702966068  
-13.2483187  
-14.94652617  
-10.53573197  
-1.236573204  
9.74475446  
18.46394616  
21.71066585  
18.13654593  
8.653256577  
-3.975509712  
-16.12587634  
-24.49246065  
-27.05097609  
-23.53501214  
-15.35250043  
-5.043864772  
4.510092689  
10.89580257  
12.7876457  
10.24227655  
4.603560898  
-1.958918646  
-7.162412031  
-9.374409089  
-8.181398422  
-4.546195822  
-0.4551826474  
1.860258893  
0.8612038278  
-3.569179997  
-9.926913817  
-15.55261878  
-17.62486245  
-14.30868522  
-5.593939561  
6.538340948  
18.71678237  
27.32563725  
