33.79187365  
19.98108289  
5.501619522  
-3.774823552  
-4.271470346  
3.618351583  
15.58740811  
25.22381138  
26.80866072  
17.88227863  
0.4415355938  
-19.77843083  
-35.64652153  
-41.59867357  
-35.94657953  
-21.5485683  
-4.576229061  
8.064896149  
11.53759905  
4.913610322  
-8.677279254  
-23.56208281  
-33.96405682  
-36.27179514  
-30.18986584  
-18.38091164  
-4.908083172  
6.699314485  
14.83101679  
20.04067138  
24.15297942  
28.79432593  
34.16559204  
38.71701459  
39.90087516  
35.61185252  
25.55993549  
11.83484647  
-1.691215243  
-10.9033565  
-13.22994237  
-8.829289862  
-0.5904335878  
7.094485362  
10.25100653  
7.069223792  
-1.320218901  
-11.39415551  
-18.85119566  
-20.54524397  
-15.8487293  
-6.832050912  
2.796434961  
9.464278017  
11.36920519  
9.198641602  
5.603505492  
3.697455513  
5.322530208  
9.940619043  
14.71651677  
15.7925111  
10.18128606  
-2.605598893  
-19.97437892  
-37.0252214  
-48.38394132  
-50.30552439  
-42.14091561  
-26.54749284  
-8.386916895  
7.170627144  
16.49122949  
18.49767683  
14.51011206  
7.114961211  
-1.295244786  
-9.562408948  
-17.89859678  
-27.12691444  
-37.51205994  
-47.88471627  
-55.61492911  
-57.54871769  
-51.50351475  
-37.58644305  
-18.62610926  
0.6054558669  
15.13456353  
21.76480019  
20.40974121  
14.15122061  
7.95284531  
6.564354819  
12.52529816  
25.13784272  
40.84341405  
54.80574885  
62.96625853  
63.64358764  
57.9856504  
49.13092021  
40.53925911  
34.32184826  
30.37052291  
26.67593501  
20.63646735  
10.67951897  
-2.628759758  
-16.55231439  
-27.27143743  
-31.58062351  
-28.39538041  
-19.35343819  
-8.223655099  
0.6073590195  
3.882064415  
0.6764769852  
-7.434883929  
-17.2543405  
-25.40491347  
-29.64855911  
-29.50566985  
-25.98947885  
-20.71815126  
-14.94940171  
-9.067224519  
-2.756850991  
4.300396054  
11.67960543  
17.91468579  
20.90586232  
18.89030269  
11.4965412  
0.3084719981  
-11.42992859  
-19.9286159  
-22.33301475  
-17.91677377  
-8.435980179  
2.533631067  
10.99780063  
14.07795843  
11.03259594  
3.371930868  
-5.910093262  
-13.58406111  
-17.34733686  
-16.44293345  
-11.58391229  
-4.366160183  
3.452663081  
10.45616155  
15.70714145  
18.62217094  
18.82900663  
16.21425147  
11.18004268  
4.9157018  
-0.6049866353  
-3.089518099  
-0.7878859299  
6.594603766  
17.40527959  
28.33019146  
35.48284078  
35.92040422  
28.94964412  
16.60677485  
3.020058055  
-7.145498604  
-10.53317449  
-6.440439397  
2.923697304  
13.38792315  
20.5589202  
21.59100132  
16.22446573  
6.67555984  
-3.515237433  
-11.11224808  
-14.54202855  
-14.39289337  
-12.89035416  
-12.65266708  
-15.33503375  
-20.77970697  
-27.02127364  
-31.09488554  
-30.25421077  
-23.07215689  
-10.00603125  
6.720336064  
23.7787664  
37.63152819  
45.34315408  
45.11991673  
36.54728083  
20.59725524  
-0.5179654462  
-23.62923593  
-45.06614035  
-61.30296215  
-69.71799629  
-69.27109069  
-60.84539495  
-47.0635775  
-31.56780889  
-17.97598192  
-8.879447107  
-5.246759572  
-6.431148821  
-10.71868154  
-16.12891748  
-21.0949483  
-24.75102222  
-26.7830106  
-27.0312055  
-25.15220467  
-20.5864278  
-12.87789168  
-2.163689179  
10.47621994  
23.07213724  
33.28103129  
39.17708934  
39.96332054  
36.26545896  
29.85969676  
22.95559675  
17.36751492  
13.95073229  
12.53414042  
12.32484357  
12.5281304  
12.83751356  
13.54520051  
15.24635478  
18.33612905  
22.60544549  
27.17489613  
30.80860815  
32.43465091  
31.58586798  
28.52743607  
24.02149257  
18.88795527  
13.63327418  
8.368576877  
3.05337895  
-2.11162573  
-6.433005174  
-8.842548818  
-8.402493622  
-4.965726766  
0.3839104112  
5.429734825  
7.532569101  
4.708894796  
-3.392140998  
-15.08982142  
-27.09697173  
-35.64835782  
-37.88629336  
-32.92926271  
-22.18626932  
-8.812169694  
3.432970946  
11.42785576  
13.55421763  
9.92166151  
2.004659325  
-8.020143256  
-17.89463606  
-25.64652579  
-29.70776497  
-28.95093398  
-22.82230728  
-11.61314754  
3.278268001  
19.34943199  
33.45212291  
42.67540262  
45.35516567  
41.76025696  
34.07641124  
25.59711529  
19.40734796  
17.11946314  
18.23851355  
20.468261  
20.83498423  
17.11669978  
8.914643489  
-2.125526613  
-13.02537913  
-20.75557154  
-23.46695922  
-21.10703856  
-15.19238376  
-7.942553185  
-1.284181901  
3.747370089  
6.951583298  
8.394528724  
7.777398828  
4.22557549  
-3.278555547  
-15.00861146  
-29.67493831  
-44.24479847  
-54.69048064  
-57.46863899  
-51.09864626  
-37.06673423  
-19.53388639  
-3.868314784  
5.404762179  
6.332686665  
0.1599807135  
-9.430359936  
-18.08706403  
-22.72475837  
-22.71138576  
-19.78087065  
-16.77991432  
-15.93178759  
-17.52272288  
-19.68236795  
-19.35965851  
-13.98375054  
-2.954686387  
11.79909725  
26.4829556  
36.99413151  
40.61663496  
37.05144558  
28.33719151  
17.7795729  
8.481228553  
2.209813457  
-0.8971889276  
-1.774527229  
-1.454445468  
-0.2980076658  
2.119818609  
6.446442482  
12.71038597  
19.78798407  
25.59620706  
28.00269228  
25.99381541  
20.43208542  
13.89568187  
9.56138752  
9.622550294  
14.03761138  
20.30276409  
24.46121824  
22.93785402  
14.33891459  
0.3247764417  
-14.91581004  
-26.39165484  
-30.4444085  
-26.29333319  
-16.27110272  
-4.668476604  
4.220482812  
7.889698502  
6.399911657  
1.836070125  
-3.182010228  
-7.083549738  
-10.14891252  
-14.09274088  
-20.66412374  
-30.05549509  
-40.05340145  
-46.51113381  
-45.04407647  
-33.1894465  
-11.97121099  
13.96661657  
37.84454587  
53.27095312  
56.71475096  
48.8354753  
34.08676442  
18.78608795  
8.522679126  
6.039229415  
10.46365185  
18.12112215  
24.4425959  
26.0361356  
21.99427366  
13.94082084  
4.941253913  
-2.092054514  
-5.705027094  
-6.348532303  
-5.868448889  
-6.407111063  
-9.319314157  
-14.62054926  
-21.15447682  
-27.28414727  
-31.67610713  
-33.76318335  
-33.70568922  
-31.97333154  
-28.87218269  
-24.336647  
-18.1147654  
-10.21382776  
-1.296828001  
7.270274903  
13.82973154  
17.14402529  
17.0559832  
14.73054662  
12.29324094  
11.9702591  
15.08671809  
21.37000892  
28.88711901  
34.67536135  
35.82976452  
30.62121226  
19.21371498  
3.718710767  
-12.41622485  
-25.44768194  
-32.44244885  
-32.09904937  
-25.06043987  
-13.66708961  
-1.257560453  
8.771598406  
13.89365995  
13.12640537  
7.271416762  
-1.365434418  
-9.721348402  
-14.99388727  
-15.61527617  
-11.84141892  
-5.708620669  
-0.3207439144  
1.310949128  
-2.54888464  
-11.62415842  
-23.6578434  
-35.2228832  
-42.99623385  
-44.96777876  
-41.07474832  
-33.00087446  
-23.25644781  
-13.98511432  
-6.067964258  
1.049116451  
8.733981702  
18.0755977  
28.88921128  
39.35743331  
46.54793124  
47.62141072  
41.19066865  
28.18992481  
11.81291139  
-3.50422467  
-13.64568945  
-16.26391705  
-11.50599546  
-1.740761365  
9.544495313  
19.15290354  
25.26815125  
27.79098681  
27.86699997  
26.92916063  
25.77801946  
24.15686496  
20.99561056  
15.14866345  
6.211066161  
-5.020610383  
-16.67757695  
-26.46775961  
-32.52140014  
-34.03354638  
-31.42903054  
-26.02708808  
-19.42140282  
-12.89985199  
-7.158094949  
-2.369111283  
1.53020061  
4.570781947  
6.680754039  
7.828413  
8.225962353  
8.380648239  
8.867626905  
9.892537174  
10.89496906  
10.4956174  
6.956656675  
-0.9466092693  
-13.0149964  
-27.16383957  
-39.76697435  
-46.81654912  
-45.49856458  
-35.51272782  
-19.49050218  
-2.207774971  
11.18274376  
17.19974278  
15.47384271  
8.902962013  
2.385906154  
0.6359597896  
6.020329376  
17.40260055  
30.54908798  
39.96827203  
41.39268066  
