0.4239175129  
-20.74925152  
-32.93089478  
-34.47071354  
-26.63641987  
-12.34131191  
5.184910121  
23.15352428  
39.2658761  
51.40672985  
57.53496285  
56.12935185  
47.0843283  
32.50831099  
16.743924  
5.227362865  
2.412692919  
9.590999914  
23.68874547  
37.84406594  
43.81082423  
35.3604302  
11.26687487  
-23.5086509  
-59.13245932  
-84.3491913  
-90.73671715  
-76.01387179  
-44.99223518  
-7.738472742  
24.302737  
42.61214273  
44.55110078  
33.80637796  
18.26345122  
6.342418025  
3.436271112  
9.955009453  
21.69397111  
32.18663416  
35.85647009  
30.51479947  
18.14586309  
3.759502263  
-7.031858566  
-10.53810778  
-6.493876017  
2.0367704  
10.16980556  
13.33481803  
9.050987764  
-2.365978969  
-18.31685985  
-35.24187198  
-50.04410726  
-60.97570039  
-67.71155084  
-70.77742226  
-70.79080095  
-67.98565437  
-62.25291693  
-53.58908294  
-42.60194825  
-30.69715088  
-19.76781673  
-11.50703683  
-6.693499225  
-4.836876217  
-4.393456965  
-3.471853  
-0.6970855556  
4.177579668  
10.19266697  
15.65242653  
18.89380667  
18.97940054  
16.00777739  
10.95127482  
5.172654971  
-0.08828595971  
-3.999354401  
-6.105172247  
-6.101731734  
-3.655552216  
1.534072796  
9.407227682  
19.13735809  
28.94678344  
36.38110699  
39.05705546  
35.62556737  
26.51792781  
14.07347764  
1.894023223  
-6.378932754  
-8.377392747  
-3.846188099  
5.36795768  
16.18000684  
25.59648317  
31.91088039  
35.23075298  
37.12180241  
39.57743635  
43.83950455  
49.65752429  
55.34564816  
58.5939283  
57.6133752  
52.02972007  
43.07358582  
32.97582763  
23.88493286  
16.86951565  
11.5246363  
6.385810353  
-0.07382968934  
-8.406585074  
-17.69780601  
-25.93123332  
-31.07247414  
-32.32391599  
-30.85929867  
-29.55737551  
-31.734212  
-39.40037389  
-51.87515963  
-65.50815703  
-74.79776823  
-74.55528322  
-62.23668109  
-39.40890227  
-11.62812018  
13.33706671  
28.28586901  
29.25982022  
17.01442692  
-3.321568197  
-24.2568882  
-38.78617121  
-42.91475706  
-36.86810176  
-24.57476439  
-11.74416207  
-3.420001488  
-2.046719009  
-6.793182545  
-14.28776067  
-20.31028085  
-21.62320527  
-17.15038237  
-8.081730567  
2.996473329  
13.42223997  
21.56414675  
27.22828558  
31.27234766  
34.73235953  
37.98409976  
40.40205847  
40.69123402  
37.70312729  
31.28902702  
22.71614096  
14.38052718  
8.893981362  
7.932746138  
11.36952896  
17.10671396  
21.73454895  
21.78734939  
15.11311273  
1.816425892  
-15.60169319  
-32.97382475  
-45.80387513  
-50.73162075  
-46.60958659  
-34.83280732  
-18.83569262  
-2.958730052  
8.91064004  
14.46700457  
13.53249926  
7.880447414  
0.4454874023  
-5.774139509  
-8.729907945  
-7.909561578  
-4.318219363  
0.1027545653  
3.373806006  
4.336256237  
3.135578502  
1.140757308  
0.3313161246  
2.396347575  
7.909474071  
15.92169046  
24.15465825  
29.74058666  
30.23596356  
24.52324513  
13.2553118  
-1.324222786  
-16.10868753  
-28.11936804  
-35.38609955  
-37.40554335  
-35.04865309  
-30.01166001  
-24.07460634  
-18.48162916  
-13.67367224  
-9.434040137  
-5.324873403  
-1.177403812  
2.607474731  
5.094603503  
5.178379386  
2.124552798  
-3.938101902  
-11.79045826  
-19.27958378  
-23.84307236  
-23.25508059  
-16.3656692  
-3.593003609  
13.01124278  
30.18577154  
44.29077959  
52.33058738  
52.86828872  
46.53300377  
35.91637992  
24.83325405  
17.13359091  
15.42840613  
20.16107887  
29.37506862  
39.30986996  
45.66673196  
45.12799197  
36.59454438  
21.68034232  
4.258085634  
-10.80612476  
-19.28853248  
-19.031942  
-10.65522442  
2.68789995  
16.38494201  
25.8640644  
27.97874617  
21.82105855  
8.753404475  
-8.252306575  
-25.64800114  
-40.31658661  
-50.23950418  
-54.70004569  
-54.09612478  
-49.55601532  
-42.55608537  
-34.65242246  
-27.32236324  
-21.8387044  
-19.10203062  
-19.42753361  
-22.36829636  
-26.69892327  
-30.6483783  
-32.366795  
-30.49349795  
-24.62042942  
-15.46488434  
-4.672604246  
5.679624113  
13.69192884  
18.13555571  
18.67313031  
15.77558315  
10.4362826  
3.84801913  
-2.817910848  
-8.489585821  
-12.19702939  
-13.12019806  
-10.76702404  
-5.254733284  
2.45163182  
10.5431966  
16.75068084  
19.07418801  
16.62711714  
10.23017193  
2.41951155  
-3.267940551  
-3.562020959  
3.172130305  
16.03452847  
31.60733001  
44.99524115  
51.56744131  
48.74625066  
37.10858475  
20.2990761  
3.721629332  
-7.509299941  
-10.53951163  
-5.846288662  
3.057954799  
11.18970195  
14.27753421  
10.63417548  
1.901527611  
-7.673087017  
-13.134692  
-11.07862196  
-1.281962424  
13.01866825  
26.34772797  
33.20129853  
30.30479087  
17.95221017  
-0.1380896973  
-18.3693676  
-31.52886268  
-36.7858795  
-34.5867339  
-28.11417776  
-21.61737808  
-18.40194706  
-19.38260251  
-22.81228479  
-25.24963127  
-23.27446187  
-15.15539882  
-1.738684367  
13.78794345  
27.09220389  
34.29483871  
33.29269038  
24.32453602  
9.674116315  
-7.228763033  
-22.8601144  
-34.41030088  
-40.17519325  
-39.60203293  
-33.18934743  
-22.39478885  
-9.543309765  
2.417778945  
10.48009312  
12.45282004  
7.905536133  
-1.265206019  
-11.0638502  
-16.55957086  
-13.69580592  
-1.074628031  
19.07555811  
41.29301078  
58.64124191  
65.22933368  
58.50031486  
40.32319792  
16.3887793  
-5.882037317  
-20.07174417  
-23.02261431  
-15.71649011  
-2.492210063  
10.96227211  
19.90630072  
22.13948479  
18.29937231  
10.91489085  
2.836508699  
-4.110900338  
-9.6169318  
-14.39443042  
-19.1269005  
-23.55589215  
-26.29544925  
-25.52072318  
-20.1549383  
-10.86106959  
-0.207809512  
8.199250923  
11.27074556  
7.916647824  
-0.3158026584  
-9.839775909  
-16.6425414  
-18.16794123  
-14.551669  
-8.577390225  
-4.333289111  
-5.186418643  
-12.04039439  
-22.72531528  
-32.83304016  
-37.62376623  
-34.11794903  
-22.40443546  
-5.576898171  
11.63537175  
24.86794166  
31.81150557  
32.84234547  
30.38630236  
27.42901187  
25.97012658  
26.19345064  
26.71496074  
25.69624393  
22.16813386  
16.81747843  
11.78772166  
9.571276032  
11.55750993  
16.99833373  
22.96694601  
25.40924298  
20.85695908  
8.044968467  
-11.29630708  
-32.83970827  
-51.09842767  
-61.31532416  
-61.05798152  
-50.93713563  
-34.25411286  
-15.80585628  
-0.3531440861  
8.705677765  
10.08439157  
4.679824357  
-4.909708768  
-15.18110481  
-22.61068976  
-24.46812106  
-19.45664781  
-8.087559397  
7.31870754  
23.09166372  
35.11983437  
40.03345407  
36.31924677  
24.96125801  
9.302411031  
-5.916678736  
-16.06200878  
-18.12886603  
-11.71465465  
0.9309150057  
15.79157914  
28.54700254  
36.03336957  
37.15006882  
32.91770114  
25.75760178  
18.37081232  
12.71353083  
9.459874203  
8.080900302  
7.384893493  
6.192121217  
3.819496041  
0.2049972993  
-4.290318904  
-9.211965165  
-14.2534661  
-19.28307822  
-24.17712116  
-28.60077799  
-31.90339265  
-33.22666827  
-31.80278369  
-27.31501249  
-20.15657726  
-11.46389914  
-2.892864746  
3.800166315  
7.248402585  
6.897333978  
3.24061258  
-2.211828425  
-7.264508642  
-9.63208518  
-7.679485653  
-1.098221795  
8.742953522  
18.99672935  
26.15404187  
27.30125783  
21.39292481  
9.995404002  
-2.938852203  
-12.36536159  
-14.14229608  
-6.966422964  
6.622028778  
20.76270032  
28.32616569  
23.80403903  
5.880097844  
-21.47615363  
-50.02891554  
-70.17864657  
-74.67336529  
-61.61732663  
-35.46401765  
-5.471088441  
17.84337583  
26.82954251  
19.71568273  
1.237027242  
-19.38446121  
-32.25861177  
-30.84334971  
-14.5011103  
11.40552152  
37.81571797  
55.61057486  
59.03862872  
47.57434072  
25.62129603  
