-30.96050282  
-52.13994112  
-75.10973454  
-91.71687971  
-94.00783611  
-77.37915275  
-42.72714512  
3.289971572  
50.06613834  
86.35641218  
103.9408708  
100.3591379  
79.73950365  
51.39552059  
26.62479973  
14.76294066  
19.82140949  
38.87544472  
62.81832486  
79.32594614  
77.12398217  
50.16781076  
0.3013888242  
-62.59375153  
-123.1460392  
-165.009447  
-175.9105234  
-151.5534417  
-97.05337405  
-25.39810564  
46.53544046  
103.0361038  
133.9627873  
137.0674926  
117.6161514  
85.69658839  
52.40962969  
26.42598673  
12.07486912  
9.371047372  
15.54364853  
27.0704854  
41.17311817  
56.17648809  
70.82317529  
83.21520577  
90.2366924  
88.01767233  
73.38864971  
45.66973583  
7.859366357  
-33.51579782  
-70.03361051  
-93.93872158  
-100.6203669  
-90.00194881  
-66.3152141  
-36.44380853  
-7.624055684  
14.51056793  
26.83204516  
28.46252187  
19.85152249  
1.957021029  
-23.87957218  
-55.31010794  
-88.13583262  
-116.0649339  
-131.6934422  
-128.7128956  
-104.6022595  
-62.59556878  
-11.81152006  
34.89369916  
64.80433956  
69.57589452  
48.1593373  
7.209960989  
-41.22921656  
-83.86058446  
-110.4402225  
-116.6059501  
-104.2661139  
-79.6771389  
-50.29826366  
-21.92301473  
2.718111407  
23.52547674  
41.34270672  
56.16173161  
66.31340127  
69.11626181  
62.60713499  
47.34910887  
27.22883063  
8.653316797  
-1.622100396  
0.9144290742  
16.7159721  
41.98238917  
70.16137641  
94.4201821  
109.937529  
115.0160613  
110.6586971  
99.04430518  
81.87244443  
59.55119814  
31.68147171  
-1.473225676  
-37.44790183  
-71.00086765  
-95.09294239  
-103.2188438  
-92.14786378  
-63.8165167  
-25.40070291  
12.64180228  
39.88430142  
49.32902411  
39.58504124  
15.04569565  
-15.88602506  
-43.72471211  
-60.83241073  
-63.35750693  
-51.72429389  
-29.83394074  
-3.55667457  
20.8393382  
37.90828774  
43.81754172  
36.85083169  
17.76126091  
-10.06871517  
-40.89228618  
-67.53660329  
-83.04255452  
-82.65998517  
-65.53361308  
-35.3586832  
0.4226678284  
32.76104109  
53.78892803  
59.25776967  
49.72536214  
30.0808335  
7.647280658  
-10.36445908  
-19.09619577  
-17.2372229  
-6.921648048  
7.414171047  
20.64698427  
28.46967452  
28.41504251  
20.3100416  
6.251098658  
-9.793600642  
-22.73229613  
-27.47160601  
-20.34311018  
-0.5349511562  
28.99260303  
61.66623868  
88.81679577  
102.3021645  
97.40931023  
74.89350363  
41.18400568  
6.443653002  
-18.93076105  
-28.04336877  
-19.94783891  
0.235713288  
23.59805338  
41.12659633  
47.18768419  
41.3000134  
27.50198971  
11.74701169  
-1.319148785  
-10.58745168  
-18.63738512  
-29.78667656  
-47.08115254  
-69.81345005  
-92.91338131  
-108.631371  
-109.7960223  
-93.13099758  
-61.05687684  
-21.11056185  
16.76683535  
43.83782354  
55.46581771  
52.09828522  
38.09156148  
19.15533272  
-0.2212889335  
-18.12546115  
-34.85590729  
-51.27965659  
-67.00766807  
-79.53151136  
-84.88954781  
-79.56218439  
-62.59448875  
-36.77878037  
-8.18104375  
15.878772  
29.50804306  
30.37494084  
20.35881113  
4.504065699  
-11.14615068  
-21.79725477  
-25.26399906  
-22.0121685  
-14.13474864  
-3.991642653  
6.724161368  
17.11372702  
26.55980037  
34.13015695  
38.4574543  
38.29448478  
33.44095543  
25.4097332  
17.26089212  
12.4718356  
13.29220214  
19.41991711  
27.78251619  
33.70558914  
33.03874951  
24.26121135  
9.512515514  
-6.042067836  
-16.30826426  
-16.8906606  
-7.033570094  
10.03554913  
28.50794424  
42.45753485  
48.19425436  
45.43323526  
36.83295435  
26.28011901  
16.89872574  
9.828296427  
4.335832084  
-0.9390478521  
-6.438551529  
-10.83326196  
-11.45564532  
-5.869851445  
6.259071955  
22.08812336  
36.0685132  
41.95735885  
35.54592895  
16.83945946  
-9.40485164  
-35.16185493  
-52.10302293  
-54.81517998  
-42.91997355  
-21.2247152  
2.110568859  
18.58379407  
22.30897847  
11.82465262  
-9.774247244  
-36.19469651  
-60.0902662  
-75.1533937  
-77.54734641  
-66.47438944  
-44.01676652  
-14.51700046  
16.30611739  
42.44316997  
58.85581314  
62.76939151  
54.64816482  
38.390065  
20.40841833  
7.659752452  
5.185774339  
14.09689436  
30.90491236  
48.65161441  
59.53213377  
58.02465889  
43.23492717  
19.4361905  
-5.471041255  
-22.96312121  
-27.11603111  
-16.73466944  
4.412772075  
29.20627875  
49.81300195  
60.19041065  
57.51038908  
42.18801403  
16.88537873  
-14.74313307  
-48.87587004  
-81.68400131  
-109.131403  
-127.0047936  
-131.6205714  
-121.1584766  
-97.0156464  
-64.31982329  
-30.97910479  
-5.320880211  
6.85293749  
4.51024745  
-8.200517891  
-23.74921957  
-34.57964742  
-36.55992354  
-30.907219  
-23.58334091  
-22.30149628  
-32.43592222  
-53.72355302  
-79.38939728  
-98.28890421  
-99.30757301  
-76.19817517  
-30.76489217  
27.0439156  
82.28710299  
120.2170685  
131.4591024  
115.1739063  
79.05529344  
36.30584427  
0.8863357261  
-17.10100571  
-14.25961456  
5.832866022  
34.7004051  
62.34256111  
80.56638117  
85.18533236  
76.59769694  
58.89989515  
38.12582831  
20.31489474  
9.957305533  
9.093827076  
17.10622063  
31.10108078  
46.74183754  
59.36668935  
65.18495262  
62.28654157  
51.1780293  
34.63823435  
16.88172643  
2.263329816  
-6.048326097  
-6.970788097  
-1.68170081  
6.94227373  
15.34116997  
20.31441948  
19.7160496  
12.6534847  
-0.6958032512  
-19.36969294  
-41.75464392  
-65.50099177  
-87.39075469  
-103.4642025  
-109.6427018  
-102.8349724  
-82.19384853  
-49.98649274  
-11.57653616  
25.68527754  
54.41747426  
69.37487907  
69.03247112  
55.96734598  
35.86220402  
15.48412756  
0.3910208693  
-6.788361237  
-6.892481021  
-3.449196014  
-0.9540117821  
-2.917546675  
-10.44537026  
-21.86917818  
-33.5238035  
-41.32548188  
-42.52010678  
-36.9233299  
-27.17420896  
-17.88652452  
-13.97711365  
-18.7515862  
-32.43122656  
-51.68186641  
-70.38574145  
-81.47872002  
-79.29316281  
-61.62904516  
-30.81867574  
6.647966045  
41.89104315  
66.26630109  
73.99092472  
63.89059396  
39.68617663  
8.750806409  
-20.19965685  
-39.6718899  
-45.37329674  
-37.04017485  
-18.01167378  
6.115454551  
29.17373487  
45.89994531  
52.87659521  
48.91067033  
35.01178305  
14.15115916  
-9.144705701  
-29.45100545  
-41.46197818  
-41.32538686  
-27.98700892  
-4.023717494  
24.55481144  
49.75922837  
64.04751628  
62.94535447  
46.84599622  
21.16939928  
-5.347054627  
-23.68911224  
-27.8034587  
-16.7527272  
5.085772174  
29.85402519  
49.30596242  
57.87008728  
54.44039979  
42.24445809  
26.9981572  
14.28306134  
7.355121963  
6.293049266  
8.696164791  
11.3912674  
12.17074383  
10.66748013  
7.998193038  
5.505868835  
3.422747889  
0.3142955088  
-6.274135094  
-18.23048882  
-35.18132397  
-53.67494273  
-67.86116336  
-71.56995065  
-60.96781263  
-36.60475623  
-3.847666515  
28.63688367  
51.83466984  
59.61136066  
50.90967465  
30.03366562  
4.930872574  
-15.80315632  
-25.99113124  
-23.84288308  
-12.16597803  
3.108182995  
15.37505176  
19.78591074  
14.78791553  
2.348069356  
-13.03701103  
-26.04577961  
-32.307831  
-29.70976107  
-18.93434207  
-3.193280244  
12.69749064  
23.65019214  
25.74536457  
17.45141378  
0.2899772948  
-21.32348638  
-41.15878652  
-52.98278546  
-52.60700864  
-39.47734875  
-17.1548434  
7.635074795  
27.18161458  
35.47426837  
30.3914922  
14.50817229  
-5.860612838  
-23.05756146  
-30.99418554  
-27.40870348  
-14.55669799  
1.928082945  
15.4927077  
21.3755421  
18.40591044  
9.144913552  
-1.639596131  
-9.431260655  
-12.21453422  
-11.47229022  
-11.45374964  
-17.01192396  
