103.1860948  
97.87413616  
81.59490083  
57.21862779  
28.52924267  
-0.4464973282  
-25.9340684  
-44.79399672  
-54.89423702  
-55.49727008  
-47.55705442  
-33.73535851  
-17.97627877  
-4.629725535  
2.678681681  
2.076660901  
-5.999276668  
-18.94889707  
-32.82582679  
-43.54631968  
-48.06684155  
-45.14103453  
-35.45247662  
-21.17055742  
-5.178300314  
9.70863724  
21.2877827  
28.20076086  
29.92836088  
26.70125808  
19.43805213  
9.710252521  
-0.3693198521  
-8.457280623  
-12.52189107  
-11.49275293  
-5.760173097  
2.75428385  
11.10476021  
16.31385739  
16.5143267  
11.77646164  
4.22965192  
-2.652643982  
-5.386038657  
-1.922061584  
7.384051664  
19.71512696  
30.71807194  
36.08524993  
33.18331461  
22.0888032  
5.620936233  
-11.63983388  
-24.96057232  
-31.07141446  
-29.1894889  
-21.11080139  
-10.40569729  
-1.08659027  
3.724046982  
2.661146834  
-3.709327317  
-13.34806082  
-23.55188055  
-31.76849223  
-36.15778984  
-35.81298656  
-30.71736456  
-21.58680091  
-9.718584791  
3.13026072  
14.90107168  
23.51652606  
27.31319328  
25.53503986  
18.70367682  
8.667742263  
-1.775482964  
-9.629189478  
-12.59548315  
-9.814369597  
-2.169948762  
7.961115956  
17.44241239  
23.34381421  
23.81867391  
18.61646534  
9.09552419  
-2.228302567  
-12.4240147  
-18.94534289  
-20.27372066  
-16.26342442  
-8.136585635  
1.847298911  
10.96813733  
16.74898742  
17.63601931  
13.48531566  
5.6994104  
-3.080124409  
-9.699052621  
-11.46537343  
-7.080026211  
2.804620751  
15.64087594  
27.70206771  
35.26272824  
35.85222633  
29.13341203  
17.07063638  
3.30344931  
-8.063488538  
-13.82316  
-12.69442705  
-5.658956582  
4.486369727  
14.16560992  
20.25227778  
21.05326024  
16.73425286  
9.096699164  
0.8457996342  
-5.359780988  
-7.75546313  
-5.971855972  
-1.08233723  
4.772433856  
9.052739027  
9.598468375  
5.323880444  
-3.352565934  
-14.48342973  
-25.03616208  
-31.74926284  
-32.19974935  
-25.75720372  
-14.06265121  
-0.76733656  
9.501334677  
12.68091023  
6.806547889  
-7.057161809  
-24.92004104  
-41.07657705  
-50.05575882  
-48.61154415  
-36.98493456  
-18.91202002  
-0.329710482  
12.74941812  
16.37811024  
10.0028138  
-3.518724382  
-19.17264989  
-31.76415611  
-37.78918161  
-36.4640728  
-29.57082018  
-20.29840161  
-11.67658228  
-5.325708534  
-1.04348996  
2.676045798  
7.535408155  
14.3337899  
22.42228228  
29.95940379  
34.80621466  
35.59506975  
32.4386827  
26.94142723  
21.52159021  
18.37958633  
18.59604977  
21.75469576  
26.21617045  
29.8617778  
30.93382057  
28.60184137  
23.06520725  
15.25039032  
6.34618675  
-2.551951398  
-10.54047323  
-16.79540788  
-20.43899458  
-20.58689454  
-16.64892217  
-8.766679184  
1.865928191  
13.04887115  
22.08243102  
26.59483114  
25.36533556  
18.78120369  
8.710136333  
-2.172057583  
-11.31381243  
-17.08467714  
-19.12119497  
-18.13336127  
-15.33978984  
-11.85453537  
-8.326873836  
-4.957950659  
-1.788770323  
0.9961179855  
2.992189059  
3.802126335  
3.421528374  
2.497478409  
2.208291178  
3.719158441  
7.439232218  
12.48818209  
16.75007282  
17.63762524  
13.31855356  
3.857928048  
-8.325338637  
-19.04127338  
-23.84346356  
-19.90354046  
-7.43626702  
10.00838028  
26.61390876  
36.36265186  
35.27780476  
22.91858905  
2.514350021  
-20.29371446  
-39.54036319  
-50.96128796  
-53.14335715  
-47.43107552  
-36.80428022  
-24.38471005  
-12.32265466  
-1.531660288  
7.761972773  
15.13895192  
19.42531772  
18.89200957  
12.19258838  
-0.4582395239  
-16.58339706  
-31.76867949  
-41.07102805  
-40.98987151  
-31.11860268  
-14.64697923  
2.641598022  
14.55053578  
16.93079578  
9.350069085  
-4.780258384  
-19.69063894  
-29.69540482  
-31.5034382  
-25.37894998  
-14.67320563  
-4.004821519  
3.017078357  
5.444137445  
5.256086925  
6.161442695  
11.55080714  
22.61474541  
37.54146038  
52.17583733  
61.81707774  
63.29378814  
56.33974545  
43.64410298  
29.5913234  
18.32152861  
12.04031867  
10.35209723  
10.87190172  
10.74627676  
8.289097368  
3.910676434  
-0.1084279065  
-0.8675213062  
3.513941504  
12.68332578  
23.87314946  
32.85770616  
35.61927789  
29.9776733  
16.47440513  
-1.836075686  
-20.5401718  
-35.4219888  
-43.7664458  
-44.9415455  
-40.16968491  
-31.75988809  
-22.24812226  
-13.81666361  
-8.111310632  
-6.305523339  
-9.133857264  
-16.6976236  
-28.07844432  
-41.02971823  
-52.09741452  
-57.3742508  
-53.7713623  
-40.35795901  
-19.16121926  
5.052880246  
26.1058863  
38.43993948  
39.09543828  
28.82295239  
11.82873528  
-5.796681125  
-18.36358969  
-22.66703967  
-19.028882  
-10.89018637  
-3.151669995  
0.02454903571  
-2.966600301  
-10.46977616  
-18.23148689  
-21.11320232  
-15.1339467  
0.964997669  
25.19465869  
52.94431534  
78.4252076  
96.33867522  
