13.55649447  
17.25148901  
20.28354391  
21.45449574  
20.12696644  
16.46380972  
11.33196837  
5.950534695  
1.464020877  
-1.372487427  
-2.29081409  
-1.404044604  
0.9939494074  
4.59105383  
9.099445727  
14.18609843  
19.37540313  
24.02654312  
27.44017621  
29.0631391  
28.68722156  
26.52350004  
23.09019234  
18.95254176  
14.4441859  
9.526938272  
3.888334697  
-2.745265042  
-10.22781685  
-17.75590277  
-23.94418394  
-27.24779496  
-26.59253468  
-21.94639681  
-14.55317024  
-6.667837456  
-0.8414323137  
0.9907717346  
-1.745709646  
-8.005160211  
-15.47883574  
-21.44574439  
-23.78324772  
-21.73250125  
-16.11444033  
-8.924558407  
-2.496149526  
1.403132533  
2.163986972  
0.3939156903  
-2.535985035  
-5.207095412  
-6.781866008  
-7.259349911  
-7.26839152  
-7.539641841  
-8.350519504  
-9.24123117  
-9.15527276  
-6.939850417  
-1.957961633  
5.493356904  
14.16845504  
22.27301517  
28.08737799  
30.52053959  
29.34918997  
25.0677464  
18.47870158  
10.2810713  
0.8992470013  
-9.358479671  
-19.93006851  
-29.68549714  
-36.93611117  
-39.87738676  
-37.33178068  
-29.45611991  
-18.03256072  
-6.112022364  
2.930989659  
6.582542182  
4.114395183  
-3.166432218  
-12.47520786  
-20.68470607  
-25.54152064  
-26.42801768  
-24.34653748  
-21.17024857  
-18.5514385  
-17.03449154  
-15.81043818  
-13.22307836  
-7.757964728  
1.000597968  
11.94610313  
22.79494265  
31.04750172  
35.09717643  
34.93739749  
32.10990256  
28.91244252  
27.25278386  
27.71299329  
29.28486809  
29.90447752  
27.51878631  
21.15767038  
11.48864684  
0.5945175918  
-8.900816413  
-14.92076747  
-16.71638738  
-14.99543676  
-11.39899395  
-7.647728755  
-4.818460254  
-3.099381933  
-2.08084593  
-1.332131031  
-0.8639629929  
-1.165117181  
-2.775030829  
-5.660005893  
-8.815813781  
-10.4278769  
-8.618783024  
-2.459986985  
7.28021456  
18.11019256  
26.63655348  
29.92816557  
26.80711539  
18.43746822  
7.890308917  
-1.14869338  
-5.937484055  
-5.76748414  
-2.073057662  
2.467846973  
5.367569704  
5.558449069  
3.793316945  
2.031051152  
2.160443449  
4.773965467  
8.685897758  
11.49777165  
10.94467486  
6.308337914  
-0.8993579955  
-7.434255945  
-9.842845785  
-6.290188854  
2.247449272  
12.10746615  
18.43862256  
17.43241656  
8.238740821  
-6.389428644  
-21.10530522  
-30.22816265  
-30.23620851  
-21.33342364  
-7.348587425  
5.995415354  
13.6345328  
13.34368504  
6.534556574  
-2.671304438  
-9.609165787  
-11.40667778  
-8.354659652  
-3.662944314  
-1.74334759  
-5.874541741  
-16.39442689  
-30.30116668  
-42.46116459  
-47.85587379  
-43.81743557  
-31.22609028  
-14.14544442  
1.900006196  
12.19544893  
14.63970631  
10.33596433  
2.81100455  
-3.679738162  
-5.947544902  
-2.995356821  
3.912315602  
12.10698497  
18.78533276  
22.07819379  
21.50854108  
17.78676512  
12.20909418  
6.04801273  
0.2229794651  
-4.695243288  
-8.306763819  
-10.26464208  
-10.35360447  
-8.7154883  
-6.023076903  
-3.395164689  
-1.990623017  
-2.433156974  
-4.370549082  
-6.459188542  
-6.874495802  
-4.171663059  
1.8948467  
10.01495596  
17.66491535  
22.05961487  
21.32504025  
15.37123732  
6.0602303  
-3.429279653  
-9.78227379  
-10.77736672  
-6.061702367  
2.818233121  
13.08825323  
21.79015601  
26.74878732  
27.10461117  
23.28891899  
16.57389657  
8.481782046  
0.3316204956  
-6.934809421  
-12.68348387  
-16.4292436  
-17.75054402  
-16.3508108  
-12.21980628  
-5.772805005  
2.144113359  
10.41149589  
17.8885441  
23.63994557  
27.04394975  
27.76995264  
25.69782819  
20.88110147  
13.61047523  
4.542614086  
-5.220277387  
-14.22317332  
-20.96901062  
-24.36680036  
-24.13117291  
-20.93146395  
-16.18187622  
-11.52842866  
-8.24033683  
-6.771571951  
-6.68618646  
-6.97061304  
-6.572302737  
-4.901233073  
-2.061593673  
1.271761126  
4.233006975  
6.178158822  
6.909842585  
6.614945804  
5.588476957  
3.940337562  
1.486691002  
-2.090345064  
-6.903030133  
-12.55344779  
-18.08175325  
-22.25440083  
-24.08338551  
-23.31465965  
-20.60695136  
-17.26183013  
-14.59772909  
-13.26385262  
-12.8508899  
-12.03138271  
-9.204770586  
-3.359494177  
5.268348609  
15.08589473  
23.67752953  
28.76452341  
29.15700984  
25.25545809  
18.86331783  
12.39456557  
7.841946776  
5.978122187  
6.14167509  
6.67730797  
5.793578101  
2.421581866  
-3.314703085  
-10.1966003  
-16.47673964  
-20.60490383  
-21.76592265  
-20.01757649  
-16.04294181  
-10.7228669  
-4.793495871  
1.241462111  
6.95799455  
11.79388452  
14.98500173  
15.77535898  
13.83544695  
9.660274849  
4.678112165  
0.9161123858  
0.2888438346  
3.787056514  
10.93382316  
19.78701589  
27.5360101  
31.47547558  
29.96597618  
22.99556585  
12.13310178  
-0.07196521127  
-10.96351356  
-18.56226632  
-21.97861132  
-21.37428292  
-17.59968902  
-11.75005414  
-4.860725888  
2.169234056  
8.49362913  
13.23855793  
15.56846055  
14.93043405  
11.36875115  
5.722015791  
-0.4595329564  
-5.314841206  
-7.271537039  
-5.614171247  
-0.7847793481  
5.716843477  
11.80412541  
15.47049426  
15.41094744  
11.39268666  
4.279028195  
-4.261196191  
-12.23496595  
-17.84376541  
-19.91184182  
-18.14429166  
-13.17978694  
-6.43112905  
0.2680889688  
5.15495322  
7.058104849  
5.791140812  
2.256587678  
-1.835277444  
-4.593027989  
-4.718889592  
-2.129031522  
1.871184408  
4.996208605  
4.872359411  
0.08164812516  
-9.082019595  
-20.50275005  
-30.88584581  
-36.94024741  
-36.63741228  
-30.02694766  
-19.25889784  
-7.79146934  
0.8932053364  
4.538787517  
2.829395856  
-2.687272015  
-9.379230544  
-14.63276305  
-16.79425389  
-15.58522198  
-11.89640741  
-7.156053058  
-2.633921147  
0.9818990317  
3.587962022  
5.344230512  
6.292203417  
6.183034021  
4.635731171  
1.528375239  
-2.636651696  
-6.66402091  
-9.013548088  
-8.45061142  
-4.690876115  
1.309953001  
7.626892872  
12.13468057  
13.45233153  
11.6212578  
8.166920841  
5.464612084  
5.657317445  
9.602337384  
16.33890497  
23.35609868  
27.58857329  
26.73590157  
20.34053067  
10.14570806  
-0.4469221625  
-7.620375863  
-8.589801453  
-2.672275537  
8.444389359  
21.3271287  
32.05181061  
37.58256536  
36.74878676  
30.47845743  
21.25689575  
12.07838597  
5.328993779  
2.023189585  
1.639587256  
2.547879927  
2.79646166  
0.922726587  
-3.518084806  
-9.86377901  
-16.6690349  
-22.26544687  
-25.32061687  
-25.19667375  
-22.01529093  
-16.46237501  
-9.457387997  
-1.843358673  
5.782533984  
13.05584028  
19.69265561  
25.30148734  
29.27344606  
30.82891017  
29.22871519  
24.08304123  
15.63933789  
4.921762269  
-6.364414953  
-16.17306532  
-22.62250846  
-24.51817189  
-21.72332667  
-15.24511083  
-6.989488702  
0.753898322  
5.943416334  
7.337610761  
4.79521678  
-0.7660411565  
-7.726699791  
-14.30929513  
-19.12214508  
-21.52731338  
-21.72804705  
-20.57539108  
-19.18984949  
-18.54730985  
-19.17212616  
-21.02207169  
-23.56849236  
-26.00525615  
-27.48990588  
-27.33563324  
-25.1202983  
-20.72844644  
-14.36783669  
-6.590479513  
1.691752402  
9.246867209  
14.68003147  
16.73464972  
14.69104726  
8.737205632  
0.1443161857  
-8.889713379  
-15.76127055  
-18.23127619  
-15.20041959  
-7.196131993  
3.654995487  
14.22234711  
21.37064024  
23.02418407  
18.90259816  
10.63411564  
1.178758763  
-6.240727471  
-9.303133822  
-7.404861554  
-1.815569827  
4.880196724  
9.825587047  
10.99939644  
7.952076186  
1.893925848  
-4.870118129  
-9.89955017  
-11.56272468  
-9.586081187  
-5.012441347  
0.3681254286  
4.834405787  
7.431503763  
8.261869149  
8.279643667  
8.721525625  
10.4572184  
