36.30819964  
25.58280748  
8.101205125  
-11.95811272  
-29.8996589  
-41.94605292  
-46.26264298  
-43.25878657  
-35.13776835  
-24.9383145  
-15.46562665  
-8.499086143  
-4.508702527  
-2.888023812  
-2.514032606  
-2.349511829  
-1.835763956  
-0.9544677202  
-0.0004013488167  
0.7696436917  
1.410313122  
2.33889235  
4.136976526  
7.198422713  
11.39546325  
15.93488043  
19.50181701  
20.67122025  
18.45196578  
12.76062439  
4.628088979  
-3.975641338  
-10.68072624  
-13.46421688  
-11.35394883  
-4.829575839  
4.251980242  
13.21730506  
19.45142715  
21.28174806  
18.53957726  
12.57224262  
5.682861203  
0.2042876106  
-2.42652393  
-2.211008267  
-0.5111466338  
0.6290529487  
-0.5191068996  
-4.487653696  
-10.24933432  
-15.56257652  
-17.90420885  
-15.60015002  
-8.657848464  
1.083020733  
10.57627503  
16.72533365  
17.58502674  
13.09783752  
5.055132008  
-3.685625237  
-10.37220966  
-13.40107131  
-12.79254423  
-9.931109241  
-6.745079014  
-4.747115425  
-4.395918859  
-5.0578121  
-5.538402033  
-4.873136262  
-2.948336588  
-0.6256925854  
0.6930733866  
-0.1673259996  
-3.457886566  
-8.242858432  
-12.72052956  
-14.98316662  
-13.85480864  
-9.410700114  
-2.943155217  
3.589949663  
8.355817822  
10.30568522  
9.427470247  
6.54345103  
2.833022776  
-0.6288428276  
-3.08917236  
-4.051112514  
-3.085538384  
0.2332808806  
6.108001886  
14.07132408  
22.58852504  
29.06628813  
30.48808917  
24.58300787  
11.09334424  
-7.475088592  
-26.12805186  
-38.8005404  
-40.51256856  
-29.44779175  
-8.052415898  
17.43147816  
38.96943492  
49.58712075  
45.97545285  
29.79058639  
7.084262552  
-13.95041992  
-26.04282256  
-25.51100836  
-13.49174899  
4.707664462  
21.81195906  
31.40233645  
30.22888827  
19.1492658  
2.43874102  
-14.11658587  
-25.48721724  
-29.11695542  
-25.49791011  
-17.53611306  
-9.123868925  
-3.582170599  
-2.576989716  
-5.819117565  
-11.49508281  
-17.11292314  
-20.37561887  
-19.80198058  
-15.00317785  
-6.677603162  
3.562851684  
13.46821969  
20.53573445  
22.53676815  
18.15255661  
7.564466916  
-7.250768881  
-22.75480744  
-34.68574343  
-39.32457009  
-34.78187881  
-21.8083233  
-3.754297623  
14.39196494  
27.59296566  
32.41355646  
28.12418943  
16.84729936  
2.709370544  
-9.655159407  
-16.66784765  
-16.86482589  
-11.1120205  
-1.989608351  
7.327599988  
14.21716104  
17.36284918  
16.91076551  
14.08610244  
10.52314486  
7.616536642  
6.121517082  
6.076919468  
6.981116805  
8.078973534  
8.630295116  
8.095210457  
6.236735998  
3.168284045  
-0.6422525587  
-4.432329055  
-7.300128821  
-8.456710751  
-7.51470525  
-4.698899555  
-0.8580959119  
2.779475235  
5.053250761  
5.355978107  
3.94509109  
1.913791324  
0.7883783145  
1.882803441  
5.663384898  
11.39715056  
17.26007448  
20.9037738  
20.29321732  
14.51174235  
4.229887913  
-8.349173422  
-20.06980809  
-27.74898458  
-29.14996952  
-23.69549316  
-12.69790417  
0.9649993357  
13.63436881  
21.88842784  
23.50196924  
18.06915189  
7.102555487  
-6.431564555  
-19.01472432  
-27.64438714  
-30.72943783  
-28.50966341  
-22.8429464  
-16.42151803  
-11.69582281  
-9.913086226  
-10.65601964  
-12.08516075  
-11.80783114  
-8.026794746  
-0.481661844  
9.242913304  
18.21661487  
23.30068247  
22.46433076  
15.71866651  
5.246759966  
-5.360245645  
-12.46726018  
-13.80098844  
-9.311482019  
-1.13345633  
7.323611997  
12.75560455  
13.22256307  
8.768241349  
1.183448039  
-6.916841747  
-13.23864632  
-16.64372434  
-17.32430556  
-16.30660266  
-14.60156284  
-12.48200537  
-9.282955682  
-3.840240068  
4.657260546  
15.85545005  
27.92034627  
37.95157953  
43.0043628  
41.29395653  
33.04226384  
20.56198926  
7.499889453  
-2.471136084  
-6.978589918  
-5.754278407  
-0.6009363571  
5.436205325  
9.323285884  
9.191068117  
4.935222788  
-1.929138629  
-9.030563256  
-14.1526103  
-16.06068455  
-14.83573705  
-11.6465068  
-8.131937835  
-5.701236108  
-5.044785949  
-6.011893254  
-7.828999182  
-9.494102604  
-10.14517265  
-9.263128585  
-6.685823874  
-2.511258183  
2.994827937  
9.410220496  
16.0921193  
22.11761306  
26.32972297  
27.54468811  
24.88826306  
18.14529256  
7.973171017  
-4.133410927  
-16.14687124  
-25.99443585  
-32.07056938  
-33.60887218  
-30.80623258  
-24.68749159  
-16.78803659  
-8.777248971  
-2.135718676  
2.054194284  
3.207576864  
1.269641631  
-3.276489452  
-9.420369504  
-15.6908833  
-20.33697355  
-21.65571985  
-18.43549676  
-10.40194562  
1.498114502  
15.13042653  
27.59687888  
35.98480305  
38.23831184  
33.86334062  
24.19425931  
12.07526333  
1.009565975  
-5.96684096  
-7.302582046  
-3.463097211  
3.246195212  
9.537316229  
12.38981521  
10.23904427  
3.646943794  
-4.825067986  
-11.52842489  
-13.10963291  
-7.854603185  
3.517340993  
17.92856971  
30.88626142  
37.96645603  
