30.65141386  
32.29489914  
29.19073268  
22.92471689  
16.12073008  
11.38673889  
10.17864491  
12.0988188  
14.99603094  
15.89220157  
12.37710443  
3.864261952  
-7.882563502  
-19.2518673  
-26.16894438  
-25.8096674  
-17.91373604  
-5.107327414  
7.949921073  
16.28284429  
16.50185841  
8.12146936  
-6.230649414  
-21.78598026  
-33.38573333  
-37.31254301  
-32.5062762  
-20.74650021  
-5.811017416  
7.991393589  
17.3161124  
20.76113665  
19.03914019  
14.38707474  
9.52911185  
6.623065934  
6.561344757  
8.815097667  
11.79670282  
13.54969523  
12.5027984  
8.04495192  
0.7611099229  
-7.721800486  
-15.22368449  
-19.69275085  
-19.8815794  
-15.80708596  
-8.826927781  
-1.268834343  
4.305375448  
5.97629746  
3.176552154  
-3.047330351  
-10.35875514  
-15.96006625  
-17.63721806  
-14.62227655  
-7.925183281  
0.01558435975  
6.242719119  
8.399026186  
5.615104268  
-1.180564272  
-9.637984988  
-16.87771867  
-20.52773335  
-19.49691325  
-14.21164143  
-6.282554362  
2.197870253  
9.399061876  
14.2380305  
16.46371973  
16.39714075  
14.53284279  
11.23799225  
6.696771936  
1.092967462  
-5.113076969  
-11.00981333  
-15.30474958  
-16.65501939  
-14.1384407  
-7.668667411  
1.826691936  
12.55166575  
22.2707513  
28.87954866  
30.93834799  
28.02172939  
20.81204655  
10.94335992  
0.6551372412  
-7.665975502  
-11.98002416  
-11.04985951  
-4.779632191  
5.652753265  
17.94648208  
29.13915418  
36.31631721  
37.40406426  
31.80903626  
20.67537007  
6.626498861  
-6.97136892  
-17.00858872  
-21.56327507  
-20.43719652  
-15.10191009  
-8.076880883  
-1.977937769  
1.398324852  
1.605917067  
-0.4927847034  
-3.295409948  
-5.289745123  
-5.776840085  
-5.170988257  
-4.750391422  
-5.977097891  
-9.69948969  
-15.60789028  
-22.2069524  
-27.34134381  
-29.06232192  
-26.46316546  
-20.11396652  
-11.89400766  
-4.281370026  
0.601066083  
1.774554264  
-0.3078102061  
-4.08630591  
-7.668503218  
-9.686533513  
-9.840306501  
-8.883314479  
-8.077401725  
-8.401091051  
-9.918577339  
-11.64049145  
-11.96606222  
-9.503230204  
-3.862764237  
3.983169763  
11.98741582  
17.85505274  
20.0321367  
18.37960283  
14.19375061  
9.547903749  
6.269916995  
5.065094347  
5.239813663  
5.19126218  
3.438338721  
-0.328824432  
-4.752521687  
-7.194573668  
-4.909837043  
3.503404904  
17.07501199  
32.41378381  
44.77059567  
49.82846177  
45.4675347  
32.71932733  
15.45544494  
-1.090773739  
-12.34896426  
-16.11274712  
-13.19327835  
-6.776046941  
-0.8173412428  
1.760190343  
0.2487687487  
-3.792053751  
-7.569889153  
-8.626905841  
-6.150703816  
-1.387768515  
3.026446552  
4.471734402  
1.774493278  
-4.050097672  
-10.12400941  
-12.96276406  
-10.07954952  
-1.192838782  
11.51500794  
24.19464281  
32.80746197  
34.62021239  
29.08255272  
17.77268155  
3.536936458  
-10.70348721  
-22.9116315  
-32.27650592  
-38.90544217  
-43.16523674  
-45.11393034  
-44.36299353  
-40.42826543  
-33.32902603  
-24.03745733  
-14.45061336  
-6.813422349  
-2.827895895  
-2.877408862  
-5.770599607  
-9.174666864  
-10.57797155  
-8.360631734  
-2.489277695  
5.479271579  
13.08293679  
18.01112781  
19.05458865  
16.5333861  
12.03979972  
7.650729868  
4.994589991  
4.600382734  
5.80030084  
7.186268869  
7.368246778  
5.663343977  
2.406103514  
-1.231278569  
-3.786433904  
-4.143341409  
-1.966051823  
2.239200351  
7.413706043  
12.40957065  
16.39209468  
19.01009338  
20.30179884  
20.44352407  
19.51723201  
17.44261082  
14.11196292  
9.641000538  
4.573291783  
-0.1124410213  
-3.248153313  
-3.901861481  
-1.80639159  
2.408819687  
7.314782573  
11.10831887  
12.22428436  
9.906561954  
4.512910818  
-2.574907898  
-9.414865204  
-14.17664202  
-15.7738859  
-14.22246389  
-10.59333922  
-6.583326262  
-3.87122464  
-3.506160074  
-5.557906435  
-9.152336459  
-12.8628005  
-15.28920017  
-15.58916481  
-13.75437599  
-10.53811248  
-7.089058943  
-4.465797872  
-3.247105977  
-3.397395042  
-4.42127628  
-5.704351725  
-6.852903763  
-7.852142667  
-8.959898469  
-10.39179126  
-11.97160145  
-12.95384534  
-12.15729297  
-8.404272993  
-1.10503288  
9.265735953  
21.03776036  
31.67195153  
38.47447359  
39.46289835  
34.07172536  
23.43161834  
10.10583231  
-2.636999777  
-11.77232421  
-15.37857104  
-13.13541562  
-6.323864078  
2.640975533  
10.97077387  
16.31164791  
17.36301508  
14.15126128  
7.914625926  
0.66508208  
-5.429026196  
-8.663408386  
-8.257273877  
-4.538300539  
1.186997757  
7.034362227  
11.09928533  
12.01154988  
9.326322379  
3.637267702  
-3.620807554  
-10.61699448  
-15.67778867  
-17.77731365  
-16.81563224  
-13.60721237  
-9.593834254  
-6.379862593  
-5.235855437  
-6.717268122  
-10.50380997  
-15.49679973  
-20.13958615  
-22.86668741  
-22.55449425  
-18.84664355  
-12.25974674  
-4.036606873  
4.211479206  
10.96250768  
15.19270478  
16.59945023  
15.56526514  
12.88985834  
9.412118104  
5.692733267  
1.90133542  
-2.045135715  
-6.173654743  
-10.15376196  
-13.19358957  
-14.23603319  
-12.40291921  
-7.489067536  
-0.2470957703  
7.726020114  
14.51088974  
18.59841656  
19.50290245  
17.94841468  
15.50236166  
13.79614998  
13.69249112  
14.81592077  
15.71349137  
14.6107604  
10.42022331  
3.497362024  
-4.276757032  
-10.20179321  
-11.97753173  
-8.874174877  
-2.264859076  
4.804119713  
8.882195305  
7.68057987  
1.210301923  
-8.074721206  
-16.2543905  
-19.63963175  
-16.43207888  
-7.578351099  
3.595781082  
12.82566789  
16.77306364  
14.46310746  
7.634855433  
-0.1438716074  
-5.168547474  
-5.294826693  
-0.8497198902  
5.646152379  
10.77443986  
11.88123113  
8.29724365  
1.546116065  
-5.518970927  
-10.1845766  
-11.20283583  
-9.319644507  
-6.768317353  
-6.017622889  
-8.432282773  
-13.53380138  
-19.23160356  
-22.89368173  
-22.69904315  
-18.57484893  
-12.23780063  
-6.318251894  
-3.013054623  
-2.953687572  
-4.86919281  
-6.22619197  
-4.538529064  
1.296283079  
10.29601525  
19.68500458  
26.0581856  
26.88408195  
21.65659057  
12.17645941  
1.848583538  
-5.676223218  
-7.913515182  
-4.422369918  
3.171339651  
11.93698805  
18.80127094  
21.61035464  
19.70772859  
13.90232876  
5.96635856  
-2.048811603  
-8.401353499  
-12.00216618  
-12.51476784  
-10.30209917  
-6.306874002  
-1.886019311  
1.436764587  
2.329333953  
0.07371310802  
-5.089046907  
-11.87328975  
-18.24148533  
-22.03834139  
-21.75464216  
-17.1107925  
-9.194362653  
-0.06836412362  
7.995335388  
13.32553236  
15.35164178  
14.59197538  
12.18038594  
9.206354529  
6.224677701  
3.185486575  
-0.2060975354  
-3.938311948  
-7.30858587  
-8.989703014  
-7.587312487  
-2.446133318  
5.715151168  
14.72498633  
21.5799923  
23.56981306  
19.43832594  
10.05013725  
-1.781840075  
-12.29081923  
-18.18627165  
-17.92559701  
-12.28814746  
-4.006952099  
3.383204622  
6.99137602  
5.705422085  
0.5587559128  
-5.791940694  
-10.22586056  
-10.45263026  
-5.9138673  
2.044364281  
10.74956434  
17.25395996  
19.42017928  
16.6293401  
9.883746934  
1.327455553  
-6.57965129  
-11.90091083  
-13.7791078  
-12.55342168  
-9.455703279  
-6.048228997  
-3.63280971  
-2.84074315  
-3.524972827  
-4.956687171  
-6.220433735  
-6.638774912  
-6.05682755  
-4.878772163  
-3.848598094  
-3.672104856  
-4.645106091  
-6.454536599  
-8.250444826  
-8.971728049  
-7.795113477  
-4.516128351  
0.3063798989  
5.510352552  
9.729691772  
11.86148614  
11.40520786  
8.54525498  
3.975922862  
-1.410060727  
-6.795079962  
-11.54173476  
-15.11620167  
-16.93951795  
-16.33381424  
-12.68057821  
-5.771885209  
3.814730024  
14.56107939  
24.25654535  
