15.27278993  
14.48339193  
8.619167949  
-2.622071559  
-17.24843319  
-31.69276339  
-42.18355292  
-46.14300873  
-43.01307172  
-34.20939439  
-22.32183139  
-10.00934079  
0.8730962136  
9.559091229  
16.05057455  
20.49691688  
22.70821883  
22.12304108  
18.25859239  
11.36569301  
2.859809818  
-4.811524217  
-8.917805659  
-7.529128109  
-0.4425995322  
10.5077241  
21.9536038  
30.13531013  
32.21865559  
27.24418505  
16.34214093  
2.180586655  
-12.05492838  
-23.68493578  
-31.15864167  
-34.11555362  
-33.0111904  
-28.61451459  
-21.67862445  
-12.91594246  
-3.185796535  
6.340528678  
14.2524211  
19.25978128  
20.67995214  
18.76875173  
14.65962432  
9.874742014  
5.620301302  
2.229696797  
-0.9227012326  
-4.944597687  
-10.59798901  
-17.55238745  
-24.1546538  
-27.91953344  
-26.58256083  
-19.24454606  
-7.041769756  
7.038572481  
19.18853804  
26.23795386  
26.8990047  
22.23094471  
15.1078064  
8.929460311  
6.162892268  
7.368870645  
11.12845833  
14.85393323  
16.05961939  
13.47827267  
7.51963746  
-0.0841494969  
-7.199730246  
-12.27800544  
-14.91397426  
-15.74909419  
-15.84548423  
-15.93045977  
-15.95246003  
-15.18968046  
-12.82774536  
-8.650698682  
-3.42081001  
1.30853023  
3.886083673  
3.411933478  
0.2859715664  
-3.860456122  
-6.85102849  
-6.945458474  
-3.629791452  
2.179699066  
8.617813349  
13.78434498  
16.61732483  
17.27801225  
16.86057864  
16.59955256  
17.01772785  
17.49359712  
16.50858583  
12.47136712  
4.700194853  
-5.959614651  
-17.23707764  
-26.25224832  
-30.6789481  
-29.70033385  
-24.29662276  
-16.73289185  
-9.50796534  
-4.288956992  
-1.350550305  
0.2285098789  
1.755754677  
3.963154129  
6.431660261  
7.735510888  
6.255758824  
1.245992234  
-6.42599525  
-14.30180467  
-19.19488235  
-18.54371167  
-11.64157125  
-0.1518761851  
12.37348366  
21.80655341  
25.0411877  
21.19814867  
11.93201905  
0.7284391588  
-8.488062707  
-12.8395567  
-11.47168887  
-5.671141801  
1.847483134  
8.121505715  
11.07356835  
10.16465508  
6.380320569  
1.652361773  
-1.978864733  
-3.109408624  
-1.373058209  
2.577438189  
7.420713893  
11.67212319  
14.16290096  
14.36805072  
12.52297421  
9.522158426  
6.627119261  
5.043598508  
5.46902447  
7.751790429  
10.81270835  
12.92381675  
12.31712185  
7.941634447  
0.07267766239  
-9.525225145  
-18.04216715  
-22.5900219  
-21.3589347  
-14.49251891  
-4.268395945  
5.57587569  
11.17874221  
10.05465413  
2.15067958  
-10.00347228  
-22.15973853  
-29.9217233  
-30.40846125  
-23.34915705  
-11.17113401  
1.947528889  
11.67170093  
15.1092176  
11.79486953  
3.708516644  
-5.622477027  
-12.52730937  
-14.5251547  
-11.08701004  
-3.59880086  
5.363324241  
13.07584674  
17.58254108  
18.14969853  
15.17092031  
9.676814026  
2.750982709  
-4.853804536  
-12.7471844  
-20.62695387  
-27.90630135  
-33.49887066  
-35.93883978  
-33.84307847  
-26.54227012  
-14.59665785  
0.07435614522  
14.58152754  
25.89608349  
31.84286293  
31.875963  
27.30299174  
20.81647192  
15.4617409  
13.41697691  
15.07460219  
18.83318163  
21.74575524  
20.81809213  
14.45063489  
3.405458252  
-9.174072154  
-18.79709285  
-21.36904656  
-14.96225915  
-0.8560646712  
16.65777257  
31.71695562  
39.0561158  
36.03796612  
23.70046976  
6.35716262  
-10.10964151  
-20.56162924  
-22.55338091  
-17.10191817  
-7.978532397  
0.1210642743  
3.678809176  
1.773201215  
-3.80351286  
-9.726904629  
-12.99907848  
-12.54569202  
-9.747550824  
-7.635520302  
-9.149010415  
-15.34506174  
-24.50118159  
-32.64138196  
-35.31905354  
-29.84624369  
-16.88464308  
-0.5589918806  
13.0792248  
18.62601191  
13.79610956  
0.6386897844  
-15.12587387  
-26.43167773  
-27.87229492  
-18.06579644  
-0.3188735657  
18.72680145  
31.88688552  
34.44585365  
26.07320841  
10.82459723  
-4.736791308  
-14.43218191  
-15.07670895  
-7.666276737  
3.335424984  
12.22756371  
14.7699403  
10.11746083  
1.136600904  
-7.00164433  
-9.280704441  
-3.219092413  
9.899753278  
25.49034471  
37.60361829  
41.47896413  
35.59409368  
22.33332264  
7.002931673  
-4.370374471  
-7.5196282  
-1.664457369  
10.20899466  
22.59647377  
29.71178795  
27.79095832  
16.55084508  
-0.7425897442  
-18.57439331  
-31.29699526  
-35.22217099  
-29.89860438  
-18.13680581  
-4.841006374  
4.847244541  
7.363356612  
1.829269109  
-9.88947998  
-24.10083258  
-36.73598485  
-44.72700327  
-46.79892173  
-43.45343513  
-36.28167665  
-27.01480661  
-16.7935069  
-5.984209294  
5.42943711  
17.15609819  
28.04584635  
36.05882821  
38.87409716  
34.92061653  
24.35660696  
9.483875106  
-5.704862929  
-16.76824822  
-20.39369335  
-15.65993518  
-4.424637963  
9.370326894  
21.21961961  
27.77574973  
28.04569164  
23.55938325  
17.45866636  
12.93262267  
11.71223186  
13.30078326  
