30.37465558  
28.54222609  
23.19482058  
16.12111845  
9.340512971  
4.573085676  
2.801086543  
3.998875778  
7.118172586  
10.3961218  
11.97149511  
10.65696259  
6.585894158  
1.415138632  
-2.118641237  
-1.237866557  
5.58645095  
17.63097552  
31.70879108  
42.98128884  
46.59714162  
39.56600609  
22.10392956  
-2.160860283  
-27.2911579  
-47.0766115  
-57.21267307  
-56.74452248  
-48.18944428  
-36.29981034  
-26.00186001  
-20.38637164  
-19.58824628  
-20.99300577  
-20.62724646  
-15.08905475  
-3.166839627  
13.53518133  
31.19086032  
45.26058966  
52.23827283  
50.90287115  
42.59809533  
30.50629561  
18.30106218  
8.781790893  
3.035531955  
0.3895735938  
-0.9395972185  
-2.869132956  
-6.591452785  
-12.16118744  
-18.61397938  
-24.46791453  
-28.3309166  
-29.35381212  
-27.39491909  
-22.91774035  
-16.74900939  
-9.840790011  
-3.120638953  
2.572656708  
6.526862271  
8.227606133  
7.473778673  
4.488709607  
-0.05009450991  
-5.11890788  
-9.588008315  
-12.52303495  
-13.44065572  
-12.42757612  
-10.08679005  
-7.343263354  
-5.185363388  
-4.424109306  
-5.523502381  
-8.515143461  
-12.9853641  
-18.12248531  
-22.82885611  
-25.91213876  
-26.355578  
-23.623464  
-17.90878584  
-10.20719056  
-2.132650644  
4.522403265  
8.366916698  
8.928431374  
6.892971827  
3.934856272  
2.15695146  
3.325555576  
8.185649888  
16.13149426  
25.37930829  
33.5928205  
38.72751493  
39.76684915  
37.06269074  
32.15027627  
27.11765492  
23.78499592  
23.0177617  
24.43432482  
26.60459327  
27.64142273  
25.94299779  
20.80378989  
12.68312177  
3.06423472  
-6.01196057  
-12.55368494  
-15.16391088  
-13.37878481  
-7.746325677  
0.3230770853  
8.858039918  
15.70149233  
18.90504777  
17.10633653  
9.850645468  
-2.202741204  
-17.26689517  
-32.67110505  
-45.3698144  
-52.63445256  
-52.75743074  
-45.55447057  
-32.48464686  
-16.31567267  
-0.4127894389  
12.13740429  
19.29341699  
20.4786673  
16.54239924  
9.31328492  
0.935185192  
-6.768130515  
-12.69179019  
-16.52134141  
-18.52233692  
-19.19537984  
-18.96872626  
-18.04938301  
-16.45747437  
-14.17575845  
-11.30221673  
-8.109495261  
-4.98065335  
-2.262922415  
-0.1265930154  
1.490232069  
2.819677103  
4.117241242  
5.508445493  
6.908449117  
8.056428259  
8.646655594  
8.491632355  
7.639841874  
6.396022972  
5.240405078  
4.685951888  
5.131794139  
6.75791452  
9.476435543  
12.92885283  
16.51187145  
19.43025708  
20.79437567  
19.78556876  
15.88555829  
9.119389147  
0.2164270794  
-9.415103974  
-17.95709056  
-23.65745098  
-25.37192286  
-22.96900808  
-17.41592746  
-10.47138289  
-4.070776606  
0.3704613319  
2.453918036  
2.880211659  
3.067989981  
4.462339429  
7.829209156  
12.8499717  
18.20783283  
22.14271202  
23.24040102  
21.10874024  
16.63436133  
11.6924838  
8.420165491  
8.355450999  
11.80256223  
17.68395306  
23.92844227  
28.21822773  
28.77883234  
24.90071498  
17.02264913  
6.409963328  
-5.370903591  
-16.92271476  
-27.24618392  
-35.69588216  
-41.78511658  
-45.0336626  
-45.00451083  
-41.543101  
-35.08385059  
-26.81247824  
-18.51499719  
-12.09090938  
-8.889332649  
-9.148121012  
-11.80940505  
-14.84307317  
-15.98932551  
-13.63676249  
-7.473879508  
1.366035199  
10.73685911  
18.31213728  
22.47101933  
22.87026498  
20.47700668  
17.07305374  
14.4675513  
13.76808243  
15.01421411  
17.30035553  
19.28975478  
19.85568394  
18.55017166  
15.70501755  
12.15842097  
8.777590419  
6.033417586  
3.836869176  
1.701673576  
-0.8733414835  
-4.019394857  
-7.324192557  
-9.972585292  
-11.14042409  
-10.44929666  
-8.251241446  
-5.589254729  
-3.829408919  
-4.113811214  
-6.868706407  
-11.57883445  
-16.92540057  
-21.23203118  
-23.04264033  
-21.61546037  
-17.16516507  
-10.7940487  
-4.162816351  
0.9754528989  
3.241431677  
1.990006244  
-2.495771445  
-9.004553022  
-15.60212568  
-20.03906969  
-20.32235795  
-15.3480351  
-5.420967506  
7.548330127  
20.33541122  
29.20876094  
31.07951085  
24.63977494  
11.06257891  
-6.070583239  
-21.69664398  
-30.81178077  
-30.11923716  
-19.19152832  
-0.7006552638  
20.39645152  
38.43742013  
48.83209288  
49.40714156  
40.87456344  
26.3344394  
10.08874072  
-3.732255194  
-12.23310051  
-14.21348736  
-10.03055847  
-1.105868277  
10.60452154  
22.9603831  
33.79045816  
40.99945421  
42.81418872  
38.23408202  
27.54918466  
12.63407739  
-3.268744076  
-16.37019063  
-23.55405044  
-23.53262308  
-17.41511052  
-8.359625292  
-0.3655160355  
3.334706554  
1.60143614  
-4.167667149  
-10.70405543  
-14.3759074  
-12.87330181  
-6.309608575  
2.766433769  
10.4573394  
13.20531375  
9.310905504  
-0.4018907074  
-13.04891601  
-25.0201222  
-33.52884582  
-37.64524069  
-38.36269871  
-37.73516996  
-37.57770181  
-38.41585859  
-39.21472841  
-37.99940043  
-33.01538246  
-23.80695061  
-11.64692938  
0.9012742796  
11.05558305  
16.9661569  
18.36536134  
16.41771123  
12.90161926  
9.205590922  
5.703367413  
1.842740119  
-3.132441841  
-9.280123824  
-15.45192016  
-19.54783358  
-19.47352993  
-14.31740358  
-5.085732411  
5.486064846  
14.06393261  
18.29075461  
18.01930038  
15.5206638  
14.46097159  
18.06001604  
27.30128892  
40.10564593  
51.96738526  
57.85916693  
54.57480191  
42.41339252  
25.36152003  
9.600326873  
0.9417240275  
2.314875768  
12.43068218  
26.23656581  
36.97637121  
38.95883498  
29.83950866  
11.4658414  
-11.00550663  
-31.25057307  
-44.19977343  
-47.71791425  
-42.93259605  
-33.24870159  
-22.65003824  
-14.11903302  
-8.827699447  
-6.295776622  
-5.228919773  
-4.476671019  
-3.600158586  
-2.843544067  
-2.673353913  
-3.275244722  
-4.369701199  
-5.463439885  
-6.347374004  
-7.47383826  
-9.896791117  
-14.71524186  
-22.27284653  
-31.55512413  
-40.17585789  
-45.06861948  
-43.64045425  
-34.88785243  
-19.96068476  
-1.899262908  
15.35442016  
28.24548431  
34.65535744  
34.31596437  
28.51407335  
19.33658054  
8.87762019  
-1.232763004  
-9.857013088  
-16.08860215  
-19.00882855  
-17.72519079  
-11.74438429  
-1.483702558  
11.4146499  
24.24577788  
33.93134001  
38.00631276  
35.49256462  
27.26890442  
15.76263023  
4.091328405  
-4.976763767  
-9.818301209  
-10.22479781  
-7.129097144  
-2.013287125  
3.675234803  
8.848862155  
12.79058847  
14.98699005  
15.0021733  
12.54167419  
7.689619961  
1.146792996  
-5.745679615  
-11.31016806  
-14.08726516  
-13.39782304  
-9.630430549  
-4.092247438  
1.518569981  
5.763766948  
7.922537195  
8.052320174  
6.677439816  
4.340390222  
1.320624888  
-2.293982529  
-6.24102179  
-9.705060212  
-11.26934338  
-9.379694356  
-3.191249494  
6.62319222  
17.61445726  
26.16241813  
28.84051735  
23.99632602  
12.78666341  
-0.9420875301  
-12.04592868  
-16.24776787  
-12.13387272  
-2.021122006  
8.81804649  
14.34754343  
10.46404224  
-3.0132031  
-22.01190977  
-39.76538158  
-49.62750302  
-47.91051932  
-35.46945695  
-17.30483063  
-0.3512561976  
9.552023334  
10.14009014  
3.540074609  
-4.912904287  
-9.283253905  
-5.84687356  
5.179288223  
19.75114073  
31.85470531  
36.21658589  
30.62309831  
16.83103975  
-0.2669196045  
-14.76172017  
-22.13077984  
-20.87174784  
-12.74390439  
-1.669592112  
8.064882314  
13.43658875  
13.46815535  
8.983697411  
1.673510812  
-6.913420529  
-15.89893001  
-24.92740793  
-33.56337055  
-40.72185279  
-44.58710539  
-43.17844045  
-35.32925732  
-21.57247481  
-4.420565946  
12.20341086  
24.22165623  
28.84328091  
25.58489987  
16.43950836  
5.13018797  
-4.231471302  
-8.538592431  
-6.612687928  
0.6279601534  
10.7173271  
20.60993241  
27.67213544  
