29.5417592  
21.037297  
8.275921719  
-6.428994339  
-19.88937341  
-29.21545076  
-32.71726734  
-30.24683471  
-22.9680806  
-12.76650184  
-1.600027799  
8.965288044  
17.93695803  
24.84516217  
29.58813757  
32.29289099  
33.23953584  
32.82330214  
31.4969636  
29.66118113  
27.5276111  
25.02532346  
21.82123575  
17.47403037  
11.66780762  
4.419321492  
-3.844093985  
-12.37781369  
-20.33807709  
-27.012877  
-31.94894524  
-34.9214706  
-35.79160831  
-34.37471086  
-30.45042028  
-23.97042086  
-15.39323725  
-5.964616715  
2.266817172  
6.822774723  
5.507974733  
-2.774023137  
-17.44123382  
-36.18623941  
-55.5635195  
-72.04360124  
-83.13801617  
-88.12712132  
-88.05624091  
-84.96738306  
-80.67937556  
-75.66442389  
-68.57433771  
-56.7204961  
-37.39816808  
-9.538836776  
25.03929073  
61.42215418  
92.68756767  
112.0144792  
115.0746343  
101.7795754  
76.6390802  
47.48901439  
22.97555508  
9.686242927  
9.985817879  
21.37024403  
37.58326291  
51.07096875  
55.84420746  
49.67492777  
34.82247594  
17.05637611  
3.384909439  
-0.6347501662  
6.992038469  
23.90966762  
44.18514964  
60.31735037  
65.75044534  
57.03455754  
34.94862832  
4.279375345  
-27.6136475  
-52.96474155  
-65.84310644  
-63.83222448  
-48.69724033  
-25.87175591  
-2.904589762  
12.72162394  
15.80758088  
5.055347241  
-16.4232005  
-41.93190795  
-63.18099445  
-72.88314136  
-67.14185458  
-46.81979406  
-17.36559321  
12.91039362  
35.56302048  
44.80093369  
39.34047193  
22.65299906  
1.530635224  
-16.46821127  
-25.7105816  
-24.30692997  
-14.4184935  
-1.039303147  
10.16154689  
15.01919763  
12.22370631  
3.407826532  
-7.898677291  
-17.86584901  
-23.77804391  
-24.72326566  
-21.42590311  
-15.50405988  
-8.646586755  
-2.134107451  
3.160064809  
6.480070491  
6.974496968  
3.851734482  
-3.08424529  
-12.82017332  
-22.90092135  
-29.91750002  
-30.698503  
-23.76701418  
-10.37380919  
5.50251063  
18.38411652  
23.37385854  
18.24990605  
4.63453089  
-12.37025171  
-26.04163737  
-30.67924207  
-23.93585351  
-7.832792704  
11.998772  
28.54928988  
36.20232099  
32.8915763  
20.77648628  
5.224575065  
-7.387604894  
-12.08208746  
-6.912587833  
6.738768127  
25.13307856  
43.81241605  
59.10250649  
68.8772883  
72.4429262  
69.86779791  
61.32259962  
46.89666985  
26.99927665  
3.049020843  
-22.07075432  
-44.2305279  
-59.04173514  
-63.27903522  
-56.12738103  
-39.66709479  
-18.33125759  
2.469665257  
17.99101965  
25.40348093  
24.20448011  
15.76247208  
2.360895166  
-13.71075906  
-30.5890399  
-46.69680257  
-60.30049252  
-69.22047938  
-71.0604691  
-63.99879425  
-47.80935561  
-24.56060822  
1.48757216  
24.92704299  
40.87066651  
46.60027316  
42.50361767  
31.89255586  
19.77115681  
11.06930175  
9.062770346  
14.57593022  
26.17752478  
41.12926125  
56.5485205  
70.23291007  
80.84978897  
87.56810703  
89.50435527  
85.41810372  
73.91044853  
54.05934726  
26.15402578  
-7.889271634  
-44.69231655  
-80.1247279  
-110.2459855  
-132.0660767  
-143.8366302  
-144.8637686  
-135.1057537  
-114.9253211  
-85.24122418  
-48.03127243  
-6.843296855  
33.1492227  
65.86452411  
85.75648465  
89.53265215  
77.45436163  
53.60028947  
24.8521237  
-1.114191355  
-18.11752103  
-23.19296308  
-17.13034335  
-3.71017754  
11.95067278  
25.20420405  
33.10719295  
34.70500685  
30.46271108  
21.32894986  
8.02938095  
-9.018582482  
-29.17707291  
-50.83542342  
-70.98871051  
-85.56420695  
-90.53650862  
-83.44715009  
-64.67861067  
-37.86452726  
-9.137141936  
14.6159463  
27.90033607  
28.40274911  
17.77536502  
1.137823015  
-14.52850123  
-22.55648516  
-18.64544142  
-2.178214931  
23.55046094  
52.21896847  
76.20778091  
88.70581118  
85.65058764  
66.99852309  
36.96145869  
3.076872987  
-25.72810733  
-41.61562844  
-40.17198606  
-21.8621196  
7.941284117  
40.48503782  
66.3243185  
78.33034781  
73.99035907  
56.16264528  
31.97315059  
10.21823732  
-1.792059478  
-0.7917668776  
11.41933147  
28.8362281  
43.61483257  
49.0045686  
41.73068095  
22.97778142  
-2.287009689  
-27.26328227  
-45.70492378  
-53.8359213  
-51.17366771  
-40.1359841  
-24.78361112  
-9.309640048  
3.142135655  
11.00645738  
14.17827437  
13.49488872  
10.13251521  
5.139107585  
-0.8324619448  
-7.63870683  
-15.66541535  
-25.74115865  
-38.86583759  
-55.69437337  
-75.84555605  
-97.28637123  
-116.1575394  
-127.3474357  
-125.8606444  
-108.6510703  
-76.26552822  
-33.55550291  
11.04670808  
47.67747268  
68.01354918  
68.04518895  
49.5944825  
19.92146356  
-10.5428067  
-31.57678448  
-36.45762285  
-23.97636203  
1.517212205  
31.98027774  
58.67722654  
75.14973998  
79.07521665  
72.43351175  
60.09649099  
47.55011765  
38.72275544  
34.74537595  
34.007731  
33.31584387  
