-5.150956608  
-11.91118227  
-18.6961275  
-24.54938472  
-28.26420365  
-28.71455951  
-25.27842945  
-18.21692054  
-8.841193241  
0.6630953043  
7.773330324  
10.40057744  
7.638257663  
0.1953031376  
-9.697784739  
-18.93671859  
-24.55217922  
-24.7242415  
-19.41797321  
-10.38489038  
-0.5157328603  
7.212236723  
10.78616564  
9.801284385  
5.462343299  
-0.02537794056  
-4.394254924  
-6.177951377  
-5.151057047  
-2.199959599  
1.261308055  
4.020758001  
5.590751742  
6.292573845  
6.899973099  
8.058386352  
9.803699637  
11.44741287  
11.90224306  
10.29057866  
6.520547054  
1.513704548  
-3.072700977  
-5.53836442  
-4.942450029  
-1.633018128  
2.774858238  
6.007634366  
6.090736871  
2.24343841  
-4.691790425  
-12.49527815  
-18.40756373  
-20.21219727  
-17.10560059  
-9.986409625  
-1.048993897  
7.131915018  
12.6221216  
14.8156108  
14.50831883  
13.35578734  
12.9839228  
14.16695771  
16.44343758  
18.33485699  
18.05822776  
14.40731372  
7.409124794  
-1.531646255  
-10.06302507  
-15.70986409  
-16.75676802  
-12.84619323  
-5.081455157  
4.370482436  
12.99221549  
18.66595544  
20.20545925  
17.53300298  
11.51379174  
3.575518421  
-4.71767479  
-12.00129  
-17.29591222  
-20.05613749  
-20.13660356  
-17.72955001  
-13.2998314  
-7.516983182  
-1.172252893  
4.920252549  
10.02431257  
13.56110462  
15.15429462  
14.64687116  
12.11119615  
7.869157896  
2.514241605  
-3.102743483  
-7.974391267  
-11.14941933  
-12.02544435  
-10.62288497  
-7.707137941  
-4.652184332  
-3.031545921  
-4.04644579  
-8.003038852  
-14.0710357  
-20.47177589  
-25.0772187  
-26.21779285  
-23.38116046  
-17.49527974  
-10.63927995  
-5.256447719  
-3.16333915  
-4.756637791  
-8.763209736  
-12.67103944  
-13.70339216  
-9.968025522  
-1.326902492  
10.37276811  
21.82301627  
29.36105058  
30.25868212  
23.72637308  
11.26967433  
-3.728591232  
-17.05265601  
-24.96870596  
-25.37701452  
-18.4399193  
-6.504873526  
6.633327594  
16.89436484  
21.14717827  
18.15967581  
8.988398508  
-3.309978093  
-14.57784887  
-20.82168968  
-19.4778502  
-10.28617632  
4.532355431  
20.8990805  
34.14910481  
40.55879588  
38.61242477  
29.54086158  
16.90062396  
5.306230034  
-1.238575454  
-0.7879191886  
5.885498316  
15.68536926  
24.49373388  
28.85482414  
27.35057447  
21.0984408  
13.171776  
7.203474159  
5.787664113  
9.37870424  
16.160533  
22.92087125  
26.50930209  
25.19709087  
19.31069495  
10.86156273  
2.375695898  
-4.483621129  
-9.800073019  
-15.32558736  
-23.43687489  
-35.60939745  
-51.16089176  
-66.93298182  
-78.17111462  
-80.30910449  
-70.92264727  
-50.99322906  
-24.88933036  
0.9892143886  
20.38316753  
29.29008838  
27.18213397  
16.87714764  
3.193456294  
-8.980567566  
-16.36851501  
-18.08163439  
-15.28681667  
-10.08147179  
-4.221376969  
1.64985792  
7.933846282  
15.29822291  
23.6879098  
31.73643004  
36.97424777  
36.80815959  
29.82485317  
16.76593644  
0.6384783079  
-14.18646202  
-23.55603068  
-25.1288924  
-19.27573268  
-8.875916615  
1.914801335  
9.392528266  
11.77903376  
9.809207723  
6.201639206  
4.276799519  
6.354988087  
12.64283956  
21.07919234  
28.17528927  
30.45259643  
25.84586032  
14.49202701  
-1.37286914  
-18.28869101  
-32.7858573  
-42.41592027  
-46.22234313  
-44.57517779  
-38.58810832  
-29.49061069  
-18.27909614  
-5.764291353  
7.115658293  
19.00290501  
28.122413  
32.68278186  
31.54170701  
24.82495127  
14.16309113  
2.357951893  
-7.457529231  
-12.86296336  
-12.98311991  
-8.764729677  
-2.57519881  
2.72163836  
4.846557527  
2.921339567  
-2.282144816  
-8.725445987  
-13.93444842  
-15.93126381  
-13.90946847  
-8.424888703  
-1.081449716  
6.115302756  
11.46021391  
14.04520609  
13.90372485  
11.80910896  
8.86090119  
6.047277731  
3.946123555  
2.644217876  
1.858273828  
1.17080059  
0.2713454209  
-0.8846584346  
-2.039407605  
-2.709911855  
-2.337826406  
-0.4603850575  
3.141987433  
8.351712537  
14.69020182  
21.36918604  
27.41275577  
31.83309505  
33.82910801  
32.96478714  
29.27973677  
23.29408627  
15.89416892  
8.119598862  
0.9056490267  
-5.143575744  
-9.876970022  
-13.56526954  
-16.71619035  
-19.78993766  
-22.91387735  
-25.71143234  
-27.33675562  
-26.74353978  
-23.12916652  
-16.41293534  
-7.561649804  
1.405399373  
7.811984669  
9.063555141  
3.529332806  
-8.723195672  
-25.62896393  
-43.4359087  
-57.60589774  
-64.07392382  
-60.48181554  
-46.97663636  
-26.28227474  
-2.98551483  
17.75772502  
31.68833866  
36.61296631  
32.90896541  
23.22926831  
11.54283995  
1.860775229  
-2.921861298  
-1.713997873  
4.716474902  
14.25263465  
24.25727033  
32.40478547  
37.25350431  
38.43032493  
36.45606051  
32.35206125  
27.2064608  
21.84377505  
16.66779236  
11.67429814  
6.585710567  
1.04933082  
