40.74824901  
43.79899602  
38.58569782  
26.22396719  
10.09472115  
-5.160878539  
-15.28014925  
-18.06710563  
-14.39441475  
-7.961687905  
-3.743412039  
-5.675232133  
-14.57669236  
-27.33818256  
-37.92820234  
-39.97013975  
-29.85038144  
-8.940391239  
16.22351403  
36.1190871  
42.02213095  
29.83210403  
2.23191942  
-31.8930758  
-60.68686475  
-73.93428605  
-67.1252022  
-43.23159392  
-11.42663825  
16.70544209  
31.83900854  
30.47498956  
15.9520605  
-3.401793731  
-18.03620149  
-21.15088914  
-11.18466621  
8.096451879  
29.70799627  
46.60878359  
54.43145543  
52.66582243  
44.01890229  
32.55050374  
21.6664727  
12.95216944  
6.252500531  
0.6923493802  
-4.135219701  
-7.584689749  
-8.315163177  
-5.328876723  
0.9918846203  
8.547051955  
14.18561954  
15.10541322  
10.27297436  
1.092566104  
-9.086037507  
-16.43815498  
-18.41709685  
-14.9307057  
-8.357432407  
-2.390920909  
-0.2792662283  
-3.315861006  
-10.30000577  
-18.19554453  
-23.62745845  
-24.46505233  
-20.73220548  
-14.44937258  
-8.549353631  
-5.447894115  
-5.97653969  
-9.158242518  
-12.86013962  
-14.92908806  
-14.21659182  
-11.00898739  
-6.718317135  
-3.065833504  
-1.214030632  
-1.274323529  
-2.379875506  
-3.209935615  
-2.646422234  
-0.23099026  
3.750624604  
8.50769714  
13.10461315  
16.73045417  
18.78427438  
18.83698924  
16.61350837  
12.10076076  
5.755610681  
-1.341936073  
-7.574929835  
-11.19542224  
-10.94010358  
-6.583964828  
0.8674517003  
9.502032735  
17.24125586  
22.66630053  
25.52562242  
26.65790885  
27.35628734  
28.49713958  
29.89933513  
30.28105993  
27.88033591  
21.45328893  
11.1431445  
-1.252821445  
-12.81011003  
-20.59808797  
-22.89083423  
-19.90247246  
-13.69856352  
-7.323011984  
-3.545512398  
-3.797917263  
-7.753378435  
-13.67701664  
-19.31086104  
-22.83274211  
-23.45054068  
-21.42893979  
-17.65765968  
-13.08621696  
-8.363257659  
-3.839697996  
0.1614660293  
3.080657406  
4.126167812  
2.625623649  
-1.448419054  
-7.112670211  
-12.46592269  
-15.31359873  
-14.09499337  
-8.679119608  
-0.605414399  
7.411577258  
12.53714958  
12.96691119  
8.641894739  
1.197917452  
-6.813911046  
-13.04688811  
-16.27641797  
-16.69348029  
-15.48242126  
-13.95871941  
-12.75384204  
-11.48519087  
-9.068463048  
-4.474841887  
2.50531282  
10.92748507  
18.98137255  
24.7540163  
27.05922446  
25.89308188  
22.28468619  
17.64734798  
13.0106093  
8.574156377  
3.836021586  
-1.789223405  
-8.241651892  
-14.44355385  
-18.56943441  
-18.88791675  
-14.76192611  
-7.256546924  
1.038541035  
6.982105521  
8.242190359  
4.40464901  
-2.727176311  
-9.829941816  
-13.46457991  
-11.55009014  
-4.227931079  
6.272634941  
16.67970258  
24.11733506  
27.25079023  
26.62266857  
24.08240048  
21.66160444  
20.50500355  
20.40331558  
20.13526999  
18.38879706  
14.72664109  
10.04321381  
6.234393421  
5.225040065  
7.849957014  
13.18255674  
18.69860367  
21.25466019  
18.45472111  
9.775309348  
-3.081182537  
-16.78429189  
-27.66957072  
-33.16392679  
-32.73033609  
-27.94748684  
-21.72952055  
-17.05591261  
-15.76573376  
-17.90457806  
-21.84697667  
-25.08316589  
-25.30371063  
-21.33440192  
-13.5784762  
-3.844276299  
5.325516327  
11.54504608  
13.37571122  
10.76236143  
4.99872512  
-1.740888739  
-7.138581459  
-9.497634975  
-8.286146618  
-4.273034951  
0.8033020902  
4.932241505  
6.646557347  
5.63769298  
2.901378955  
0.3161174865  
-0.2048637306  
2.35871451  
7.545224424  
13.46389344  
17.52120817  
17.5388957  
12.77277553  
4.349986953  
-5.116723927  
-12.60437049  
-15.97619897  
-14.90279946  
-10.96435815  
-6.867178945  
-5.130205072  
-6.86211604  
-11.21989965  
-15.81870734  
-17.90374197  
-15.71923038  
-9.40737256  
-0.9967439175  
6.5155885  
10.53606031  
10.02910735  
5.895977107  
0.4144198442  
-3.950932732  
-5.746658803  
-5.1263548  
-3.560454379  
-2.847707775  
-3.988162103  
-6.549504267  
-8.892554205  
-9.151295167  
-6.43602759  
-1.576811316  
3.063584602  
4.697705366  
1.630963357  
-5.585689145  
-14.01392572  
-19.37541134  
-17.87909178  
-8.008063917  
8.578721908  
27.48925242  
43.22732807  
51.29984018  
49.87651274  
40.29576981  
26.25758197  
12.14670261  
1.302021473  
-4.989517344  
-7.403361329  
-7.586098016  
-6.890050805  
-5.5496485  
-2.729152245  
2.631200019  
10.69380076  
20.01090036  
27.6970679  
30.49432822  
26.25354732  
15.10788607  
-0.2690376915  
-15.50171074  
-26.10918428  
-29.16343735  
-24.29270911  
-13.63194393  
-0.8138448909  
10.48507983  
17.77950756  
20.30343275  
18.7352371  
14.41803666  
8.571936883  
1.911021974  
-5.219040678  
-12.39724766  
-18.76933647  
-23.095329  
-24.24967237  
-21.90957513  
-17.00190068  
-11.56392661  
-7.973587782  
-7.861074869  
-11.23032639  
-16.26550493  
-19.98845209  
-19.51680463  
-13.36194278  
-2.165154016  
11.47382362  
23.99380141  
32.22649088  
34.49024517  
30.96149335  
23.24009973  
13.42345879  
3.217173329  
-6.467329292  
-15.29581195  
-22.9189357  
-28.47326409  
-30.58729566  
-27.99310574  
-20.44871173  
-9.422662923  
1.962993186  
9.890051911  
11.38083032  
5.729137204  
-4.901742876  
-16.10988037  
-22.94733481  
-21.98085713  
-12.80386117  
1.710525254  
16.57004773  
26.74482927  
29.24644496  
24.27770695  
14.95651803  
5.776538888  
0.5433435018  
0.742650853  
5.061485001  
10.21651879  
12.62640348  
10.09638957  
2.729595591  
-7.298481932  
-16.89400228  
-23.48597487  
-26.02795288  
-25.11968676  
-22.29942641  
-18.98820915  
-15.71430741  
-12.04262327  
-7.201456346  
-0.9829521971  
5.676198181  
10.85323185  
12.53060423  
9.770010698  
3.504408025  
-3.568388577  
-8.059332436  
-7.475402371  
-1.546966863  
7.412792789  
15.38650382  
18.4344654  
14.57458659  
4.862707151  
-6.878680008  
-15.60881934  
-17.21431384  
-10.28266843  
3.29557334  
19.14800188  
32.25775107  
38.9579236  
38.19100096  
31.53141852  
22.07952409  
12.85896911  
5.535377833  
0.04549936108  
-4.782854963  
-10.05806944  
-15.80103359  
-20.65595084  
-22.49948832  
-19.61560959  
-11.79368348  
-0.7437160222  
10.42255646  
18.41236014  
21.08551385  
18.26299764  
11.64951723  
3.958562989  
-2.287616143  
-5.687519335  
-6.214816579  
-4.780208303  
-2.451461077  
0.1690973588  
3.053114036  
6.328299656  
9.664941748  
11.9385446  
11.49247279  
6.963664797  
-1.736884855  
-12.86397534  
-23.12256772  
-28.81284799  
-27.3906191  
-18.72778981  
-5.43581766  
7.979935524  
16.8237984  
18.04725675  
11.4205908  
-0.4601279002  
-13.29591464  
-22.80161059  
-26.2491038  
-23.21035503  
-15.29681694  
-5.171679784  
4.59402362  
12.27538666  
17.11283697  
18.94276397  
17.74261386  
13.47681738  
6.365584787  
-2.644657012  
-11.63383303  
-18.0351173  
-19.55980951  
-15.34270543  
-6.694453456  
3.059633532  
9.763406038  
10.20984733  
3.712006834  
-7.338304343  
-18.30718738  
-24.27737755  
-22.27962722  
-12.75262254  
0.5056074438  
11.94657119  
16.74921362  
13.0375528  
2.798462035  
-8.951604301  
-16.38913398  
-15.48366618  
-5.787923738  
9.38717593  
24.46272536  
34.03279346  
35.12759394  
28.29483574  
17.08058531  
6.244269778  
-0.3993585392  
-1.509607309  
1.515426034  
5.536524027  
7.343807505  
5.151573022  
-0.7624738109  
-8.472440232  
-15.54092537  
-20.22721922  
-22.15410367  
-22.16191651  
-21.52637476  
-21.03356962  
-20.44075048  
-18.60779432  
-14.20937093  
-6.63227535  
3.422322346  
13.95005167  
22.27781034  
26.04011069  
24.0795486  
16.91726309  
6.644586035  
-3.681101948  
-10.90107094  
-12.61384712  
-7.820611234  
2.762416426  
16.78016913  
30.71835642  
