59.07590974  
73.57214451  
79.52026922  
77.94990422  
71.36557411  
62.43283728  
52.86418291  
42.96760097  
31.99796318  
19.0797974  
4.213581529  
-11.15201782  
-24.29152302  
-32.07776127  
-32.1875729  
-24.1013275  
-9.440551344  
8.52031392  
25.96264118  
39.77000059  
48.37406592  
51.85675521  
51.32079814  
47.89024996  
41.87729628  
32.56491669  
18.74305176  
-0.2542593373  
-23.54213384  
-48.26583536  
-70.07830489  
-84.40896789  
-88.03444064  
-80.29128294  
-63.40242741  
-41.76428913  
-20.48921247  
-3.807764533  
6.034520214  
9.008044116  
6.693466167  
1.241324253  
-5.555412567  
-12.66397689  
-19.60853789  
-25.92615998  
-30.72303045  
-32.68761106  
-30.62327073  
-24.22303601  
-14.61711802  
-4.292941706  
3.704133202  
6.991769373  
4.931304147  
-0.9805459581  
-7.657601072  
-11.70843684  
-10.8878555  
-5.042732129  
3.892452843  
12.8404101  
19.00170016  
21.05751088  
19.57843451  
16.46887086  
13.76633618  
12.44239329  
11.84462728  
10.08389178  
5.172750338  
-3.680495877  
-15.31694756  
-26.84797157  
-34.79677801  
-36.63431303  
-31.96620335  
-22.7829929  
-12.63465758  
-5.111144218  
-2.343087265  
-4.216238864  
-8.635950692  
-12.66472498  
-13.94686908  
-11.72790216  
-7.016045942  
-1.885072618  
1.6561394  
2.617235218  
1.33529731  
-0.9502455024  
-2.941098901  
-4.014875413  
-4.417058226  
-4.814784872  
-5.510078411  
-5.833481411  
-4.160043278  
1.356603304  
11.66714259  
25.93479205  
41.4286427  
54.39509023  
61.58776094  
61.74767444  
56.27508621  
48.67531565  
42.94595327  
41.6170927  
44.38378942  
48.04511681  
47.87489687  
39.86484792  
22.83024119  
-0.6221339714  
-24.78132747  
-42.95168245  
-50.12113982  
-45.02543292  
-30.70366393  
-13.29574586  
0.4021214445  
5.581710166  
1.16342765  
-10.0460495  
-22.75752747  
-31.4863528  
-32.71833519  
-26.08042018  
-14.13811571  
-1.057602539  
9.176357423  
14.19374117  
13.78678254  
9.497854875  
3.605163508  
-1.929938508  
-6.078604349  
-8.748589301  
-10.33924842  
-11.20869355  
-11.38824848  
-10.670698  
-8.941194621  
-6.466328313  
-3.892242021  
-1.900808544  
-0.7154421405  
0.2136256606  
2.070060724  
6.039421998  
12.44178151  
20.0815975  
26.24083926  
27.48031221  
21.02687651  
6.194878246  
-14.81219131  
-37.17685526  
-54.84657208  
-62.5628745  
-57.77001544  
-41.63205407  
-18.71756639  
4.560014782  
22.15278449  
30.38291386  
28.97536814  
20.76024298  
10.23369804  
1.620681022  
-2.745234227  
-3.085989884  
-1.684035425  
-1.52665601  
-4.737848054  
-11.49942671  
-19.9126787  
-26.81809133  
-29.17200882  
-25.35613703  
-15.85464209  
-3.037057748  
9.81704176  
19.79750961  
25.3924707  
26.85732599  
25.82692505  
24.40538606  
24.17055037  
25.5259061  
27.6403745  
28.93589634  
27.85059311  
23.51711743  
16.07946118  
6.568261285  
-3.537968055  
-12.820938  
-20.27073651  
-25.37151615  
-27.97828862  
-28.14116978  
-26.02836805  
-21.99907709  
-16.74692838  
-11.35250643  
-7.107409049  
-5.095084259  
-5.674743786  
-8.123685602  
-10.67935667  
-11.0730004  
-7.419951045  
0.868783157  
12.56098749  
24.76122299  
33.79024051  
36.51383494  
31.62512001  
20.35055069  
6.237435422  
-5.972579187  
-12.01201845  
-9.684776745  
0.2275714462  
14.12997628  
26.82795362  
33.36552813  
30.81115563  
19.32421398  
2.101697025  
-15.76938492  
-29.11188206  
-34.42538261  
-30.9594087  
-20.71926263  
-7.459157374  
4.882624704  
13.6456035  
18.21769017  
19.84167961  
20.61558476  
22.19490145  
24.82969748  
27.20382127  
27.16072712  
22.97033496  
14.50864383  
3.729449917  
-5.889738065  
-10.76699444  
-8.906524023  
-1.07921869  
9.12174729  
16.49769452  
16.31271364  
6.370834916  
-11.80508481  
-33.26520903  
-51.35794878  
-60.22790357  
-57.07248023  
-43.21579417  
-23.54914794  
-4.576808699  
8.102056276  
11.81630939  
7.528733716  
-1.004308396  
-9.166043743  
-13.59214431  
-13.51281628  
-10.77067578  
-8.59505703  
-9.789206687  
-15.23288847  
-23.41544591  
-31.19138637  
-35.34902785  
-34.1955281  
-28.36752756  
-20.47175441  
-13.74186533  
-10.38614229  
-10.45494924  
-11.80447453  
-11.19858498  
-6.030389901  
4.166526085  
17.16503526  
28.75498752  
34.43485041  
31.34105925  
19.55543968  
2.207876554  
-15.67094408  
-29.04109477  
-34.67459215  
-32.14874577  
-23.64713863  
-12.73566005  
-2.713393187  
4.71754477  
9.912501254  
14.74611569  
21.39992115  
31.07715039  
43.23989432  
55.69234132  
65.43704804  
69.89096594  
67.91146837  
60.19551254  
48.91161435  
36.76686047  
25.94484253  
17.38437453  
10.69636769  
4.721114531  
-1.558613693  
-8.192015549  
-13.92927839  
-16.5792283  
-13.94702638  
-4.975044191  
9.409846382  
26.15720736  
40.81411581  
48.91321867  
47.54281834  
36.49800474  
18.53291922  
-1.442371423  
-17.96919721  
-26.8717526  
-26.62392381  
-18.73032232  
-6.98626877  
4.068421471  
10.86379547  
11.98984794  
8.409496272  
2.67649808  
-2.42832064  
-5.192637643  
-5.617109407  
-5.160854288  
-5.780961002  
-8.792525581  
-14.14070973  
-20.44324521  
-25.75313515  
-28.61342483  
-28.82683281  
-27.51970427  
-26.46242783  
-27.01729493  
-29.29984135  
-32.04040981  
-33.26104349  
-31.43072987  
-26.47278486  
-20.03758599  
-14.82026119  
-13.21599866  
-15.99617969  
-21.73592396  
-27.37783806  
-29.73521056  
-27.21337102  
-20.84526528  
-14.01828812  
-10.9026811  
-14.27256645  
-23.79081801  
-35.68884795  
-44.14823456  
-43.86347306  
-32.63788072  
-12.76066148  
9.585345123  
26.74254082  
32.81210785  
26.26311793  
10.71379534  
-6.51511327  
-17.46878491  
-16.90449701  
-4.446449443  
15.37373736  
35.15370645  
47.77625172  
49.26500257  
40.12209537  
24.67516102  
8.881136875  
-2.304979133  
-6.783831815  
-5.639904493  
-1.976037352  
1.013494266  
1.709073984  
0.6782392553  
0.04287036167  
2.054944321  
7.700713663  
16.07350492  
24.80090057  
31.24009031  
33.76725508  
32.47553111  
28.945817  
25.26584779  
22.86737958  
21.82666383  
20.99915832  
18.89292402  
14.77821584  
9.397599677  
4.849031527  
3.648825529  
7.417787209  
15.84525894  
26.47081187  
35.44111836  
38.9431043  
34.70476729  
22.92941988  
6.288184805  
-11.00072693  
-24.61457431  
-31.53233319  
-30.91838437  
-24.24254091  
-14.68526315  
-6.089042376  
-1.798535599  
-3.695430477  
-11.64160842  
-23.44462433  
-35.3703655  
-43.129357  
-43.13923183  
-33.73516438  
-15.92399201  
6.664281162  
28.74815029  
45.06293442  
52.16744928  
49.68144743  
40.39204362  
29.09508045  
20.58294894  
17.60951414  
19.73684157  
23.62487551  
24.69003713  
19.41337325  
7.233396719  
-8.899157865  
-23.63668668  
-31.57277738  
-29.7532316  
-19.18425603  
-4.591375584  
7.517999261  
11.63856453  
5.63497154  
-8.392432135  
-25.13762622  
-38.52454033  
-44.40458532  
-42.26076043  
-35.14873945  
-27.95411035  
-24.84664638  
-27.18285418  
-32.87070501  
-37.48594299  
-36.57315279  
-27.9917745  
-13.15448175  
3.44953586  
16.21896628  
20.94796662  
16.67970564  
6.033419004  
-6.127099449  
-15.02340829  
-18.16654957  
-16.38960763  
-13.23980925  
-13.04681163  
-18.60641445  
-29.58645324  
-42.40748226  
-51.65701195  
-52.39294754  
-42.30532828  
-22.79822077  
1.440418595  
24.14093161  
39.6651976  
44.81615505  
39.58478973  
26.68872843  
10.27223682  
-5.576570217  
-17.88101613  
-25.10783585  
-26.87832701  
-23.4391209  
-15.30556166  
-3.288955977  
11.18628445  
25.80215369  
37.45989051  
42.95061213  
40.03379862  
28.49947603  
10.7048981  
-8.762599843  
-24.29949134  
-31.00017063  
-26.25397752  
-10.61840954  
12.37318854  
37.39899182  
