30.528566  
37.75366486  
42.80798789  
44.54557166  
43.44042672  
41.32659796  
40.35598828  
41.64297346  
44.28467272  
45.34141537  
40.94781723  
28.17639647  
6.84590987  
-19.61881661  
-44.8362295  
-61.55234115  
-64.41920222  
-52.33676889  
-29.3117096  
-3.342945022  
16.34994071  
22.72479282  
13.60381798  
-7.438538887  
-32.36815225  
-51.67078533  
-57.85573387  
-48.13191979  
-25.26743838  
3.609433994  
29.70243532  
45.63330259  
47.76144789  
36.97834056  
17.87401697  
-3.207414623  
-20.37173388  
-29.83461403  
-30.58505754  
-24.05924996  
-13.18557907  
-1.284740324  
8.795831378  
15.15998431  
17.0008561  
14.53279816  
8.813431628  
1.467024348  
-5.721309869  
-11.32024365  
-14.74040463  
-16.47248068  
-17.87927023  
-20.51753338  
-25.21661024  
-31.33777433  
-36.64880671  
-38.02490454  
-32.80249568  
-20.24370197  
-2.413539777  
16.06064571  
29.42151404  
32.93033979  
24.86546777  
7.48122404  
-13.57627841  
-31.25515461  
-39.72213628  
-36.5543633  
-23.58423584  
-6.050694569  
9.564774958  
18.0833053  
17.485247  
9.352124714  
-2.178377998  
-12.35968655  
-17.7482069  
-17.24310931  
-11.90639434  
-3.83642423  
5.188527018  
14.52921371  
24.55086493  
35.6808923  
47.27786379  
57.06414372  
61.59340635  
57.66747315  
44.07101925  
22.74363993  
-1.299188288  
-21.42975929  
-31.73309808  
-29.23096262  
-15.04232078  
6.035163101  
27.34724071  
42.82383816  
49.00706509  
45.86121403  
36.14026212  
23.74121994  
11.88976035  
2.001225233  
-6.338932422  
-14.41471573  
-23.05226157  
-31.67855097  
-38.27358942  
-40.23455454  
-35.6949525  
-24.6159156  
-9.095183374  
7.260318146  
20.59164612  
28.08127222  
28.71144059  
23.21857252  
13.38779352  
1.137462521  
-12.10934532  
-25.49001172  
-38.28190128  
-49.36363812  
-56.99171977  
-59.13681478  
-54.28599037  
-42.31840572  
-24.96908479  
-5.564735263  
11.93663789  
24.22329904  
29.67899684  
28.75915779  
23.5643702  
16.85195491  
10.96408699  
7.144673549  
5.481730592  
5.379458216  
6.212700672  
7.769514083  
10.25805584  
13.93285164  
18.62425203  
23.50365109  
27.26617212  
28.65268919  
27.01829255  
22.61342228  
16.40265355  
9.518320313  
2.671392753  
-4.114312687  
-11.25577364  
-18.96998966  
-26.62135416  
-32.50321481  
-34.30280614  
-30.13131939  
-19.64929677  
-4.687126802  
11.06071508  
23.25962431  
28.5979811  
26.14061012  
17.71108419  
7.069282601  
-1.778672839  
-6.364632491  
-6.790208223  
-5.502205211  
-5.911069325  
-10.52571159  
-19.53256063  
-30.54681379  
-39.69281958  
-43.50694498  
-40.72485706  
-33.04214171  
-24.4185629  
-19.20680496  
-19.98076137  
-26.11837186  
-33.8642185  
-37.90480001  
-33.76718086  
-19.94446002  
1.239188182  
24.43621016  
43.39965733  
53.4684799  
53.31142743  
45.19082091  
33.70259852  
23.6389458  
17.9830661  
16.92371536  
18.24907345  
18.81488554  
16.30051067  
10.39048225  
2.85773982  
-3.40706387  
-5.868951228  
-3.569951302  
2.477627798  
9.852397211  
15.88865692  
18.82679084  
18.39393122  
15.59938952  
11.94950127  
8.568541265  
5.714698085  
2.919186558  
-0.3932256231  
-4.218926029  
-7.671659043  
-9.282609558  
-7.773211065  
-2.883561277  
4.220761492  
11.23955242  
15.64105363  
15.76351867  
11.5772611  
4.72134594  
-2.21955141  
-6.859243872  
-8.03124161  
-6.210752404  
-3.164073904  
-1.034802783  
-1.342322728  
-4.385966623  
-9.314276929  
-14.76020536  
-19.65087662  
-23.72592449  
-27.47910504  
-31.57329603  
-36.08787133  
-40.07001096  
-41.71220091  
-39.13986258  
-31.44242842  
-19.40743439  
-5.522168245  
6.848957193  
14.78794615  
17.04818105  
14.59159211  
10.15246115  
7.000274498  
7.461926348  
11.89033818  
18.562966  
24.55298636  
27.15228165  
25.16190415  
19.43515602  
12.42603796  
6.981650875  
4.983702359  
6.507531063  
9.900261965  
12.71222991  
12.98605874  
10.23042675  
5.574309122  
1.028091619  
-1.745941367  
-2.476024118  
-2.534574803  
-4.200681421  
-9.260476603  
-17.66549284  
-27.00962647  
-33.23008409  
-32.33878344  
-22.43898307  
-5.051653755  
14.98662141  
31.17380584  
37.9323192  
33.03464078  
18.75193126  
1.121418195  
-12.45199044  
-16.28004635  
-8.830222904  
6.575620789  
23.15537083  
33.58392613  
33.17322391  
21.91577796  
4.479623303  
-11.8559965  
-20.41788971  
-18.08638437  
-6.667879579  
7.91142819  
18.22430889  
18.6066589  
7.625345136  
-11.3190661  
-31.48165878  
-45.65312417  
-49.1350771  
-41.51406908  
-26.51514947  
-10.09540836  
2.287726689  
7.974117797  
7.963126771  
6.037186215  
6.646523852  
12.5923234  
23.58282893  
36.28314865  
45.76791801  
47.65628232  
39.94669218  
23.77145189  
2.832523011  
-18.11462441  
-34.97868842  
-45.50202641  
-49.47931387  
-48.12037981  
-43.0405357  
-35.46282618  
-26.00548589  
-15.04353549  
-3.295585152  
7.82646338  
16.4037558  
20.69396038  
19.9556477  
14.9376692  
7.709616391  
0.850217575  
-3.638811049  
-5.157554728  
-4.647155429  
-3.957483225  
-4.754135663  
-7.521441228  
-11.18458809  
-13.56875036  
-12.4903613  
-6.945757189  
2.204139229  
12.41857728  
20.47719679  
23.8406645  
21.7377005  
15.47253468  
7.818093995  
1.793958511  
-0.5940915703  
0.9229842511  
4.987268129  
9.443223335  
12.43736113  
13.23663513  
12.38903615  
11.19854318  
10.8353172  
11.56996061  
12.53730256  
12.14847048  
8.933115348  
2.37880966  
-6.658685249  
-16.17867925  
-23.78529277  
-27.60625392  
-26.96100539  
-22.49878377  
-15.79256988  
-8.626139228  
-2.324869777  
2.582710501  
6.284064748  
9.307584811  
12.10281062  
14.801377  
17.24302091  
19.18217162  
20.4901606  
21.1924788  
21.3042838  
20.57805679  
18.3577076  
13.69609521  
5.752094801  
-5.685419844  
-19.7992745  
-34.69914545  
-47.80951181  
-56.57345015  
-59.2044746  
-55.19141774  
-45.36902595  
-31.55552969  
-15.93765305  
-0.4673220907  
13.50587218  
25.28017717  
34.59491424  
41.34247333  
45.37159171  
46.47072975  
44.50648193  
39.60927144  
32.28856378  
23.41324606  
14.07246918  
5.386537772  
-1.658892978  
-6.322673927  
-8.178664301  
-7.181900549  
-3.741462668  
1.240070643  
6.434532169  
10.32099372  
11.56774222  
9.451459316  
4.141655027  
-3.30252328  
-11.26620096  
-18.13552964  
-22.8493709  
-25.20007088  
-25.74281716  
-25.35802304  
-24.68778112  
-23.74128318  
-21.88903721  
-18.27198287  
-12.43065248  
-4.826246514  
3.04567843  
9.062579866  
11.26123392  
8.661202469  
1.745404858  
-7.635639025  
-16.90372075  
-23.65163403  
-26.40082033  
-24.89947925  
-19.88091685  
-12.47235552  
-3.60940781  
6.216668018  
16.75909741  
27.51864431  
37.30170376  
44.18779271  
46.05832021  
41.52438864  
30.82855053  
16.22855258  
1.553953346  
-9.0097911  
-12.47797415  
-8.321685892  
1.148382  
11.50347888  
17.79699609  
16.43460384  
6.574863919  
-9.499393186  
-27.18299815  
-41.19771877  
-47.43737377  
-44.30824202  
-33.09864491  
-17.31751258  
-1.33910774  
11.0802509  
17.86549611  
18.94771287  
15.85607317  
10.85640181  
6.036870023  
2.684646666  
1.115140195  
0.9057787017  
1.339458024  
1.825649517  
2.132709806  
2.382065332  
2.864353933  
3.797046294  
5.141145705  
6.548447043  
7.44896199  
7.236136419  
5.478314033  
2.080753602  
-2.659920253  
-8.132497399  
-13.59815636  
-18.42214096  
-22.25806623  
-25.09993877  
-27.16612101  
-28.65648775  
-29.49819783  
-29.22427285  
-27.08785274  
-22.40757166  
-15.01067123  
-5.555961368  
4.467784773  
13.14564607  
18.82954881  
20.83884459  
19.83467756  
17.64348027  
16.54316702  
18.28989415  
23.32101398  
