27.97050564  
6.742344917  
-15.27009207  
-30.87125609  
-36.86707328  
-35.03300037  
-30.59982936  
-29.13911485  
-33.4575269  
-42.03683811  
-49.74948184  
-50.44958218  
-40.13755591  
-19.14501196  
7.714370842  
33.09292582  
50.22623193  
55.76001381  
50.99843126  
41.05451606  
32.36809063  
29.78745076  
34.55597611  
44.05974085  
53.33222657  
57.49878583  
53.95897123  
43.30821033  
28.67091492  
13.90645846  
1.673346602  
-7.64973873  
-15.6739227  
-24.55862309  
-35.2400774  
-46.33104901  
-54.35697502  
-55.31111288  
-46.81627775  
-29.81813381  
-8.891563224  
9.143661781  
17.80989039  
13.67342284  
-2.04744542  
-23.74838312  
-43.56239526  
-54.5066598  
-53.34611632  
-41.95062445  
-26.53583504  
-15.0596056  
-13.8257125  
-24.6912716  
-44.04286036  
-63.99425245  
-75.36286639  
-71.26612852  
-49.92906168  
-15.60260279  
22.77416921  
54.66950509  
71.65429249  
70.33093321  
53.43697553  
28.75593661  
6.27366462  
-5.362058536  
-1.804735018  
15.62885705  
40.61655843  
64.19762211  
77.94997431  
76.83628576  
60.74976317  
34.2977771  
5.0068494  
-19.32308266  
-33.13523986  
-34.6425974  
-25.92795372  
-11.73650251  
2.452830756  
12.28811121  
15.67019224  
12.85332521  
5.686491135  
-3.504650144  
-12.8205254  
-21.10290778  
-27.65623466  
-31.70887507  
-32.08860883  
-27.45124398  
-17.05559464  
-1.701200839  
15.75668443  
30.79377438  
38.58880467  
35.94976939  
22.98379355  
3.666440334  
-15.15443898  
-26.12923324  
-24.30484058  
-9.362828434  
13.8290157  
36.74198928  
50.31708178  
48.51278813  
30.83729875  
2.790730149  
-26.02823305  
-45.4434739  
-48.47253529  
-33.87314777  
-6.504645549  
24.55851232  
49.3338704  
60.32637219  
54.750047  
34.89351432  
6.744129397  
-22.35914913  
-46.03197038  
-60.31784416  
-64.05316112  
-58.37197641  
-45.87384896  
-29.91008226  
-14.13643629  
-2.160170235  
3.003291017  
-0.2223581333  
-11.0587006  
-25.91381578  
-38.91196447  
-43.58529366  
-35.31458718  
-13.58584571  
17.01787318  
47.79169673  
68.75639054  
72.40902641  
56.87212014  
27.04070935  
-6.918525215  
-33.25684442  
-43.09093382  
-33.79414675  
-9.918650591  
18.73457072  
41.0748184  
49.04091672  
40.50357044  
19.63761005  
-5.224998319  
-25.18818793  
-34.22692102  
-31.07142494  
-18.95454157  
-3.626436587  
9.258885419  
16.16971688  
16.39074769  
11.39893867  
3.569502619  
-4.943421331  
-12.60329232  
-18.1906757  
-20.32267337  
-17.4198727  
-8.413841406  
6.092083116  
22.96005005  
36.74078128  
41.29556185  
32.35944887  
9.930611102  
-20.77917726  
-50.58629708  
-69.53704122  
-70.83906232  
-53.7972557  
-24.33317771  
7.308578706  
30.77390001  
39.89708802  
35.13209313  
22.97306913  
12.60131324  
11.30579989  
20.83407735  
36.42680854  
49.04336554  
49.77666451  
34.398687  
5.882661161  
-26.33203979  
-50.06164965  
-55.43510647  
-39.02815212  
-5.259411925  
35.49591399  
71.13206384  
92.43220955  
96.06656231  
84.8166159  
65.21649753  
43.9703081  
24.95031673  
8.134504102  
-9.226113255  
-30.04971351  
-54.94634192  
-81.14164428  
-103.3153708  
-115.8506205  
-115.2933116  
-101.7830418  
-78.81990015  
-51.62387376  
-25.04227629  
-2.101015661  
16.16339447  
29.73754657  
38.33197091  
40.71059258  
35.18679894  
21.06172017  
0.1186617812  
-22.88012585  
-41.29082849  
-49.01591502  
-43.19172871  
-25.77025128  
-3.049205694  
16.82942965  
27.35713632  
26.48896165  
17.43024503  
6.931066256  
1.860427441  
5.715700675  
16.80769934  
29.07361851  
35.17646489  
30.38590564  
15.29083825  
-4.08525029  
-18.94137641  
-21.92246516  
-10.87712311  
9.727571385  
30.52974699  
41.43133781  
36.29558836  
15.98529831  
-11.71258082  
-35.29026909  
-44.4149587  
-34.31141203  
-7.692747657  
26.5386063  
57.11126895  
74.91659131  
76.22984414  
63.33965954  
42.59565307  
21.07825914  
3.617913909  
-8.470879448  
-16.58695931  
-22.72766277  
-27.45053927  
-29.1499971  
-25.0642022  
-13.39626859  
4.742706647  
24.81687306  
40.27407954  
45.32342385  
37.72611847  
20.13683955  
-0.8037766644  
-17.31430463  
-23.95097915  
-20.05311794  
-9.957767695  
-0.8621523908  
0.6380431107  
-8.338387242  
-25.68173016  
-45.41618936  
-60.5964381  
-66.48530022  
-62.42772464  
-51.55269287  
-38.5874931  
-27.06026783  
-17.47621166  
-7.512022439  
5.845957787  
23.41105522  
41.85992492  
54.07123997  
51.9270477  
30.43642478  
-8.80369104  
-56.69021276  
-99.0524696  
-121.7074265  
-116.0803927  
-82.923737  
-32.38526357  
19.760018  
58.19820678  
73.91189825  
67.27836216  
47.15296842  
26.4398242  
16.1921377  
20.88638305  
36.91498263  
54.83247521  
64.17786174  
58.56692121  
38.70498781  
12.0036556  
-10.9117916  
-21.09873294  
-15.30559422  
2.711008516  
24.06232433  
38.81653177  
40.34880791  
