-24.38744498  
-69.40769635  
-109.1932781  
-133.0375759  
-134.1310567  
-111.7346663  
-71.25139294  
-22.26867425  
24.61048701  
60.96142351  
82.67776294  
90.46375654  
88.71369116  
83.34187378  
79.39046287  
79.20625374  
81.71342076  
82.93553689  
77.55409899  
61.00977721  
31.50259745  
-8.746423842  
-53.43717066  
-93.47468605  
-119.3216411  
-123.7580891  
-104.1731254  
-63.58536534  
-9.96921376  
45.95650165  
93.75219143  
126.0483155  
140.1383487  
137.8795998  
124.0844632  
104.1787074  
82.15813308  
59.67075129  
36.48856495  
11.96639944  
-13.37184426  
-37.01413661  
-54.90679599  
-63.01953249  
-59.30873779  
-45.11792073  
-25.27298241  
-6.699351195  
3.952094037  
2.73318085  
-10.09267316  
-30.05989847  
-50.01066871  
-62.51051377  
-62.27248978  
-47.76580026  
-21.56259636  
10.53563674  
41.15792967  
63.22270666  
71.48839044  
63.51774908  
40.00610433  
4.562779659  
-36.93571977  
-77.33086364  
-109.4169455  
-127.2844073  
-127.5314481  
-110.0460833  
-78.1027459  
-37.68618879  
3.805043696  
39.12199282  
62.56514779  
70.8884356  
63.58550426  
42.66017403  
12.10442748  
-22.71878028  
-55.72162754  
-80.83348421  
-92.92945706  
-88.91385918  
-68.71736734  
-35.80247476  
3.210820283  
39.94137049  
66.40187736  
77.27082223  
71.47950678  
52.49007004  
27.11235261  
3.278051281  
-12.38897894  
-16.30665312  
-8.402169797  
8.68575478  
31.124342  
55.32344533  
78.64011902  
99.17028707  
114.989072  
123.5224802  
121.6647705  
106.8147675  
78.42638373  
39.25984892  
-4.477435612  
-44.46415116  
-72.74190376  
-84.39850368  
-79.32164363  
-62.21541063  
-40.80581047  
-22.95741512  
-13.90845039  
-14.7661199  
-22.81184595  
-33.33270341  
-42.01262927  
-46.72015468  
-47.89933835  
-47.51699524  
-47.26782593  
-47.10510834  
-44.97186195  
-37.94700245  
-24.23816338  
-4.943144261  
15.4562425  
30.32169015  
33.41123065  
21.66480183  
-3.062392966  
-34.18683238  
-62.5271444  
-79.53317826  
-80.27740924  
-64.99037541  
-38.58084067  
-8.462714136  
18.29432573  
37.27877581  
47.65703807  
51.54335546  
52.35421219  
53.03905192  
54.97244761  
57.82858496  
60.22215631  
60.57138761  
57.67169094  
50.79319344  
39.50140535  
23.59954127  
3.470618905  
-19.26411419  
-41.2255571  
-57.47003579  
-62.70753682  
-53.30868026  
-29.30711308  
4.626387804  
39.98085134  
66.98382368  
78.10895992  
71.09211328  
50.0819136  
24.25658723  
4.320377863  
-1.736681198  
8.16368956  
29.41508103  
52.72661792  
68.03069137  
68.59483697  
53.56317132  
27.88069063  
-0.2541572841  
-23.16261878  
-36.93238222  
-42.69470427  
-45.44917756  
-51.09792912  
-63.14758097  
-80.62726219  
-98.14815662  
-108.0162639  
-103.3956142  
-81.11977063  
-43.00783675  
4.712631081  
53.43593257  
94.68416475  
122.0940017  
132.3244503  
124.9345519  
101.7242164  
66.10138929  
22.7556797  
-22.50017556  
-63.12510491  
-92.81609192  
-107.0079538  
-104.4082195  
-87.81914757  
-63.64715421  
-40.02750275  
-24.15109509  
-19.83499306  
-26.36669891  
-39.14086668  
-51.81936299  
-59.05199574  
-58.54144857  
-51.55436059  
-41.72514296  
-32.81270575  
-26.55816568  
-21.71604728  
-14.73643612  
-1.752852394  
19.11313721  
46.27467672  
74.77293007  
97.93076114  
109.8250178  
107.4728305  
91.79712579  
67.03234397  
38.95066106  
12.78053205  
-8.26425578  
-23.31650555  
-33.12182806  
-38.81186192  
-40.91837697  
-39.13004425  
-32.82362878  
-21.95703139  
-7.726283148  
7.452631459  
20.67889834  
29.64984426  
33.5233844  
33.1068291  
30.2798838  
26.96694435  
24.20838273  
21.81718038  
18.78451957  
14.1879088  
8.077587783  
1.818615894  
-2.354207151  
-2.394079499  
2.397926722  
10.70890004  
19.43140022  
24.74095289  
23.60530595  
15.08254875  
0.8429985477  
-15.32542517  
-28.8411943  
-35.96306121  
-35.10376037  
-27.34373161  
-15.98906141  
-5.374951805  
0.6304328862  
-0.09647897322  
-7.281390773  
-18.39145666  
-29.48047868  
-36.44859331  
-36.32506214  
-28.19462786  
-13.49783733  
4.384311763  
21.1448878  
32.8631785  
37.20568127  
34.12169659  
25.78926695  
15.81395064  
7.950373406  
4.798164136  
6.943798298  
12.85905569  
19.57980478  
23.89662561  
23.59890177  
18.31708293  
9.679204662  
0.7682459475  
-4.888161474  
-4.437220441  
3.409574715  
17.92413234  
36.399187  
54.61125618  
67.60234408  
70.66940421  
60.44026801  
35.8634747  
-1.132987683  
-45.58512556  
-90.22723527  
-126.9845674  
-148.9026269  
-151.9501213  
-136.0823775  
-105.1560608  
-65.6910593  
-24.92584317  
11.1065167  
38.77663258  
56.96649514  
66.22489585  
67.53675161  
61.41568033  
47.80785323  
26.82134157  
-0.192673733  
-29.92201072  
-57.31099403  
-76.81993478  
-84.26861085  
-78.44570936  
-61.69972439  
-39.16441031  
-16.90440788  
0.2224094782  
10.05346206  
13.35243295  
12.78699789  
11.26169227  
10.4916039  
10.52047993  
10.3416005  
9.158733612  
7.469451037  
7.24691363  
11.01033233  
20.22708839  
33.93466246  
48.45043249  
58.53200263  
59.60839124  
50.08895164  
32.61201325  
13.50839966  
0.55661745  
-0.08732414815  
13.5175471  
38.1146743  
66.31514793  
89.26564332  
99.80295118  
94.826814  
76.03058008  
48.87360013  
20.40641675  
-3.070210802  
-17.6322507  
-22.23800177  
-18.26241101  
-8.571226458  
3.33422118  
13.84284331  
19.51483097  
17.40340262  
5.628469576  
-15.86098698  
-44.69096168  
-76.08386567  
-103.7521831  
-121.5181047  
-125.1109509  
-113.4334972  
-88.7702398  
-55.86677659  
-20.31171019  
13.06083995  
41.10159881  
62.3548249  
76.38181644  
82.9633927  
81.73406594  
72.46867396  
55.79020076  
33.76115136  
9.847387339  
-11.90750563  
-28.18038881  
-37.49933227  
-40.59835523  
-39.77765167  
-37.5958025  
-35.60695039  
-33.85469461  
-31.41403446  
-27.65439571  
-23.42421028  
-21.31945265  
-24.66077243  
-35.5436752  
-52.95287285  
-72.07275823  
-85.45111193  
-85.77349618  
-69.12330596  
-37.20640611  
2.641210137  
39.88082674  
64.71150965  
71.83883329  
62.40167266  
43.19665578  
23.57388415  
11.44064124  
10.18705133  
17.85628795  
28.77221232  
36.66499125  
37.67794585  
31.81074026  
22.23893792  
13.0749223  
6.91235464  
3.528093171  
0.4141378509  
-5.243387506  
-14.34052259  
-24.73872368  
-31.99528701  
-31.64121471  
-21.80386903  
-4.703141282  
13.91412587  
27.2664688  
30.77312873  
24.38851243  
12.78363679  
3.185457254  
1.882132874  
11.10862883  
27.86914721  
45.29350528  
55.85465922  
54.83999148  
42.36110611  
22.9557151  
3.084346406  
-12.09573474  
-20.96036918  
-25.50531022  
-29.33298856  
-34.74709433  
-40.67971389  
-42.75276312  
-35.61063185  
-16.37218226  
12.6843548  
43.83579187  
66.51509412  
71.79902521  
56.71505148  
26.22299631  
-8.279351245  
-33.45817316  
-39.6303915  
-24.92856874  
3.863446011  
34.2098841  
53.1643815  
52.76856094  
33.1495732  
2.060090458  
-28.75514187  
-48.59458993  
-51.96041097  
-40.1337813  
-19.76150705  
0.5717466525  
14.01384937  
17.70564196  
12.86559015  
3.085869452  
-7.960783374  
-18.10487157  
-26.85364948  
-34.36302637  
-40.11391896  
-42.31377353  
-38.53374704  
-27.27876705  
-9.542037037  
10.69948074  
27.56934393  
35.61345054  
32.27979949  
19.28766796  
2.094722532  
-12.40413967  
-18.91575469  
-16.0884825  
-7.023006499  
2.298854817  
5.911105898  
0.6893692088  
-12.23774281  
-28.1261439  
-40.92518373  
-46.07865578  
-42.43916984  
-32.40768421  
-20.3313765  
-10.07140687  
-3.04898047  
2.20098561  
8.741693627  
18.90088305  
32.14784418  
44.37148877  
49.08489868  
40.14011967  
14.77730584  
