31.70258437  
22.11794302  
12.20776731  
5.151564861  
2.010941086  
1.626544353  
1.646604353  
0.08228025409  
-3.454477957  
-7.479354877  
-9.458066663  
-7.275637912  
-0.5678440911  
8.801745294  
17.40148472  
21.73352346  
19.85390025  
12.31969079  
1.995680549  
-7.194658263  
-11.98542493  
-11.1503248  
-5.926357846  
0.6766996656  
5.310012959  
5.7651348  
1.821787197  
-4.87213659  
-11.74495659  
-16.54889694  
-18.29237901  
-17.44930037  
-15.4329384  
-13.69033558  
-12.93039451  
-12.8797095  
-12.64305963  
-11.4092146  
-9.065565652  
-6.35567937  
-4.484240793  
-4.393353459  
-6.127023006  
-8.664142953  
-10.35234073  
-9.748857974  
-6.442571701  
-1.417782429  
3.264072048  
5.351557536  
3.457507224  
-2.215886234  
-9.831312628  
-16.58525359  
-19.79850058  
-17.95022503  
-11.2190873  
-1.33328304  
9.155458297  
17.82241345  
23.1369569  
24.7714563  
23.41685741  
20.28955804  
16.61009991  
13.27741145  
10.80483143  
9.425469297  
9.203486042  
10.03448285  
11.54128953  
12.98562749  
13.34422625  
11.61563761  
7.275224523  
0.6690342068  
-6.886349667  
-13.42282876  
-16.98900545  
-16.41331538  
-11.83181936  
-4.730378401  
2.54414531  
7.614584107  
8.90598837  
6.145001833  
0.3482280887  
-6.648546021  
-12.87777328  
-16.83983941  
-17.79756523  
-15.72833989  
-11.06920686  
-4.464804015  
3.328519768  
11.37504333  
18.46428074  
23.17418605  
24.19908611  
20.87660553  
13.68010262  
4.382570618  
-4.302531237  
-9.570404361  
-9.57829085  
-4.269113218  
4.425632859  
13.16188955  
18.36786236  
17.59136092  
10.46911135  
-1.08398542  
-13.55210786  
-23.09299058  
-26.90069938  
-24.12735079  
-16.03570712  
-5.382707853  
4.659576492  
11.58534139  
14.23137666  
12.8591369  
8.723402774  
3.404574943  
-1.775674835  
-6.044534737  
-9.149470378  
-11.14672073  
-12.19786745  
-12.50132456  
-12.3537017  
-12.22296989  
-12.69203512  
-14.21489933  
-16.76919209  
-19.60316185  
-21.28462393  
-20.14153455  
-14.98546687  
-5.829048337  
5.754639769  
16.87808056  
24.19564702  
25.09829013  
18.78825295  
6.777288941  
-7.446403492  
-19.51127684  
-25.63157913  
-23.90350282  
-14.93712353  
-1.590622987  
12.07583748  
22.21278558  
26.42534818  
24.40933717  
17.80430413  
9.400910856  
2.069322531  
-2.165027193  
-2.589888272  
0.2635846483  
5.086825733  
10.38674472  
14.94788609  
18.02892478  
19.31658666  
18.76989964  
16.50181932  
12.77082815  
8.047398007  
3.047896208  
-1.363482053  
-4.420309924  
-5.753327389  
-5.583258867  
-4.669655863  
-3.98958567  
-4.265918728  
-5.566888976  
-7.194258578  
-7.95559803  
-6.728531443  
-3.063279912  
2.478622072  
8.44990451  
13.09356601  
15.1269804  
14.36330038  
11.8448724  
9.375607759  
8.626886934  
10.2196211  
13.23585918  
15.44798686  
14.23512352  
7.825103339  
-3.686230548  
-18.03137279  
-31.38917693  
-39.73101482  
-40.36692782  
-33.0490041  
-20.15357479  
-5.843368048  
5.460107329  
10.67289404  
9.070175684  
2.342477462  
-6.288076665  
-13.47401278  
-17.05607084  
-16.74604929  
-13.94720897  
-10.8693673  
-9.39055525  
-10.19096414  
-12.51991993  
-14.64279012  
-14.70641493  
-11.59796917  
-5.416877269  
2.60722819  
10.65024046  
16.99222909  
20.55639823  
21.08948669  
18.98583036  
14.92662414  
9.561596342  
3.388118039  
-3.163558666  
-9.56134135  
-15.08399463  
-18.91703839  
-20.40705089  
-19.33791005  
-16.06354259  
-11.40251104  
-6.330349596  
-1.61900835  
2.396204104  
5.812893489  
8.944760987  
12.03338369  
15.06394395  
17.78840918  
19.92407908  
21.37673577  
22.3121782  
22.99085157  
23.44084085  
23.18132955  
21.22985314  
16.50117194  
8.482761513  
-2.130138206  
-13.21893152  
-21.68514264  
-24.4954839  
-19.95077791  
-8.621906509  
6.530322275  
21.01618364  
30.38934791  
31.91341058  
25.61704505  
14.26420285  
2.225116427  
-6.282799595  
-8.833945955  
-5.618442023  
0.8732780762  
7.115089741  
10.15183339  
8.814533348  
4.029147849  
-1.846696613  
-6.265755282  
-7.673614673  
-6.07166466  
-2.751747074  
0.5717041603  
2.711376437  
3.511640202  
3.656771382  
3.936271326  
4.435018305  
4.167039091  
1.430493458  
-5.247287079  
-16.0604876  
-29.36386088  
-41.97993667  
-50.32293267  
-51.85568476  
-46.1917767  
-35.29438871  
-22.64785003  
-11.77923154  
-4.830866272  
-1.861439093  
-1.187786632  
-0.5540351095  
1.505101508  
4.834570498  
7.80743743  
8.374551982  
5.447678718  
-0.1550833779  
-5.771983124  
-8.026202334  
-4.509235375  
4.82213403  
17.28661367  
28.42717676  
33.8935271  
31.39762208  
21.80420412  
8.802296561  
-2.726152709  
-8.89271544  
-8.514374446  
-3.535425773  
2.043593751  
4.214890823  
1.001766663  
-6.500334437  
-14.58684794  
-18.69363181  
-15.59677379  
-5.013692034  
10.15141546  
25.02270662  
34.8409827  
36.93935388  
