55.38080997  
43.76074256  
23.8667866  
-0.06904038601  
-23.08212409  
-40.97821075  
-51.39949511  
-54.13269635  
-50.66855103  
-43.30821418  
-34.24229486  
-24.96374637  
-16.1705997  
-8.071194249  
-0.8361375973  
5.08787407  
8.978468074  
10.14647058  
8.382567922  
4.296691946  
-0.6490065059  
-4.476184582  
-5.293764332  
-1.949543239  
5.516314062  
15.78952808  
26.61007402  
35.40320318  
40.00678124  
39.26411086  
33.30550807  
23.44883243  
11.77084683  
0.4989743045  
-8.580095025  
-14.51477541  
-17.27617559  
-17.53420166  
-16.22395236  
-14.07728372  
-11.30801786  
-7.582059594  
-2.291773323  
4.975592148  
13.98001462  
23.6024392  
31.99232511  
37.08041931  
37.28391325  
32.12589726  
22.49874127  
10.43003386  
-1.586901415  
-11.44424677  
-18.10730182  
-21.85078479  
-23.94542742  
-25.93756129  
-28.84741349  
-32.64925584  
-36.26548981  
-38.06534374  
-36.62029788  
-31.34881233  
-22.74387507  
-12.09127895  
-0.8490295254  
9.964921267  
20.03419959  
29.50383558  
38.37304331  
45.88746063  
50.34447718  
49.54505997  
41.79118476  
27.00177031  
7.373633575  
-12.85481609  
-28.60656356  
-35.75000198  
-32.75630668  
-21.49987048  
-6.783684256  
5.305063847  
9.597923923  
3.738894604  
-10.98271219  
-30.16981146  
-47.96364916  
-59.09398868  
-60.51060966  
-52.02048077  
-35.83710102  
-15.42666736  
5.716539677  
24.82043669  
39.91975546  
49.50076298  
52.18063649  
46.8396274  
33.29167605  
13.15745957  
-9.660981473  
-29.43909263  
-40.15235505  
-37.63133626  
-21.48165879  
4.162037276  
31.58885518  
52.00806078  
58.71624693  
49.68142202  
28.44101816  
2.859153155  
-17.83064994  
-26.54158439  
-20.99832037  
-4.482425473  
15.61561455  
30.80968188  
34.84530073  
26.0054715  
7.532016472  
-13.89387192  
-30.88501189  
-38.13551894  
-34.17597465  
-21.51852624  
-5.306779655  
8.844077738  
16.90337306  
17.6283397  
12.59981303  
5.260495105  
-0.5421682389  
-1.929749115  
2.143721347  
10.70306287  
21.16271578  
30.12553837  
34.33209287  
31.5545039  
21.26368956  
4.917864169  
-14.24905758  
-31.97439125  
-44.12635947  
-47.96957634  
-43.10709921  
-31.70450716  
-17.82291364  
-6.032897779  
0.1955677275  
-0.3083873544  
-6.130926978  
-14.02752089  
-20.38776873  
-22.758483  
-20.74475428  
-15.90297919  
-10.72372435  
-7.242120982  
-5.989731297  
-5.819424023  
-4.680973639  
-0.9252932971  
5.572015563  
13.09816167  
18.81682715  
20.17975154  
16.31696115  
8.660424175  
0.4214691946  
-4.874326296  
-5.088029378  
-0.540209875  
6.121726552  
11.24023528  
12.01295562  
7.961566123  
1.226447996  
-4.511481771  
-5.972395493  
-2.096733648  
5.231266266  
12.01030424  
14.17065089  
9.857068016  
0.7659182072  
-8.246901093  
-11.25291928  
-4.147336833  
12.99693561  
35.30169375  
54.6204503  
62.68878192  
54.56706344  
30.87265197  
-2.199263168  
-35.10598321  
-58.49821596  
-66.57925939  
-58.91012149  
-40.01055556  
-17.08248357  
3.036686629  
16.34183704  
22.57499557  
24.39288517  
25.39027247  
28.02912004  
32.44173475  
36.55428562  
37.30360954  
32.23365531  
20.67270808  
4.006431385  
-14.92925701  
-32.88902891  
-47.11984377  
-55.75223264  
-57.689062  
-52.31870795  
-39.44968393  
-19.65114244  
5.174402596  
31.43521003  
54.16720235  
68.18060223  
69.73329237  
58.05533879  
35.9867126  
9.306758254  
-15.09945815  
-31.54793598  
-37.39700211  
-33.66966026  
-24.24472546  
-14.04337146  
-7.063851637  
-5.124960851  
-7.77328454  
-13.20439392  
-19.55733232  
-25.81529748  
-31.84034776  
-37.61918105  
-42.2958261  
-43.73445586  
-39.0841456  
-26.23797978  
-5.497795206  
19.50133165  
42.3138999  
55.70620559  
54.46635629  
37.80015634  
10.16737703  
-19.97138376  
-43.11443722  
-52.21412489  
-45.25079383  
-25.79868318  
-1.363768695  
19.75416569  
31.69487892  
32.98834004  
26.47027509  
17.35680561  
10.49507158  
8.123630481  
9.156436369  
10.21899847  
7.806258843  
0.413313141  
-10.4485837  
-20.84474544  
-26.29288465  
-23.95860228  
-14.06239681  
0.201758577  
14.18495668  
23.97261273  
28.15014853  
28.2713264  
27.80715725  
30.11349689  
36.44631434  
45.03704331  
51.72357664  
51.87024878  
42.67355782  
24.74672714  
2.203332584  
-18.84029711  
-32.68803896  
-36.32949728  
-30.54587356  
-19.39473733  
-8.352089025  
-1.981297946  
-2.172011471  
-7.683296483  
-15.094451  
-20.62249804  
-21.90473527  
-18.92409904  
-13.71449765  
-9.087601722  
-7.078027628  
-7.9008235  
-9.922773622  
-10.62508671  
-8.040873091  
-1.925213711  
5.940522297  
12.47404006  
14.70336042  
11.18536462  
2.7486264  
-7.798786011  
-16.86416003  
-21.61041051  
-21.12618612  
-16.68914071  
-11.01320718  
-6.844563071  
-5.571363265  
-6.502744859  
-7.162635823  
-4.47841948  
3.66350473  
17.192129  
33.51198493  
48.22262543  
56.62028322  
