82.15543719  
71.24654419  
56.63158108  
41.96337171  
29.66195131  
20.5537915  
14.25718019  
9.960875668  
7.121623512  
5.731371706  
6.087537443  
8.280248041  
11.74925268  
15.20134171  
16.96670944  
15.63019397  
10.62797771  
2.519896886  
-7.188558305  
-16.58422386  
-23.99658532  
-28.48666801  
-30.00555336  
-29.22277018  
-27.16638082  
-24.86294878  
-23.1082239  
-22.3873092  
-22.87112685  
-24.39899239  
-26.41970318  
-27.95612392  
-27.71194782  
-24.40327476  
-17.27787385  
-6.641572286  
5.868882246  
17.48082192  
24.98888772  
25.77372779  
18.76317522  
4.932247625  
-12.90742229  
-30.9960395  
-45.8663651  
-55.44603577  
-59.57381181  
-59.72462556  
-58.07666869  
-56.33933704  
-54.8644234  
-52.43616119  
-46.83590446  
-35.93577285  
-18.84611812  
3.380681078  
27.79398266  
50.3255234  
66.99748515  
75.09541877  
73.88720554  
64.67931666  
50.27070326  
34.07497559  
19.25062061  
8.100268343  
1.832719399  
0.6194038717  
3.794387521  
10.0684301  
17.7163145  
24.78332328  
29.38137804  
30.08867914  
26.36436249  
18.80962789  
9.109180268  
-0.4092334423  
-7.494372061  
-10.71995865  
-9.96339482  
-6.403006535  
-2.01658649  
1.219181585  
2.091300886  
0.5498328453  
-2.419939237  
-5.376073042  
-7.166079986  
-7.4819366  
-6.959759122  
-6.781125788  
-7.976483798  
-10.77982779  
-14.364564  
-17.11089384  
-17.29853253  
-13.9087992  
-7.158051013  
1.497765124  
9.904583174  
16.06063435  
18.89505044  
18.62688023  
16.55352824  
14.38120786  
13.4180472  
14.00351845  
15.42556601  
16.3392287  
15.46572182  
12.22789668  
7.026820837  
1.051118921  
-4.256446049  
-7.792146103  
-9.149533879  
-8.589157789  
-6.680798605  
-3.856094551  
-0.1547387004  
4.664309092  
10.68720758  
17.3288754  
23.06258047  
25.63479231  
22.77770655  
13.17395369  
-2.737639396  
-22.50803618  
-42.16588273  
-57.33146228  
-64.57026694  
-62.48323255  
-52.12443847  
-36.60016271  
-20.02094774  
-6.21507883  
2.32752766  
4.942801618  
2.624135938  
-2.632235847  
-8.645543504  
-13.70969234  
-16.90310152  
-18.04239728  
-17.41928063  
-15.50669411  
-12.76932528  
-9.608580689  
-6.383774236  
-3.422139911  
-0.9710447455  
0.8855790914  
2.275361952  
3.486627475  
4.815099668  
6.379775809  
8.017998005  
9.341627402  
9.949832757  
9.696623399  
8.862118735  
8.109542881  
8.218648388  
9.71287315  
12.57416853  
16.21189942  
19.73088972  
22.37994604  
23.94838829  
24.87823194  
25.99057423  
27.92486226  
30.56264184  
32.75503618  
32.5607337  
27.96838294  
17.83245689  
2.616572482  
-15.41433711  
-32.69167363  
-45.37472014  
-50.52608966  
-46.97871718  
-35.57974812  
-18.76877267  
0.2758777852  
18.53814275  
33.76612118  
44.62490264  
50.49495107  
51.17437004  
46.74351235  
37.69620063  
25.22526459  
11.40132449  
-1.006857721  
-9.147893163  
-10.96689135  
-5.98651154  
4.387217392  
17.22802531  
29.01415073  
36.7369598  
38.72003526  
34.81135828  
25.92262169  
13.21842612  
-2.563146406  
-21.25248485  
-42.74561847  
-66.12874936  
-88.96062011  
-107.2360483  
-116.2603499  
-112.2138659  
-93.79374397  
-63.19089338  
-25.87623079  
10.84528103  
40.01883238  
57.12775491  
61.27213956  
55.00444825  
42.95904665  
29.91301472  
19.11990704  
11.57835701  
6.42789119  
2.132329404  
-2.231844852  
-6.262426648  
-8.441569285  
-7.125804741  
-1.767678959  
6.302350421  
13.99164278  
17.47759172  
13.72659264  
1.829059207  
-16.44477499  
-37.11475396  
-55.28534698  
-66.7252297  
-69.11307382  
-62.52426286  
-49.08832392  
-32.08247099  
-14.89411817  
-0.2315263647  
10.24812218  
15.95556281  
17.2197453  
15.13180323  
11.40733984  
8.16266001  
7.480833666  
10.76520094  
18.07265754  
27.76213716  
36.76554089  
41.56126125  
39.58811085  
30.54835784  
16.97977526  
3.704010046  
-3.786481506  
-1.44894708  
11.5309035  
32.09113804  
54.14645442  
70.69626879  
76.39733875  
69.58009052  
52.88570796  
32.25160753  
14.64304566  
5.432914426  
6.457213124  
15.47723877  
27.19719037  
35.37188564  
35.14751933  
24.75191523  
5.97077784  
-16.64912125  
-37.45974724  
-51.57007058  
-56.26405916  
-51.58888517  
-40.05863482  
-25.6999407  
-12.80690791  
-4.771014945  
-3.258621995  
-7.891888284  
-16.48277421  
-25.77376355  
-32.53169523  
-34.72148534  
-32.39129895  
-27.89862539  
-25.25376662  
-28.65201699  
-40.61913258  
-60.45754422  
-83.70144771  
-103.0028732  
-110.3428684  
-99.89009369  
-70.46155011  
-26.56933808  
22.50107439  
65.3961324  
92.27657142  
97.97269373  
83.52688339  
55.54255102  
23.61417017  
-3.13755461  
-19.07109544  
-23.44425684  
-19.80868249  
-13.78186957  
-10.24184407  
-11.16268961  
-14.9595967  
-17.51150371  
-14.29871103  
-2.648179301  
16.90157243  
40.65935369  
63.15777231  
79.18640266  
85.59466304  
