35.38947852  
29.46554563  
20.75000366  
10.84477531  
1.772101774  
-4.367288345  
-6.033554446  
-2.973957094  
3.350700298  
9.997604861  
13.52798367  
11.45386694  
3.532024506  
-7.762038141  
-17.96205741  
-22.39065468  
-18.30256296  
-6.431493002  
8.856900352  
21.03785103  
24.02507019  
14.82785616  
-4.909531476  
-29.24058046  
-50.08128123  
-60.35183988  
-56.77802799  
-41.1500328  
-19.49275714  
0.4915419666  
12.59323039  
14.5077106  
8.472924761  
-0.08369093846  
-5.223114314  
-3.267254813  
5.567471131  
17.36172131  
26.36417585  
27.65783008  
19.41950605  
3.79519776  
-13.94555463  
-27.55759751  
-32.31998702  
-26.84166806  
-13.47956551  
2.711534002  
15.98382535  
22.01225049  
19.31775328  
9.54266348  
-3.39823857  
-14.86563491  
-21.12969624  
-20.5360654  
-13.8833265  
-3.984115554  
5.371665943  
10.69245981  
9.911090284  
3.037919102  
-7.850631025  
-19.29984696  
-27.65155002  
-30.34013371  
-26.85568407  
-18.98200764  
-10.14401077  
-4.038680482  
-3.046977668  
-7.083335983  
-13.42969387  
-17.72852224  
-15.81086286  
-5.625311259  
11.58298209  
31.43255727  
47.9396257  
55.84603429  
52.77063073  
40.24148538  
23.12535458  
7.66687345  
-1.028986513  
-0.9832303214  
6.053609353  
15.60668476  
22.59064344  
23.54551576  
17.98587698  
8.303805289  
-1.634076913  
-8.446155592  
-10.77075213  
-9.650705393  
-7.643045002  
-7.176567275  
-9.048542834  
-11.86293251  
-12.71774248  
-8.799765644  
0.9286198463  
14.82849637  
28.96717474  
38.65259274  
40.41962953  
33.54371972  
20.38140067  
5.392894796  
-6.684885971  
-12.67618043  
-12.01392088  
-6.608215165  
0.2853406012  
5.578890445  
7.518571439  
6.028038053  
2.210880794  
-2.586932868  
-7.584367666  
-12.81881218  
-18.78069768  
-25.72724758  
-33.13973474  
-39.68009528  
-43.69067512  
-43.95338442  
-40.26808368  
-33.51380411  
-25.15929797  
-16.5142192  
-8.172108904  
0.01115296601  
8.376628577  
16.68702929  
23.62725738  
26.98556665  
24.56278574  
15.42946082  
0.8879594604  
-15.44452968  
-28.6359516  
-34.20159813  
-29.89787959  
-16.7391895  
1.260257526  
18.55488736  
30.13246304  
33.29199879  
28.39257242  
18.31491989  
6.967213629  
-2.420691617  
-8.428821711  
-11.55352869  
-13.36931571  
-15.28522042  
-17.59364597  
-19.30499818  
-18.81206762  
-14.97682044  
-8.012301448  
0.3486623987  
7.51850117  
11.22847353  
10.61368269  
6.655418623  
1.754471034  
-1.351917629  
-0.7952190371  
3.673149064  
10.71206631  
18.12658441  
23.89212637  
26.94106213  
27.35583  
25.95793175  
23.60797019  
20.66394847  
16.9174768  
12.01981433  
6.100980586  
0.1493414543  
-4.158491616  
-5.174898209  
-2.207467978  
3.852012224  
10.59974497  
14.96600303  
14.5103162  
8.584621458  
-1.196420254  
-11.44025733  
-18.24546636  
-18.72416211  
-12.1335988  
-0.1558085497  
13.75242781  
25.61947948  
32.28309243  
32.2680629  
25.96072518  
15.15312628  
2.270449603  
-10.35306028  
-20.9137392  
-28.26657057  
-31.87463736  
-31.74353704  
-28.41222719  
-22.94208745  
-16.7798128  
-11.42199406  
-7.950773982  
-6.644988346  
-6.896998247  
-7.54209852  
-7.486260493  
-6.323901693  
-4.594963404  
-3.489116543  
-4.101047098  
-6.617039066  
-9.909633839  
-11.85180373  
-10.29773137  
-4.293437236  
5.112392209  
14.95917548  
21.45560174  
21.63202949  
14.80290604  
3.097628654  
-9.281494554  
-17.80908321  
-19.61482258  
-14.75402694  
-6.137911431  
1.877990069  
5.591156921  
3.726344135  
-1.983338515  
-7.701977094  
-9.442069376  
-5.093747479  
4.483515792  
15.85809218  
24.71434211  
27.97641471  
25.28384678  
19.05984709  
13.13295752  
10.62344916  
12.20102095  
15.64831039  
17.00099119  
12.71442271  
1.748153916  
-13.54007659  
-28.22347099  
-37.02222963  
-36.84324213  
-28.37415528  
-15.894154  
-5.332930105  
-1.485957366  
-5.735888138  
-15.40722901  
-25.0913164  
-29.31005661  
-25.21873532  
-14.01854089  
-0.3809240484  
9.834257192  
12.43742292  
6.927622193  
-3.331258542  
-12.86089932  
-16.86726993  
-13.67929027  
-5.59009845  
2.347027082  
4.992630713  
-0.05798994538  
-10.93300655  
-22.04774496  
-26.58441341  
-19.75906393  
-1.336656292  
23.82528394  
47.52572115  
61.53116498  
61.00189003  
46.53707171  
23.96493779  
2.003498085  
-11.17330644  
-11.0079222  
1.954571636  
22.64971693  
43.7382469  
58.46268425  
62.93038186  
57.01411249  
43.72991385  
27.58592301  
12.72822965  
1.640025243  
-5.224282153  
-8.949207198  
-11.22155437  
-13.43300645  
-16.15835307  
-19.09296477  
-21.32465192  
-21.73743927  
-19.39137622  
-13.81993015  
-5.247421954  
5.281512361  
15.92295228  
24.29604372  
28.02389364  
25.45798845  
16.34647426  
2.146239771  
-14.23413625  
-29.25324291  
-39.85142707  
-44.43031186  
-43.29182376  
-38.35250194  
-32.26781588  
-27.36444818  
-24.85230959  
-24.6338137  
-25.72151669  
-26.9749883  
-27.72758868  
-27.96652512  
-28.00379831  
-27.88096862  
-26.92108743  
-23.77485443  
-17.03575813  
-6.160531634  
7.790382593  
22.0508354  
32.86886498  
36.83208739  
32.2590072  
20.03628343  
3.494140392  
-12.67191344  
-24.00575874  
-27.76550487  
-23.68334252  
-13.7565236  
-1.244530676  
10.62834829  
19.69379043  
25.20844873  
27.54704342  
27.51992344  
25.75368745  
22.47219204  
17.74331471  
11.96997595  
6.255205594  
2.337828797  
2.037168321  
6.429540718  
15.15730466  
26.24305924  
36.56397468  
42.8371859  
42.72878037  
35.63881553  
22.85748  
7.061391265  
-8.609784054  
-21.50720129  
-30.1000406  
-34.09923822  
-34.13340466  
-31.20737881  
-26.21994378  
-19.73506204  
-12.04551234  
-3.424804182  
5.606549971  
14.15249818  
21.01646044  
24.94961849  
24.97661676  
20.68896531  
12.42003498  
1.256132053  
-11.12585983  
-22.77277934  
-31.8689474  
-37.16132332  
-38.27665703  
-35.81144822  
-31.12349992  
-25.85465256  
-21.33188728  
-18.07539279  
-15.63450521  
-12.85710982  
-8.513870515  
-2.020772371  
6.073903188  
14.10115371  
19.83768366  
21.42769981  
18.27458501  
11.493584  
3.682523395  
-1.945869851  
-2.743538384  
2.356066198  
12.40036621  
24.73710913  
35.95399318  
43.05440532  
44.41003943  
40.15456663  
31.93458429  
22.19552236  
13.3330036  
7.031189097  
3.967223614  
3.871577471  
5.799293403  
8.440515401  
10.37131458  
10.25096491  
7.033393351  
0.2366477771  
-9.776690146  
-21.64659671  
-33.14750623  
-41.67420157  
-44.98716771  
-41.96618732  
-33.06277057  
-20.23040875  
-6.31931113  
5.84359441  
14.32301161  
18.54503419  
19.20105314  
17.67657799  
15.30477024  
12.80405771  
10.14325862  
6.846901235  
2.528852173  
-2.66304947  
-7.944367786  
-12.18953411  
-14.4624517  
-14.49010938  
-12.81961542  
-10.57015281  
-8.908345413  
-8.522217427  
-9.364136578  
-10.78446594  
-11.9625539  
-12.38217091  
-12.07749509  
-11.50979671  
-11.14932241  
-11.01374242  
-10.45748743  
-8.382077296  
-3.811608297  
3.436499079  
12.33978513  
20.77683467  
26.17620042  
26.47057031  
20.95938375  
10.70278785  
-1.73680515  
-13.11460853  
-20.56416206  
-22.4936703  
-19.00265245  
-11.71262217  
-3.134207396  
4.159475882  
8.263337918  
8.375729804  
4.877800482  
-0.8895716799  
-7.043220262  
-11.66225577  
-13.29142998  
-11.35851845  
-6.406457981  
-0.03477291051  
5.511070632  
8.054510482  
6.314237058  
0.5386941781  
-7.353435028  
-14.28222966  
-17.06492817  
-13.66353189  
-4.124758642  
9.214470351  
22.41067736  
31.27439162  
32.89538833  
26.72828255  
14.80301446  
0.98401395  
-10.40759591  
-16.04846567  
-14.58874375  
-6.836749945  
4.804473548  
17.30917351  
27.9650562  
34.94290658  
37.41708295  
