-2.087929166  
-2.875895391  
-5.138533193  
-8.205101137  
-10.86612703  
-11.72528293  
-9.754285028  
-4.829959714  
2.009952652  
8.766865172  
13.12150336  
13.29014703  
8.750846818  
0.5235423276  
-9.132830998  
-17.49409275  
-22.29910768  
-22.45502588  
-18.25230367  
-11.05053807  
-2.630977866  
5.460153639  
12.28939517  
17.52089118  
21.11131829  
22.96206341  
22.77359536  
20.20351734  
15.22860254  
8.466283669  
1.208583786  
-4.930623553  
-8.632556371  
-9.457787651  
-8.077402489  
-5.983147303  
-4.769863664  
-5.319696361  
-7.301478898  
-9.271536172  
-9.376431661  
-6.348315793  
-0.3089181268  
7.043534251  
13.01371331  
15.03510303  
11.84092005  
4.127167489  
-5.629014491  
-14.14535373  
-18.67791278  
-18.12340925  
-13.37709407  
-6.790787753  
-1.001127405  
2.303566982  
3.084602673  
2.792424949  
3.439093931  
6.378875554  
11.42069232  
16.7383688  
19.65421073  
17.9374082  
10.99286485  
0.3502444843  
-10.81545224  
-18.94408928  
-21.57029852  
-18.35102803  
-11.17328724  
-3.297666595  
2.066557419  
3.108014577  
0.08830407421  
-4.922619621  
-9.080845338  
-10.06201312  
-7.015680625  
-0.7789868995  
6.677760844  
13.23719944  
17.53848621  
19.37027454  
19.41869211  
18.58104165  
17.27342821  
15.142938  
11.35564107  
5.299749593  
-2.7055491  
-11.13633852  
-17.65739065  
-20.06722104  
-17.36841179  
-10.42586389  
-1.831675416  
5.045509806  
7.454589076  
4.48884508  
-2.425352337  
-10.0386677  
-14.60457059  
-13.46321986  
-6.1962791  
5.156328951  
16.91721051  
25.27463187  
27.81608401  
24.43592918  
17.24618674  
9.563561452  
4.445542607  
3.427941711  
6.000114594  
10.00569743  
12.73872191  
12.20886638  
8.002587271  
1.379523683  
-5.392762296  
-10.11939974  
-11.66027232  
-10.37473345  
-7.860635273  
-6.150670895  
-6.764853213  
-10.05663031  
-15.12387553  
-20.27725904  
-23.80337766  
-24.64909575  
-22.72754292  
-18.75858526  
-13.79231548  
-8.705721998  
-3.943203802  
0.3898912546  
4.184446792  
6.989174852  
7.934831151  
6.034669702  
0.7547936184  
-7.432087973  
-16.83557481  
-24.87451676  
-28.88907889  
-27.13859508  
-19.56060089  
-7.934668655  
4.66684131  
14.95256787  
20.58656694  
20.9854545  
17.4153931  
12.36403755  
8.468898416  
7.463429302  
9.575993786  
13.60266686  
17.57241557  
19.67262136  
19.01343819  
15.91312594  
11.62580701  
7.689301339  
5.225404868  
4.512275256  
4.988779073  
5.630165899  
5.466070716  
3.973838885  
1.180450224  
-2.517376613  
-6.653072707  
-10.89932047  
-15.05524273  
-18.83696739  
-21.64008531  
-22.48624076  
-20.27815764  
-14.30918101  
-4.799590053  
6.837276908  
18.21066784  
26.64871964  
30.13315914  
28.08081592  
21.60850585  
13.12297923  
5.37453383  
0.364021733  
-1.422867756  
-1.111483817  
-0.8145038002  
-2.563277939  
-7.274477383  
-14.22280563  
-21.26706578  
-25.73920752  
-25.6083126  
-20.40738613  
-11.51604292  
-1.675387968  
6.055501965  
9.459263561  
7.959158183  
2.751104031  
-3.745980492  
-8.857921933  
-10.63031038  
-8.437150032  
-3.036471063  
3.87196315  
10.34504605  
14.85028365  
16.6486563  
15.83273215  
13.09605923  
9.391596483  
5.628309095  
2.484987339  
0.3396650538  
-0.7305509917  
-0.9188505465  
-0.6308755983  
-0.3765949315  
-0.5982161716  
-1.467319687  
-2.735578537  
-3.739184421  
-3.611540344  
-1.662811275  
2.216284083  
7.317752835  
12.19644691  
15.09160255  
14.55737366  
10.05665043  
2.2627596  
-7.078104228  
-15.68921025  
-21.50261055  
-23.3037071  
-21.03502551  
-15.66688736  
-8.731064479  
-1.747683863  
4.205188692  
8.628458557  
11.45597268  
12.77480424  
12.60903893  
10.89967762  
7.678609534  
3.303444855  
-1.429655465  
-5.420711427  
-7.635273753  
-7.552437174  
-5.46564077  
-2.458125797  
-0.02178201411  
0.5370048265  
-1.35423235  
-5.283134304  
-10.02203944  
-14.04760693  
-16.17806798  
-16.04077449  
-14.16375927  
-11.66113587  
-9.670131217  
-8.806484379  
-8.88685979  
-9.034235897  
-8.101812823  
-5.210158665  
-0.1539873822  
6.489097495  
13.57023054  
19.78163788  
24.07821395  
25.9397379  
25.40197478  
22.89789867  
19.0238362  
14.34877978  
9.329728805  
4.321166749  
-0.3816579801  
-4.525898978  
-7.929299402  
-10.52359906  
-12.36270107  
-13.56691234  
-14.22488015  
-14.31699053  
-13.72650978  
-12.35613047  
-10.29510231  
-7.9274528  
-5.877680522  
-4.764054888  
-4.842318423  
-5.71246643  
-6.273521323  
-5.022639031  
-0.6377947213  
7.372040419  
18.23686676  
29.94598972  
39.77419453  
45.15135194  
44.55007411  
38.03820556  
27.26840936  
14.90506108  
3.718047601  
-4.298170645  
-8.448471395  
-9.337972331  
-8.408954753  
-7.254251507  
-7.008058495  
-8.039202174  
-10.00794029  
-12.18242385  
-13.82039254  
-14.43966685  
-13.8997151  
-12.33246116  
-10.02673327  
-7.358163918  
-4.784093902  
-2.844935224  
