20.1778442  
15.91749209  
12.17113023  
11.83801654  
17.16304626  
28.72557888  
44.8061844  
61.48856305  
73.6342467  
76.52372744  
67.62822533  
47.82375568  
21.48703051  
-4.693434225  
-23.84462493  
-31.21478855  
-25.77736843  
-10.5002267  
8.827802287  
25.74066147  
35.35157368  
35.84733721  
28.69714124  
17.61134104  
6.799181308  
-0.6859900668  
-3.847017702  
-3.628386282  
-2.007670334  
-0.8407287435  
-1.042226911  
-2.432552551  
-4.201284349  
-5.626160609  
-6.600008477  
-7.679242807  
-9.670619896  
-13.04178134  
-17.52876563  
-22.18033544  
-25.80965839  
-27.57838553  
-27.3593537  
-25.65928275  
-23.15405728  
-20.13867121  
-16.27018473  
-10.82810605  
-3.406967122  
5.341363584  
13.40408045  
17.86543886  
16.06931294  
7.022502478  
-7.643846556  
-23.72973338  
-35.69855659  
-38.7031594  
-30.60507153  
-13.10857099  
8.549775671  
27.32417087  
36.85926712  
33.78650228  
18.90902944  
-3.172987205  
-25.8049237  
-42.6548178  
-49.78127657  
-46.64166034  
-35.77905625  
-21.48006019  
-8.066889501  
1.462150929  
5.991312286  
6.007587133  
2.810011959  
-2.309856299  
-8.531231628  
-15.48838807  
-22.92814554  
-30.33738177  
-36.79853746  
-41.15421186  
-42.36415341  
-39.83450443  
-33.53885636  
-23.89979367  
-11.55582692  
2.794500002  
18.34723406  
33.98353794  
48.08578721  
58.61525858  
63.57532222  
61.76529726  
53.51540692  
41.0089965  
27.91512754  
18.33750677  
15.41405287  
20.11256293  
30.7477301  
43.48114903  
53.66288789  
57.50962789  
53.45548406  
42.63678755  
28.33116356  
14.60635514  
4.755368858  
0.1593139063  
0.008521335862  
1.924433336  
3.140644258  
1.689764194  
-2.910857714  
-9.71221718  
-17.0088594  
-23.24586794  
-27.69842612  
-30.61749403  
-32.82515461  
-35.02119683  
-37.19641886  
-38.47836153  
-37.50379458  
-33.14048275  
-25.20068551  
-14.78796405  
-4.091898509  
4.296524512  
8.256463269  
6.829763285  
0.4635464599  
-9.252271836  
-20.18569709  
-30.3099423  
-38.13178843  
-42.78815053  
-43.88583205  
-41.28478349  
-35.02001058  
-25.4327731  
-13.41217416  
-0.5334999799  
11.10532392  
19.40230601  
22.96957992  
21.73992032  
17.13725881  
11.64718522  
7.891747164  
7.566311304  
10.70570066  
15.64159134  
19.72637616  
20.5497628  
17.12700978  
10.513081  
3.523955103  
-0.3676424541  
1.483303882  
9.668131127  
22.31101105  
35.68442663  
45.62320179  
49.15092346  
45.62616277  
36.91511764  
26.51641984  
18.01999993  
13.57387269  
13.02731229  
14.12101831  
13.63219421  
8.961713916  
-0.5439625147  
-13.12757654  
-25.22969499  
-32.92105749  
-33.55292101  
-26.92502413  
-15.47722048  
-3.420396622  
4.839882186  
6.352494797  
0.696116213  
-9.917134295  
-21.51022564  
-29.80799221  
-31.72424593  
-26.32853474  
-14.99410529  
-0.7622048087  
12.75982584  
22.52304651  
26.80050275  
25.40407809  
19.40170422  
10.5525497  
0.7238998845  
-8.517966754  
-16.0848637  
-21.3741598  
-24.21814882  
-24.85420243  
-23.91250009  
-22.3479225  
-21.2343489  
-21.4072143  
-23.05158783  
-25.42460553  
-26.90807383  
-25.48524528  
-19.54990188  
-8.766159409  
5.401886903  
19.81098418  
30.50648593  
34.11947504  
29.29973159  
17.58348572  
3.234894502  
-8.040336823  
-11.15265259  
-3.728570525  
12.58994726  
32.26796871  
47.54000355  
51.12485241  
39.04205031  
12.45431955  
-22.23923116  
-55.21190737  
-76.35262774  
-78.64488346  
-60.56245372  
-26.60811588  
14.19082618  
51.26053299  
75.83328821  
83.48023749  
74.99479509  
55.45842521  
32.00618279  
11.24050012  
-2.732412768  
-9.029126499  
-9.425914292  
-6.966174336  
-4.453303658  
-3.461901557  
-4.161088408  
-5.827997963  
-7.637574845  
-9.26296256  
-11.00199209  
-13.44132828  
-16.91881201  
-21.12761872  
-25.09677611  
-27.55890144  
-27.50523692  
-24.63976327  
-19.51460271  
-13.30690629  
-7.377579122  
-2.837926176  
-0.3054666931  
0.1064325583  
-1.343141351  
-4.149156363  
-7.593174279  
-10.71588083  
-12.3643056  
-11.44654707  
-7.401141549  
-0.7070842264  
6.868769909  
12.56099236  
13.49658934  
7.941846875  
-3.603235014  
-18.02509274  
-30.27620463  
-35.02572495  
-28.72944238  
-11.29192687  
13.437942  
38.6763893  
56.94655309  
62.73655059  
54.53193001  
35.39036409  
11.79840155  
-8.751469619  
-20.50175735  
-21.40408613  
-13.57414993  
-2.114518975  
7.139191188  
9.981334489  
5.354081827  
-4.524656007  
-15.35483713  
-22.66194333  
-23.57202786  
-17.7476096  
-7.206261065  
4.755368283  
14.96047727  
21.44612124  
23.85302129  
23.08688346  
20.56027362  
17.46200043  
14.40370344  
11.53493511  
8.948240955  
7.052294089  
6.638490873  
8.564891001  
13.2156271  
20.03856786  
27.44231178  
33.16363398  
34.98538812  
31.51214093  
22.6814364  
9.808960682  
-4.824764995  
-18.65049237  
-29.46915284  
-35.86799266  
-37.31739967  
-34.02944423  
-26.74584133  
-16.59611858  
-5.05827515  
6.066532679  
14.80675634  
19.38764814  
18.76377132  
13.12037283  
4.081777346  
-5.569961096  
-12.67521653  
-14.75540198  
-10.96484175  
-2.538445641  
7.498130439  
15.30898307  
17.58747053  
12.76119282  
1.600432325  
-13.01005305  
-27.05526171  
-36.75993042  
-39.83311638  
-36.14035365  
-27.59040543  
-17.3304242  
-8.592857628  
-3.637773008  
-3.154122306  
-6.273695967  
-11.10690166  
-15.53191679  
-17.92037264  
-17.56246896  
-14.70986444  
-10.30933663  
-5.588865978  
-1.663488326  
0.733131998  
1.362696036  
0.4669603442  
-1.339849155  
-3.248288551  
-4.488429937  
-4.59346727  
-3.62334702  
-2.244383331  
-1.571535098  
-2.754599865  
-6.412213348  
-12.13195453  
-18.29319963  
-22.38794001  
-21.82391196  
-14.96671817  
-2.017346033  
14.68099676  
31.12948696  
42.86746124  
46.4780279  
40.84086062  
27.62671856  
10.80663299  
-4.664567901  
-14.4986128  
-16.4359781  
-10.82542292  
-0.2565963165  
11.53507783  
21.004024  
25.84068121  
25.38670623  
20.39003122  
12.3547261  
2.863553561  
-6.826100983  
-15.82614782  
-23.43655757  
-28.97801727  
-31.81731974  
-31.58595069  
-28.41734866  
-22.97280631  
-16.13718899  
-8.487629399  
0.1631848788  
10.80678917  
24.69294792  
42.35078503  
62.63443051  
82.35640411  
96.88206834  
101.6260045  
93.91046969  
74.36354918  
47.12611574  
18.60457927  
-4.838294877  
-19.32338414  
-24.94859724  
-25.60857169  
-27.13358964  
-34.50940812  
-49.39802926  
-69.09196464  
-87.4196612  
-97.2463873  
-93.48372624  
-75.27872644  
-46.42020117  
-13.81013571  
15.27617951  
35.88819262  
46.86601586  
50.50359843  
50.70826165  
50.65696084  
51.14263168  
50.40817712  
45.48415106  
34.27381069  
17.25103009  
-2.162655046  
-18.79813555  
-27.96275955  
-27.59914708  
-19.29731902  
-7.630151799  
1.899027919  
5.325310285  
1.930687469  
-5.614078947  
-12.71573508  
-15.19585758  
-11.35036654  
-2.736865837  
6.666115041  
12.48121571  
12.11682566  
6.032524633  
-2.528524385  
-9.191438121  
-10.65879356  
-6.385130072  
1.104254293  
7.406291337  
8.369817029  
2.14420804  
-9.821737923  
-23.29455031  
-33.04044744  
-35.06287488  
-28.30069337  
-15.07435951  
-0.1507610569  
11.10476089  
14.67476617  
9.163180548  
-4.005972923  
-21.37476906  
-38.75287812  
-52.45634071  
-60.06836867  
-60.61876788  
-54.35771295  
-42.41038409  
-26.52433735  
-8.93425467  
7.785250949  
21.03679996  
28.72900036  
29.8766268  
25.00615349  
16.11605232  
6.112334941  
-2.121188819  
-6.669847164  
-7.171733251  
-4.801557225  
-1.672306636  
0.08318170004  
-0.8306919637  
-4.408027192  
-9.413856463  
-13.91173127  
-16.00097403  
-14.47869807  
-9.217378869  
-1.182334536  
7.864517272  
15.86281012  
21.02880665  
22.39183459  
