30.26642858  
18.94178883  
8.314552594  
0.7597494146  
-2.3097402  
-0.826081445  
4.015869137  
10.2361846  
15.73201389  
18.88128038  
18.91770049  
16.02623069  
11.20620729  
5.984470617  
2.042128657  
0.7903008163  
2.936000698  
8.129443865  
14.83875262  
20.59744554  
22.67054086  
19.00344084  
9.13368338  
-5.334210891  
-20.98697963  
-33.61561007  
-39.66278527  
-37.53982605  
-28.23878282  
-14.92866172  
-1.663854188  
8.251820134  
13.51537924  
15.11303374  
15.51179501  
17.14898574  
20.97421662  
25.79785036  
28.82056075  
27.12904316  
19.42922897  
7.114709202  
-5.958264435  
-15.00758288  
-16.5302512  
-10.14594093  
0.8547151816  
10.63216281  
13.19321497  
5.038954545  
-13.12504151  
-36.4235982  
-57.63053508  
-70.00411851  
-69.9101492  
-58.10176767  
-39.14015038  
-19.28634045  
-3.871563533  
4.650940929  
7.141416512  
6.61751693  
6.193294118  
7.212026907  
8.534296246  
7.333273945  
0.9676059649  
-11.06258188  
-26.1422848  
-39.15405245  
-44.50311091  
-38.66799058  
-22.08098832  
0.5997966061  
22.05833576  
35.12467821  
35.63506189  
24.11823337  
5.576575791  
-12.54503771  
-23.33308805  
-23.06488764  
-12.46146753  
3.926087116  
19.85031671  
30.04707951  
32.30617349  
28.09921287  
21.59262876  
17.57203419  
19.23701258  
26.82220562  
37.5890155  
47.11332988  
51.24681471  
47.8804673  
37.77566299  
24.16563572  
11.36427263  
3.01749675  
0.7387164168  
3.660543225  
9.019369739  
13.45603666  
14.44332097  
11.24130293  
5.019247594  
-1.847126532  
-6.950658599  
-8.970999955  
-8.257552875  
-6.64403307  
-6.592776434  
-10.04429284  
-17.4647088  
-27.49533115  
-37.36048842  
-43.88134275  
-44.70062356  
-39.23887839  
-29.0064551  
-17.14441386  
-7.360319514  
-2.650635748  
-4.273602809  
-11.33529625  
-21.11951104  
-30.02372286  
-34.75945236  
-33.40475251  
-25.97685539  
-14.37673117  
-1.772242205  
8.350344613  
13.169079  
11.2793365  
3.053755544  
-9.437445571  
-22.89461418  
-33.53517721  
-37.97391996  
-34.07260005  
-21.57756082  
-2.367942445  
19.81568174  
40.18442864  
54.11633721  
58.47101552  
52.59980624  
38.67852614  
21.16878968  
5.501120337  
-3.630931222  
-3.793739  
4.399486688  
17.5524794  
30.73696568  
39.28822127  
40.48015005  
34.44604333  
23.9956048  
13.40926045  
6.693812597  
5.996176269  
10.80179324  
18.22238108  
24.23306606  
25.33842063  
19.98521917  
9.160178029  
-4.040957538  
-15.6627044  
-22.42313192  
-22.90641113  
-17.95914485  
-10.18431602  
-2.800573714  
1.625181293  
2.05008683  
-0.8828526492  
-5.385145483  
-9.461140401  
-11.79824729  
-12.22681454  
-11.59271319  
-11.16353238  
-11.89039457  
-13.88720823  
-16.36067566  
-17.99672989  
-17.594522  
-14.63525594  
-9.5226823  
-3.402453614  
2.328909378  
6.575189186  
8.891012327  
9.485579891  
8.912869056  
7.634547947  
5.694287515  
2.673930964  
-2.049365136  
-8.880620692  
-17.63577036  
-27.40853493  
-36.74069828  
-44.01460978  
-47.88940799  
-47.60311636  
-43.05280137  
-34.6907794  
-23.36257001  
-10.21113914  
3.314547445  
15.42931209  
24.1151181  
27.48298016  
24.38064918  
15.05247002  
1.533809847  
-12.51925327  
-22.67913828  
-25.09839478  
-17.91859512  
-2.178231213  
18.21876047  
37.58142462  
50.24965707  
52.51870178  
43.95076325  
27.55972144  
8.77682356  
-6.423217263  
-13.53559175  
-10.93823111  
-0.2201282194  
14.6202838  
28.71970192  
38.00238375  
40.33175463  
35.82135459  
26.33940412  
14.55125362  
2.962357507  
-6.676861953  
-13.48530309  
-17.21783887  
-17.95223975  
-15.93096023  
-11.62998426  
-5.938489708  
-0.2326527508  
3.831388154  
4.81525736  
2.104297261  
-3.672626175  
-10.66562826  
-16.34344565  
-18.38641272  
-15.58693423  
-8.380725802  
1.229072967  
10.34369845  
16.17812093  
17.01587403  
12.75048502  
4.836190699  
-4.288903912  
-12.04877127  
-16.51512162  
-16.87238217  
-13.46141505  
-7.474845365  
-0.484450123  
6.005600712  
10.85383159  
13.39766637  
13.43956033  
11.17619465  
7.120815537  
2.027113146  
-3.204482621  
-7.655766536  
-10.54739262  
-11.38948285  
-10.08448995  
-6.955036203  
-2.695671417  
1.735202167  
5.266211014  
6.901660783  
5.947228471  
2.251374722  
-3.599584651  
-10.23504775  
-15.70289006  
-17.95658408  
-15.53853972  
-8.241194979  
2.539241206  
13.98822823  
22.64682876  
25.5742584  
21.48812413  
11.41057115  
-1.509087744  
-13.01468379  
-19.26859707  
-18.30039602  
-10.78490939  
0.1956849816  
10.34021776  
15.79941394  
14.65043859  
7.575744578  
-2.514414368  
-11.72426442  
-16.72832375  
-15.98053287  
-10.10264311  
-1.368135238  
7.398555354  
13.95374405  
17.28734694  
17.56957508  
15.53895592  
11.75465645  
6.175048041  
-1.683715875  
-12.10146121  
-24.40867895  
-36.62294763  
-45.77777943  
-48.90594614  
-44.28425935  
-32.36696139  
-15.93102212  
0.7116163577  
13.16155013  
18.46258388  
16.09225617  
8.020402875  
-2.152832514  
-10.58684568  
-14.53222421  
-13.09465099  
-7.212566193  
1.013890319  
9.253826134  
15.70867369  
19.44545773  
20.3023731  
18.58260725  
14.80808384  
9.68867132  
4.258128507  
-0.03319355551  
-1.492862714  
1.298330171  
8.790444948  
19.9290513  
32.13115703  
41.93209218  
46.14811081  
43.11632141  
33.47239204  
20.07713845  
7.053998564  
-1.708672804  
-3.985075132  
0.01923971741  
7.863931339  
15.92253505  
20.80623268  
20.54853006  
15.08235752  
5.895074132  
-4.869570695  
-15.36421156  
-24.5788418  
-32.2673637  
-38.40820933  
-42.6026796  
-43.83654262  
-40.81355129  
-32.72729439  
-20.05622787  
-4.901290392  
9.417890463  
19.42497149  
22.77186851  
19.15797869  
10.43337984  
-0.1942953797  
-9.501092269  
-15.51591502  
-18.12427355  
-18.73360657  
-19.19091136  
-20.52170284  
-22.15948879  
-22.10041574  
-17.95256672  
-8.383950301  
5.762870109  
21.30024473  
33.6480122  
38.54998594  
33.80822491  
20.2489639  
1.466807032  
-17.55210448  
-32.31411262  
-40.37062965  
-41.87044073  
-38.92851461  
-34.19154215  
-29.35135029  
-24.35494176  
-17.68878369  
-7.560807571  
6.660373991  
23.52903768  
39.65687897  
50.90286946  
54.08792671  
48.42323398  
35.95556571  
20.79154362  
7.441150093  
-0.9618534516  
-3.753164516  
-2.673138535  
-0.7315139359  
-0.5953472892  
-3.300034843  
-7.891825349  
-12.12367305  
-13.79138127  
-11.98269267  
-7.575630568  
-2.726796005  
0.3708036903  
0.7868414431  
-0.5102237285  
-1.06844627  
1.737771884  
9.143790738  
19.98994183  
30.85288864  
37.35136677  
36.08086096  
26.29275266  
10.50859496  
-6.274473751  
-18.49098059  
-22.21787199  
-16.7318372  
-4.745316142  
8.761671467  
18.58494497  
21.32763333  
16.57930979  
6.81405809  
-3.847566471  
-11.40103986  
-13.47119531  
-9.993444385  
-2.90147208  
4.899866449  
10.74146689  
13.05990427  
11.65753185  
7.400964092  
1.636317389  
-4.353155968  
-9.646655062  
-13.73377038  
-16.4402991  
-17.87263927  
-18.42270116  
-18.75458354  
-19.64748891  
-21.64576741  
-24.62286753  
-27.50190541  
-28.38351726  
-25.17340673  
-16.53917045  
-2.791678985  
13.77251676  
29.35496058  
39.89052772  
42.58183616  
37.07514836  
25.71163059  
12.66347862  
2.26068301  
-2.794803764  
-2.542717808  
0.308128842  
1.636607172  
-2.185823203  
-12.57442288  
-27.95415297  
-44.26926272  
-56.5557155  
-60.89455848  
-55.91782164  
-43.26191646  
-26.83891319  
-11.3005894  
-0.3756230136  
4.254102559  
3.172168394  
-1.400603771  
-6.681297558  
-10.331591  
-11.01666722  
-8.422342441  
-2.911356542  
4.871877212  
14.20207397  
24.22420827  
33.79599928  
41.44738571  
45.61223223  
45.10991007  
39.67578313  
