10.83735332  
-12.99690548  
-34.09851089  
-46.08896618  
-45.91026409  
-34.54710492  
-16.22475317  
3.45114141  
19.57726549  
29.43903497  
32.93552864  
31.97375644  
29.26731419  
27.12418659  
26.68177408  
27.754192  
29.16741308  
29.30795685  
26.63625697  
20.05406676  
9.147780678  
-5.629527185  
-22.8377708  
-40.09124857  
-54.39508797  
-62.82339802  
-63.39826869  
-55.84892964  
-41.87850867  
-24.71247972  
-8.008298063  
5.470323221  
14.83858234  
21.25612002  
27.1404495  
34.74609488  
44.76213972  
55.62163681  
63.92100999  
65.83718  
58.94204219  
43.58633078  
23.17849385  
3.160795662  
-10.93238734  
-15.53103708  
-10.3392563  
1.634871882  
15.30502913  
25.43517772  
28.45834826  
23.48506843  
12.20832933  
-2.092540833  
-15.90141602  
-26.56770675  
-32.79109546  
-34.48249843  
-32.29291593  
-27.18547652  
-20.28208505  
-12.95143323  
-6.895932027  
-3.968612427  
-5.628688446  
-12.21817822  
-22.44299761  
-33.43579928  
-41.53899617  
-43.58739789  
-38.17470768  
-26.32593592  
-11.22144912  
2.965053766  
12.6388484  
16.08901006  
13.95988364  
8.706244229  
3.31786993  
-0.06969840167  
-1.027336695  
-0.77383091  
-1.280443275  
-4.015261503  
-8.964717982  
-14.42201698  
-17.65279016  
-16.12720146  
-8.746331935  
3.497203519  
17.7154297  
30.08601049  
37.16768744  
37.04575557  
29.90098849  
17.86459384  
4.303830638  
-7.147929961  
-13.49289597  
-12.99412333  
-5.464560829  
7.739696666  
23.96287155  
39.70201843  
51.25931903  
55.54408013  
50.87852999  
37.57116702  
18.01198511  
-3.839779724  
-23.48952029  
-37.15286526  
-42.78445774  
-40.51967243  
-32.38528251  
-21.43025509  
-10.65453974  
-2.164940507  
3.160214902  
5.480231904  
5.503314545  
4.02763128  
1.75047029  
-0.6337415884  
-2.240632899  
-1.981289524  
1.109311188  
7.278072501  
15.50317628  
23.37510251  
27.64743287  
25.37383729  
15.20885268  
-1.717891223  
-21.83146795  
-40.15425405  
-52.00671856  
-54.68085986  
-48.37134048  
-35.95700935  
-21.73403107  
-9.67286301  
-1.979178716  
1.424535895  
2.331328091  
2.955597512  
4.608404622  
7.022505557  
8.65032849  
7.739451173  
3.57780788  
-2.796920034  
-8.856375216  
-11.73410524  
-9.713042266  
-3.27715594  
4.864741417  
10.8853519  
11.61263754  
6.148233389  
-3.462548657  
-12.88680666  
-17.25284609  
-13.24281292  
-0.6022807751  
17.61127344  
36.16119381  
49.65674289  
54.60047591  
50.60259385  
40.29724978  
28.07259152  
18.2220673  
13.32302997  
13.4834381  
16.66753837  
19.83261972  
20.29785045  
16.74483345  
9.495060921  
0.07747501427  
-9.592762372  
-17.99044165  
-24.38301534  
-28.77286794  
-31.53039838  
-32.98740634  
-33.2181417  
-32.08105811  
-29.42879026  
-25.3108872  
-20.02939275  
-14.02674207  
-7.706248282  
-1.332348083  
4.898625787  
10.64901294  
15.23671673  
17.61247919  
16.61202641  
11.42598648  
2.088813785  
-10.26249902  
-23.53182628  
-35.20725787  
-43.11378154  
-46.07620312  
-44.22104465  
-38.79980481  
-31.62408978  
-24.36682788  
-18.02794135  
-12.77081821  
-8.15422046  
-3.604160754  
1.128234494  
5.750178657  
9.549391141  
11.78535478  
12.15381776  
11.09850802  
9.814251327  
9.918141289  
12.90070776  
19.55050442  
29.55274861  
41.40197293  
52.67185431  
60.58593271  
62.7540602  
57.89196984  
46.32839101  
30.13099007  
12.7543066  
-1.768454632  
-9.923236647  
-9.804507849  
-1.83868559  
11.15796312  
24.70110122  
33.98631409  
35.45544137  
28.03944529  
13.5987205  
-3.656139222  
-18.60616154  
-27.02666118  
-27.08276896  
-19.94175779  
-9.256199689  
0.2865910845  
4.780248732  
2.563016942  
-5.242552229  
-15.30718075  
-23.52593409  
-26.69730139  
-23.76058744  
-16.10627799  
-6.875942661  
0.4098505394  
3.2920023  
1.28007223  
-4.120936606  
-10.22129609  
-14.40001323  
-15.24217104  
-13.08150271  
-9.75031082  
-7.684224698  
-8.792103608  
-13.57550316  
-20.8498301  
-28.15582199  
-32.67012683  
-32.24730151  
-26.20671484  
-15.60610382  
-2.947040833  
8.551505157  
15.86235647  
16.97917979  
11.46353719  
0.6015070951  
-12.84997079  
-25.2764344  
-33.06921459  
-33.57013807  
-25.87614904  
-11.26144865  
6.977331409  
24.31097585  
36.25605966  
39.78740473  
34.41202417  
22.47614286  
8.503915474  
-2.289104468  
-5.827958297  
-0.692628555  
11.28192179  
25.60206907  
36.73550276  
40.16719262  
34.10505074  
20.16248161  
2.736583096  
-12.68010444  
-21.58531157  
-22.11911535  
-15.63043968  
-5.955850186  
2.262819318  
5.504969044  
2.743170277  
-4.286532351  
-11.98673304  
-16.55060072  
-15.64201863  
-9.396687577  
-0.3508907323  
7.62968511  
10.93421791  
7.629832238  
-1.843348827  
-14.93330613  
-28.00987425  
-37.68732444  
-41.88209719  
-40.22609796  
-33.77540773  
-24.26428752  
-13.31797199  
-1.990695122  
9.215952741  
19.96529207  
29.62490119  
37.05026755  
40.78648517  
39.6299141  
33.29119848  
22.82670483  
10.59193907  
-0.3249117707  
-7.006263711  
-7.615890099  
-1.982807013  
8.346079128  
20.585629  
31.53826319  
38.47976877  
39.83401538  
35.47181992  
26.60873485  
15.39401583  
4.339598517  
-4.262785717  
-8.824553249  
-8.772310044  
-4.645848959  
2.03959874  
9.161719065  
14.53585353  
16.52033401  
14.51545197  
9.182697323  
2.273134695  
-3.926366385  
-7.376777154  
-7.043185969  
-3.34752588  
1.871576484  
5.911545129  
6.104910026  
0.762127995  
-10.16868163  
-24.95955085  
-40.53290038  
-53.32304238  
-60.28650717  
-59.73879354  
-51.76750396  
-38.11881787  
-21.62613504  
-5.38256551  
8.080898583  
17.37266911  
22.42619269  
24.2707357  
24.48725781  
24.53750286  
25.18828305  
26.22348397  
26.5476597  
24.65880822  
19.33630463  
10.29734121  
-1.440780856  
-13.67508447  
-23.62867691  
-28.88732259  
-28.33583393  
-22.72672887  
-14.61353676  
-7.601802916  
-5.136074906  
-9.244123215  
-19.71228672  
-34.03046805  
-48.16500094  
-57.89835585  
-60.24620127  
-54.42434132  
-42.01060284  
-26.26487419  
-10.90045693  
1.194158945  
8.789918916  
12.42486763  
13.82062348  
14.92965153  
17.06287199  
20.46730726  
24.48117248  
28.10933696  
30.67202166  
32.1711341  
33.19027911  
34.40512206  
35.99697165  
37.32357808  
37.07291735  
33.87217276  
27.07132042  
17.30067872  
6.481608206  
-2.781918675  
-8.201302398  
-8.755160324  
-5.153337568  
0.4227995443  
5.213589041  
7.025209947  
5.12069819  
0.4665231452  
-4.763583362  
-8.188376306  
-8.260761637  
-4.885629921  
0.6399258713  
6.294369769  
10.2609934  
11.67131028  
10.83438209  
8.893731005  
7.136247241  
6.331782637  
6.434450962  
6.762281626  
6.507566621  
5.258750123  
3.225610521  
1.04371989  
-0.711865668  
-1.992257169  
-3.404897447  
-5.87774066  
-10.00287847  
-15.42248198  
-20.64885486  
-23.518327  
-22.15034912  
-15.98408389  
-6.3597741  
3.725459292  
10.68534463  
11.82550805  
6.584636278  
-3.060568737  
-13.27425538  
-19.88413331  
-20.10785513  
-13.72642234  
-3.177744244  
7.478154402  
14.26605488  
14.92108504  
9.7289411  
1.246987651  
-6.915602934  
-11.66657737  
-11.63387673  
-7.501087466  
-1.408201911  
4.211962367  
7.759714988  
9.028582594  
8.997823677  
9.053713771  
10.1053775  
12.07059765  
13.97025205  
14.52607907  
12.8908962  
9.096187497  
3.987200188  
-1.277573197  
-5.836605927  
-9.468321104  
-12.46419285  
-15.12991948  
-17.26057671  
-17.98222505  
-16.15470476  
-11.18680071  
-3.817245393  
3.657704074  
8.006484635  
6.401592772  
-2.080203513  
-15.5418329  
-29.5044578  
-38.38300096  
-37.69393445  
-26.08519244  
-6.267337661  
15.65882655  
32.30908896  
37.75559443  
29.79791404  
