11.34146799  
33.85553743  
46.18035248  
44.13660041  
29.91672014  
10.43161565  
-6.317578263  
-14.96482215  
-14.81702118  
-9.378937262  
-3.847841492  
-2.048109311  
-4.458410298  
-8.306260396  
-9.550159596  
-5.561761856  
3.024923625  
12.34127866  
17.19454971  
13.83465502  
2.081834488  
-14.34729226  
-29.52098451  
-38.11973524  
-37.93984374  
-30.77700079  
-21.25644971  
-14.27014937  
-12.42164416  
-14.86774091  
-18.18281645  
-18.75742372  
-15.37384212  
-10.45153386  
-9.126752624  
-16.48977483  
-34.34684511  
-59.2450528  
-82.96867085  
-95.52841083  
-89.39677471  
-63.04440071  
-22.06789066  
22.71495928  
59.41644923  
79.63383565  
81.38105848  
69.15055573  
51.21495623  
35.55640132  
26.3916445  
22.88512986  
20.51191063  
14.22332751  
1.71975572  
-14.85273972  
-29.62490322  
-35.76084826  
-28.85974169  
-9.318870491  
17.49381298  
43.33638961  
60.46462167  
64.7241996  
57.00437682  
42.5091625  
28.31378319  
20.39289478  
21.42147988  
30.16305153  
42.46413328  
53.1796648  
58.07488016  
54.95948601  
43.82726371  
26.28681931  
4.810781514  
-17.77967718  
-38.51220196  
-54.37314366  
-62.64554456  
-61.59675739  
-51.29960633  
-34.11982174  
-14.4287613  
2.573211039  
12.56646882  
13.65186033  
7.001109927  
-3.735389453  
-14.03935647  
-20.42892214  
-21.77792627  
-19.45395282  
-16.26764908  
-14.81806139  
-16.11121683  
-19.16245767  
-21.75724904  
-21.91515071  
-19.21756025  
-15.22470144  
-12.69647053  
-13.99024061  
-19.48728855  
-26.93818845  
-32.17785528  
-30.9644981  
-21.09047829  
-3.723223256  
16.73753798  
34.29902126  
43.80057167  
43.02225459  
33.51429586  
19.78478233  
7.252726043  
-0.0651360706  
-1.076600839  
2.295926297  
6.398768513  
7.80544666  
4.981146945  
-1.107504951  
-7.638202111  
-11.41741969  
-10.41742165  
-4.623500082  
4.145742469  
13.24336624  
20.43315522  
24.71538656  
26.37655122  
26.34835117  
25.33015177  
23.22251604  
19.20732759  
12.41703729  
2.785803936  
-8.441724212  
-18.8926282  
-25.91606489  
-27.71212684  
-24.18177668  
-17.05967179  
-9.235704245  
-3.564034444  
-1.703621158  
-3.513596499  
-7.257947021  
-10.49473257  
-11.22082856  
-8.751775088  
-3.96695598  
1.143282325  
4.38380395  
4.295017393  
0.732259353  
-5.122981579  
-11.27674006  
-15.71802887  
-17.17395979  
-15.55498727  
-11.95578406  
-8.235406505  
-6.325769107  
-7.489527402  
-11.7609417  
-17.76548556  
-23.0212861  
-24.68934244  
-20.57746379  
-10.0704677  
5.382399453  
22.48862886  
37.0677081  
45.45946891  
45.86595526  
39.06170212  
28.11275825  
17.14535183  
9.636214892  
6.95548824  
7.834076899  
9.046148177  
7.045704981  
-0.1720690021  
-11.86683931  
-24.62545649  
-33.75237165  
-35.38661317  
-28.37238312  
-14.97575551  
-0.04843214706  
11.03973903  
14.77836453  
11.1046512  
3.44001939  
-2.876386148  
-3.058613623  
4.88407248  
19.17293542  
35.00754191  
46.68987334  
50.14054994  
44.64938327  
33.06978084  
20.40194262  
11.45425067  
8.683313829  
11.19958025  
15.35774483  
16.60613191  
11.70199815  
0.2663827472  
-15.00292697  
-29.50275453  
-38.69794499  
-39.99103111  
-33.68588715  
-22.6977983  
-11.23113788  
-3.065194417  
-0.1859363715  
-2.270774055  
-7.118537488  
-11.72394423  
-13.49549114  
-11.15428627  
-5.065986598  
2.988134358  
10.4178671  
14.5785473  
13.48910333  
6.39837288  
-5.882591822  
-20.97029649  
-35.30587128  
-44.97742366  
-46.83766321  
-39.61156019  
-24.58329289  
-5.509439786  
12.35548717  
23.88639373  
25.82803735  
17.99579904  
3.443616761  
-12.5150355  
-24.09806066  
-27.00206377  
-19.79811967  
-4.301189383  
15.15036592  
33.16579605  
44.95339694  
47.60303952  
40.67181234  
26.04076801  
7.240001979  
-11.47627488  
-26.06906511  
-33.53192948  
-32.51134891  
-23.65208145  
-9.552209236  
5.774334166  
17.91702988  
23.35410998  
20.59602189  
10.72329901  
-2.981478956  
-16.25421083  
-25.47327327  
-28.99900322  
-27.61153151  
-23.8136149  
-20.30601666  
-18.3771072  
-17.04556799  
-13.4677604  
-4.507523113  
11.25131802  
32.06590562  
52.99384543  
67.44871039  
69.77767079  
57.74122053  
33.74345408  
4.179706556  
-22.88839209  
-40.74933645  
-46.44324345  
-41.52097968  
-30.88991306  
-20.34531609  
-13.95758173  
-12.49262986  
-13.50002242  
-12.89311061  
-7.167414171  
4.822477208  
21.30168781  
38.35474691  
51.53040019  
57.44182246  
54.67380392  
43.78108738  
26.67158298  
5.921399275  
-15.56033746  
-34.49856145  
-47.22754159  
-50.15709088  
-40.92871745  
-19.9214697  
8.6943184  
37.22090659  
56.40899928  
58.70692576  
41.5505595  
9.162757238  
-28.23189391  
-57.81441242  
-69.01494116  
-57.81062933  
-28.56068054  
7.568963481  
37.06237393  
49.54934202  
41.97527244  
19.62694292  
-6.417769547  
-24.24768468  
-26.24989099  
-12.14433561  
