44.41907904  
34.56341459  
18.59339557  
0.002718330978  
-17.52930187  
-31.15137333  
-39.39031067  
-42.12727288  
-40.14319123  
-34.53602717  
-26.31355931  
-16.32145508  
-5.457235139  
5.04650869  
13.52900302  
18.15785052  
17.50147252  
11.1948056  
0.3834240209  
-12.31334263  
-23.39870943  
-29.50106148  
-28.44991026  
-20.03996383  
-6.19772198  
9.526196028  
22.98019635  
30.61966474  
30.51888918  
22.88662205  
9.955284382  
-4.691041253  
-17.13048392  
-24.16418783  
-24.14091378  
-17.34286329  
-5.849854632  
7.071540813  
17.89193166  
23.81216431  
23.55221427  
17.70009555  
8.495273326  
-0.9157341785  
-7.53705525  
-9.553470484  
-6.969785482  
-1.607868245  
3.572328703  
5.606991116  
2.707464939  
-4.969158368  
-15.27452445  
-24.79423247  
-30.08608931  
-28.96396875  
-21.33242971  
-9.250421021  
3.794382817  
14.10995382  
19.04703919  
17.80556031  
11.53537933  
2.760395486  
-5.586407488  
-11.11206477  
-12.55559476  
-9.87980722  
-3.951491565  
3.947667834  
12.52261904  
20.63740867  
27.2862002  
31.51710742  
32.47816424  
29.65462755  
23.21134732  
14.23668639  
4.678850387  
-3.112743602  
-7.133809043  
-6.481934515  
-1.793408423  
4.868917622  
10.68609463  
13.08116242  
10.66353298  
3.7493178  
-5.743834594  
-14.97629032  
-21.16582167  
-22.49228356  
-18.61247271  
-10.64998393  
-0.7366206507  
8.669166728  
15.42975022  
18.16321545  
16.41670026  
10.63631342  
2.026094678  
-7.648056551  
-16.31644838  
-21.96469573  
-23.09672055  
-19.2158011  
-11.14966025  
-1.02714355  
8.198991142  
13.6130225  
13.32176142  
7.1972583  
-2.948667925  
-13.88930971  
-22.06316756  
-24.82620081  
-21.39994692  
-13.14183325  
-3.026220211  
5.463125383  
9.59699286  
8.337094306  
2.605427058  
-5.177878056  
-12.06753131  
-15.6778868  
-14.9733518  
-10.5084375  
-4.09222826  
1.938805944  
5.546136674  
5.633749998  
2.340483372  
-3.052888351  
-8.523629926  
-11.88085689  
-11.37283854  
-6.203600557  
3.148924628  
14.90416058  
26.29626205  
34.22273412  
36.10289864  
30.71739586  
18.74550934  
2.763985823  
-13.37209837  
-25.62440891  
-31.00060709  
-28.49065712  
-19.36347544  
-6.704339533  
5.640064828  
14.3166787  
17.46218003  
15.10228452  
8.870308283  
1.233132359  
-5.416399596  
-9.441075099  
-10.21058567  
-7.942761724  
-3.334052919  
2.771411571  
9.515836222  
15.97448689  
21.06813571  
23.626645  
22.69153081  
17.97182974  
10.22128634  
1.278584995  
-6.362703162  
-10.36374374  
-9.427133045  
-3.873748434  
4.377163884  
12.46237625  
17.61576586  
18.1657865  
14.07105257  
6.783695323  
-1.464062976  
-8.597253578  
-13.42279253  
-15.8334617  
-16.45892859  
-16.0131553  
-14.73344356  
-12.24126118  
-7.913708737  
-1.560719301  
5.988100553  
12.76887588  
16.2023161  
14.08520916  
5.631691684  
-7.926941805  
-23.50672291  
-37.09200551  
-45.065582  
-45.41325911  
-38.32065245  
-25.94658421  
-11.51172834  
1.881251413  
12.20173364  
18.87034365  
22.50133958  
24.23104168  
25.00549579  
25.15924877  
24.42411148  
22.27400649  
18.3601972  
12.78885671  
6.122665274  
-0.8353002288  
-7.299668713  
-12.63171918  
-16.285097  
-17.6645772  
-16.07996022  
-10.93644837  
-2.150135562  
9.403335487  
21.69603788  
31.84014472  
36.88542507  
34.87741835  
25.74728547  
11.60799806  
-3.756436661  
-16.08463231  
-22.0804562  
-20.53854395  
-12.70124397  
-1.713633572  
8.579030925  
14.98189015  
15.90783143  
11.60922235  
3.695992478  
-5.73724025  
-14.92081723  
-22.80329667  
-28.94291132  
-33.09808412  
-34.87013774  
-33.69000619  
-29.20402976  
-21.8339582  
-13.12486296  
-5.55217174  
-1.722203549  
-3.241653735  
-9.771488744  
-18.77929322  
-26.23599389  
-28.07839906  
-21.87394035  
-7.971613532  
10.40731609  
28.25088814  
40.61287593  
44.49114021  
39.94308025  
29.96634148  
19.19884131  
11.996133  
10.70341142  
14.83988567  
21.50349573  
26.77115185  
27.45145229  
22.4260861  
13.03200166  
2.382400474  
-6.011074642  
-9.674380322  
-8.048903601  
-2.489007454  
4.526671292  
10.53618878  
14.03878286  
14.84147722  
13.7282347  
11.70421778  
9.253549537  
6.007963528  
0.9904512642  
-6.705082631  
-17.15954502  
-29.19935304  
-40.53464054  
-48.43782838  
-50.68444457  
-46.36206171  
-36.21887321  
-22.4294451  
-7.900401206  
4.590568394  
13.09988085  
16.85560557  
16.19566421  
12.23468919  
6.45502851  
0.3778686344  
-4.634046253  
-7.490216375  
-7.485991507  
-4.455914317  
1.081046849  
7.899567716  
14.27815007  
18.458114  
19.23099264  
16.42626636  
11.06188873  
5.032013137  
0.4025638516  
-1.422628015  
-0.309624432  
2.515622757  
4.980629341  
5.103399892  
1.967557689  
-3.69764238  
-9.622590378  
-12.79752975  
-10.67689111  
-2.308598991  
11.08166997  
26.31250291  
39.21471437  
45.98551377  
