-0.4529027319  
-27.46273874  
-58.35029878  
-87.22339789  
-107.4166671  
-113.7375268  
-104.2074698  
-80.71527338  
-48.43417352  
-14.2813715  
15.03005336  
34.74322621  
43.14397375  
41.75270715  
34.64848762  
27.15894385  
24.27953825  
29.23105458  
42.52703781  
61.80305573  
82.46836197  
99.010244  
106.5747145  
102.3398281  
86.24766289  
60.87203575  
30.50675107  
-0.1549250924  
-27.23667328  
-48.35130582  
-62.55247985  
-69.73241265  
-69.89182692  
-62.75872965  
-48.03506779  
-26.19378678  
0.6009421065  
28.0343466  
50.09442058  
60.49992705  
54.68564592  
31.58093161  
-5.610623073  
-50.08873433  
-93.46750912  
-128.4149893  
-150.895664  
-161.0964865  
-162.6314202  
-160.34112  
-157.6273036  
-154.5057328  
-147.3015743  
-130.2323335  
-98.30269914  
-50.31641579  
9.327439761  
70.96686008  
122.2226149  
151.9391142  
154.0872828  
130.1358916  
88.92472565  
43.98987014  
9.242846072  
-5.479945074  
2.564168004  
28.46493199  
61.68777528  
89.90174166  
103.2218001  
97.40663909  
74.99490903  
44.12685824  
15.58830316  
-0.8466148821  
0.4350881352  
19.18277494  
49.43560223  
81.35603343  
104.1131387  
108.9671767  
91.73445512  
54.02873013  
2.994453273  
-50.40263091  
-94.13558302  
-118.2741149  
-117.7389915  
-93.87268429  
-54.27861325  
-10.81711342  
23.80063507  
39.87448939  
33.82356428  
9.454604219  
-23.16447297  
-50.98656225  
-62.39636206  
-51.25274061  
-19.11962928  
25.15414908  
68.39842854  
97.58190067  
104.1636066  
86.77823124  
51.34237263  
8.652285902  
-29.52536196  
-54.36137422  
-62.46357225  
-56.20469875  
-42.00543082  
-27.46171032  
-18.535491  
-17.83294473  
-24.40893684  
-34.85904178  
-44.9948725  
-51.32067847  
-51.81679989  
-45.9892157  
-34.51070314  
-18.87557322  
-1.301067945  
15.21964375  
27.05011245  
30.55375898  
23.2824611  
5.331488455  
-19.8145413  
-45.58655958  
-64.02114522  
-68.43512033  
-56.12000142  
-29.89513151  
2.318620409  
29.98940523  
43.73229919  
38.91973027  
17.67400024  
-11.6565252  
-37.45187047  
-49.12604802  
-41.12906107  
-15.0807098  
20.79747435  
54.72196625  
75.66635637  
77.30377291  
60.11783219  
30.99178456  
0.5698789637  
-20.50839529  
-25.08131014  
-11.47404219  
16.4663129  
51.05254623  
83.33914056  
105.6214048  
113.1010361  
104.4284604  
81.29485354  
47.51700842  
8.069689814  
-31.66979962  
-66.44577544  
-91.56487744  
-103.4076147  
-100.0418696  
-81.80130086  
-51.58606031  
-14.66285895  
22.11814096  
51.57567322  
67.63894064  
66.62687909  
48.05687803  
14.80263159  
-27.41750992  
-71.09876824  
-108.3361765  
-132.2771048  
-138.378171  
-125.2386393  
-94.84898666  
-52.19243015  
-4.262315265  
41.31434064  
77.76019861  
100.4203759  
107.5553512  
100.5034609  
83.21144559  
61.27012508  
40.67991512  
26.60311871  
22.33851018  
28.70268816  
43.93153647  
64.12959454  
84.18957606  
98.98796922  
104.5644068  
98.95661887  
82.43258988  
57.04265376  
25.66248631  
-9.084423811  
-45.55299088  
-83.09931283  
-121.348631  
-159.0294395  
-192.9682892  
-217.8693126  
-227.2341818  
-215.2966926  
-179.3471058  
-121.5356586  
-49.32434212  
25.79174606  
91.0199058  
135.6004524  
153.6097616  
145.2909398  
116.5249539  
76.74674341  
36.1487342  
3.172063333  
-16.97329045  
-22.54843556  
-14.60989251  
3.968743371  
29.23296064  
56.44835517  
80.18521821  
94.63544759  
94.51399859  
76.52030283  
40.8796865  
-7.779561726  
-60.85455716  
-107.6695914  
-138.3802582  
-146.8995696  
-132.7520989  
-101.1221291  
-61.05863877  
-22.52411839  
6.593206737  
22.43531746  
25.52498285  
19.6358922  
9.878887069  
0.8976433958  
-4.171127164  
-3.824515437  
2.246865224  
13.60329557  
29.09628396  
46.5127598  
62.24468091  
71.55150586  
69.74258795  
54.07440788  
25.61568878  
-9.904287439  
-42.99454818  
-63.08807971  
-62.2154905  
-38.27903085  
3.486827567  
51.67418744  
92.26611493  
113.385806  
109.4610114  
83.19422614  
44.55428746  
7.155946724  
-16.60570746  
-19.85227867  
-3.410563175  
24.79570956  
52.77770866  
68.72115849  
64.8984263  
39.98578401  
-0.7982856544  
-47.53361335  
-88.62878727  
-114.0289752  
-117.7215983  
-99.0113933  
-62.4295855  
-16.45241143  
28.60443211  
63.04336897  
80.06527632  
77.33396617  
57.3763986  
26.61134187  
-6.81004139  
-35.73027267  
-56.35200323  
-69.32349347  
-79.01485273  
-91.1415487  
-109.6127257  
-133.9171648  
-158.2733305  
-173.1319956  
-168.6551745  
-138.8966913  
-84.9844058  
-15.8751123  
53.84560536  
108.4665139  
136.3361459  
133.7718662  
106.1891517  
66.01869414  
28.22876331  
5.181354026  
2.751872588  
19.06969411  
46.1476952  
73.53156514  
92.38148439  
98.3696406  
92.40304208  
79.15683727  
64.29793357  
51.72608759  
42.01321211  
32.5954349  
19.47241148  
