-16.57783369  
-19.30231649  
-20.18916118  
-19.30172459  
-16.1724185  
-9.607014936  
1.840161958  
18.89833657  
40.60685409  
63.89677006  
84.08801476  
96.25779862  
97.01087866  
85.93751074  
66.10032026  
43.2501623  
23.97801448  
13.4611334  
13.65518295  
22.62982881  
35.3107606  
45.34314383  
47.36689613  
38.85454746  
20.8600746  
-2.527724742  
-25.73772731  
-43.62809337  
-53.03457201  
-53.44124813  
-46.64642967  
-35.69648607  
-23.60337752  
-12.37707965  
-2.699239502  
5.744030949  
13.53220472  
20.78083183  
26.75950498  
30.0137077  
28.9033904  
22.29183849  
10.06897534  
-6.714569493  
-26.14088373  
-45.99567888  
-64.35443303  
-79.93418062  
-92.08393653  
-100.4678321  
-104.6448934  
-103.8061559  
-96.85975427  
-82.8877631  
-61.80527714  
-34.91884089  
-5.077690015  
23.75352046  
47.43845619  
62.83428341  
68.75244635  
66.32495189  
58.59208706  
49.42456606  
42.16618414  
38.50893499  
38.03606197  
38.60813871  
37.42919384  
32.35556623  
22.91372529  
10.62005694  
-1.513548955  
-10.070427  
-12.469869  
-7.877614446  
2.529761548  
15.98015419  
28.97252198  
38.23215444  
41.43254707  
37.53126678  
26.76538589  
10.46854198  
-9.138555281  
-29.14586806  
-46.22867951  
-57.12678825  
-59.36704426  
-52.0837078  
-36.61875181  
-16.54279515  
3.107967671  
17.27397445  
22.55085932  
18.46740754  
7.795977315  
-4.337385439  
-12.29181496  
-12.03424009  
-2.716369987  
12.93608782  
29.60036193  
41.32598594  
43.72052561  
35.50294306  
18.84924447  
-1.538631559  
-20.20467635  
-32.82054996  
-37.47260782  
-34.95950866  
-28.1341652  
-20.67987052  
-15.84464955  
-15.5563899  
-20.09301516  
-28.23282206  
-37.68259739  
-45.60283292  
-49.15788905  
-46.10813926  
-35.44565248  
-17.95919662  
3.518210226  
24.45252316  
39.66580856  
44.92419078  
38.55072109  
22.39396021  
1.610865912  
-16.85757106  
-26.68585471  
-24.56003048  
-11.58536536  
6.958418133  
23.53323344  
31.24256553  
26.57814395  
10.88942201  
-10.0470765  
-28.20645914  
-36.37083726  
-30.83664355  
-12.71694962  
12.61555531  
37.62881735  
55.36183086  
61.69345568  
56.34689118  
42.42526623  
24.88626215  
8.725077741  
-2.391208137  
-6.650088889  
-3.858988505  
5.130367848  
18.86710646  
35.37207768  
51.94111544  
65.05142399  
70.74926874  
65.64319192  
48.23627752  
20.02515685  
-14.24549323  
-47.50325064  
-72.28099667  
-83.02457363  
-77.90446109  
-59.40356426  
-33.41908443  
-7.213185023  
12.98810681  
23.82474722  
25.39853289  
20.51250567  
12.99722853  
5.921843159  
0.4796632568  
-4.020212877  
-9.152423352  
-15.93461029  
-23.70894711  
-29.94696258  
-31.14324446  
-24.43899546  
-9.248287744  
11.89391984  
33.74922613  
50.02091671  
55.65376785  
48.89075037  
32.22615043  
11.7850592  
-4.734949281  
-10.8417266  
-3.708738522  
14.64653123  
37.96394126  
57.94400395  
67.24490721  
62.1329114  
43.76289567  
17.59008502  
-8.846773774  
-28.8784634  
-39.20352508  
-40.92730444  
-38.74529989  
-38.64516893  
-45.1215351  
-59.09497129  
-77.41331288  
-94.12718052  
-102.9667145  
-99.94032745  
-84.95045802  
-61.77937822  
-36.52856933  
-15.26167676  
-1.9039369  
2.740944883  
0.5697310974  
-5.258036704  
-11.94245348  
-18.01706684  
-23.26201194  
-27.76385971  
-30.81848863  
-30.46629934  
-24.0945865  
-9.91381318  
11.44798441  
36.17960307  
57.98038583  
70.14609763  
68.24773929  
52.20112415  
26.69665301  
-0.3484210378  
-20.74737973  
-29.15737446  
-24.97994267  
-12.20650277  
2.687388269  
13.78948754  
18.29615135  
17.37046665  
14.96868818  
15.29680218  
20.24545233  
28.16135692  
34.6365532  
34.95529464  
26.94983685  
12.73973216  
-1.681511853  
-8.998616092  
-4.154551994  
12.75791307  
35.79899222  
55.22057928  
61.50482434  
49.67159938  
21.89982851  
-12.81668001  
-41.97173948  
-54.48103521  
-45.17730277  
-16.95955406  
20.30218387  
53.61848693  
71.85113347  
69.75404064  
49.52033546  
19.39349049  
-9.859116488  
-29.00934167  
-33.31519552  
-23.36029805  
-3.806842609  
19.04644946  
39.65583156  
54.59747117  
62.61108682  
63.74006547  
58.366242  
46.82393077  
29.7876795  
9.055388729  
-11.96692624  
-28.65786839  
-36.54600434  
-33.14916602  
-19.42309074  
-0.01696323778  
17.97134951  
27.36082642  
23.44715312  
5.696666451  
-22.13031303  
-53.45364234  
-81.28689612  
-100.5577979  
-109.4061197  
-109.0414279  
-102.4119156  
-92.4429127  
-80.71994905  
-67.19010101  
-50.90269341  
-31.28862524  
-9.236544674  
12.63660706  
30.69117191  
41.62014591  
43.80872145  
38.06090886  
27.36745582  
15.84011033  
7.302879101  
4.142962962  
6.848340931  
14.30174988  
24.55197579  
35.60950558  
45.88759374  
54.16963342  
59.27866571  
59.79651546  
54.13990878  
41.07673313  
20.48274175  
-6.049614415  
-35.12754585  
-62.16483892  
-82.53166096  
-92.8366528  
-91.84961307  
-80.70811991  
-62.34993407  
-40.43027486  
-18.1813136  
2.336693514  
20.3434192  
35.85333572  
48.9018626  
58.89158906  
64.38990127  
63.48778558  
54.5764043  
37.22080739  
12.77121862  
-15.53804144  
-43.06387464  
-64.67320547  
-75.8527638  
-73.7299601  
-57.77603192  
-30.05451239  
5.032017038  
41.46780635  
72.72721757  
93.08741174  
98.90350725  
89.54378191  
67.68813281  
38.8038471  
9.826914037  
-12.66144484  
-24.25279373  
-23.94499889  
-14.34802527  
-0.7435220772  
10.71411656  
15.03983565  
9.976093921  
-3.484990653  
-21.76610248  
-40.23330944  
-54.92222018  
-63.73598541  
-66.65040131  
-64.93210199  
-59.84901679  
-51.60043547  
-39.09278673  
-20.7617447  
3.916675335  
33.01015262  
61.66372963  
83.08055734  
90.79278196  
81.39706637  
56.56886036  
23.31855254  
-7.901344372  
-26.72742604  
-26.7764057  
-8.332360955  
21.36537422  
50.5237724  
67.08862471  
63.31266552  
38.80462364  
0.8171504295  
-38.38814828  
-66.09102904  
-73.80528149  
-60.29066176  
-31.75380115  
0.7536150306  
25.62552496  
34.94664386  
27.06758702  
6.643889809  
-17.66048007  
-36.6982996  
-44.10455409  
-38.07927964  
-21.21670987  
1.226930033  
23.63681243  
41.84133277  
53.75192471  
58.84958122  
57.11242631  
48.19560972  
31.44508712  
6.785599917  
-24.03801755  
-56.67527721  
-84.51135783  
-100.2958778  
-98.57964648  
-78.01012192  
-42.4752235  
-0.4707230811  
37.2483902  
60.98010706  
65.18905298  
50.29906341  
22.51725107  
-8.249246208  
-31.64964966  
-40.20134371  
-31.56727073  
-9.104109374  
19.41079767  
44.38232322  
57.45954553  
54.10627235  
34.93831469  
5.487851979  
-25.48262199  
-48.59849705  
-56.66486337  
-46.83854048  
-21.55568994  
12.07589047  
44.28246699  
65.4823909  
69.16770224  
53.92895305  
23.96187135  
-12.15980775  
-44.10951326  
-63.02146768  
-64.2547884  
-48.7900938  
-22.78213343  
4.586016537  
24.21572978  
30.10801658  
21.25752931  
1.804448323  
-20.55917943  
-37.32623566  
-42.07827433  
-32.56279228  
-11.28313958  
15.51406858  
40.01754374  
55.39786801  
57.86224665  
47.59690602  
28.400489  
6.255363626  
-12.60555397  
-23.49306753  
-24.40819768  
-16.30742469  
-2.552222116  
12.17312697  
23.1090721  
26.51764093  
20.43545535  
5.022788967  
-17.46618232  
-43.04177565  
-66.62450824  
-82.94004883  
-87.58569868  
-78.10943998  
-54.85199928  
-21.26541293  
16.51213095  
50.86639646  
74.48766881  
82.27011096  
72.75930039  
48.65020452  
16.10385124  
-16.96591506  
-43.12192576  
-57.43757681  
-58.67544519  
-49.24933663  
-34.0460211  
-18.58644087  
-7.222887976  
-2.005527101  
-2.542646294  
-6.75762626  
