19.2353404  
14.43086358  
6.096270713  
-2.985720151  
-10.46500531  
-15.0100436  
-16.3914917  
-15.17839962  
-12.28397999  
-8.584934108  
-4.728616097  
-1.115185754  
2.034990479  
4.618605624  
6.629058291  
8.15888855  
9.384033155  
10.51028207  
11.70214428  
13.0367582  
14.50942156  
16.07446856  
17.66881083  
19.16922643  
20.28676932  
20.47185052  
18.94302516  
14.91893883  
8.027625786  
-1.263410483  
-11.43122908  
-20.09531213  
-24.67065602  
-23.29692346  
-15.68707076  
-3.50589497  
9.959971172  
20.79347774  
25.75585039  
23.402122  
14.54660067  
1.883641036  
-11.07204958  
-21.27103184  
-27.09971268  
-28.65580469  
-27.27966097  
-24.63527191  
-21.82482244  
-18.96843225  
-15.41788379  
-10.43425619  
-3.918128602  
3.240162835  
9.414235331  
12.99198731  
13.23371478  
10.76618034  
7.405843113  
5.339703708  
6.031464478  
9.389713616  
13.64050814  
16.02610354  
14.05365341  
6.736026141  
-4.75886317  
-17.38366875  
-27.33178593  
-31.53593564  
-28.9005017  
-20.73491153  
-10.20571301  
-1.051992351  
3.880091316  
3.669427761  
-0.4843900579  
-5.929614999  
-9.756048679  
-9.97875232  
-6.225277626  
0.3056196135  
7.513945745  
13.3415075  
16.55774756  
17.08012007  
15.76343483  
13.83385359  
12.27421367  
11.44219044  
11.05280799  
10.46746428  
9.098135419  
6.711198097  
3.500565974  
-0.06455695242  
-3.498156683  
-6.505258887  
-9.032111424  
-11.15182146  
-12.87371572  
-14.00388298  
-14.15157959  
-12.89378301  
-10.02174787  
-5.746585246  
-0.7551163822  
3.925580395  
7.212086668  
8.291834385  
6.874665157  
3.285652043  
-1.619762427  
-6.675196504  
-10.67986065  
-12.65475568  
-12.02719272  
-8.724632489  
-3.181424841  
3.731324973  
10.84551849  
16.89869365  
20.78167746  
21.79083184  
19.82286397  
15.44380114  
9.785578385  
4.271462058  
0.2322278729  
-1.476779077  
-0.7326458493  
1.818848967  
4.973606114  
7.367845889  
7.937024353  
6.280014699  
2.800938357  
-1.424450661  
-5.014723792  
-6.755563417  
-6.014820903  
-2.956047731  
1.521045029  
6.085648447  
9.4119333  
10.58809823  
9.356902628  
6.116194923  
1.701730878  
-2.94410352  
-7.079045373  
-10.32751146  
-12.66102313  
-14.23169077  
-15.1599122  
-15.3910467  
-14.69446803  
-12.80457202  
-9.630562682  
-5.425190947  
-0.8190196776  
3.312331593  
6.103456883  
6.976176774  
5.827259324  
3.055712131  
-0.5723074225  
-4.15719616  
-6.902972152  
-8.27624129  
-8.05401307  
-6.28220596  
-3.198850902  
0.8277364282  
5.330147313  
9.765149572  
13.5692737  
16.26811081  
17.61584842  
17.69817002  
16.92109145  
15.84732061  
14.9180976  
14.17556634  
13.13389872  
10.90719247  
6.594462549  
-0.2096128616  
-9.00161687  
-18.27688409  
-25.87017793  
-29.6613989  
-28.39943448  
-22.30884789  
-13.19407853  
-3.938890925  
2.45482062  
3.940894397  
0.1963316619  
-7.233289051  
-15.48576974  
-21.42712814  
-22.78411349  
-18.92560401  
-11.0017658  
-1.416747859  
7.119826389  
12.56030799  
14.12284861  
12.33042676  
8.53978225  
4.228534674  
0.3860406724  
-2.73191987  
-5.424546713  
-8.096172971  
-10.81066483  
-13.10365609  
-14.15534898  
-13.22746937  
-10.12273503  
-5.406625852  
-0.2504287149  
4.050868916  
6.658598706  
7.579149557  
7.655175677  
8.142769556  
10.06381301  
13.64125024  
18.09716559  
21.92835831  
23.5489153  
22.01166569  
17.47563801  
11.19793018  
5.044687796  
0.735394668  
-0.844296046  
0.04049894929  
2.158252289  
3.901466704  
4.01012062  
2.106753274  
-1.180987905  
-4.541385737  
-6.5776206  
-6.408710312  
-4.01537752  
-0.2057106096  
3.750260688  
6.631818449  
7.700296078  
6.892849148  
4.741107078  
2.099351881  
-0.1732868526  
-1.448294721  
-1.424809312  
-0.1110772043  
2.243714635  
5.209257964  
8.213455545  
10.59080552  
11.68152159  
10.99047759  
8.362429789  
4.092576901  
-1.102072758  
-6.268608178  
-10.50274743  
-13.21629139  
-14.27133576  
-13.92610667  
-12.62967895  
-10.77950526  
-8.571810569  
-6.02085782  
-3.12500794  
-0.0697217375  
2.670176716  
4.416011571  
4.540468929  
2.772041492  
-0.6138329197  
-4.833601606  
-8.86747596  
-11.84495084  
-13.35983618  
-13.56162013  
-12.98411266  
-12.20934764  
-11.5520056  
-10.93546804  
-10.0222265  
-8.514193462  
-6.436137155  
-4.217480931  
-2.498608739  
-1.751282967  
-1.926062495  
-2.350698296  
-1.983623055  
0.06590559006  
4.003418347  
9.094015037  
13.8618804  
16.69577389  
16.59020316  
13.65636148  
9.125661247  
4.810392875  
2.263625498  
2.048385544  
3.492217538  
5.06944002  
5.23427364  
3.283857157  
-0.2051928732  
-3.620397826  
-5.143856764  
-3.758797376  
0.09682598144  
4.605689906  
7.390848097  
6.704647504  
2.39239195  
-3.887328739  
-9.354271657  
-11.4213312  
-9.006783139  
-3.18051831  
3.22264011  
6.892677938  
5.650510445  
-0.402389096  
-8.774660131  
-15.61658605  
-17.44234563  
-12.74593183  
-2.743952751  
9.119575295  
18.6863591  
22.91157686  
21.1524112  
15.32483327  
8.879706407  
5.112097046  
5.626203809  
9.684081507  
14.72082714  
17.73377017  
16.83249501  
12.17522521  
5.838299449  
0.7055495965  
-1.048412647  
0.8873740059  
4.745778633  
7.511405689  
6.380560678  
0.1334050214  
-10.24530729  
-21.98040168  
-31.73075115  
-37.01573732  
-37.16224842  
-33.35431102  
-27.82443425  
-22.64332063  
-18.73532965  
-15.59685243  
-11.81148152  
-6.043354249  
2.041270379  
11.41408099  
20.06542054  
25.91338567  
27.75997013  
25.80273171  
21.45479798  
16.5911857  
12.63231774  
9.943836935  
7.848722811  
5.212436906  
1.256999769  
-3.855742353  
-8.998324039  
-12.62860328  
-13.61985659  
-11.91487199  
-8.635924245  
-5.567786137  
-4.266776024  
-5.25623986  
-7.737457671  
-9.986603912  
-10.25334268  
-7.7083767  
-2.945858587  
2.240440878  
5.724046069  
6.138732442  
3.646700362  
-0.02939618737  
-2.371336027  
-1.29393023  
3.741262161  
11.27836253  
18.34373277  
21.67833134  
19.19678882  
11.0190493  
-0.4081451339  
-11.18819672  
-17.49902476  
-17.12511362  
-10.34846574  
0.1771845293  
10.5112645  
17.00838733  
17.73486516  
13.14033693  
5.731684089  
-1.080308722  
-4.451587563  
-3.268473777  
1.468713802  
7.171095568  
10.83818152  
10.36520189  
5.424230089  
-2.436114928  
-10.48300813  
-15.9574809  
-17.18570624  
-14.17237405  
-8.448750318  
-2.284626288  
2.349197988  
4.583775941  
4.862028831  
4.486106309  
4.751371029  
6.116116841  
7.840986882  
8.305629281  
5.874048755  
-0.105493376  
-8.676188674  
-17.3835752  
-23.145718  
-23.53760436  
-17.91933888  
-7.871616674  
3.30742812  
11.86802732  
15.10340479  
12.41683925  
5.484913498  
-2.553386838  
-8.506821215  
-10.49140751  
-8.620785334  
-4.73241522  
-1.319479118  
-0.2180081886  
-1.707657832  
-4.467091784  
-6.386186335  
-5.796718186  
-2.462230015  
2.215180974  
5.91222106  
6.678869127  
4.137499185  
-0.07441913813  
-2.923013795  
-1.428592299  
5.728895857  
17.25629647  
29.48271019  
37.76843843  
38.49730985  
30.74753193  
16.84543756  
1.499994134  
-10.13173537  
-14.59657223  
-11.55203838  
-3.802438879  
4.034249423  
7.604858269  
4.696126788  
-3.922113624  
-15.01460635  
-24.45298667  
-29.06957954  
-27.93423125  
-22.51732254  
-15.75832444  
-10.57255153  
-8.553144326  
-9.467663802  
-11.70716312  
-13.35573264  
-13.25912026  
-11.51911787  
-9.187156897  
-7.382897786  
-6.382092758  
-5.234996697  
-2.18571151  
4.281454163  
14.30796848  
26.07047191  
36.12924958  
40.65939332  
37.06314942  
25.24256718  
7.930551946  
-10.11785551  
-23.77259647  
-29.34721426  
-25.85662691  
-15.23488538  
-1.481253975  
10.86282725  
18.27043208  
