2.473791538  
1.073794167  
-1.538603306  
-3.85788369  
-4.667267677  
-3.419016096  
-0.3273862159  
3.831346397  
8.100951282  
11.73160158  
14.4038451  
16.20765106  
17.41486031  
18.18395979  
18.36912337  
17.55141698  
15.29302436  
11.4903978  
6.632959911  
1.799743509  
-1.658279494  
-2.647632787  
-0.8511782839  
3.009016401  
7.317739662  
10.10282924  
9.767309882  
5.726364681  
-1.313589388  
-9.552942884  
-16.69721072  
-20.71955081  
-20.49614939  
-16.09482132  
-8.653246428  
0.04942254519  
8.123366591  
14.000738  
16.66098258  
15.66253708  
11.07828319  
3.438978486  
-6.276516372  
-16.65382414  
-25.9570525  
-32.41664628  
-34.6673028  
-32.20036846  
-25.63326003  
-16.63331865  
-7.461964132  
-0.2711726922  
3.590862542  
3.990573189  
1.967878368  
-0.7406453579  
-2.416549947  
-2.020080373  
0.46239305  
4.09980173  
7.458732929  
9.19818873  
8.569413206  
5.643048891  
1.219810169  
-3.489343237  
-7.259051928  
-9.178132301  
-8.834133758  
-6.352232017  
-2.328777387  
2.302024651  
6.455552443  
9.139309484  
9.730497134  
8.220007624  
5.31377895  
2.292984615  
0.6132464217  
1.347656499  
4.686471282  
9.732235883  
14.73742276  
17.74590873  
17.40203367  
13.57844288  
7.518149916  
1.382737678  
-2.632276331  
-3.238865976  
-0.6270668697  
3.613133292  
7.20552805  
8.224439072  
5.97937139  
1.330921406  
-3.719043515  
-6.977817674  
-7.107150183  
-4.266001561  
-0.04029170376  
3.31144539  
3.938657696  
1.287331948  
-3.632330468  
-8.731928871  
-11.85420702  
-11.82159233  
-9.017179621  
-5.21146762  
-2.706861851  
-3.197091684  
-6.877830476  
-12.23274802  
-16.61035302  
-17.34713369  
-12.9466162  
-3.80156593  
7.850012369  
18.71254039  
25.63336416  
26.73137138  
22.02456903  
13.35267348  
3.675980424  
-3.944882337  
-7.304446936  
-5.63404653  
0.3247416293  
8.699443831  
17.13185565  
23.46149046  
26.25854435  
25.09806461  
20.54958844  
13.92006575  
6.830981474  
0.7389747384  
-3.474474107  
-5.724730228  
-6.679393912  
-7.448569908  
-9.109696653  
-12.24236569  
-16.6632158  
-21.48184823  
-25.46651909  
-27.5677021  
-27.36556458  
-25.23155911  
-22.12103294  
-19.08935282  
-16.76405671  
-15.03710589  
-13.14318698  
-10.10251266  
-5.320620951  
0.9542682693  
7.561730487  
12.8141096  
15.18138095  
13.96701587  
9.655543645  
3.757830101  
-1.787642514  
-5.389584408  
-6.402248087  
-5.278519805  
-3.220587122  
-1.510153533  
-0.8500384341  
-1.037441475  
-1.122413933  
0.03669940309  
3.105688717  
7.837043496  
13.09286402  
17.33141161  
19.32848287  
18.78012373  
16.47917264  
13.95476604  
12.72124215  
13.47967605  
15.65667079  
17.52815788  
16.91783701  
12.19529262  
3.146063592  
-8.683355397  
-20.35713475  
-28.53391574  
-30.69584372  
-26.13898481  
-16.3203793  
-4.403600415  
5.840569389  
11.36562733  
10.90663266  
5.363476785  
-2.624624966  
-9.731859496  
-13.20301308  
-11.82272903  
-6.233771565  
1.485831064  
8.773194083  
13.63721581  
15.37373524  
14.65630134  
13.00224324  
11.89070232  
11.95883402  
12.65701599  
12.52621761  
9.966737882  
4.133747009  
-4.471297796  
-14.00998085  
-21.93861151  
-25.99539357  
-25.10762565  
-19.81603126  
-12.03124465  
-4.240493082  
1.472952134  
4.162671778  
4.200993514  
2.875648336  
1.640405909  
1.405348711  
2.203299386  
3.35569772  
3.997440196  
3.641176052  
2.459646659  
1.136175563  
0.38427415  
0.4309343684  
0.7870981561  
0.4735041088  
-1.388699445  
-4.936823098  
-9.250169039  
-12.59008756  
-13.14424364  
-9.943267896  
-3.492409967  
4.234693558  
10.49827673  
12.90651691  
10.43877302  
3.897868972  
-4.42863872  
-11.74392782  
-15.89555727  
-16.16828475  
-13.36151562  
-9.15621806  
-5.128731699  
-1.936444755  
0.9022350674  
4.532135035  
9.861007562  
16.73921308  
23.69305714  
28.40443802  
28.73941092  
23.82924489  
14.65598707  
3.820620915  
-5.434110987  
-10.5090558  
-10.45269938  
-6.229477369  
-0.1537067394  
5.213160669  
8.163142896  
8.43113536  
7.04164195  
5.558721856  
5.169039221  
6.077832788  
7.499317282  
8.189882028  
7.185951524  
4.319204874  
0.2311309901  
-4.09126011  
-7.955876373  
-11.375198  
-14.97062685  
-19.39717266  
-24.61374869  
-29.45631384  
-31.84681369  
-29.64478605  
-21.78416209  
-9.129957082  
5.438056634  
17.87337337  
24.45635133  
23.30999703  
15.25657438  
3.595761405  
-7.145879114  
-12.98541892  
-12.02896282  
-5.144690286  
4.500146628  
12.80917065  
16.42810998  
14.01455581  
6.614654499  
-2.935049165  
-11.25054478  
-15.72215418  
-15.37914614  
-11.0140435  
-4.625105745  
1.495369847  
5.609917957  
7.006144395  
5.989152921  
3.510627836  
0.6675586282  
-1.705968273  
-3.231695772  
-3.964600829  
-4.234410378  
-4.445163975  
-4.89566626  
-5.646941419  
-6.450354341  
-6.760487831  
-5.863872066  
-3.129385172  
1.675998709  
8.131032339  
15.11405754  
21.06202175  
24.49918783  
24.64836658  
21.84901672  
17.54349316  
13.76336339  
12.28411342  
13.80480476  
17.54489432  
21.49393684  
23.2582878  
21.1544629  
15.04838182  
6.52171783  
-1.761423556  
-7.239595656  
-8.66352035  
-6.759987871  
-4.007311453  
-3.580237054  
-7.912213872  
-17.51608417  
-30.60463077  
-43.69979973  
-52.97625861  
-55.75629065  
-51.51088934  
-41.9532748  
-30.22329029  
-19.56048691  
-12.06705414  
-8.082256331  
-6.379204119  
-5.00862818  
-2.337769369  
2.211542441  
8.028966387  
13.76993221  
18.10082537  
20.32899515  
20.61605506  
19.72045466  
18.46925184  
17.28458022  
16.03175894  
14.25246625  
11.61708413  
8.302260702  
5.042609848  
2.796093573  
2.194204508  
3.092968058  
4.513339264  
5.065851337  
3.692094818  
0.3593995982  
-3.673601995  
-6.224576247  
-5.092668037  
0.8708493012  
11.01532381  
22.84692289  
32.77470835  
37.38470116  
34.73504595  
25.13773201  
11.09665697  
-3.580342218  
-15.13902522  
-21.16580222  
-21.30979252  
-17.19323922  
-11.60004525  
-7.311378632  
-6.067620479  
-8.043013871  
-11.97993256  
-15.85503088  
-17.75671054  
-16.61188182  
-12.50766471  
-6.546667806  
-0.3607071263  
4.48707315  
6.985925996  
6.91110074  
4.790236115  
1.67695918  
-1.160979889  
-2.55115612  
-1.67720995  
1.726358419  
7.262048566  
13.87421598  
20.01391286  
23.98032449  
24.39110984  
20.65608228  
13.28028446  
3.842696842  
-5.404857867  
-12.22705079  
-15.15558059  
-14.01655007  
-10.00817281  
-5.265251845  
-2.053095972  
-1.895858864  
-4.988047919  
-10.13504155  
-15.25633408  
-18.25020546  
-17.86332339  
-14.20247305  
-8.675780466  
-3.393454304  
-0.2888071976  
-0.3371113614  
-3.201092213  
-7.440355005  
-11.17280527  
-12.88273728  
-12.01699163  
-9.119949276  
-5.47651419  
-2.456449048  
-0.8814491883  
-0.7090291725  
-1.163452255  
-1.222857339  
-0.2007569978  
1.879103148  
4.306706986  
6.096947112  
6.578403267  
5.853881216  
4.880986034  
5.100119075  
7.757442881  
13.2266044  
20.65017108  
28.09067773  
33.15958393  
33.88215678  
29.44998837  
20.5573533  
9.190077954  
-2.042681443  
-10.767007  
-15.56883738  
-16.3346777  
-14.12490775  
-10.67705692  
-7.756568826  
-6.594479183  
-7.579630686  
-10.25508034  
-13.55895928  
-16.19068056  
-16.98258835  
-15.19530119  
-10.69970334  
-4.035893793  
3.655200807  
10.83259284  
15.88120153  
17.51999795  
15.20084666  
9.371739702  
1.485189882  
-6.304997906  
-11.71281279  
-13.00208592  
-9.564620785  
-2.188299039  
7.100794388  
15.59736612  
20.71291231  
20.75709241  
15.45314204  
6.021325071  
-5.193273276  
-15.42473766  
-22.29532574  
-24.47557823  
-21.99837101  
-16.14584693  
-8.966395413  
-2.592813003  
1.411829687  
