-25.37676604  
-32.79083876  
-46.09676276  
-60.26390028  
-69.12777365  
-67.66894398  
-53.81032649  
-29.09766814  
1.911892181  
33.23495204  
59.3724533  
76.83671255  
84.79495377  
84.7052336  
79.20856239  
70.79723792  
60.82024412  
49.20880246  
34.98875599  
17.31262871  
-3.479246448  
-25.28472474  
-44.48353537  
-56.99391049  
-59.78047905  
-52.21571774  
-36.6909316  
-18.12205294  
-2.41880631  
5.575036007  
3.895894146  
-5.712461113  
-18.35284949  
-27.76455014  
-28.69125814  
-18.90372388  
-0.0660015381  
22.90634736  
43.7255367  
57.06238032  
60.36180295  
54.41903398  
42.55383598  
28.84774978  
16.31524579  
5.871865116  
-3.454007197  
-13.2493758  
-24.10605318  
-34.57278973  
-41.29785845  
-40.3862944  
-29.35675137  
-8.724840675  
17.63895119  
43.67227784  
63.36124899  
73.05555783  
72.76344043  
65.77583134  
56.75928594  
49.21872885  
43.58895273  
36.96653298  
24.73207947  
3.377801616  
-26.80496358  
-60.57363027  
-88.88978041  
-102.1177748  
-94.01714115  
-64.80995321  
-21.89640525  
22.26219734  
54.36888922  
64.98137792  
51.79660859  
20.23622953  
-18.83229954  
-53.22759051  
-73.71420032  
-76.71931245  
-64.59943382  
-43.65470861  
-21.022137  
-1.927087885  
11.58044127  
20.12260679  
25.33352994  
28.15799542  
28.11281277  
23.87686111  
14.76989389  
2.133943785  
-10.35153879  
-17.82275601  
-16.42438147  
-5.463414435  
11.66338511  
28.43674822  
37.8257934  
35.42677116  
21.64812785  
1.806533308  
-16.0672494  
-24.82828877  
-21.61444957  
-9.441363063  
3.839150124  
8.867498847  
-1.019776309  
-26.55950653  
-61.75915503  
-95.91922059  
-117.6425668  
-119.1383333  
-99.03579345  
-62.6175007  
-19.52237799  
19.96787279  
48.43810953  
63.26129354  
66.37439322  
62.34232818  
55.82985355  
49.69545451  
44.43618049  
38.94578218  
31.90580133  
22.92222173  
12.80793323  
2.992639011  
-5.430350628  
-12.32685422  
-18.37287666  
-24.21655419  
-29.51255122  
-32.53676883  
-30.79372778  
-22.44389976  
-7.826958123  
9.837100472  
25.16951488  
32.68223784  
29.32085638  
16.2843824  
-0.888085089  
-14.23180064  
-16.59168085  
-4.807947128  
18.60216127  
46.11693942  
68.0571319  
76.44227043  
68.21119612  
46.4230616  
18.93917537  
-4.810512706  
-17.55802525  
-16.84388596  
-5.543138296  
9.790143568  
21.87748197  
25.60523608  
19.65248112  
6.35390064  
-9.855980867  
-24.48034239  
-34.4701518  
-38.6304435  
-37.01594712  
-29.94926691  
-17.42542893  
0.6572234089  
23.5778611  
48.82292944  
71.832547  
86.90716419  
89.09600656  
76.29759026  
50.56120948  
17.84324578  
-13.8620032  
-37.33789354  
-48.74449363  
-48.87693051  
-42.51555804  
-36.13396896  
-34.95440217  
-40.62805873  
-50.53781105  
-59.00343591  
-59.84587862  
-49.19390136  
-27.34852115  
1.045332481  
28.53816987  
47.44847578  
52.42435262  
42.03996098  
18.94336306  
-11.31587438  
-42.16882431  
-67.84235909  
-84.51016442  
-90.57410608  
-86.27186658  
-73.03207364  
-52.97467434  
-28.73111263  
-3.482633549  
19.06408554  
35.03334659  
41.14994827  
35.73991433  
19.57787873  
-3.836298927  
-28.82856184  
-48.88957925  
-58.451806  
-54.55565078  
-37.84745762  
-12.54487671  
14.67458739  
36.55893652  
47.38837574  
44.67053442  
29.90680452  
8.18562943  
-13.29520955  
-27.35415446  
-28.97747817  
-16.85573594  
6.167934349  
33.89432418  
58.59539073  
73.33783999  
74.10135404  
61.03415645  
38.44063986  
13.48648773  
-5.98669425  
-13.85455068  
-7.554942695  
11.19373092  
37.00803177  
62.55331363  
80.76396543  
86.83268474  
79.34974841  
60.30695907  
34.09879452  
5.994052427  
-19.31871839  
-38.62684406  
-50.3522472  
-54.14265353  
-50.29464443  
-39.4153096  
-22.51843015  
-1.434655227  
20.83769973  
40.25852867  
52.55658533  
54.55876661  
45.51769469  
27.78010569  
6.326069781  
-12.82748812  
-24.82222201  
-27.85507223  
-23.90368029  
-17.85032461  
-15.27278615  
-19.80723914  
-31.26195484  
-45.40213447  
-55.61943572  
-55.84228006  
-43.42953657  
-20.7247191  
5.51018491  
26.63196828  
35.57636792  
29.7431735  
12.03264224  
-10.43023932  
-29.31507002  
-38.50221121  
-36.39126831  
-26.12879752  
-13.75593219  
-5.225815495  
-3.721127123  
-8.494098524  
-15.67056052  
-20.49994949  
-19.86177955  
-13.77875552  
-5.242866442  
1.461873557  
3.009774288  
-1.31576555  
-9.37878115  
-17.39578847  
-21.87783487  
-21.25037572  
-16.32312735  
-9.451421066  
-2.962855589  
2.183371417  
6.703163856  
12.08790775  
19.06726533  
26.43102421  
31.06021362  
29.3505597  
19.37491667  
2.595488977  
-15.97071411  
-29.49962299  
-32.37411667  
-23.04500082  
-5.232283698  
13.33729624  
24.27505853  
22.48316722  
8.817991391  
-9.934643452  
-23.93811918  
-24.82163712  
-9.76285562  
16.81750565  
44.83668702  
62.77234584  
62.64154508  
43.4836555  
11.78623989  
-21.28171815  
-44.5029146  
-50.98138581  
-40.34628324  
-18.00511844  
7.91511252  
30.26789769  
45.4211999  
53.58726788  
57.15099219  
58.24160003  
57.09165346  
52.15566698  
41.8478597  
26.73875176  
10.6958209  
-0.01902505482  
0.4632597001  
14.2529606  
37.57700707  
61.26779325  
74.01263319  
67.09924253  
38.52580953  
-5.51124806  
-52.6048152  
-88.85557332  
-104.2921399  
-96.61440261  
-71.65424504  
-40.46288228  
-14.46424412  
-0.9260429535  
-0.723891214  
-9.18199239  
-19.27714821  
-25.43287638  
-26.00357888  
-23.36863752  
-21.85772425  
-24.82885449  
-32.56396897  
-42.09430168  
-48.95124422  
-49.76900522  
-44.22334885  
-35.18860904  
-27.0147629  
-22.89623581  
-22.84328605  
-23.47199407  
-19.847003  
-8.463689607  
10.24160697  
31.31743701  
47.1789512  
51.18979776  
41.23506442  
21.45034486  
1.070228846  
-9.283804441  
-2.300696075  
22.45760099  
57.79869145  
91.38326215  
110.43881  
106.7101657  
79.57836631  
36.12082896  
-11.76733483  
-51.8486117  
-75.71017179  
-81.01910695  
-71.22237246  
-53.1809577  
-34.01298202  
-18.55094601  
-8.318396686  
-2.114240859  
2.423151451  
7.201910185  
12.76025945  
18.29945572  
22.40720911  
23.93802352  
22.57061118  
18.8476859  
13.81984076  
8.585571833  
3.979096644  
0.4814442323  
-1.738567664  
-2.794358491  
-3.110753192  
-3.421515119  
-4.580159001  
-7.118975512  
-10.69632565  
-13.75982771  
-13.7747755  
-8.149907191  
4.38501878  
22.54607126  
42.10624708  
56.79622323  
60.39102343  
49.27448281  
24.41322226  
-8.231561711  
-39.2594356  
-58.94414581  
-60.78628967  
-44.11288962  
-14.639358  
17.31345544  
40.32948473  
45.83721669  
31.02471323  
-0.3028053446  
-39.15189619  
-74.43669087  
-96.56920105  
-100.2956807  
-85.91506089  
-58.65681985  
-26.62583934  
1.876580564  
20.77389186  
27.70048015  
24.24253692  
15.00219618  
5.854207063  
1.940299176  
5.9877071  
17.45266011  
32.77377258  
46.70197984  
54.31013321  
52.99738384  
43.71513187  
30.84447826  
20.62811151  
18.64769538  
27.30655916  
44.38903732  
63.42881236  
75.91420132  
74.56996611  
56.42698579  
24.38100942  
-13.49947212  
-46.7470068  
-66.29832328  
-67.81406497  
-53.1776632  
-29.58194005  
-6.614044048  
7.437201651  
8.546340461  
-1.948381575  
-18.41496722  
-33.5575376  
-41.40086765  
-39.39083873  
-28.87321167  
-13.98378627  
0.3475751244  
10.30162597  
14.2072385  
12.46778386  
6.697731057  
-1.291536194  
-10.07844335  
-18.58027722  
-25.59656338  
-29.44378301  
-28.11958493  
-20.08986201  
-5.362199647  
13.76392642  
32.8211849  
46.34845915  
49.76750252  
41.21194445  
22.48610501  
-1.353566378  
-23.72388018  
-38.90347087  
-44.12583899  
-40.51835995  
-32.49685327  
-25.86236986  
