-24.36278727  
-39.2107565  
-57.01588464  
-73.13451458  
-82.38141439  
-81.05735287  
-68.4877961  
-47.38051233  
-22.83121565  
-0.4134919313  
15.81201213  
24.52314686  
27.13009099  
26.64725119  
26.05257262  
26.92991546  
28.99328263  
30.62151301  
30.03349299  
26.44621227  
20.61421215  
14.49953518  
10.28015941  
9.234604989  
11.0855345  
14.13115468  
16.08491874  
15.18882531  
11.04349118  
4.758379684  
-1.620015246  
-6.085030578  
-7.548032977  
-6.191346972  
-3.156957038  
0.2182392601  
3.184224349  
5.944316147  
9.406574748  
14.45371663  
21.13097366  
28.21227896  
33.43005576  
34.32737378  
29.37492778  
18.83833358  
4.968795674  
-8.625916325  
-18.21182523  
-21.27544138  
-17.44045006  
-8.582640063  
1.901322549  
10.37385373  
14.27640069  
12.98056527  
7.865384932  
1.629683879  
-2.85235925  
-3.664439414  
-0.5296019124  
5.199812011  
11.20060587  
15.18758797  
15.84825665  
13.32317333  
9.04747771  
5.032468536  
2.899077521  
3.076464809  
4.516083137  
5.06008383  
2.331630801  
-5.209730995  
-17.48482201  
-32.62119034  
-47.48043111  
-58.68937153  
-63.76486243  
-61.88403202  
-54.00389169  
-42.31741211  
-29.31815363  
-16.90656079  
-5.929474842  
3.67868315  
12.28859634  
19.87212408  
25.62295847  
28.15518067  
26.22732886  
19.63779819  
9.80098033  
-0.3830425066  
-7.436005677  
-8.672976975  
-3.453997478  
6.282874382  
16.53818844  
22.70188839  
21.39595236  
11.9515952  
-3.125126514  
-18.94922539  
-30.04081693  
-32.40475788  
-25.07514975  
-10.50442047  
6.357662974  
19.92224325  
26.01788676  
23.34729182  
13.80887475  
1.610555516  
-8.425576266  
-12.68592756  
-10.0267717  
-2.047483169  
7.653410917  
14.89348577  
16.43702245  
11.09716623  
0.06931091573  
-13.5482482  
-25.81570521  
-33.20420903  
-33.63210988  
-26.99228856  
-15.06056522  
-0.8689112089  
12.23057086  
21.51643575  
25.58919967  
24.62094318  
20.12011411  
14.31523761  
9.375962471  
6.73297198  
6.71706107  
8.617689469  
11.10834559  
12.85200503  
13.04153272  
11.66724099  
9.425901244  
7.335874101  
6.242509929  
6.431305745  
7.50721943  
8.573265716  
8.613390742  
6.906814139  
3.306825748  
-1.70837971  
-7.199045545  
-12.04816166  
-15.24673528  
-16.09574979  
-14.29982612  
-9.981607412  
-3.658729602  
3.797282924  
11.23663053  
17.37490354  
21.01826826  
21.33348466  
18.07894331  
11.69916454  
3.22723543  
-5.983594396  
-14.59822847  
-21.57472341  
-26.27576684  
-28.40449733  
-27.84680124  
-24.55293833  
-18.56266913  
-10.18439941  
-0.2247797294  
9.898464421  
18.30454114  
23.08574947  
22.90929767  
17.5490012  
8.103954417  
-3.229407867  
-13.78055173  
-21.19955069  
-24.12002347  
-22.44313358  
-17.16162391  
-9.842173922  
-2.019254617  
5.232376411  
11.39540345  
16.30293407  
19.80490174  
21.53490418  
20.93247161  
17.52172705  
11.29669564  
2.992059419  
-5.934363803  
-13.64513698  
-18.47065041  
-19.44166044  
-16.59393412  
-10.93837575  
-4.134918205  
1.977733407  
5.815192036  
6.319517593  
3.050921115  
-3.835711485  
-13.63820329  
-25.13428581  
-36.61947685  
-46.04129743  
-51.30129296  
-50.71722073  
-43.52906864  
-30.25978777  
-12.7511803  
6.201744412  
23.5414897  
36.74819534  
44.47814837  
46.82000688  
45.09099617  
41.26334924  
37.24039725  
34.24042166  
32.48936618  
31.29989109  
29.47884765  
25.90125387  
20.04862802  
12.32849757  
4.063287103  
-2.867484668  
-6.641191607  
-6.181047589  
-1.684030689  
5.234953997  
11.910653  
15.4643187  
13.87080883  
6.869630782  
-3.680340053  
-14.24773722  
-20.82236302  
-20.4710323  
-12.65053046  
0.3081575867  
13.84919945  
22.81985917  
23.47846233  
15.05891222  
0.1933899164  
-16.05567613  
-28.20519583  
-32.57558075  
-28.7690173  
-19.7403472  
-10.411278  
-5.435384552  
-7.118290864  
-14.43765862  
-23.60719137  
-29.91433842  
-29.96094219  
-23.24886443  
-12.36126422  
-1.666647402  
4.816052861  
5.344900814  
1.22965027  
-3.92697693  
-6.144937289  
-3.184976544  
4.197862314  
12.51573011  
17.22986405  
15.04560024  
5.689550078  
-7.734668414  
-20.03533807  
-26.28941806  
-24.15353032  
-15.0149401  
-3.404271402  
5.083586081  
6.401041722  
-0.03120352498  
-10.99989839  
-20.93490168  
-24.44881231  
-18.81818291  
-5.278118981  
11.4430611  
25.12108417  
30.65878176  
26.18305452  
13.74018573  
-1.636414929  
-14.00476531  
-18.80843116  
-14.4477198  
-2.580411008  
12.81226871  
27.06720318  
36.45948978  
39.21054053  
35.65067209  
27.68355457  
17.92390333  
8.88674429  
2.445571047  
-0.4184868073  
0.3303849262  
3.843461252  
8.559355544  
12.54630711  
14.03980371  
12.07630573  
6.984552709  
0.456854051  
-4.956659751  
-6.831317633  
-3.960888458  
2.939274092  
11.30991814  
17.67359749  
19.07031336  
14.38379502  
4.932410954  
-6.000102359  
-14.54081888  
-17.92114607  
-15.72373536  
-10.09854406  
-4.826639022  
-3.638542618  
-8.539466203  
-18.88793307  
-31.62423245  
-42.51455203  
-47.82708032  
-45.68936823  
-36.57006548  
-22.76709956  
-7.251005994  
7.523565389  
20.27972938  
30.82230702  
39.36946632  
45.78881526  
49.23097521  
48.40254423  
42.33959436  
31.24331159  
16.87519188  
2.221128657  
-9.495684929  
-16.02922777  
-16.99304361  
-13.98999002  
-9.914159263  
-7.729293636  
-9.259906367  
-14.50512968  
-21.73170584  
-28.24490163  
-31.45689928  
-29.78869314  
-23.07690219  
-12.42076332  
0.3432708069  
13.23513059  
24.53969106  
32.94808858  
37.52266669  
37.65843377  
33.16217819  
24.43509229  
12.61615297  
-0.4882590028  
-12.77170068  
-22.40616713  
-28.40028024  
-30.86943723  
-30.86239762  
-29.79478276  
-28.74295652  
-27.93549478  
-26.69933128  
-23.90055145  
-18.67302883  
-11.07284383  
-2.315248674  
5.561307711  
10.48643384  
11.26170107  
8.160273908  
2.926125769  
-1.866733901  
-3.850695582  
-1.872499731  
3.454038624  
9.898058628  
14.43135485  
14.41417947  
8.695802678  
-1.797604308  
-14.22766393  
-24.72781089  
-29.70947067  
-27.13649498  
-17.31277068  
-2.886729316  
11.95940619  
22.88071895  
26.83893986  
23.15024294  
13.72085724  
2.357170328  
-6.622019191  
-9.970086222  
-6.694025594  
1.63238033  
11.55957024  
19.1887659  
21.75458834  
18.7043811  
11.81834421  
4.325023  
-0.5871417024  
-1.184866257  
2.121807521  
7.138780012  
11.12260349  
12.2880892  
10.83499715  
8.945914643  
9.69719948  
15.36465245  
25.94064232  
38.63211045  
48.68271822  
51.2458054  
43.51485199  
26.14856206  
3.304311305  
-18.80175338  
-34.22639819  
-39.53515546  
-34.98873536  
-24.19625413  
-12.43196171  
-4.393439421  
-2.392544555  
-5.729155393  
-11.42731143  
-15.89156862  
-16.65766799  
-13.43457505  
-8.02627066  
-3.277521425  
-1.628205437  
-3.989118139  
-9.426228755  
-15.70645416  
-20.34144095  
-21.57863148  
-18.89658833  
-12.88257247  
-4.708509326  
4.405402036  
13.42601066  
21.38619348  
27.12609244  
29.23087273  
26.38294314  
18.05710513  
5.202454786  
-9.550564778  
-22.44951805  
-29.86469689  
-29.74246772  
-22.5981343  
-11.51147118  
-1.01249733  
4.733206152  
3.668250652  
-3.267760034  
-12.5274346  
-19.47111796  
-20.3435849  
-13.83690266  
-1.565102063  
12.71591645  
24.73611408  
31.41880648  
31.91295942  
27.56425646  
20.96245221  
14.62403754  
9.98012338  
7.111074466  
5.23623318  
3.568381178  
1.984786748  
1.121758102  
1.866381707  
4.588598929  
8.616679004  
12.32629192  
13.85302145  
12.06173517  
7.220121124  
0.948271144  
-4.606178139  
-7.981297894  
-9.361208341  
-10.71666063  
