-35.40923814  
-49.17869758  
-59.41270861  
-59.97030196  
-46.84089558  
-20.30514067  
14.49414912  
48.94378714  
73.8405065  
82.62844881  
73.68681722  
50.75143962  
21.33381437  
-6.173039424  
-25.49934362  
-34.4244798  
-34.9435063  
-31.76302152  
-29.89469768  
-32.42458846  
-39.36583776  
-47.96032766  
-54.14849534  
-54.45589887  
-47.44958923  
-34.19228077  
-17.61993187  
-1.243396349  
12.18078088  
21.43273955  
26.80962811  
29.44741099  
30.41918873  
30.10193629  
28.12244302  
23.8762384  
17.31764605  
9.578047883  
3.040907786  
0.7451408625  
5.291180283  
17.6597373  
36.42230512  
57.70842215  
76.03476712  
85.79971461  
83.0035476  
66.6516968  
39.36995941  
6.981719698  
-22.89107427  
-42.83973118  
-47.72102816  
-36.13945214  
-10.89848237  
21.73638752  
53.75079398  
77.54911632  
87.90650645  
83.11947852  
65.05196908  
38.16405008  
7.95484718  
-20.58237258  
-43.96902244  
-60.47337438  
-69.6821416  
-71.80573878  
-67.17649453  
-56.2308682  
-39.94818777  
-20.41089088  
-1.022629429  
13.95906375  
20.57987959  
16.6536268  
2.903586787  
-16.81419938  
-36.46752532  
-49.74994865  
-52.25129861  
-43.04729268  
-25.04815812  
-3.935190964  
13.90624368  
23.63468269  
23.49408486  
15.08036815  
2.318875922  
-10.31886587  
-19.54336849  
-24.19599091  
-25.10321409  
-24.05224931  
-22.49626824  
-20.67671427  
-17.59026977  
-11.76779029  
-2.4110612  
9.746315462  
22.33644508  
32.09921635  
36.12044408  
32.96083944  
23.13089695  
8.702393434  
-7.70691475  
-24.0181772  
-39.26082485  
-53.32492566  
-66.05477686  
-76.23598463  
-81.15061493  
-77.13882794  
-61.10696023  
-32.39405447  
5.887631667  
46.81887521  
81.23886608  
100.5200835  
99.58643216  
78.9965515  
45.18640795  
8.630353879  
-19.52062244  
-31.15138617  
-23.90051303  
-1.878188586  
25.89012599  
48.73200334  
58.11853214  
50.60674272  
28.89267436  
0.6376634887  
-24.45059657  
-38.17849741  
-36.75604228  
-21.98101047  
-0.3339462752  
19.6231226  
30.53158135  
28.96343825  
16.58302483  
-0.6538594721  
-14.91114288  
-19.53949742  
-11.61520931  
6.997403909  
30.41304109  
50.95355579  
61.91657982  
59.80021301  
45.17921264  
22.0275503  
-4.072454263  
-27.97377133  
-46.38962726  
-58.20771069  
-63.78088291  
-63.77733626  
-58.34110846  
-47.08246624  
-29.90210464  
-8.129889521  
14.79726302  
33.72837375  
43.3447947  
40.31002001  
25.05361043  
2.255480296  
-20.39540539  
-34.82683176  
-35.58383444  
-21.95312024  
1.714897313  
27.65275808  
47.60450233  
55.79950528  
50.74564586  
35.18141572  
14.3755334  
-6.310249772  
-23.41595723  
-36.06898288  
-45.21047864  
-51.96628122  
-56.17621687  
-55.9631882  
-48.62626127  
-32.39461049  
-8.075952283  
20.36486413  
46.74111394  
64.77190725  
70.44911108  
63.53160657  
47.45180269  
27.68016009  
9.341146769  
-4.77306437  
-14.8586769  
-23.17441526  
-32.08264465  
-42.12481528  
-51.17757601  
-55.18019069  
-50.11897729  
-34.29777776  
-9.748419585  
17.97677696  
41.62460289  
54.9050576  
54.83847336  
42.77773647  
23.71337929  
4.235926156  
-9.915003084  
-15.68864331  
-13.29290621  
-5.466891468  
4.012902272  
11.82359771  
15.97611918  
15.89992863  
11.98461649  
5.045539141  
-3.914238914  
-13.58471352  
-22.13167251  
-27.26436802  
-26.81645745  
-19.72436948  
-6.953542895  
8.189998088  
20.72606074  
25.57310874  
19.49323838  
2.622510545  
-21.10573971  
-44.92073676  
-61.28028158  
-64.31993258  
-51.81464453  
-25.98143301  
7.107993535  
39.25109017  
62.38303265  
70.70641485  
62.13203911  
38.74026426  
6.236863867  
-27.42170016  
-53.93127757  
-66.68358836  
-62.50346443  
-42.62400423  
-12.54109244  
19.36264029  
44.16292413  
55.06742784  
49.55719623  
30.21750379  
3.885295559  
-20.65133634  
-35.60391987  
-36.71477502  
-24.4575824  
-3.531930278  
19.04196754  
36.39536059  
43.87688948  
40.02708048  
26.33437024  
6.180050436  
-16.36063823  
-37.31977377  
-53.09864536  
-60.46765851  
-56.76550157  
-40.58641248  
-12.81682937  
22.54204898  
58.46749841  
86.33516492  
98.45626966  
90.86892045  
65.19395875  
28.58929389  
-8.428622148  
-35.59435648  
-46.53453809  
-40.93788166  
-24.32558166  
-5.510819541  
7.161766635  
9.183021073  
1.436479711  
-10.64039408  
-19.80830502  
-20.3901257  
-10.74729956  
6.14763709  
24.14662289  
36.58243676  
38.89333926  
30.10978048  
12.7334716  
-8.683453788  
-29.41473848  
-45.98762901  
-56.64665403  
-60.925546  
-58.8584497  
-50.45764245  
-35.80922572  
-15.67280815  
7.894034349  
31.42418463  
50.70097603  
61.99577483  
63.33010802  
55.14471709  
40.03690855  
21.69378078  
3.550311847  
-12.1796937  
-24.68363021  
-33.96979712  
-39.97732926  
-41.98388936  
-38.7312246  
-29.25580164  
-13.97131963  
4.650948879  
22.30701355  
34.05535365  
36.05241057  
27.09482372  
9.282361578  
-12.51307565  
-32.17737138  
-44.28375744  
-45.70748148  
-36.40272892  
-19.1996024  
1.159119135  
19.3327655  
30.66531012  
32.20880212  
23.40548003  
6.388551275  
-14.19738216  
-32.00456251  
-40.4838345  
-34.88612216  
-14.22185443  
17.59798932  
52.14217265  
78.60477215  
87.24953738  
73.01962662  
37.89983051  
-9.072378491  
-54.40745683  
-84.58227723  
-90.67668355  
-71.44747695  
-33.62831184  
10.65951459  
48.34052272  
69.89547109  
72.21503031  
58.81407519  
37.55657266  
17.03754529  
3.212846495  
-2.398263768  
-2.416814486  
-1.63010828  
-4.407684218  
-12.67980681  
-25.24046276  
-38.45874154  
-47.88712181  
-49.98980108  
-43.33512266  
-28.96225384  
-10.00647888  
9.126490509  
23.75928176  
29.961669  
25.52601415  
10.79650209  
-10.89349845  
-33.51200736  
-49.58768363  
-52.33715423  
-38.09946097  
-8.172666387  
30.84010281  
68.61015242  
94.26081546  
100.0731361  
84.29540284  
51.88238805  
12.78489459  
-21.58019958  
-42.28123046  
-45.67952119  
-34.05126231  
-13.95079347  
6.791998863  
22.03805431  
29.02970868  
28.29513033  
22.162429  
12.90603967  
1.596647206  
-11.79688025  
-27.28903964  
-43.59134345  
-57.61091823  
-65.23133037  
-63.10857734  
-50.56753904  
-30.52170422  
-8.769955534  
8.158059101  
15.66039745  
12.95778483  
3.282341498  
-7.760638652  
-14.87534746  
-15.49126109  
-10.73674403  
-4.521744675  
-1.24180124  
-3.31178869  
-9.814761057  
-16.96544163  
-20.13847496  
-16.39148047  
-6.143050329  
6.904637798  
17.60165555  
22.02431486  
19.60491717  
13.58056371  
9.456817819  
12.18961941  
23.45859404  
40.39993622  
56.48307247  
64.1890269  
58.28553881  
38.20923802  
8.493728993  
-22.90675978  
-47.59695233  
-59.69067984  
-57.51327012  
-43.50340872  
-22.62325907  
-0.205230203  
19.72857505  
35.05475441  
45.09231027  
49.69728308  
48.64692214  
41.74385429  
29.52130949  
13.96860688  
-1.39382163  
-12.42127333  
-15.97526683  
-11.51469638  
-1.762690161  
8.074445645  
12.36933031  
7.579859801  
-5.944649849  
-23.75968746  
-38.93261439  
-44.84192292  
-37.98210592  
-19.55569243  
4.846202658  
27.34137317  
40.73998664  
41.17530714  
29.34716979  
9.977576055  
-10.16541793  
-24.78050822  
-30.078589  
-25.67589947  
-14.20200526  
-0.00166708408  
12.43358614  
19.72829491  
20.28111868  
14.33215615  
3.63968023  
-9.02196367  
-20.43934838  
-27.60692421  
-28.4364883  
-22.41515728  
-10.97033638  
2.719744024  
14.58015342  
20.9781  
20.07953195  
12.64337879  
1.831687491  
-7.985548814  
-12.98884362  
-11.4853937  
-4.589700881  
4.326052378  
11.18246655  
13.03192408  
9.318800635  
1.955010842  
-5.823012889  
-11.24399759  
-13.52409404  
-14.31188099  
-16.76420846  
-23.6503884  
