16.32777802  
22.85670922  
31.27194624  
41.27399699  
50.39509362  
54.69636751  
50.44350039  
36.030394  
13.24273562  
-12.80625297  
-35.1779347  
-47.52693599  
-46.48937709  
-33.06369912  
-12.39273427  
8.009956423  
20.92559793  
21.97653795  
11.10099685  
-7.5639712  
-27.29396653  
-41.23299139  
-44.76533074  
-36.96404912  
-20.67015989  
-1.284018621  
15.19569379  
24.13495391  
23.5538658  
14.38186383  
-0.2735654423  
-16.44890977  
-30.67979836  
-40.89457956  
-46.59464936  
-48.38450493  
-47.17351836  
-43.47490557  
-37.14365074  
-27.66315205  
-14.81318243  
0.6512553377  
16.71205008  
30.43437316  
38.89617848  
40.35004797  
35.0993252  
25.63069986  
15.83078675  
9.516949792  
8.857755282  
13.37658117  
20.04181328  
24.50520103  
23.03130069  
14.30393224  
0.2782479277  
-14.38994961  
-24.19519669  
-25.17692416  
-16.8170574  
-2.547892561  
11.45651011  
18.78402596  
15.55668066  
2.270630641  
-16.14354227  
-32.14250541  
-38.55813232  
-31.51426951  
-12.04364801  
14.27629419  
39.50159329  
56.37941124  
60.99625646  
53.94560468  
39.61904818  
24.04688393  
12.30922068  
6.650023454  
6.027773226  
7.139291345  
6.292482849  
1.186292046  
-8.197205518  
-19.87595684  
-31.0189617  
-39.27258971  
-43.57256364  
-44.1084895  
-41.61233117  
-36.51304383  
-28.54434356  
-17.09252794  
-2.100532742  
15.03454063  
31.20131853  
42.28793707  
44.69134067  
36.97486693  
20.8594117  
0.9743426731  
-16.65605479  
-26.81453166  
-27.0525718  
-18.55649649  
-5.538486409  
6.570238947  
13.31918102  
12.87691631  
6.444315538  
-2.636806755  
-10.56803336  
-14.7418447  
-14.61670569  
-11.52136946  
-7.637098233  
-4.784157722  
-3.668239328  
-3.925783706  
-4.829787141  
-6.140915554  
-8.515534539  
-13.14989589  
-20.80530595  
-30.76267206  
-40.37443118  
-45.62999391  
-42.64449891  
-29.46891341  
-7.372583  
19.08971108  
43.39965103  
59.32533766  
63.18584996  
55.17033145  
39.14191444  
21.01514504  
6.41492344  
-1.374528657  
-2.319617404  
0.9107622748  
4.606665331  
5.966596525  
4.421349452  
1.75188509  
1.006746567  
4.782940928  
13.7109403  
25.86292695  
37.35730881  
43.87958061  
42.43788436  
32.59302251  
16.66390863  
-1.126467715  
-16.1578109  
-24.93301286  
-26.0389895  
-20.27274223  
-10.03251724  
1.653273123  
12.0217798  
19.09964506  
21.80432748  
19.78402993  
13.23246765  
2.837162162  
-10.14645748  
-23.84594002  
-35.93054056  
-44.05910982  
-46.52264388  
-42.83556458  
-33.9961517  
-22.24945017  
-10.3994165  
-0.9259807059  
4.736312957  
6.46637787  
5.181062576  
2.175512461  
-1.587693948  
-5.890356775  
-11.17270356  
-17.99984812  
-26.36165436  
-35.18564796  
-42.3619103  
-45.3491777  
-42.1547146  
-32.28392125  
-17.22863688  
-0.2272103545  
14.68261384  
24.00265169  
26.01148278  
21.42256149  
13.18910525  
5.497664563  
2.295933205  
5.876173541  
16.02089296  
30.01692586  
43.53647717  
52.08184796  
52.49744194  
44.03812644  
28.63884025  
10.30539853  
-6.161393425  
-16.67976641  
-19.14063943  
-13.99686323  
-4.007672838  
6.76150489  
14.34016162  
16.18087888  
11.96614374  
3.622973042  
-5.45726673  
-11.71908798  
-12.80200178  
-8.464633228  
-0.723397695  
6.86974638  
10.57134504  
7.931539162  
-1.136850452  
-14.1321933  
-26.71230336  
-34.18578394  
-33.22413733  
-23.16313698  
-6.391048967  
12.35480504  
27.55789601  
34.80291813  
32.28491761  
21.3963248  
6.182466402  
-8.121891124  
-16.92440669  
-17.80096531  
-11.1775321  
0.03393050635  
11.64642293  
19.75365607  
22.03560155  
18.36210895  
10.55003745  
1.465490238  
-6.109994488  
-10.39273881  
-10.98478116  
-8.684720135  
-4.91161238  
-1.055589598  
1.96069344  
3.776742501  
4.399532408  
3.905048621  
2.240823863  
-0.7543813058  
-5.138615198  
-10.60434128  
-16.34109684  
-21.13806624  
-23.72079663  
-23.19685844  
-19.42914103  
-13.1776732  
-5.946624312  
0.4148926735  
4.223447261  
4.423054005  
0.8703050403  
-5.619045718  
-13.4547669  
-20.63436682  
-25.20375323  
-25.72592649  
-21.66337039  
-13.57649725  
-3.060611475  
7.606699123  
16.05307894  
20.4853704  
20.24124807  
16.01725887  
9.666540893  
3.61182969  
0.07085405806  
0.37416117  
4.621229667  
11.78374832  
20.17582437  
28.06398519  
34.15088316  
37.75690622  
38.69536875  
36.99904471  
32.72260609  
25.97498297  
17.16802289  
7.295795828  
-2.01489543  
-8.854267898  
-11.73696988  
-10.38281529  
-6.160918929  
-1.863303367  
-0.75137052  
-5.180255875  
-15.37650707  
-28.97242096  
-41.63434511  
-48.65491124  
-46.91495834  
-36.37968776  
-20.41626377  
-4.681488565  
5.054368908  
5.283126698  
-3.67774789  
-17.64869494  
-30.16638952  
-35.06958559  
-29.03198432  
-12.9753345  
8.245118566  
27.76305021  
39.42915105  
40.20413192  
31.23000957  
17.16856184  
4.139134987  
-2.828082789  
-1.732543451  
5.853462502  
15.796619  
23.45087193  
25.79544256  
22.71875221  
16.91538816  
12.49250689  
12.94441266  
19.40934448  
29.97423304  
40.32224998  
45.43702435  
41.64249902  
28.13695313  
7.412528231  
-15.5805689  
-35.1668313  
-46.88675655  
-48.9184758  
-42.49282749  
-31.22321442  
-19.6762962  
-11.75706753  
-9.497443129  
-12.63484155  
-19.04660632  
-25.79070966  
-30.31166943  
-31.35395832  
-29.2758376  
-25.70469392  
-22.72330991  
-21.93634123  
-23.78678811  
-27.37278275  
-30.80835282  
-31.95759907  
-29.23605746  
-22.16172447  
-11.45820975  
1.292955725  
14.26493581  
25.97813505  
35.61925541  
42.98167588  
48.11658659  
50.93201993  
51.00070049  
47.7262663  
40.81404994  
30.80449802  
19.34892889  
8.992898185  
2.45336951  
1.632412695  
6.779087319  
16.1961168  
26.68316489  
34.59414581  
37.10353951  
33.16580259  
23.76691657  
11.37318866  
-1.164796156  
-11.75250915  
-19.72407812  
-25.76192186  
-31.14087168  
-36.70171677  
-42.09331742  
-45.69676872  
-45.31322425  
-39.31589337  
-27.71827104  
-12.61643152  
2.271082722  
12.83769265  
16.10834922  
11.40914734  
0.6837008259  
-12.18796852  
-22.79463227  
-27.75229723  
-25.7992554  
-18.02678373  
-7.218275343  
3.367494701  
11.23673809  
15.4335212  
16.59654952  
16.37486968  
16.53162191  
18.15177527  
21.26805716  
24.99868663  
28.05880064  
29.3712636  
28.50349959  
25.77556185  
22.04881324  
18.3337132  
15.40065095  
13.53678335  
12.50243624  
11.6576543  
10.18333156  
7.324319493  
2.60717683  
-3.993106146  
-11.96215568  
-20.26760188  
-27.53218869  
-32.36652195  
-33.80570356  
-31.71986788  
-27.02794742  
-21.5725995  
-17.61822516  
-17.08536699  
-20.76906292  
-27.8434703  
-35.89343306  
-41.54038021  
-41.51069422  
-33.80630694  
-18.56423534  
1.732269747  
22.81959459  
39.85679572  
48.89199753  
48.10886397  
38.42479635  
23.22263834  
7.2867553  
-4.711875058  
-9.6783922  
-7.014065236  
1.312840558  
11.55869456  
19.57158511  
22.24573063  
18.54986913  
9.777017135  
-1.047342977  
-10.34888715  
-15.317477  
-14.85340756  
-9.812878447  
-2.507027659  
4.292650598  
8.407876975  
8.938133052  
6.339169319  
1.939964924  
-2.810370739  
-6.978685037  
-10.37344247  
-13.30083616  
-16.04759219  
-18.43063529  
-19.71335901  
-18.97711078  
-15.76426701  
-10.62215446  
-5.179355711  
-1.600653534  
-1.59136506  
-5.40007274  
-11.34445897  
-16.19914677  
-16.40163694  
-9.62491654  
3.967023418  
21.39218281  
37.69727794  
47.71072467  
48.0129112  
38.29932545  
21.54573144  
2.888843296  
-12.30788892  
-20.38115695  
-20.48043188  
-14.43729227  
-5.532229002  
3.204112495  
