-3.165543486  
3.005424414  
-1.474837517  
-15.87184817  
-33.83830921  
-46.23931159  
-45.42188792  
-28.88898934  
-0.6340126962  
30.47709819  
54.49059734  
64.54018002  
59.50951152  
44.05729282  
26.14677202  
13.36312985  
9.772221543  
14.68897303  
23.72008583  
31.34070806  
33.60952954  
29.70353661  
21.67601308  
12.80146376  
5.560469433  
0.4098567992  
-4.043478951  
-9.668393224  
-17.11424229  
-24.84079191  
-29.5013645  
-27.54824694  
-17.2321365  
0.08359302253  
20.05015888  
36.92924563  
45.92724752  
45.14957808  
36.23056458  
23.34709963  
11.11400734  
2.394688787  
-2.922040236  
-7.625145586  
-15.55960613  
-29.50046638  
-49.54625793  
-72.75784266  
-94.14627617  
-108.4901482  
-112.1381681  
-104.0583743  
-85.83194857  
-60.80510842  
-32.93828321  
-5.886816172  
17.42907652  
34.86602792  
45.01988155  
47.3676949  
42.59339476  
32.8260036  
21.42635008  
12.13893755  
7.798529871  
9.131216661  
14.28892951  
19.50180491  
20.71267566  
15.53122803  
4.59573265  
-8.375181501  
-17.98050846  
-19.4269534  
-10.6892537  
6.469313273  
27.11747228  
45.15024064  
55.73737421  
57.09734247  
50.81146558  
40.62012079  
30.38811092  
22.31026182  
16.25595031  
10.51558649  
3.44351093  
-4.998535143  
-12.74366009  
-16.538628  
-13.84597312  
-4.692679386  
7.635831717  
17.62228397  
19.93999533  
12.15963774  
-3.638845511  
-21.29972547  
-33.06879103  
-33.09315108  
-20.33564071  
0.5329376692  
20.82504158  
31.47954502  
27.07727512  
8.413751689  
-17.59032444  
-40.67723215  
-51.56060706  
-45.87948213  
-26.07376105  
-0.379149924  
20.59320803  
28.18913671  
19.10907888  
-3.499361917  
-31.57462614  
-55.49072012  
-67.71420532  
-65.26734122  
-50.15461156  
-27.86498415  
-4.858056933  
13.76731919  
25.51065828  
30.36211938  
29.76782439  
25.43621211  
18.65170508  
10.32009602  
1.466625179  
-6.364108457  
-11.26179539  
-11.71559495  
-7.597269805  
-0.7313035287  
5.446033125  
7.183388789  
2.174152113  
-9.049716276  
-22.84927865  
-33.6244573  
-36.00624413  
-27.19378021  
-8.397986501  
15.30509779  
36.73010762  
49.26124547  
49.35416199  
37.83172334  
19.46375226  
1.049795734  
-11.16347994  
-13.66563273  
-6.638241627  
6.577378888  
21.1228963  
32.58168524  
38.42282063  
38.42728314  
34.10415011  
27.54560792  
20.35220242  
13.12366968  
5.657453797  
-2.381430664  
-10.77360533  
-18.45810384  
-23.81462413  
-25.36293872  
-22.50661847  
-15.92769839  
-7.424331408  
0.7324512121  
6.613678409  
9.2371781  
8.707923694  
5.884943583  
1.804173349  
-2.805172051  
-7.652534582  
-12.62173552  
-17.31031102  
-20.70478865  
-21.27339629  
-17.54184752  
-8.933086794  
3.547233781  
17.20213927  
28.3194888  
33.48379046  
31.04177985  
22.08378937  
10.42849491  
1.468875978  
0.2163222389  
9.263513718  
27.49304939  
50.12582686  
70.19674189  
80.96596863  
78.36515279  
62.51302392  
37.67165571  
10.62052055  
-11.93301738  
-25.88321958  
-31.17659948  
-31.59016068  
-32.92462139  
-40.35252761  
-56.01598012  
-77.87285572  
-100.2762793  
-116.0597387  
-119.2810686  
-107.5180165  
-82.80804714  
-50.89675697  
-19.15306403  
5.969643107  
20.91327916  
25.71791785  
23.30646452  
17.80507745  
12.71147717  
9.695748777  
8.451883906  
7.497374323  
5.393626123  
1.721987224  
-2.657786513  
-6.132407494  
-7.299857855  
-5.820827545  
-2.68732544  
0.2348835265  
1.147849596  
-0.7490012744  
-4.826144029  
-9.310664535  
-12.14086924  
-11.94743514  
-8.662635002  
-3.462330688  
1.899512425  
5.986533046  
8.318129166  
9.413860164  
10.2486159  
11.46047189  
12.80889887  
13.25239731  
11.66364533  
7.808356074  
2.995778212  
-0.09097329945  
1.515368691  
9.464463155  
22.7460997  
37.38399061  
47.54723478  
47.81165348  
35.69796511  
13.35026878  
-12.53777489  
-32.75791983  
-38.94305413  
-26.96397105  
1.040428907  
36.93561846  
69.20363208  
86.97901204  
83.98729055  
60.87009766  
25.00373975  
-12.10351071  
-38.81758742  
-47.27010093  
-35.73091614  
-8.716299345  
25.01010338  
55.61947087  
75.3260961  
80.35830492  
71.31114243  
52.08224128  
28.08012688  
4.506060997  
-14.73084518  
-27.33561696  
-32.43076667  
-30.23572842  
-21.9052843  
-9.543898602  
3.820616036  
14.57769551  
19.29875892  
15.75002423  
3.741008913  
-14.63818857  
-35.61660037  
-55.02559743  
-69.75703689  
-78.7518029  
-83.04946415  
-84.85308487  
-86.04214561  
-86.86613235  
-85.50650401  
-78.80884323  
-63.92155328  
-40.10301622  
-9.807277618  
21.57389964  
47.35165025  
61.96029682  
63.14988895  
52.97939308  
37.11677191  
22.67154236  
15.43180367  
17.65511603  
27.34141933  
39.28144734  
47.40899837  
47.42123581  
38.52571785  
23.57206608  
7.551665149  
-4.821091094  
-11.32517944  
-13.22375868  
-14.56405554  
-20.09238179  
-32.72704145  
-51.75271889  
-72.60014031  
-88.38545586  
-92.60746267  
-81.87409491  
-57.48929262  
-25.19549792  
6.861766812  
31.12998823  
43.38238792  
44.07009842  
37.75473405  
30.88241364  
28.8513177  
33.61290154  
42.81822579  
50.87213597  
51.45941925  
40.49187175  
18.24239392  
-10.24504202  
-36.68643576  
-52.46675215  
-51.80914789  
-33.98149731  
-3.692205922  
30.46842049  
58.93978299  
74.35648906  
73.808931  
59.42744231  
37.18412222  
14.47876477  
-2.505519913  
-10.68444345  
-10.57628148  
-5.406052685  
0.65770651  
4.308771381  
4.199545158  
0.9631020165  
-3.692419613  
-8.261025015  
-12.40006505  
-17.08558619  
-23.89080173  
-33.76653435  
-45.96802295  
-57.73241652  
-64.98142877  
-63.84537672  
-52.39984102  
-31.8531687  
-6.602598256  
16.97836105  
32.63712276  
36.45389193  
28.3190938  
12.08556189  
-5.696992252  
-18.02176315  
-19.83085086  
-9.724832749  
9.618733918  
32.43253835  
51.86379002  
62.26549972  
60.98144788  
49.04722656  
30.63593518  
11.5122183  
-2.927069734  
-9.347309682  
-7.363625052  
0.6145798549  
10.45673444  
17.87646914  
19.92640991  
15.91415739  
7.45954341  
-2.27344613  
-9.841136662  
-12.7851697  
-10.42159723  
-3.880829535  
4.562867322  
12.53847498  
18.51163641  
22.17479426  
24.12571765  
25.01916014  
24.66520872  
21.61967886  
13.61325317  
-1.240327586  
-22.95200735  
-48.63008129  
-72.58278298  
-87.78947348  
-88.3636663  
-72.09698185  
-41.98324294  
-5.906083459  
25.63761271  
43.08209274  
41.30396418  
21.6970349  
-8.104110776  
-36.86656996  
-53.82696321  
-52.64379793  
-33.70911843  
-3.930119003  
25.91068696  
45.16467309  
47.14517424  
31.3578058  
3.404823302  
-27.23719895  
-50.59190451  
-59.41511462  
-51.20127902  
-28.47600997  
2.437174147  
33.51654067  
57.23007414  
68.23395151  
64.33806544  
46.76615218  
19.83451119  
-9.877624131  
-34.85370694  
-48.39226315  
-46.50294223  
-29.40465617  
-1.969820715  
27.34726226  
49.04410642  
55.85396207  
45.58161916  
22.26299655  
-5.039407271  
-25.55307783  
-31.02161833  
-19.12663144  
5.3936879  
32.51952733  
50.9745989  
52.8455753  
36.82788744  
8.692164184  
-21.22546543  
-42.3945002  
-48.39061339  
-39.257258  
-20.97403327  
-2.413108481  
8.709855376  
8.992158281  
0.2281315065  
-12.20281383  
-22.4507123  
-27.13828134  
-26.64037048  
-24.14301516  
-23.12370288  
-24.73784177  
-26.64613694  
-24.04345085  
-12.44567022  
9.214710161  
36.90800918  
62.33696279  
76.13167978  
72.02534267  
50.02567603  
16.96374639  
-16.00831376  
-37.94865922  
-42.66060476  
-31.15362617  
-10.89608484  
7.777051394  
16.40447934  
12.06611695  
-1.704478395  
-17.10497109  
-26.19843853  
-24.93291536  
