-7.425895143  
-15.56316972  
-17.59569314  
-11.93031236  
-0.9303733949  
9.860457473  
14.12217742  
7.752264968  
-8.926521151  
-30.82288953  
-49.86466263  
-58.22379663  
-51.61657379  
-31.25017781  
-3.553253501  
22.22588236  
37.56489868  
37.90449956  
24.28396614  
2.779669956  
-17.94140981  
-29.91333354  
-28.71092621  
-14.82136788  
6.820668092  
28.78640601  
43.75763632  
46.83840896  
36.87842114  
16.55319982  
-8.630861287  
-31.97600547  
-47.3832311  
-50.87407547  
-41.54973609  
-21.80769117  
3.255990452  
27.19173181  
44.02879861  
50.12542986  
45.4420294  
33.7098758  
21.27698086  
14.89132115  
19.14926781  
34.5716581  
57.12344925  
79.47501306  
93.60568664  
93.76978783  
78.65308865  
51.85288955  
20.5033678  
-7.361000114  
-25.59894296  
-31.79061967  
-27.45535795  
-16.75690912  
-4.448058764  
5.93240669  
12.83831789  
16.30056588  
16.7877368  
14.16707872  
7.468975385  
-4.357039902  
-21.13855915  
-40.47106094  
-57.77346321  
-67.65540695  
-66.119049  
-52.57943538  
-30.63703205  
-7.0411873  
10.86939369  
18.18629388  
14.53492791  
4.227047302  
-5.706763524  
-8.778448025  
-2.123064809  
12.04888777  
27.35710979  
36.16093611  
33.16559748  
18.05923554  
-4.07221848  
-24.80005022  
-35.9873848  
-33.3776193  
-18.51703862  
1.855991787  
18.67926768  
24.40515153  
16.11204992  
-3.444123303  
-27.21467869  
-46.96025707  
-56.62593895  
-54.50539949  
-43.34940328  
-28.56143294  
-15.48554318  
-7.129546448  
-3.34718506  
-1.715709527  
0.5101586801  
4.488114423  
8.959351714  
10.93327175  
7.507036169  
-2.163665701  
-15.8248839  
-28.64581195  
-35.14962814  
-31.68273212  
-18.24757948  
1.213615241  
20.28481638  
32.67348584  
34.78114208  
27.08725547  
13.72691632  
0.4719396653  
-7.939931507  
-9.887513002  
-7.398479515  
-4.896083068  
-6.762060307  
-14.88175495  
-27.36383525  
-39.10051134  
-43.98766295  
-37.83949785  
-20.6685119  
2.770376885  
24.53817456  
36.61455981  
34.27696583  
18.30721868  
-4.976898891  
-25.9772689  
-35.5042913  
-28.41644711  
-5.714218758  
25.79301064  
56.13210722  
76.04896545  
80.53733726  
70.57228412  
52.36367125  
34.49283852  
24.18447385  
24.31728197  
32.43617883  
42.14345205  
46.20439362  
39.95698134  
23.49858561  
1.68327909  
-18.04788778  
-29.0069353  
-28.2531732  
-17.89180178  
-4.105982992  
5.616745154  
5.789575939  
-4.733778618  
-22.41404715  
-40.77029783  
-53.34437835  
-56.47674872  
-50.61699512  
-39.62556255  
-28.50203548  
-20.72530015  
-16.55230063  
-13.12046295  
-6.282429942  
6.777330836  
25.50307432  
45.59621001  
60.58743701  
64.66242817  
55.40939705  
35.16009669  
10.24510772  
-11.53028163  
-24.04170006  
-25.19403427  
-17.42274416  
-6.196655786  
2.685906393  
5.680641943  
2.752397754  
-3.199261458  
-8.319792818  
-10.07735956  
-8.628881137  
-6.581831791  
-7.320395063  
-12.82693875  
-22.20029844  
-31.714724  
-36.4626329  
-32.78873848  
-20.28459701  
-2.295966753  
15.38140153  
27.04286113  
29.64889475  
24.18742029  
15.15056458  
8.354054416  
8.123593715  
15.1726758  
26.16632714  
35.16793196  
36.29337086  
26.3606889  
6.361870148  
-18.84327405  
-42.40114436  
-58.03049512  
-62.18218069  
-54.97296472  
-39.680046  
-21.20431661  
-4.261201064  
7.977464941  
14.41084063  
15.75517125  
13.85117794  
10.92094016  
9.001146732  
9.567765351  
13.25507298  
19.62262059  
27.06730954  
33.07591512  
34.94314391  
30.84059238  
20.83512767  
7.314057315  
-5.580123848  
-13.48260425  
-13.7658187  
-7.045451217  
2.58998975  
8.955880271  
6.345238747  
-7.747742203  
-31.00624081  
-56.64371339  
-75.77034971  
-80.88919113  
-69.06125265  
-43.34123188  
-11.79123324  
15.57486713  
30.65104864  
30.27775664  
17.19833896  
-1.40968396  
-17.11699039  
-23.71699324  
-19.51386519  
-7.541338559  
6.21847581  
15.68744287  
17.29814438  
11.26362024  
1.105424757  
-8.165336838  
-12.28039372  
-9.363620838  
-0.3872537348  
11.57054351  
22.75841531  
30.16308089  
32.34199662  
29.4950284  
22.96757688  
14.57085251  
6.056458473  
-1.12402708  
-5.857535605  
-7.382748931  
-5.392659536  
-0.1976472846  
7.19434379  
15.21829254  
22.13155528  
26.49557335  
27.54388416  
25.27443505  
20.26368514  
13.36256435  
5.488411215  
-2.370333159  
-9.010926286  
-12.96527597  
-12.76752783  
-7.576816594  
2.094488188  
13.99537352  
24.49666995  
29.7777563  
27.45281053  
17.89323637  
4.488808976  
-7.500590377  
-13.1699086  
-10.31556703  
-0.7335841038  
10.3300863  
16.53151307  
13.60530467  
1.840031836  
-13.49698597  
-24.24936277  
-23.21610947  
-8.018689473  
16.93827994  
41.60068924  
54.27604094  
46.88364536  
19.06526338  
-20.87211084  
-58.85945394  
-80.7372949  
-78.27182946  
-52.82045988  
-14.92449487  
20.08453657  
38.56729691  
34.27953589  
10.76815735  
-20.56224449  
-45.76442795  
-54.57822733  
-44.74917693  
-22.56142192  
0.4968018775  
13.2368921  
9.820442518  
-7.932179769  
-31.8693102  
-51.6171223  
-59.36133082  
-53.01292146  
-36.40092576  
-16.66931914  
-0.4091956704  
9.429712234  
14.34724868  
18.59414681  
26.0638035  
37.56425058  
49.98526202  
57.80712701  
56.11709236  
43.48131572  
23.09522953  
1.545658465  
-14.21387487  
-20.12057038  
-16.80267735  
-8.983554275  
-2.799280626  
-2.433316928  
-7.838355163  
-14.76117123  
-17.08706332  
-10.30201791  
5.741804971  
26.24866888  
43.48031892  
50.40058784  
44.15942468  
27.64595981  
8.275225251  
-5.452270084  
-7.959605482  
0.7964425352  
15.40594259  
27.74764918  
31.04547251  
23.23700585  
7.984585219  
-7.180408434  
-14.67360272  
-10.75304596  
2.437047199  
17.70993765  
26.19709041  
21.62677378  
3.466435892  
-22.58710353  
-47.0221709  
-60.70243533  
-58.87278717  
-43.12734982  
-20.46803743  
0.03806752629  
11.38196821  
11.56931119  
4.064901724  
-4.396882746  
-7.501522435  
-2.716820629  
7.31143026  
16.00986565  
16.17899199  
3.772375513  
-19.65689766  
-47.04426342  
-68.47533989  
-75.28334233  
-63.78607617  
-37.01454769  
-3.662136206  
25.31407704  
41.00769479  
39.99493433  
25.48845888  
5.795254125  
-9.219555087  
-12.17113538  
-1.058290852  
20.08018547  
42.91862723  
58.20422538  
59.33208965  
44.73936039  
18.27176952  
-12.48256291  
-39.112048  
-55.3520005  
-58.98502944  
-52.05763193  
-39.50300147  
-26.86484875  
-18.09523133  
-14.27069964  
-13.62280831  
-12.71916133  
-8.193190681  
1.731332081  
16.50982836  
33.54318158  
49.22144016  
60.23979164  
64.64150037  
62.2297965  
54.30263206  
42.94852584  
30.27655204  
17.90271754  
6.82505899  
-2.395769128  
-9.368251809  
-13.72674788  
-15.20474435  
-13.8557853  
-10.24999369  
-5.482644492  
-0.9403748601  
2.086235347  
2.763903035  
0.8866546066  
-3.201182127  
-8.842185294  
-15.29432314  
-21.80440987  
-27.50560108  
-31.26608165  
-31.6937694  
-27.44629662  
-17.81863823  
-3.373680026  
13.735651  
30.04187476  
41.68302603  
45.69675771  
41.18099606  
29.79261373  
15.29326926  
2.25399762  
-5.582264962  
-6.599631797  
-1.718556409  
6.245050205  
13.95287049  
18.99758736  
20.75969705  
20.29532199  
19.37024415  
19.18515128  
19.49276  
18.60199449  
14.29948733  
5.224064352  
-8.037809354  
-22.76091784  
-34.9837149  
-41.1370229  
-39.63956392  
-31.67626147  
-20.7471554  
-11.16474335  
-6.196161897  
-6.729574159  
-11.09466604  
-16.09960713  
-18.74518496  
-17.74315067  
-14.07202414  
-10.30124212  
-9.053890758  
-11.43205092  
-16.26050359  
-20.58756155  
-21.22494465  
-16.5422657  
-7.559636875  
2.297721185  
8.749289813  
8.793618079  
2.357929486  
