0.1973763566  
2.043300863  
2.52940921  
3.081258352  
5.341334068  
10.32145721  
17.82264433  
26.38106947  
33.76970966  
37.84465643  
37.38074581  
32.55201946  
24.87010032  
16.62332396  
10.05887972  
6.638045729  
6.638147509  
9.21340995  
12.83482757  
15.89248576  
17.21371456  
16.32483707  
13.41840452  
9.112550726  
4.15203264  
-0.8162351673  
-5.334497106  
-9.116951358  
-11.99818426  
-13.91390829  
-14.9314547  
-15.28997608  
-15.38311485  
-15.64122491  
-16.33140594  
-17.36104718  
-18.20019069  
-18.00625147  
-15.94828077  
-11.62282018  
-5.383223003  
1.592446306  
7.578603787  
10.86380235  
10.39753284  
6.255114451  
-0.3010953216  
-7.235420386  
-12.49831012  
-14.8361401  
-14.30381027  
-12.22971322  
-10.60345936  
-11.11306927  
-14.24117066  
-18.84647376  
-22.48173356  
-22.39258195  
-16.82259427  
-6.066149144  
7.24469798  
18.85290904  
24.40632171  
21.24377374  
9.701467343  
-6.665189453  
-22.14801012  
-30.918711  
-29.27576766  
-17.2110191  
1.37722102  
19.98050154  
31.8364626  
32.45082887  
21.29988898  
2.039429887  
-18.8642617  
-34.53705957  
-40.18653567  
-34.71741416  
-20.88885008  
-4.030959614  
10.09365351  
17.39490325  
16.72085344  
9.881346291  
0.5654554792  
-7.280026375  
-10.89680469  
-9.442423378  
-3.842580791  
3.987340938  
12.07135364  
18.99823223  
24.03069913  
26.80049119  
26.91125571  
23.78570432  
16.91187986  
6.370959031  
-6.677404187  
-19.90130263  
-30.2692175  
-34.9766324  
-32.46290225  
-23.07165542  
-9.040598807  
6.205397215  
19.1777683  
27.40943027  
30.08023348  
27.98462277  
22.94064965  
16.9656459  
11.59752366  
7.607990339  
5.119882007  
3.933859458  
3.798259415  
4.44916814  
5.440931468  
5.962019364  
4.877316807  
1.117896907  
-5.686364762  
-14.64200936  
-23.46442085  
-29.00842915  
-28.3755013  
-20.19722517  
-5.526995714  
12.13903155  
27.85608991  
36.94017339  
36.73848692  
27.7179306  
13.36749709  
-1.109177922  
-10.81468183  
-13.0683096  
-8.401095777  
-0.2018888459  
6.846732149  
8.878432617  
4.585041269  
-4.177489235  
-13.20523764  
-17.85251209  
-15.21145692  
-5.606822871  
7.281606965  
17.7831973  
20.56696561  
12.98835828  
-3.535508348  
-23.73662412  
-40.2723753  
-46.41000157  
-38.58472364  
-17.83253068  
10.4651521  
38.42967949  
58.41543251  
65.58187414  
59.35292085  
43.26468531  
23.34095809  
5.698440108  
-5.653291121  
-9.98023759  
-9.580590348  
-8.337230464  
-9.749430215  
-15.30145934  
-23.83914874  
-32.16963338  
-36.57155757  
-34.52955484  
-25.93496916  
-13.24529149  
-0.5529474477  
8.025633115  
9.954639963  
5.216160578  
-3.781125781  
-13.24552013  
-19.53486889  
-20.53973645  
-16.37630224  
-9.161960247  
-2.032397863  
2.150096721  
1.86371021  
-2.621592028  
-9.51214447  
-16.28453023  
-20.62880869  
-21.16111814  
-17.67986573  
-10.96327399  
-2.2942237  
7.028170564  
15.98541059  
23.87714091  
30.17474193  
34.34536479  
35.78826911  
33.94141246  
28.51102246  
19.70806223  
8.368951481  
-4.10833376  
-16.00380056  
-25.61614582  
-31.60402894  
-33.24193217  
-30.5404545  
-24.21933905  
-15.54741037  
-6.078595174  
2.671614472  
9.547353766  
13.99091931  
16.11987538  
16.59693775  
16.3136377  
15.9878945  
15.82884573  
15.41758868  
13.87765813  
10.2884057  
4.180330006  
-4.102446707  
-13.34596167  
-21.76722493  
-27.56944615  
-29.53564415  
-27.42536545  
-22.0237322  
-14.8396557  
-7.593496988  
-1.704399461  
2.040080767  
3.554892395  
3.313245142  
2.107366186  
0.831306505  
0.3350955568  
1.321715711  
4.22285177  
9.02605278  
15.10894015  
21.20681907  
25.63755667  
26.80652326  
23.8566506  
17.19279494  
8.589640947  
0.7259519868  
-3.764024371  
-3.376074781  
1.513975138  
8.624370667  
14.56923421  
16.22146609  
12.08539897  
3.073593222  
-7.695617619  
-16.04930343  
-18.40706859  
-13.23590273  
-1.69383847  
12.80801246  
25.9247404  
34.00010805  
35.30609163  
30.41693358  
21.64892111  
11.91604266  
3.577206287  
-2.21672666  
-5.477186199  
-6.81441449  
-6.786414193  
-5.582297098  
-3.211160322  
-0.02124692118  
2.866162285  
3.612954472  
0.3460953834  
-7.789170669  
-19.75086168  
-32.45885142  
-41.65050384  
-43.50268238  
-36.3525891  
-21.70284723  
-3.94512374  
11.20849605  
18.98733238  
17.54734317  
8.775690907  
-2.495033213  
-10.56519884  
-11.34670708  
-4.150246009  
8.011807415  
19.73519397  
25.55160239  
22.23321052  
10.06622046  
-7.419587404  
-25.06444266  
-38.23803919  
-44.54524783  
-44.35202532  
-40.0080409  
-34.27186927  
-28.79808533  
-23.45891809  
-16.80513855  
-7.365125692  
4.958684264  
18.19155739  
28.72969288  
32.78772753  
28.19180403  
15.65612894  
-1.108091865  
-16.57552331  
-25.4177913  
-24.50475128  
-14.06398675  
2.456217369  
19.71748941  
32.42794359  
37.09776651  
32.97889728  
21.95443455  
7.593832545  
-6.122434555  
-15.88173632  
-19.60818391  
-16.51733237  
-6.886740715  
8.174876099  
26.80819777  
46.38979185  
63.63239936  
75.00207749  
77.48708319  
69.52147061  
51.69691672  
26.90096813  
-0.2862464946  
-24.80348892  
-42.52367838  
-51.36247142  
-51.67890279  
-45.8484606  
-37.21672943  
-28.87072751  
-22.70277981  
-19.07960047  
-17.15472341  
-15.59805888  
-13.37657256  
-10.25115308  
-6.821829622  
-4.170616531  
-3.315683234  
-4.739204095  
-8.180494903  
-12.74351734  
-17.22863123  
-20.52155912  
-21.88193308  
-21.04792568  
-18.16880908  
-13.64595323  
-7.979644939  
-1.687295803  
4.69801839  
10.58962444  
15.33182231  
18.25477488  
18.80880264  
16.74275739  
12.25901441  
6.072480509  
-0.6757076801  
-6.652387309  
-10.66029102  
-11.96060448  
-10.4748945  
-6.779141373  
-1.87098694  
3.21909714  
7.825995384  
11.88800283  
15.90237711  
20.59013499  
26.39669131  
33.05188711  
39.4196015  
43.76368217  
44.3770759  
40.33978203  
32.07433096  
21.41317546  
11.07641014  
3.711557254  
0.8590570659  
2.2762458  
5.935603328  
8.74727549  
7.751201473  
1.315477288  
-10.1434734  
-24.2163358  
-37.31616412  
-45.93046167  
-47.81873286  
-42.70483239  
-32.2366229  
-19.29098441  
-6.949185  
2.440469232  
7.787087818  
9.259383773  
7.882535128  
4.986069008  
1.754643401  
-0.9850986991  
-2.763414152  
-3.377799923  
-2.84376299  
-1.429555346  
0.2894248752  
1.476417858  
1.261231338  
-0.8844882174  
-4.78429033  
-9.418172861  
-13.15457306  
-14.33146224  
-11.97558286  
-6.337681459  
1.039389111  
7.816301513  
11.75503018  
11.65179803  
7.888238923  
2.32749909  
-2.436653076  
-4.175928885  
-1.997361746  
3.246371619  
9.30280744  
13.48706034  
13.85702181  
10.0840035  
3.632880691  
-2.836573106  
-6.597487059  
-6.034187024  
-1.368351114  
5.377520512  
11.17064729  
13.19154702  
9.994831865  
2.143103489  
-7.936293274  
-16.81330766  
-21.30437089  
-19.6382995  
-12.11327345  
-1.016293918  
10.15206654  
17.86142155  
19.72689243  
15.2755388  
6.05560284  
-4.931210481  
-14.26662971  
-19.26163911  
-18.8209052  
-13.73532301  
-6.311157839  
0.5257416962  
4.326298157  
4.016600909  
0.2675973803  
-4.804133126  
-8.496897555  
-8.623836372  
-4.434066415  
3.001609724  
11.09533621  
16.62875471  
16.8906178  
10.64344802  
-1.428097964  
-16.92596293  
-32.49089908  
-44.7927888  
-51.3975346  
-51.24169296  
-44.63584036  
-32.91036519  
-17.92949479  
-1.68811028  
13.90525777  
27.09740173  
36.34055598  
40.44464552  
38.85498545  
31.95089069  
21.18067467  
8.874488441  
-2.295731458  
-10.06580877  
-13.26366733  
-12.14097485  
-8.187521829  
