31.65665534  
24.51458172  
11.87518312  
-1.537782606  
-11.83067685  
-16.91378594  
-16.61617585  
-12.14329238  
-5.292257677  
2.183164413  
8.870482021  
13.71517122  
15.95781162  
15.17812716  
11.48908613  
5.757956935  
-0.3501793505  
-4.655173719  
-5.056556805  
-0.2486253598  
9.728295128  
23.33902562  
37.88553711  
50.20296588  
57.46986342  
57.86788005  
50.92267529  
37.5036391  
19.57528728  
-0.1713731696  
-18.72074911  
-33.15061438  
-41.08448729  
-41.16733264  
-33.47653726  
-19.71189082  
-3.012225581  
12.65550019  
23.4249847  
26.5172171  
20.96638294  
7.841185868  
-10.10004579  
-29.17549875  
-45.68408451  
-56.65870719  
-60.29541679  
-56.05506198  
-44.56196962  
-27.44694626  
-7.199834435  
13.02575698  
29.78012039  
39.93792181  
41.49671679  
34.30124889  
20.35096634  
3.427380505  
-11.97274349  
-22.0971211  
-25.25323094  
-22.42463265  
-16.86906201  
-12.78962622  
-13.57794495  
-20.34333881  
-31.35674741  
-42.6684709  
-49.66673721  
-48.93898032  
-39.66672765  
-23.98368561  
-6.168362697  
8.969378573  
17.82996583  
19.19633562  
14.41738405  
6.618472171  
-0.6490101918  
-4.720608063  
-4.582290244  
-0.8676142764  
4.775230108  
10.56355185  
15.28198319  
18.53697234  
20.55140534  
21.71114023  
22.1622431  
21.68315685  
19.87539152  
16.5315031  
11.94514063  
6.96479312  
2.73287822  
0.217997037  
-0.2417293887  
0.8360185966  
2.203869526  
2.32956279  
-0.008838678548  
-5.208260693  
-12.60698808  
-20.62774925  
-27.25772191  
-30.70754712  
-30.02864203  
-25.47524609  
-18.47183874  
-11.16864215  
-5.704222426  
-3.409116928  
-4.233017876  
-6.637215861  
-8.054000086  
-5.812990734  
1.763389129  
14.50628693  
30.16148299  
44.94248923  
54.75271214  
56.66680665  
50.1093141  
37.23603277  
22.30552371  
10.22156704  
4.777076299  
7.276902883  
16.09038244  
27.3217811  
36.33476722  
39.51805823  
35.5832326  
25.88912083  
13.70233066  
2.750110106  
-4.292083423  
-6.736307225  
-5.876501632  
-4.106470561  
-3.612813098  
-5.266880996  
-8.227808828  
-10.42751994  
-9.69705032  
-4.996134428  
2.842045964  
11.22434625  
16.75936752  
16.67532132  
10.08840474  
-1.439479193  
-14.32819005  
-24.26213901  
-27.83993916  
-23.94001678  
-14.2486551  
-2.716347576  
5.874443463  
7.69853696  
1.354358665  
-11.55713024  
-26.97239225  
-39.82906101  
-45.90187837  
-43.31403551  
-33.15037856  
-18.95017175  
-5.29784397  
3.913122156  
6.84331588  
4.161931643  
-1.554059348  
-7.169231583  
-10.4589835  
-11.02573996  
-10.24932403  
-10.31511348  
-12.81038849  
-17.60616938  
-22.6304789  
-24.72376561  
-21.23256252  
-11.5940548  
1.901398147  
14.65448336  
21.50102544  
18.95910832  
6.978144634  
-10.66505906  
-27.61998569  
-37.42946597  
-36.19561741  
-24.2868717  
-6.30074399  
10.76089734  
20.36319296  
19.14411826  
8.30026459  
-6.933772644  
-19.47428503  
-23.29515581  
-15.81791278  
1.188362301  
22.49541086  
41.61627773  
53.31678493  
55.38020044  
48.97665025  
37.64738803  
25.50828947  
15.54306282  
8.705098874  
4.088871644  
-0.089329799  
-5.293658297  
-11.85754219  
-18.88509621  
-24.79810117  
-28.15880861  
-28.32455886  
-25.64773474  
-21.20866813  
-16.29915298  
-11.94609498  
-8.668439431  
-6.481091819  
-5.021498485  
-3.658120139  
-1.537680089  
2.345555607  
8.928364629  
18.65765685  
30.99750806  
44.14178342  
55.21527933  
61.06284641  
59.41898899  
49.98379953  
34.86719807  
18.07842579  
4.159352241  
-3.511071546  
-4.000952645  
0.9022066251  
7.581672029  
12.24211042  
12.54065905  
8.420195322  
1.763766324  
-4.905758344  
-9.955727253  
-13.54727107  
-17.38432121  
-23.40989836  
-32.15908905  
-41.73528652  
-48.11557357  
-46.82323198  
-35.2532642  
-14.49783763  
10.35190592  
31.78203775  
42.754584  
39.6787733  
24.07949016  
2.128427056  
-17.82859116  
-28.67968275  
-27.37283387  
-15.90921257  
-0.1116342169  
13.1856502  
19.16578894  
16.86960598  
9.072033086  
0.4061429643  
-5.208869837  
-6.493203598  
-5.143962487  
-4.510010865  
-7.405025647  
-14.29150544  
-22.84048658  
-29.11087588  
-29.70852083  
-23.74489357  
-13.5087485  
-3.442018239  
2.081210917  
1.017786464  
-5.244625356  
-12.56814246  
-16.21215932  
-13.3518928  
-4.64873066  
5.979056562  
13.31224049  
13.53487159  
6.293390481  
-4.976721004  
-14.66962654  
-17.78056243  
-12.42663828  
-0.8171125251  
11.84960773  
20.02325503  
20.63557455  
14.66745328  
6.615604655  
2.091829494  
4.756066869  
14.15553439  
25.61651438  
32.32238014  
28.61063698  
12.89296937  
-11.2406006  
-36.30019262  
-53.9726903  
-58.55204676  
-49.13254632  
-29.60660775  
-6.588354194  
13.62694153  
27.55461293  
35.31320957  
39.49222361  
42.86870547  
46.30760243  
48.02627662  
44.62811009  
33.32986941  
14.13931162  
-9.267363897  
-30.55931121  
-43.26228906  
-43.57589935  
-32.10681692  
-13.63761221  
4.987679083  
17.85393798  
22.40782917  
20.1912235  
15.5855695  
13.26398985  
15.66868027  
21.78234264  
27.77860071  
29.17060572  
23.32139214  
11.00947786  
-3.762813822  
-15.63176401  
-20.47278843  
-17.43573926  
-9.396991651  
-1.598218243  
0.864301497  
-4.518636243  
-16.46709714  
-30.5056373  
-41.0421677  
-43.92958136  
-38.31492241  
-26.95930023  
-14.95195363  
-7.473901347  
-7.647008651  
-15.37995922  
-27.5966927  
-39.5896881  
-46.79456705  
-46.22152199  
-37.07555021  
-20.55491687  
0.8224623453  
23.92120708  
45.45072176  
62.21248055  
71.36251452  
70.90166399  
60.37881423  
41.50574378  
18.24211913  
-3.962883813  
-19.71346882  
-25.5006548  
-21.07301196  
-9.6767621  
3.070665572  
11.31469645  
11.26696963  
2.715895416  
-10.90633079  
-23.93816556  
-30.78354063  
-28.11669644  
-16.09171785  
1.886227417  
20.63466354  
35.20454653  
42.5527672  
42.23396382  
35.96607325  
26.43430696  
15.98553686  
5.818761859  
-4.044791037  
-14.14252979  
-24.72891975  
-35.18853081  
-43.99028569  
-49.16565118  
-49.04048753  
-42.86765452  
-31.10977452  
-15.32337397  
2.225358648  
19.01918614  
32.68750331  
41.32167301  
43.7611332  
39.87990097  
30.80330803  
18.88929977  
7.313128236  
-0.7635480495  
-3.229936984  
0.1296897627  
7.408171517  
15.18676731  
19.84913968  
19.10185912  
13.039199  
4.223636941  
-3.338883914  
-5.944702245  
-1.910062193  
7.52476427  
18.55734731  
26.34200141  
27.02234115  
19.38237965  
5.378754301  
-10.68339455  
-23.95533923  
-31.01788057  
-31.14999503  
-26.36381976  
-20.25316793  
-16.2383804  
-16.0351087  
-19.02432656  
-22.74554761  
-24.20302299  
-21.32367777  
-13.88932698  
-3.569349001  
6.8666927  
14.70673035  
18.25943936  
17.23099198  
12.46873606  
5.344189642  
-2.820776818  
-10.99183648  
-18.29679206  
-23.76263278  
-26.22918569  
-24.62532131  
-18.52917681  
-8.694417684  
2.834697652  
13.22267899  
19.834074  
21.29084145  
18.07061588  
12.29759061  
6.763204952  
3.614054801  
3.347040335  
4.634469052  
5.104290684  
2.714182927  
-2.971291862  
-10.28202342  
-16.04497014  
-17.06585442  
-11.8054402  
-1.423087153  
10.37893523  
18.72467293  
19.58235195  
11.5379172  
-3.479919898  
-20.86068332  
-35.07389201  
-41.76082533  
-39.26588121  
-29.00691336  
-14.63289317  
-0.4529172775  
10.11136395  
15.40622705  
15.52227442  
11.60399561  
5.026551327  
-3.052745431  
-11.57512948  
-19.11032846  
-23.52131115  
-22.21082401  
-13.06325522  
4.260149424  
27.33752526  
50.96958628  
68.41438501  
73.57805623  
63.35744582  
39.14984453  
6.808018215  
-25.07110955  
-47.94250043  
-56.14451355  
-48.68943042  
-29.35809095  
-5.130620463  
16.36784538  
29.39216086  
