57.68673122  
56.39749116  
41.55944562  
19.58622703  
-1.892135349  
-16.66380488  
-21.72025501  
-17.6718991  
-7.846910684  
3.389835949  
12.34773761  
17.10671819  
17.69899286  
15.49031938  
12.18503402  
8.969008447  
6.164268912  
3.479257905  
0.638446124  
-2.005561748  
-3.2606408  
-1.469913218  
4.635774131  
14.97654873  
27.53258881  
38.50259272  
43.30737708  
38.1735405  
21.74198747  
-3.944459419  
-33.55077018  
-59.75301399  
-75.37382349  
-75.64022711  
-59.76035699  
-31.23399267  
3.230718876  
35.80377598  
59.85872975  
71.70421196  
71.15147253  
60.83404906  
44.69763679  
26.37707019  
8.153990267  
-9.144352642  
-25.42144621  
-40.27714006  
-52.30766754  
-59.18624311  
-58.54357119  
-49.21882022  
-32.21283111  
-10.77034475  
10.57892144  
27.66949391  
38.30281387  
43.01718487  
44.58000117  
46.3459583  
50.19953673  
55.07604596  
56.8790946  
50.02730656  
30.11109258  
-3.441795215  
-45.92803807  
-87.98103311  
-118.2437742  
-127.2295881  
-110.9238512  
-72.68105217  
-22.57215659  
25.69013865  
59.16937162  
69.85243213  
57.01420193  
26.98947387  
-9.450235541  
-41.01669659  
-59.594328  
-62.37036873  
-51.79431608  
-33.66501638  
-14.35574173  
1.586068555  
12.54696416  
19.4293719  
24.18664163  
28.20950073  
31.41540074  
32.43651085  
29.68903616  
22.64248364  
12.52716427  
2.040069401  
-5.835716512  
-9.289442432  
-8.636714003  
-6.224802097  
-5.280922835  
-8.253787584  
-15.49039903  
-24.95723696  
-33.20434056  
-37.13780841  
-35.72295937  
-30.72608414  
-26.04012358  
-25.8291536  
-32.33384151  
-44.39925388  
-57.49424297  
-65.3156647  
-62.32426174  
-46.10415801  
-18.49615142  
14.99625602  
47.24813774  
72.08089063  
86.23662692  
89.96687791  
86.12727985  
78.36703719  
69.37554045  
60.02604566  
49.72364819  
37.60777366  
23.82216864  
10.07015403  
-0.8967329864  
-6.588273977  
-6.145964601  
-0.9732224289  
5.791653482  
10.74706678  
11.8959832  
9.612825622  
6.349827937  
5.181777968  
7.926530547  
13.85513671  
19.7492351  
21.39038347  
15.80399205  
3.130670585  
-12.89317662  
-26.22302111  
-31.0688027  
-24.57389558  
-8.329914384  
12.04607192  
29.14759678  
36.84350591  
32.78719919  
19.24475621  
1.907879062  
-12.70234198  
-20.00577129  
-19.04760418  
-12.41781292  
-4.603187605  
0.2951970866  
0.315982782  
-3.934133708  
-10.22507973  
-16.33797318  
-21.38121997  
-26.01879252  
-31.50649126  
-38.15276984  
-44.19868189  
-45.9295005  
-39.16915505  
-21.5159265  
5.821454693  
37.64359964  
66.23604192  
84.18293013  
87.28612973  
76.21983277  
56.0916876  
34.05544902  
16.06202997  
4.278348596  
-3.585480435  
-12.69489944  
-27.99408961  
-51.08100817  
-78.59556525  
-102.9826331  
-115.3943459  
-109.4936123  
-84.4754881  
-45.94363644  
-4.206277142  
29.33041117  
46.19734024  
43.71070307  
25.56375311  
0.05937853576  
-23.17638502  
-36.62978393  
-37.18612535  
-26.55467075  
-9.916133178  
6.459923211  
17.60451403  
21.37894632  
18.73762991  
12.84067179  
7.513249198  
5.678368776  
8.2840647  
14.00886978  
19.76551113  
21.80945831  
17.11592626  
4.616422321  
-14.1098744  
-34.99180893  
-52.5468474  
-61.65068641  
-59.44153122  
-46.63224725  
-27.59716355  
-8.995271989  
2.720299402  
4.013366249  
-3.937499612  
-15.25374736  
-21.41044371  
-14.68837631  
8.303880389  
44.53956962  
84.94517974  
117.2982945  
130.6484478  
119.5529034  
86.40858913  
40.88137562  
-3.403176135  
-33.62989953  
-42.16440213  
-28.8594712  
-0.5181380426  
32.08958466  
58.30551347  
71.07954755  
68.61036325  
53.77281358  
31.95258814  
8.506948925  
-12.96053006  
-30.90757771  
-44.95186609  
-54.58632316  
-58.45436258  
-54.71603778  
-42.3315101  
-22.48184682  
0.8258434711  
21.55846228  
33.72039711  
33.82376193  
22.58255891  
4.911648526  
-11.93539652  
-21.36547648  
-20.26374426  
-10.32603524  
2.75894765  
11.95857022  
12.18977099  
2.739581827  
-12.33035113  
-26.01578363  
-31.61707464  
-25.90659181  
-10.74061292  
7.648788871  
21.37264792  
24.36947801  
15.0543875  
-3.075838275  
-23.13453105  
-38.01676657  
-43.55635709  
-40.20262657  
-32.47202906  
-26.49180282  
-26.85141099  
-34.28754407  
-45.30493108  
-53.89431991  
-54.49887277  
-44.79279101  
-26.94086245  
-6.748167298  
8.879610924  
14.95694575  
10.51402016  
-1.15759149  
-14.13248674  
-22.49594581  
-22.72386713  
-14.73382185  
-1.268311156  
13.87681601  
27.7314292  
39.13074661  
48.37033203  
55.90266188  
61.01178027  
61.43131145  
54.32983042  
38.26158167  
15.01555131  
-9.817194632  
-28.19946408  
-32.60776858  
-19.37933966  
9.133117462  
44.77052791  
76.28425417  
93.53188491  
91.37086602  
71.53389668  
41.64317646  
11.81629106  
-9.587327722  
-19.15544395  
-19.15980839  
-15.63863573  
-14.88478184  
-20.12427958  
-30.00423414  
-39.55550327  
-43.02875984  
-37.07101658  
-22.57322012  
-4.241908158  
11.84302059  
21.3643385  
23.90328495  
22.90989723  
23.49259075  
29.19700745  
39.53735673  
49.7118073  
52.82629946  
43.61152503  
21.74576488  
-7.039775715  
-32.88025063  
-46.03507188  
-41.56342151  
-22.15035159  
2.424739234  
19.15639006  
17.40773665  
-6.254860343  
-46.20600481  
-89.79084407  
-122.397573  
-133.3602618  
-120.120784  
-88.89456357  
-51.67347785  
-21.01872636  
-5.000139557  
-4.4421155  
-13.48155849  
-22.90872585  
-24.57648121  
-14.84701943  
4.32028886  
26.82648567  
45.45362539  
54.88817302  
53.41372885  
42.77298352  
26.65996142  
8.886179607  
-7.780592922  
-21.69238963  
-31.63858805  
-36.18846578  
-33.76051627  
-23.56299039  
-6.865042918  
12.33447174  
27.99949349  
34.18184685  
27.79644535  
10.71728781  
-10.03190775  
-24.44806058  
-23.42721347  
-2.792103321  
34.33165952  
77.9929302  
114.7501314  
132.6010458  
125.4957766  
95.55176735  
52.05289782  
7.688186708  
-26.34969576  
-44.34339786  
-47.50928039  
-42.48055561  
-37.6565558  
-39.1331378  
-48.01350642  
-60.19445028  
-68.57902458  
-66.60726999  
-51.47944283  
-25.66271202  
3.915925061  
28.57176135  
41.26445807  
39.28208626  
25.16685526  
5.614054622  
-11.107996  
-18.14529915  
-12.32302851  
5.060120503  
29.03921273  
52.93476569  
70.64782831  
78.48927536  
76.00670406  
65.68507454  
51.77871428  
38.76286403  
29.92811298  
26.51053401  
27.53420148  
30.31784622  
31.43376293  
27.821164  
17.75812954  
1.456873246  
-18.8545715  
-39.38539595  
-55.6791482  
-63.76340612  
-61.28985918  
-48.37268064  
-27.86541365  
-4.918188052  
14.17172949  
23.59390364  
19.7298639  
2.412669404  
-24.72245186  
-55.03509893  
-80.7013428  
-95.05848437  
-94.71617714  
-80.67359271  
-57.97685625  
-33.95992183  
-15.66176029  
-7.367591597  
-9.221009013  
-17.4573472  
-26.16075379  
-29.81099701  
-25.54052097  
-14.13951641  
0.6073908202  
13.91986105  
22.40963938  
25.7195239  
26.61230532  
29.43454504  
37.6646198  
51.72962502  
68.19958769  
80.85796796  
83.27135423  
71.74577949  
47.31542025  
15.79187006  
-14.24981896  
-34.74253831  
-41.26557287  
-34.69678504  
-20.67124812  
-7.101506139  
-0.8560225798  
-5.030740311  
-17.94283309  
-34.17880497  
-47.11912411  
-51.75489501  
-46.56952782  
-33.76908145  
-17.94012318  
-3.907796654  
5.157813017  
8.581672842  
7.763274985  
4.929077674  
1.846282322  
-0.8006842777  
-3.121925773  
-5.136618527  
-5.961980518  
-3.714558447  
3.652468766  
16.92336297  
34.37100601  
51.48563748  
62.07820481  
60.50280305  
44.14261442  
15.06494323  
-19.99437031  
-51.49772372  
-70.22251652  
-70.4720046  
-52.13748781  
-20.8021535  
14.16087461  
42.76823341  
