40.08089052  
35.18183701  
27.4124047  
21.14568549  
19.17025377  
21.6364082  
26.25224756  
29.53386319  
28.47085903  
21.84589449  
10.67271898  
-2.34395789  
-13.98881752  
-21.7833293  
-24.77216793  
-23.59184646  
-19.90974901  
-15.57574078  
-11.89122539  
-9.274929608  
-7.381033771  
-5.522217208  
-3.154990982  
-0.2172982752  
2.781515552  
4.899629373  
5.044327139  
2.3036992  
-3.73680278  
-12.73847835  
-23.46717461  
-33.83987129  
-41.23172749  
-43.05697159  
-37.52505966  
-24.35433491  
-5.168087864  
16.64769724  
36.6743225  
50.6033035  
55.43423617  
50.31855508  
36.75555513  
18.08339745  
-1.530062064  
-18.22391032  
-29.32570748  
-33.74193543  
-31.84363795  
-25.02432036  
-15.18308161  
-4.326107566  
5.659612494  
13.13867522  
16.88656659  
16.33310348  
11.82027654  
4.704293933  
-2.865550436  
-8.535756409  
-10.5550928  
-8.490626844  
-3.515028323  
1.932681011  
5.050444519  
3.813507307  
-2.117513397  
-11.1261654  
-20.16326995  
-25.88357074  
-25.94759574  
-19.95853683  
-9.65017056  
1.748024683  
10.70618609  
14.66770919  
12.90981077  
6.689347086  
-1.327117104  
-8.075807261  
-11.13984779  
-9.453677748  
-3.476904743  
5.131677825  
14.13872405  
21.40405128  
25.39029137  
25.42629945  
21.74082991  
15.33290215  
7.739960907  
0.7319474452  
-4.055106009  
-5.511471947  
-3.38871925  
1.541963202  
7.61243162  
12.68696888  
14.80353837  
12.82767469  
6.882808541  
-1.618133734  
-10.37448964  
-16.90621302  
-19.32565893  
-16.91107618  
-10.30150035  
-1.276566019  
7.773142511  
14.49522142  
17.15088456  
14.98561782  
8.350029485  
-1.406935868  
-12.22055917  
-21.71722742  
-27.69742512  
-28.63101145  
-24.06724831  
-14.83481862  
-2.922985179  
8.98803519  
18.25393899  
23.0346175  
22.83189673  
18.57893608  
12.22360975  
5.954249281  
1.377728674  
-1.006137927  
-1.810224468  
-2.253905631  
-3.393153346  
-5.468368696  
-7.707171822  
-8.706608565  
-7.231883235  
-3.042085985  
2.695675563  
7.678519671  
9.385378896  
6.275577892  
-1.274646527  
-10.7765026  
-18.35846531  
-20.20230227  
-14.12988943  
-0.6752886388  
16.84731479  
33.37000041  
43.8273696  
44.9636218  
36.47758268  
21.05714534  
3.308073341  
-11.97090688  
-21.46319656  
-24.30518027  
-22.0207668  
-17.53494318  
-13.76005429  
-12.39190256  
-13.41121065  
-15.43381948  
-16.65642186  
-15.88892597  
-13.15856997  
-9.611058547  
-6.79613847  
-5.735047601  
-6.273912311  
-7.080922528  
-6.317320429  
-2.661351942  
3.834204477  
11.5166369  
17.71513364  
19.91195875  
16.97611692  
9.862088833  
1.390399816  
-4.862984788  
-6.118784879  
-1.703100398  
6.501942011  
14.72229584  
18.83496085  
16.1479791  
6.643710491  
-6.876377418  
-19.83868251  
-27.70973577  
-27.8077056  
-20.344914  
-8.268029128  
4.011372316  
12.42448149  
14.8026917  
11.53419981  
5.094741077  
-1.261180808  
-5.000693496  
-5.308338962  
-3.160823167  
-0.5274399164  
0.8342561004  
0.3417398941  
-1.185624226  
-2.133106791  
-1.183332573  
1.717905781  
5.085656325  
6.52563152  
4.011353675  
-2.816256255  
-12.01867782  
-19.81236354  
-22.01425237  
-15.89806837  
-1.637159594  
17.35798483  
35.43970945  
46.71018116  
47.20509058  
36.38450466  
17.33122595  
-4.398341133  
-22.77167748  
-33.30599834  
-34.34633413  
-27.18822519  
-15.1467171  
-2.089703606  
8.902793627  
16.25296497  
19.83518487  
20.39182941  
18.84285852  
15.87064684  
11.92301217  
7.497827081  
3.406928222  
0.7501867781  
0.5331917142  
3.108001019  
7.764304925  
12.75636586  
15.84013544  
15.12439733  
9.858253589  
0.7842422849  
-10.11711354  
-20.37698774  
-27.93832966  
-31.80431129  
-32.17553133  
-30.07912308  
-26.73593406  
-23.01292724  
-19.21887941  
-15.28371646  
-11.13992411  
-7.022866215  
-3.480453964  
-1.08053773  
-0.01020365107  
0.1529930289  
0.306694762  
1.353275492  
3.642101362  
6.662624365  
9.217560645  
10.0441969  
8.577596999  
5.423587597  
2.22018401  
0.876134258  
2.530199449  
6.778264724  
11.63761541  
14.37139153  
12.84210223  
6.738235422  
-1.992218688  
-9.823011887  
-13.22064944  
-10.39615491  
-2.367435161  
7.267746779  
13.84967447  
13.82045532  
6.519165612  
-5.296761574  
-16.54131185  
-22.0733003  
-19.12679838  
-8.74604273  
4.500370423  
14.45713724  
16.11542777  
7.889433285  
-7.622827216  
-24.74953064  
-37.2041612  
-40.74059687  
-34.77513338  
-22.26183962  
-7.960950468  
3.985080713  
11.94218685  
17.2144987  
22.84648046  
31.46759323  
43.34332798  
55.69936656  
63.74036081  
62.91861204  
51.3498643  
31.16054882  
8.040956141  
-10.86415492  
-19.794662  
-16.65775982  
-3.733449185  
13.46847519  
28.61020013  
37.04160953  
37.29873966  
31.00816135  
21.42454141  
11.47452513  
2.352808459  
-6.65060183  
-17.10940201  
-29.88022815  
-43.93120109  
-56.2887548  
-63.19394888  
-61.89401084  
-52.13492898  
-36.5544889  
-19.73025312  
-6.324072514  
0.7773148066  
1.431073809  
-2.112633893  
-6.632415078  
-9.642428907  
-10.48164462  
-10.2441143  
-10.65221342  
-12.55905648  
-14.97782916  
-15.25792404  
-10.40357368  
1.11474585  
18.02618657  
36.189915  
49.96838014  
54.49146648  
47.77745976  
31.69616014  
11.28176977  
-7.323364943  
-19.36612611  
-23.29073363  
-21.06486108  
-16.93841814  
-15.27870804  
-18.52337864  
-26.17998015  
-35.25350457  
-41.7863712  
-42.69827141  
-37.04344755  
-26.16980121  
-12.85115271  
0.0407105033  
10.59980712  
18.19904302  
23.04057243  
25.37052804  
24.94374905  
21.124461  
13.57641637  
3.084808027  
-8.089253587  
-16.70084293  
-19.76252528  
-15.96809965  
-6.537560581  
5.063361977  
14.53611724  
18.70519199  
17.0856935  
12.24570846  
8.686799922  
10.68380227  
20.06853483  
35.02871369  
50.56199918  
60.46388696  
59.99690463  
48.03937039  
27.71983796  
5.219728348  
-12.74271014  
-21.63527593  
-20.8413338  
-13.65404358  
-5.580330409  
-1.750744483  
-4.604214001  
-12.85761835  
-22.16643729  
-27.1268392  
-23.70207222  
-11.01899133  
8.192186713  
28.62667302  
44.39627103  
51.12563533  
47.33328334  
34.64743473  
16.91725154  
-1.30225811  
-16.24590848  
-25.88532869  
-30.10119492  
-30.18932472  
-28.03227677  
-25.31379915  
-23.04279243  
-21.46970151  
-20.31132127  
-19.11068819  
-17.55752556  
-15.65398918  
-13.69122244  
-12.07376177  
-11.07643368  
-10.63952906  
-10.29969877  
-9.31340201  
-6.958373054  
-2.913824443  
2.443352403  
7.99215078  
12.15758003  
13.48047311  
11.2602305  
5.98504434  
-0.6876052416  
-6.460912166  
-9.266030128  
-8.11087195  
-3.524328237  
2.634126027  
7.946740348  
10.45880124  
9.481771493  
5.800099845  
1.185683258  
-2.533218331  
-4.37309978  
-4.598805779  
-4.415966832  
-5.115783939  
-7.142801278  
-9.624808869  
-10.68249596  
-8.424965949  
-2.143876778  
6.943153746  
15.87553692  
21.09041736  
20.0495715  
12.57921042  
1.219281862  
-9.686000129  
-15.82125768  
-14.84257133  
-7.508553153  
2.5811963  
10.58083002  
12.6248846  
7.657672057  
-2.008555914  
-11.70211454  
-16.52858234  
-13.65879691  
-3.706354702  
9.450349965  
20.32753711  
24.21954971  
19.22638162  
7.029592204  
-7.886029181  
-20.15343535  
-25.6839443  
-23.11451116  
-13.98504141  
-1.716035497  
10.00141907  
18.59041049  
23.15200423  
24.1041351  
22.28885722  
18.17994131  
11.69135306  
2.67420392  
-8.265991994  
-19.23630535  
-27.2913498  
-29.49602733  
-24.37493356  
-13.00588647  
0.9070752109  
12.19887351  
16.25930857  
11.04737498  
-1.826702915  
-17.51430781  
-29.74287502  
-33.29699041  
-26.11110006  
-10.07300399  
9.798270687  
27.4237725  
38.07320744  
