-1.11442343  
-8.739381364  
-16.50392671  
-22.69591744  
-25.62410011  
-24.25394865  
-18.6175381  
-9.847219255  
0.1722401835  
9.400558593  
16.27182343  
20.13466051  
21.3512633  
21.02522291  
20.46562393  
20.59562083  
21.54552212  
22.60781832  
22.59263296  
20.45139575  
15.90278169  
9.763439037  
3.786141898  
0.01261318587  
-0.1210548013  
3.461107185  
9.236211884  
14.54239945  
16.616785  
13.80474605  
6.406493349  
-3.265528546  
-11.72361946  
-15.73982238  
-13.78021678  
-6.790607957  
2.068101491  
8.6838536  
9.746440011  
4.22597799  
-6.101792766  
-17.36048984  
-25.23521065  
-26.87251794  
-22.16512507  
-13.82407831  
-6.178699385  
-3.225542339  
-6.801394744  
-15.71423243  
-26.2411543  
-33.78312182  
-34.93699976  
-29.05093974  
-18.55912436  
-7.944062091  
-1.791102873  
-2.803035919  
-10.64600743  
-22.1120217  
-32.48891455  
-37.50409373  
-34.98706171  
-25.56693642  
-12.18573329  
1.259981284  
11.48568875  
16.90749907  
17.85801591  
15.97564663  
13.18534714  
10.81610369  
9.248749001  
8.15751247  
7.086300068  
5.953886275  
5.17441256  
5.342831814  
6.71477816  
8.843299853  
10.64902576  
10.94184075  
9.129355528  
5.701135281  
2.162211154  
0.3685428604  
1.551197994  
5.522704318  
10.51759574  
13.83219816  
13.03129076  
7.17685962  
-2.523979302  
-13.01798154  
-20.58381637  
-22.3978617  
-17.78654568  
-8.580205962  
1.62173941  
8.970441192  
11.00499731  
7.680521044  
1.331404382  
-4.407647652  
-6.234146334  
-2.637680298  
5.44988195  
15.07729444  
22.55680842  
25.02802114  
21.62751418  
13.79191272  
4.616809845  
-2.405513459  
-4.712686695  
-1.531459562  
6.01841655  
15.52321821  
24.2495546  
30.06392639  
31.95993155  
30.07407793  
25.30216775  
18.76856822  
11.4057647  
3.794300943  
-3.737093819  
-10.87063871  
-17.0786293  
-21.54909823  
-23.30411596  
-21.47664005  
-15.65617066  
-6.194086962  
5.635840603  
17.70289422  
27.35094389  
31.97261868  
29.71834352  
20.14990743  
4.60608738  
-13.91456722  
-31.41390514  
-43.96244055  
-48.8548576  
-45.44787316  
-35.34927542  
-21.8530173  
-8.808720565  
0.6487676712  
5.019841596  
4.66727141  
1.310641653  
-2.929805788  
-6.468111094  
-8.734450671  
-10.02138877  
-10.85292325  
-11.28965411  
-10.6192901  
-7.669450638  
-1.621649959  
7.112148011  
16.49047128  
23.27261643  
24.22463237  
17.62098844  
4.333474593  
-12.08994622  
-26.53291173  
-34.22815666  
-32.69120567  
-22.80503865  
-8.524739879  
4.72729349  
12.30868793  
12.26993882  
6.087488082  
-2.104381987  
-7.429115804  
-6.45921977  
1.300700597  
13.28401643  
25.09617846  
32.49860254  
33.20580937  
27.68360891  
18.64077035  
9.538745183  
2.896469796  
-0.7713971063  
-2.89700846  
-5.773186036  
-11.04578569  
-18.58718761  
-26.34346467  
-31.24028291  
-30.69009401  
-23.93620216  
-12.550172  
0.1770529497  
10.65886214  
16.55642792  
17.69242755  
15.90149011  
13.91042495  
13.81754022  
15.92918534  
18.52912517  
18.69351138  
13.75697726  
2.725824778  
-13.0294588  
-30.11978548  
-44.349298  
-52.23603119  
-52.17498535  
-44.78486392  
-32.38043558  
-17.90638032  
-3.865724796  
8.298297738  
18.19062861  
25.97981199  
31.80740239  
35.45317639  
36.42321407  
34.36241788  
29.5083313  
22.88800587  
16.11489397  
10.86681945  
8.298339138  
8.666823889  
11.32972909  
15.07740928  
18.6091791  
20.92431241  
21.48872036  
20.18721229  
17.1877519  
12.85584252  
7.770089093  
2.766130398  
-1.129292333  
-2.9657794  
-2.289397835  
0.4845783841  
4.001616915  
6.354097185  
5.852339709  
1.868098336  
-4.672664534  
-11.4696506  
-15.72451567  
-15.3820012  
-10.17100954  
-1.911166723  
6.139907616  
10.6681102  
9.800015529  
3.995003819  
-4.140992807  
-11.09321702  
-14.17777048  
-12.9522577  
-9.579366661  
-7.900387393  
-11.59435861  
-22.26497277  
-38.37226853  
-55.56263067  
-68.30587962  
-72.13214638  
-65.46721432  
-50.24271159  
-31.02348556  
-13.07933281  
-0.302600392  
6.088827898  
7.533393464  
6.912878698  
6.832744487  
8.291048564  
10.38610667  
11.14695085  
8.980053809  
3.909189191  
-2.095402336  
-5.916324896  
-4.830113906  
2.002274201  
12.88742523  
24.17391708  
31.81544962  
33.18423432  
28.25767807  
19.6015301  
11.16239838  
6.462790108  
7.076981399  
12.10907797  
18.8833644  
24.44774271  
27.09429811  
27.11294955  
26.40612072  
27.18978488  
30.48679319  
35.23368318  
38.51676607  
36.87776014  
28.07520361  
12.433244  
-6.917132974  
-25.08107978  
-37.29224627  
-40.81439945  
-36.00209775  
-26.05960002  
-15.62955832  
-8.859987576  
-7.799990184  
-11.78348934  
-17.98546942  
-22.81207979  
-23.45522178  
-18.94151783  
-10.30078271  
0.09132361803  
9.593393467  
16.27818864  
19.42498068  
19.4254247  
17.2861064  
14.0513071  
10.42468054  
6.697037975  
2.902095838  
-0.9744994767  
-4.87797865  
-8.69458494  
-12.31561345  
-15.65099694  
-18.54658232  
-20.66103405  
-21.42349105  
-20.16920583  
-16.43918434  
-10.30239394  
-2.498893188  
5.73403766  
13.12438488  
18.90513486  
23.13436352  
26.57549431  
30.13826596  
34.13619354  
37.76567547  
39.15328591  
36.05908853  
26.97815029  
12.13042256  
-6.187442771  
-24.15902022  
-37.76472787  
-44.32273329  
-43.56640562  
-37.74113133  
-30.63545724  
-25.95235383  
-25.74223721  
-29.59939641  
-34.97137489  
-38.41274721  
-37.1802649  
-30.42402392  
-19.44834332  
-6.979796158  
4.140355826  
12.16757197  
16.98596021  
19.757118  
21.94929413  
24.32336708  
26.45003411  
27.02329953  
24.78488921  
19.52529546  
12.56683736  
6.39954785  
3.594157286  
5.520876797  
11.53972198  
19.11935699  
24.88272385  
26.10566124  
21.94771809  
13.80950029  
4.632674132  
-2.519003639  
-5.901623723  
-5.848562065  
-4.478047917  
-4.511066332  
-7.804216436  
-14.34026814  
-22.18497809  
-28.42748494  
-30.62661711  
-28.03020406  
-21.95313874  
-15.12366959  
-10.32819979  
-9.034964477  
-10.68563923  
-13.00904136  
-13.20189004  
-9.39330475  
-1.67316663  
7.818886868  
15.78885621  
19.24353266  
16.82601981  
9.428149329  
-0.1693768457  
-8.424958855  
-12.40088562  
-10.7737908  
-4.116372979  
5.560844054  
15.69768785  
24.06221189  
29.27653468  
30.89340219  
29.16601687  
24.76265453  
18.61117601  
11.88643916  
5.995625005  
2.385618963  
2.114409641  
5.326660493  
10.91968993  
16.67509382  
19.93863008  
18.64754079  
12.27864042  
2.259954394  
-8.407160928  
-16.21355294  
-18.46027299  
-14.254127  
-4.743096911  
7.49166484  
19.56897292  
29.40420444  
36.24646433  
40.44027562  
42.61202539  
42.79257462  
40.0235369  
32.73222045  
19.72675663  
1.288810267  
-20.2725529  
-41.01660765  
-56.66293407  
-64.24948165  
-63.38617893  
-56.46547104  
-47.65294166  
-41.05820586  
-38.90098487  
-40.527327  
-42.76388603  
-41.48566222  
-33.70095859  
-19.19761434  
-0.9756569879  
15.76804058  
25.68329887  
25.45672729  
15.20172973  
-1.537289223  
-19.14245698  
-32.03684149  
-36.66063632  
-32.52624557  
-22.01321339  
-9.118386168  
2.213214445  
9.454123437  
12.06235695  
11.17362264  
8.728629185  
6.534709932  
5.682855123  
6.475799823  
8.726810589  
12.12176071  
16.370639  
21.07049457  
25.43026724  
28.13342162  
27.55891611  
22.37624267  
12.28641255  
-1.461119861  
-16.09991717  
-28.0263567  
-33.92948741  
-31.94291364  
-22.34843515  
-7.529233449  
8.822220178  
22.92980199  
32.11113705  
35.4641842  
33.84245628  
29.20057021  
23.63764378  
18.55779888  
14.27422619  
10.16566723  
