-15.23667909  
-25.62656046  
-34.54138287  
-39.7023817  
-39.2251673  
-32.42587206  
-20.26741676  
-5.237624397  
9.334107064  
20.29503386  
25.66090793  
25.21983145  
20.52650656  
14.28678301  
9.358206628  
7.732519415  
9.872596549  
14.64314011  
19.85189899  
23.18750656  
23.18685362  
19.84957707  
14.65000947  
9.929363937  
7.901239809  
9.66672977  
14.64980741  
20.70722705  
24.90078817  
24.64363073  
18.76232015  
8.031885379  
-5.055341758  
-17.2114266  
-25.5931836  
-28.84530401  
-27.50434748  
-23.59650475  
-19.61539649  
-17.34771477  
-17.08701639  
-17.60341841  
-16.88776632  
-13.32139999  
-6.709438336  
1.338289384  
7.90251823  
9.939830199  
5.638098922  
-4.6783697  
-18.52380452  
-32.14078958  
-41.91971949  
-45.71979381  
-43.51168024  
-37.08439219  
-28.99934892  
-21.3254323  
-14.77630089  
-8.657080348  
-1.612309381  
7.241943983  
17.42059958  
26.91535423  
32.92266823  
33.14135615  
27.01867941  
16.31295422  
4.642298327  
-3.84154909  
-6.095254996  
-1.421922732  
8.245038455  
19.13623124  
27.16429084  
29.50141473  
25.55301053  
16.96238927  
6.729218053  
-2.095580426  
-7.533993521  
-9.168661162  
-7.884587633  
-5.117397793  
-2.059876904  
0.7674509348  
3.427428292  
6.109676599  
8.654866305  
10.3936487  
10.42862932  
8.207655865  
4.043554532  
-0.7629398381  
-4.339441131  
-5.046081429  
-2.285998369  
3.097740887  
9.077917264  
13.27517541  
14.00058697  
11.02317819  
5.695688973  
0.3680784037  
-2.64654873  
-2.08322066  
1.740176643  
7.087314739  
11.56485566  
13.11472689  
10.79307817  
5.024491946  
-2.71446104  
-10.56781476  
-16.98389759  
-21.11927001  
-22.85938641  
-22.56685549  
-20.78725982  
-18.11293354  
-15.25193496  
-13.17523533  
-13.12474034  
-16.3243728  
-23.41585118  
-33.847035  
-45.55032181  
-55.18713923  
-59.00981294  
-54.10359552  
-39.55463325  
-17.05973147  
9.323813341  
34.26238987  
52.70668023  
61.37771357  
59.65572865  
49.58270664  
35.02858301  
20.37015114  
9.177535854  
3.346444038  
2.902622915  
6.43297955  
11.88261089  
17.37032384  
21.73180467  
24.65210554  
26.4260955  
27.51523431  
28.11720744  
27.92917749  
26.1954465  
22.01968548  
14.82904074  
4.817903505  
-6.807542715  
-17.91760075  
-25.91651926  
-28.4800304  
-24.36231779  
-13.99413239  
0.3821810123  
15.16562059  
26.36023777  
30.76601429  
26.99216331  
15.91324242  
0.3724187225  
-15.78653378  
-29.00923977  
-37.15750508  
-40.0437055  
-39.18136159  
-36.88332892  
-35.10872932  
-34.55995062  
-34.41524831  
-32.79873597  
-27.76706337  
-18.36567953  
-5.283311467  
9.187636355  
21.87357303  
29.82361184  
31.34165887  
26.54003139  
17.22296374  
6.189970028  
-3.728124877  
-10.51261187  
-13.38573483  
-12.73359954  
-9.649307688  
-5.353817541  
-0.7573759031  
3.688728933  
7.859512919  
11.68424029  
14.92165901  
17.11904362  
17.77951954  
16.64829843  
13.96314477  
10.52659154  
7.53198003  
6.182150146  
7.228436967  
10.59946282  
15.26811143  
19.43165181  
20.979428  
18.12521757  
10.01762021  
-2.866903933  
-18.69337205  
-34.64030089  
-47.59071076  
-54.94635905  
-55.31903545  
-48.8802476  
-37.25948541  
-23.03374189  
-8.990052565  
2.585883232  
10.36941746  
14.09421665  
14.32534429  
12.0667944  
8.395961208  
4.259452259  
0.4467895189  
-2.350041637  
-3.523498494  
-2.665164118  
0.2222076388  
4.550221511  
9.170293912  
12.68410185  
13.9699701  
12.70899775  
9.639472976  
6.357918838  
4.687541457  
5.863349284  
9.911626867  
15.55209907  
20.72483752  
23.5394847  
23.20847699  
20.49197468  
17.38274016  
16.12103032  
17.97787852  
22.40696096  
27.03753578  
28.60641415  
24.46849263  
14.00573255  
-0.7597001489  
-15.71897942  
-26.2442616  
-29.12780828  
-24.03537133  
-13.78929766  
-3.296337909  
2.460354551  
0.5127405845  
-8.824539795  
-22.06681118  
-34.00114508  
-39.82729641  
-37.07231592  
-26.47871506  
-11.54230409  
3.022329218  
13.16210238  
16.88881612  
14.66521605  
8.740222092  
1.880145901  
-3.83266929  
-7.581066213  
-9.604298396  
-10.46270132  
-10.30036878  
-8.587581162  
-4.515669178  
2.189360037  
10.54393524  
18.18139777  
22.03735144  
19.62543444  
10.33157853  
-3.925021369  
-19.06968474  
-30.22762146  
-33.53369076  
-27.63488125  
-14.23465706  
2.563463409  
17.83342943  
27.65384866  
30.42501668  
27.16772074  
20.75723139  
14.50353699  
10.73368737  
9.971507408  
10.99016222  
11.60485465  
9.766592814  
4.445570094  
-4.03955339  
-14.28930103  
-24.45712857  
-32.89865912  
-38.55860812  
-41.01379794  
-40.29133947  
-36.67070109  
-30.62457754  
-22.90085194  
-14.60557636  
-7.107784163  
-1.685170703  
0.9914080329  
1.282635137  
0.6381299928  
1.15002078  
4.712659028  
12.127316  
22.57505178  
33.75331713  
42.68362316  
46.87303365  
45.3195895  
38.89272641  
29.89349349  
20.98151744  
13.96752171  
9.052244433  
4.896079653  
-0.4893665721  
-8.443484537  
-18.59148732  
-28.57370021  
-34.78094893  
-33.83406661  
-24.17640153  
-7.053586018  
13.60603444  
32.4267837  
44.4613278  
46.94063705  
40.17629738  
27.25627806  
12.69144631  
0.6133841698  
-6.707535193  
-9.425354193  
-9.594505893  
-9.875440128  
-12.11130069  
-16.43641555  
-21.29733601  
-24.32434417  
-23.59765208  
-18.68583787  
-10.96510916  
-3.082349097  
2.168437152  
3.023254903  
-0.559011927  
-6.978097284  
-13.76555153  
-18.65153317  
-20.41770098  
-19.16633856  
-15.94702652  
-12.0019337  
-8.064629973  
-4.088351018  
0.4709371394  
6.005430495  
12.13687182  
17.52200149  
20.25605696  
18.72586479  
12.50281008  
2.806592575  
-7.748681858  
-16.07304909  
-19.79901644  
-18.21419038  
-12.48846018  
-5.076995682  
1.427372263  
5.451981973  
7.062203546  
7.748081468  
9.494982755  
13.6077266  
19.88453648  
26.56975826  
31.12751499  
31.46495913  
26.99533986  
18.99614834  
10.05643104  
2.862573469  
-1.087775522  
-2.197499384  
-2.530083772  
-4.707684491  
-10.47578427  
-19.65191804  
-30.01306757  
-38.22743146  
-41.41741643  
-38.60500879  
-31.31304537  
-22.97697117  
-17.390049  
-16.88641685  
-21.12691765  
-27.09895193  
-30.38897837  
-27.18439625  
-16.10265845  
1.000485141  
19.63855915  
34.47108314  
41.46919167  
39.51488957  
30.74185395  
19.50320737  
10.46984256  
6.736631475  
8.771297549  
14.61630902  
21.15275871  
25.75148316  
27.48993814  
27.36881712  
27.48000189  
29.60302119  
33.98180327  
38.93206054  
41.5052251  
38.90165131  
29.94470218  
15.88245737  
0.095002213  
-13.19863327  
-20.6672945  
-21.2533265  
-16.59585532  
-10.30458235  
-6.412124735  
-7.686099807  
-14.52422835  
-24.87674431  
-35.18114863  
-41.86595475  
-42.77031436  
-37.908235  
-29.32456724  
-20.18220494  
-13.51470161  
-11.15806547  
-13.23590376  
-18.30132422  
-23.97506882  
-27.76891836  
-27.79127463  
-23.155909  
-14.07281959  
-1.708305177  
12.07553659  
25.03678258  
34.91562908  
39.85129843  
38.82093659  
31.99883944  
20.88663348  
8.091164479  
-3.269490043  
-10.40129175  
-11.65798823  
-7.065294188  
1.660194099  
11.63035459  
19.68100551  
23.3429429  
21.56237348  
14.94049285  
5.435747567  
-4.342088499  
-11.99221208  
-16.0524103  
-16.38043328  
-14.09572272  
-11.13032391  
-9.546609463  
-10.83394262  
-15.38866365  
-22.32596807  
-29.68020705  
-34.94581171  
-35.81349769  
-30.89169438  
-20.19165986  
-5.212338123  
11.42340413  
26.68279259  
37.96351145  
43.78062867  
44.06555683  
39.97957473  
33.32674225  
25.80631321  
18.40860705  
11.19682448  
3.555575247  
