-44.80331179  
-62.43949213  
-71.35771282  
-69.35958203  
-56.27689071  
-33.49612774  
-3.374548037  
31.07948218  
66.20663126  
97.64616878  
120.6408033  
130.9359576  
126.1285004  
106.9289869  
77.64528507  
45.40929263  
18.18589792  
2.198499649  
-0.2257923045  
8.542358098  
22.40960184  
33.98218008  
37.46516519  
30.83102801  
16.35487103  
-0.6751703968  
-14.45974685  
-21.26357071  
-20.91846577  
-16.62041659  
-13.17742896  
-14.56749215  
-21.9558012  
-33.08006921  
-43.25729894  
-47.52220063  
-42.90531341  
-29.83310437  
-12.06275084  
4.761905388  
15.25178109  
16.18016662  
7.406562917  
-8.436134182  
-27.1885427  
-44.69393135  
-57.94717529  
-65.50469476  
-67.21511899  
-63.64939202  
-55.66624559  
-44.35075847  
-31.24036231  
-18.50960074  
-8.765569864  
-4.331079787  
-6.237359297  
-13.41673649  
-22.60842099  
-29.22661019  
-28.993935  
-19.73134067  
-2.525806986  
18.31698476  
36.65109328  
46.74181536  
45.52362512  
33.93787525  
16.76382219  
0.9496131807  
-6.939463305  
-3.176032517  
11.71921888  
33.14998218  
54.11826997  
67.74564275  
69.68586981  
59.54792506  
40.85568546  
19.63228714  
2.194610804  
-7.01089651  
-6.771667746  
0.7432857281  
11.00849885  
18.89008117  
20.46258331  
14.27847506  
1.721366251  
-13.58478855  
-27.02792211  
-34.4617429  
-33.3968261  
-23.60756744  
-7.054590402  
12.76286109  
31.7716878  
46.31243733  
53.91013795  
53.68800225  
46.39307301  
34.0818962  
19.56149165  
5.702546137  
-5.24342227  
-12.18028142  
-15.41353287  
-16.5016036  
-17.69492299  
-21.07903553  
-27.6752314  
-36.83139925  
-46.19610245  
-52.39730594  
-52.27766894  
-44.2784753  
-29.42459822  
-11.43711706  
4.210442092  
12.06158436  
8.670052153  
-5.950680313  
-28.04281443  
-51.18681138  
-68.41141285  
-74.55788425  
-67.98860572  
-50.97377914  
-28.61955224  
-6.801014362  
10.0309262  
20.26604786  
25.23347067  
28.03358902  
31.71318858  
37.66308224  
44.97697363  
51.02884643  
52.93573366  
49.1492736  
40.37342767  
29.34545475  
19.5853613  
13.73126744  
12.28620063  
13.40131149  
13.81207809  
10.4728728  
2.08906175  
-10.20815175  
-23.37558155  
-33.90618942  
-39.48857299  
-40.05020903  
-37.65789808  
-35.32000485  
-35.28985313  
-37.73277991  
-40.45642291  
-39.89040498  
-32.88229786  
-18.45946021  
1.309725063  
21.81546213  
37.59961459  
44.51478721  
41.40223182  
30.5557651  
16.78730915  
5.525601116  
0.7818719879  
3.826718291  
13.05725655  
24.98096759  
35.77305686  
42.68075029  
44.719381  
42.50355586  
37.48204026  
31.07388951  
24.15489036  
17.07021538  
10.01984705  
3.464868118  
-1.767763314  
-4.779726219  
-5.114606837  
-3.147862675  
-0.05953782358  
2.663185847  
3.959647249  
3.756988768  
3.010049857  
3.137428119  
5.115128512  
8.716141146  
12.35997036  
13.7491707  
11.05610808  
4.090776248  
-5.181558348  
-13.14573145  
-15.95863713  
-11.31299772  
0.2600396576  
15.20584692  
28.06771576  
33.51551549  
28.45082707  
13.28695711  
-8.160508559  
-30.14044929  
-47.16621598  
-56.01029538  
-56.65590985  
-51.84306203  
-45.4733453  
-40.64049163  
-38.20109254  
-36.53570781  
-32.59490559  
-23.73201608  
-9.454279028  
7.753662928  
22.98599317  
30.69933081  
27.02555359  
11.65257056  
-11.55157834  
-35.51885949  
-52.28055854  
-55.7700735  
-44.0863194  
-20.3475737  
8.230054323  
32.74272331  
45.65428965  
43.3998894  
27.58909626  
4.360800475  
-17.88053237  
-31.51583787  
-32.41631048  
-21.29315231  
-3.194870125  
14.62862331  
25.63655304  
26.51230572  
18.27545609  
5.559322875  
-5.606023909  
-10.52791066  
-7.894275306  
-0.2147451954  
7.541708054  
10.49157947  
6.376632481  
-3.128305975  
-13.03343428  
-17.38974001  
-12.34638836  
1.530748738  
18.87417276  
31.43217106  
31.60386386  
16.10099719  
-11.92733761  
-43.39671002  
-66.40370924  
-70.79814047  
-52.3577762  
-14.81405188  
31.16939098  
71.70560078  
94.61096618  
93.60090623  
70.15288977  
32.44661978  
-7.996499938  
-40.47072002  
-58.35218616  
-60.34018599  
-49.52595054  
-31.09278749  
-9.922018635  
10.79482412  
29.52736492  
45.36289405  
56.86774017  
61.74438866  
57.63899868  
43.71379846  
22.06249007  
-1.992950111  
-21.18434546  
-28.82436047  
-21.55327767  
-1.05627029  
26.12805415  
50.77096873  
64.27661747  
61.81971449  
44.02048969  
16.50645925  
-12.38510294  
-34.7503857  
-45.80470332  
-45.09536325  
-35.92616472  
-23.4501452  
-12.38370609  
-5.324871371  
-2.258689161  
-1.239144666  
0.2638249329  
4.048657556  
10.44082496  
18.30130511  
25.59925632  
30.18170937  
30.41738538  
25.57856757  
16.00334701  
3.133947183  
-10.55181292  
-21.8245815  
-27.34083272  
-24.64142361  
-13.26374783  
4.505670413  
23.73791708  
38.06406355  
41.73145579  
31.79233263  
9.488615367  
-19.89276579  
-48.81191601  
-70.28710232  
-80.55736242  
-80.39762701  
-74.42362733  
-68.62495524  
-67.2189174  
-70.30720569  
-73.52188342  
-69.96346413  
-53.64913291  
-22.91869887  
17.83666709  
59.06703931  
89.36150634  
99.82331361  
87.65496066  
57.38207944  
19.15801134  
-15.13740523  
-36.33708362  
-41.09786178  
-32.44942596  
-17.71562524  
-4.892107041  
0.8211144297  
-1.176700229  
-7.39015414  
-12.56931455  
-12.60216009  
-6.512841236  
3.331318155  
12.75368656  
18.12432817  
18.26074518  
14.89752117  
11.53674052  
11.345787  
15.25661773  
21.2969161  
25.52781575  
24.11376084  
15.45279624  
1.247235568  
-14.07299757  
-25.32748712  
-28.99631671  
-24.86550934  
-16.07362043  
-7.515884234  
-3.380393019  
-5.029197744  
-10.27932897  
-14.46093017  
-12.75957322  
-2.71984479  
14.30665396  
33.48958717  
48.50915961  
54.30772138  
49.34991462  
36.36497974  
21.24161398  
10.57573238  
8.952827328  
17.12430123  
31.80480461  
47.08935533  
56.81537243  
56.85985105  
46.48411698  
28.317142  
7.157787977  
-11.79678877  
-24.57443226  
-29.38311895  
-26.73982893  
-18.94882518  
-9.267068754  
-1.06312361  
2.872060523  
0.8384720152  
-7.417599197  
-20.54385132  
-35.72801675  
-49.25872101  
-57.48369227  
-57.94645331  
-50.31034212  
-36.66358274  
-20.98241265  
-7.862921456  
-0.9613708339  
-1.745686274  
-9.059389668  
-19.66621227  
-29.52397587  
-35.23205156  
-35.05107012  
-29.12831934  
-18.95598664  
-6.447289582  
6.84744138  
19.99951623  
32.39100272  
43.13439287  
50.69313186  
53.06476165  
48.55822537  
36.82184096  
19.56659135  
0.5061283293  
-15.61519211  
-24.58690609  
-24.24342958  
-15.25137938  
-0.8022914743  
14.66832048  
27.17279584  
34.53042332  
36.82437111  
35.82605844  
33.74776704  
31.98118521  
30.44733403  
27.83963373  
22.57365361  
13.89829961  
2.558760193  
-9.347627196  
-19.24757482  
-25.24181678  
-26.92859341  
-25.48045988  
-22.94830773  
-21.17269756  
-20.88363473  
-21.46212638  
-21.47705373  
-19.69079456  
-15.96870591  
-11.56994205  
-8.619810641  
-9.004001902  
-13.2458779  
-19.96745979  
-26.25793965  
-28.82664488  
-25.41812442  
-15.82855139  
-2.044957278  
12.54956921  
24.52133997  
31.6550444  
33.58828395  
31.59215663  
27.70294156  
23.70137382  
20.45517566  
17.88576354  
15.45165244  
12.75596113  
9.850728093  
7.032321039  
4.275650272  
0.7277399675  
-5.294602106  
-15.61551716  
-31.04576277  
-50.3334126  
-69.85595148  
-84.41344404  
-88.96422742  
-80.64567448  
-60.18839339  
-32.02028579  
-2.895783687  
20.45585856  
33.70536889  
36.32070575  
31.39968529  
24.03539748  
18.95515951  
18.47615768  
21.65065211  
24.91326347  
23.86950793  
15.3809392  
-0.9670270534  
