-50.7676389  
-58.52947392  
-64.27478965  
-64.22455348  
-54.66879788  
-34.19891673  
-5.062430108  
27.14617906  
55.40437067  
73.91195326  
80.22408105  
75.88355432  
65.32799805  
53.69805606  
44.67258009  
39.36062895  
36.65476964  
34.64905834  
32.18234691  
29.56830198  
28.11065321  
28.75881491  
30.81151545  
31.59805132  
27.53092514  
16.11440472  
-2.145312328  
-23.07117412  
-39.98550721  
-46.38712918  
-38.96254748  
-19.4661922  
5.55960447  
27.26026034  
38.11154771  
35.08866491  
20.88855429  
2.614557333  
-11.48522098  
-15.72283621  
-9.420339551  
2.985157032  
14.15529343  
17.27989466  
9.09765401  
-8.849950278  
-31.18840006  
-51.29025803  
-64.13394306  
-68.08424415  
-64.87104737  
-57.99253623  
-50.53528211  
-43.6126985  
-36.19824323  
-26.32203886  
-12.85274799  
3.212172713  
18.72918315  
29.72840743  
33.39094109  
29.62325975  
21.35739738  
13.35305163  
10.0502538  
13.51167698  
22.45630632  
32.8469991  
39.73343494  
39.45865717  
31.1996807  
17.1804458  
1.561799823  
-11.37004011  
-18.82966535  
-20.27847547  
-17.10720626  
-11.61367565  
-5.921128473  
-1.388622959  
1.321536123  
1.784274658  
-0.5525094642  
-6.264095039  
-15.36750757  
-26.64287456  
-37.40196613  
-44.06509259  
-43.46419438  
-34.32566102  
-18.17531757  
0.899711805  
17.67343695  
27.82613789  
29.69068412  
24.86316779  
17.35565658  
11.66650825  
10.67881736  
14.39049232  
20.07861587  
23.79405782  
22.42914708  
15.32413767  
4.61979889  
-5.799281182  
-12.22000847  
-12.90214703  
-8.868032539  
-3.30918161  
0.05927958869  
-1.155167004  
-6.901932303  
-14.82455256  
-21.52952584  
-24.29201561  
-22.30896118  
-16.88394142  
-10.51446344  
-5.433841031  
-2.43022791  
-0.5853861985  
1.950997042  
6.618885154  
13.32913838  
20.24285555  
24.62824192  
24.36221848  
19.25348053  
11.41255036  
4.375154518  
1.35424437  
3.499622927  
9.105735235  
14.27142215  
14.78592462  
8.361532715  
-3.907098105  
-17.6541258  
-26.98430763  
-27.09915354  
-16.59358828  
1.680317416  
21.63565912  
36.42723194  
41.25857493  
35.23550913  
21.43529693  
5.211550758  
-8.407713164  
-16.9509928  
-21.28938474  
-24.62729209  
-30.24213884  
-39.14725194  
-48.90797161  
-54.29548466  
-49.57306407  
-31.39812717  
-0.9825518494  
35.55926052  
68.95242393  
89.94376883  
92.63134193  
76.57647469  
46.85711822  
12.09335177  
-18.6949558  
-39.10987341  
-47.12293765  
-45.00103018  
-37.64898716  
-30.22078091  
-26.05036412  
-25.68716309  
-27.26166055  
-27.81678479  
-24.88830017  
-17.62034432  
-7.012209343  
4.667289481  
14.90852568  
21.91884006  
25.1206622  
25.07801061  
23.01188595  
20.21073202  
17.61381994  
15.6911038  
14.56610022  
14.22265629  
14.64180739  
15.80690535  
17.62078799  
19.83439193  
22.06210406  
23.88555465  
24.97632762  
25.15308198  
24.33676964  
22.448568  
19.34816346  
14.89457894  
9.12520909  
2.446505133  
-4.324393906  
-10.18148603  
-14.38834463  
-16.98254336  
-19.04025977  
-22.46507177  
-29.26311335  
-40.53114382  
-55.58991273  
-71.71409309  
-84.71131101  
-90.24399199  
-85.42984627  
-70.07216327  
-46.96482673  
-21.07474707  
2.121528923  
18.49329659  
26.54609424  
27.62379623  
24.9718453  
22.11242612  
21.27834824  
22.60548999  
24.41006628  
24.35590734  
20.89342594  
14.23457155  
6.36946518  
0.1178315373  
-2.301910922  
-0.4510363254  
4.0231998  
8.141705392  
9.063962664  
5.557469955  
-1.272344078  
-8.380876447  
-12.15337387  
-10.10225291  
-2.080770558  
9.575732082  
21.05167962  
28.71459392  
30.64227018  
27.29444988  
21.04298776  
14.84344493  
10.74879761  
9.022633869  
8.275861948  
6.505001615  
2.430539117  
-3.621453521  
-9.801640563  
-13.76148725  
-14.0650268  
-11.18684991  
-7.476442202  
-6.002036542  
-8.803828106  
-15.46239574  
-22.80981995  
-26.08565789  
-21.11948479  
-6.551443716  
15.00565394  
37.53388481  
53.79633695  
58.25716137  
49.4644474  
30.81810733  
9.345091173  
-7.014623824  
-12.45350811  
-5.391690417  
11.20210454  
31.28016109  
48.21504234  
57.18667652  
56.48337283  
47.34540663  
32.69724447  
15.5868901  
-1.837358235  
-18.40324732  
-33.23414697  
-44.94624896  
-51.4086817  
-50.38488948  
-40.80629498  
-23.97324167  
-3.908145374  
13.54616584  
22.65823285  
19.97731398  
5.752978549  
-16.08819207  
-39.44485244  
-58.36261837  
-69.1335277  
-71.25265106  
-66.88708266  
-59.24631736  
-50.76710702  
-42.07440601  
-32.22785712  
-20.04760582  
-5.70714169  
8.39606552  
18.12318105  
19.34515497  
10.16373406  
-7.532037463  
-28.07722767  
-43.80628561  
-47.93963769  
-37.35202029  
-13.97986291  
15.80241419  
43.60967914  
62.24380529  
68.29114296  
63.03498107  
51.3661623  
39.26913752  
31.06544838  
27.65115972  
26.46031122  
23.07833135  
13.69325916  
-2.764221176  
-23.75095838  
-43.86773426  
-56.87819225  
-58.10650555  
-46.22388611  
-23.74601174  
3.873131549  
30.11285499  
49.46293603  
58.95756459  
58.70456271  
51.36375996  
40.89451275  
31.08582709  
24.3752843  
21.29703099  
20.6568965  
20.30175851  
18.1772942  
13.2939836  
6.249511148  
-0.9072144006  
-5.464311888  
-5.231716299  
0.3287541884  
9.525767108  
18.75428021  
23.71156528  
21.12122445  
10.28537585  
-6.240793021  
-23.26406919  
-34.74830927  
-36.14397882  
-26.30498969  
-8.144944542  
12.32323556  
28.23109463  
34.46845526  
29.5600306  
15.99860978  
-1.090444234  
-16.32648976  
-26.38960819  
-31.20865053  
-33.49291808  
-36.87707852  
-43.62363874  
-53.05528851  
-61.54689455  
-64.15207723  
-57.12555216  
-40.12605031  
-16.98069895  
5.468012545  
20.02230184  
22.16058661  
12.08803665  
-5.146124679  
-21.57718967  
-29.5134918  
-24.64527551  
-7.772401151  
15.54915007  
37.25148887  
49.91811624  
49.5541231  
36.8788475  
16.72219191  
-4.097947693  
-19.46049909  
-26.08885803  
-24.38263968  
-17.7561227  
-10.91250073  
-7.84760743  
-10.37805788  
-17.67680901  
-26.84420918  
-34.1468341  
-36.36948905  
-31.78505098  
-20.48479873  
-4.099076092  
14.84487682  
33.61327932  
49.75906466  
61.33309266  
66.88750371  
65.43870264  
56.54886672  
40.58291981  
19.05308422  
-5.158613941  
-27.94257631  
-44.62202597  
-51.08695223  
-45.11465788  
-27.41063615  
-1.884102642  
25.13009394  
46.6221416  
57.12865297  
54.63914003  
41.40524786  
23.21412912  
7.271184647  
-0.5646543874  
1.892859946  
12.26020141  
24.56526673  
31.77383423  
28.83644605  
14.95162943  
-5.967153696  
-26.87211037  
-40.55333186  
-42.70228059  
-33.69841283  
-18.30847683  
-3.433599413  
5.060044136  
4.958973931  
-1.449074356  
-8.689048477  
-10.94757945  
-5.099306113  
7.541233355  
21.59888817  
30.00238874  
27.25036988  
12.06954328  
-11.76129518  
-36.79594804  
-54.87756519  
-60.33693948  
-52.04330121  
-33.49654006  
-11.06832953  
8.690986778  
21.43448384  
26.12001854  
24.55878388  
19.88898655  
14.88238193  
10.92097846  
7.996619331  
5.486316432  
3.066472019  
1.149892442  
0.6078766191  
2.032609878  
5.100773075  
8.535995297  
10.7759978  
10.96746861  
9.640049134  
8.533704901  
9.529192087  
13.2031606  
17.85794391  
19.74110333  
14.59118115  
-0.09327904556  
-23.17014908  
-49.43008661  
-71.09443911  
-80.77016881  
-74.61629781  
-54.24952648  
-26.40443054  
-0.3634893065  
15.78031251  
18.38342421  
9.571094097  
-3.968932684  
-14.14281233  
-15.09130386  
-5.659056237  
10.3710084  
26.26305792  
35.48438646  
34.49337085  
23.89620454  
7.581994653  
-9.536261873  
-23.90479495  
-34.6021051  
