-35.22152122  
-55.86699044  
-75.11829494  
-88.31465576  
-90.81648438  
-79.6982103  
-55.08189657  
-20.56025728  
17.51006839  
51.64188907  
75.24773586  
84.41186215  
78.86353422  
61.89502897  
39.30919669  
17.75806262  
2.971416227  
-1.644640691  
4.298411025  
18.3108996  
35.90684416  
51.95390488  
62.11105359  
63.9564597  
57.49874536  
44.94271461  
29.80909884  
15.71550629  
5.240984695  
-0.7374757748  
-3.025590744  
-3.465725441  
-3.964164617  
-5.617337925  
-8.302665177  
-10.88703831  
-11.92319373  
-10.48920311  
-6.768768241  
-2.101782388  
1.512559054  
2.222874398  
-0.9285350967  
-7.64830424  
-16.55266267  
-25.7317386  
-33.42847641  
-38.52717743  
-40.6772806  
-40.08745047  
-37.18576055  
-32.38078057  
-26.05285602  
-18.73040717  
-11.26454453  
-4.798421446  
-0.4491059744  
1.185818715  
0.4338204362  
-1.410193064  
-2.523164452  
-1.345248642  
2.625903115  
8.441330753  
13.96108619  
16.71916934  
15.03725501  
8.876061201  
0.003160182607  
-8.642786344  
-14.13061762  
-14.73257862  
-10.58854958  
-3.536233784  
3.80072463  
9.218864144  
11.85200728  
12.36570758  
12.3615765  
13.32082317  
15.64876178  
18.32737376  
19.37209648  
16.87242688  
10.09120026  
0.05199088494  
-10.70735063  
-19.12728143  
-22.90239995  
-21.43569784  
-16.01923002  
-9.168702134  
-3.448527428  
-0.3617620194  
0.1731891973  
-0.4544369967  
-0.4308388622  
1.479721599  
5.335836106  
10.10715003  
14.35631773  
17.09952096  
18.34289153  
18.97911667  
20.09504232  
22.08549599  
24.10677333  
24.24572952  
20.40612993  
11.50833399  
-1.616425042  
-16.15947562  
-28.23681442  
-34.42210509  
-33.22823231  
-25.8362144  
-15.69173697  
-7.113643143  
-3.528157948  
-6.129122841  
-13.56674412  
-22.78004833  
-30.5399346  
-34.93554466  
-36.07523874  
-35.67776461  
-35.79162663  
-37.33255285  
-39.23380392  
-38.70907696  
-32.56720681  
-18.96958194  
1.245342874  
24.38318792  
45.05351958  
58.22093416  
61.25166439  
55.0205594  
43.54768596  
32.29279668  
25.85280408  
26.08127726  
31.45908825  
37.96981018  
41.04678324  
37.67649308  
27.69246298  
13.69164737  
-0.3359436928  
-10.97016573  
-16.95189737  
-19.63337736  
-22.07438724  
-27.23161324  
-36.1309339  
-46.93598061  
-55.4134849  
-56.64544922  
-47.24715195  
-27.10026693  
0.193581378  
28.37364009  
50.67251341  
62.1719753  
61.40743367  
50.61179798  
34.58443301  
18.73553064  
7.152375133  
1.442862553  
0.7095632802  
2.492118677  
4.13212473  
3.916174572  
1.557874958  
-2.04928155  
-5.527187371  
-7.722488533  
-8.082033495  
-6.603048522  
-3.528981939  
0.9119784599  
6.504636343  
12.77854387  
18.69767599  
22.61750651  
22.70289704  
17.72973837  
7.918922507  
-4.667811193  
-16.50798671  
-23.7719403  
-23.84695588  
-16.57996916  
-4.626241606  
7.362270849  
14.46923742  
13.48579179  
4.285940103  
-10.01661861  
-24.24250265  
-33.1892377  
-33.69149741  
-25.83649665  
-12.83627082  
0.3555018831  
9.058667605  
10.6405098  
5.318791449  
-4.275313432  
-14.48480713  
-22.27749294  
-26.40463261  
-27.59550253  
-27.7918511  
-28.87385217  
-31.53232222  
-34.83070069  
-36.63774922  
-34.69099792  
-27.765233  
-16.39841869  
-2.85474252  
9.639226539  
18.04210312  
20.55399728  
17.19270687  
9.72977178  
1.082039552  
-5.581653289  
-7.726802342  
-4.117038909  
4.853170162  
17.18510836  
29.65909966  
38.55002133  
40.59771904  
34.04627304  
19.44916298  
-0.107987244  
-19.60746619  
-33.4946916  
-37.49200158  
-30.19129105  
-13.75426042  
6.672195055  
24.71832561  
35.10021336  
35.55006759  
27.54311381  
15.48489941  
4.697030484  
-0.9026939273  
-0.3721838475  
4.153009914  
8.854319916  
10.42024522  
7.920178876  
3.381418425  
0.7160435695  
3.48284296  
12.60283705  
25.2507468  
35.63183246  
37.44862597  
26.99223163  
5.391916345  
-21.15127471  
-43.43848521  
-52.87867509  
-45.08700984  
-21.87484732  
9.300518803  
38.23512619  
55.98567844  
58.25367042  
46.7132242  
27.79654602  
9.598038366  
-1.630669061  
-3.818216346  
0.7013929061  
6.981805879  
10.23750697  
8.17164084  
1.75498568  
-5.79244918  
-11.13407781  
-12.83685588  
-12.16562045  
-12.23133819  
-15.97742664  
-24.12803497  
-34.26824309  
-41.64617891  
-41.38796862  
-31.05133955  
-12.22144528  
9.715262291  
27.59890304  
35.41830804  
30.77183191  
15.73165388  
-4.249557983  
-22.80644738  
-35.28582696  
-40.2906073  
-39.50520478  
-36.06158467  
-32.43925597  
-29.0838001  
-24.48764061  
-16.63842971  
-4.956940522  
8.467454946  
19.19182913  
22.30691484  
15.02695353  
-1.361702048  
-21.32727991  
-37.00303991  
-41.44815013  
-31.78760075  
-10.71902533  
14.42114181  
34.70317101  
43.41573685  
38.89734818  
25.07214009  
9.442265133  
-0.5086427682  
-0.7947440314  
7.357186166  
18.34925611  
25.17003952  
23.0055509  
11.73163332  
-3.935910526  
-16.70982879  
-20.31300975  
-12.61789179  
3.203810746  
20.10922786  
30.52586034  
30.00606216  
19.42612544  
4.648836282  
-6.223610671  
-6.721716945  
4.823313529  
24.32309908  
43.65561841  
54.28031046  
51.07201441  
34.60930834  
10.88195014  
-11.41147997  
-24.70174661  
-25.75347109  
-16.80622578  
-4.212131362  
4.703683491  
5.043136084  
-3.580223617  
-17.16782482  
-29.49955415  
-35.21032324  
-32.27881724  
-22.77326895  
-11.58563561  
-3.864069212  
-2.456872578  
-6.62750656  
-12.63639415  
-15.84738911  
-13.26924942  
-5.241053508  
4.589815149  
11.00065394  
9.792094788  
-0.01985042477  
-15.50149638  
-30.9542766  
-40.39956475  
-40.23273308  
-30.8050437  
-16.20138025  
-2.335420132  
5.731285138  
5.990632485  
0.2058637599  
-7.140695916  
-11.11537169  
-8.705090776  
-0.1623237756  
11.28333186  
21.15411321  
26.00569648  
25.12444109  
20.80754567  
17.1007253  
17.62942903  
23.60831978  
33.02751117  
41.44495266  
44.03013724  
37.89141967  
23.56839344  
4.960660399  
-12.29792301  
-23.27152069  
-25.83252306  
-21.47255514  
-14.45234194  
-9.707601036  
-10.50599004  
-16.9491051  
-25.9996768  
-32.98433751  
-33.83295491  
-26.98697584  
-14.09626557  
0.7825298077  
13.05461588  
19.60513578  
20.01151384  
16.41990722  
12.21810526  
10.21564299  
11.25188763  
13.90746727  
15.42123312  
13.30847458  
6.832870682  
-2.425201172  
-11.19697812  
-16.03486176  
-14.948877  
-8.353284509  
1.143245514  
9.995126052  
15.39644869  
16.54916624  
14.90533925  
13.28218108  
14.30629733  
18.97134991  
26.02563765  
32.48955399  
35.04081899  
31.58326748  
22.23525403  
9.271691085  
-3.92692977  
-14.38230863  
-20.7423311  
-23.64211333  
-25.06958971  
-27.09842722  
-30.65714423  
-34.96410981  
-37.90975096  
-37.18367301  
-31.57323414  
-21.77799902  
-10.32876825  
-0.636991441  
4.381942577  
3.479846952  
-2.476417495  
-10.94206791  
-18.76942249  
-23.40611104  
-23.6960851  
-19.99775636  
-13.67872337  
-6.321644166  
0.9421272064  
7.689667252  
14.02481716  
20.16135423  
26.06073851  
31.33249595  
35.41310512  
37.86518352  
38.57688698  
37.72854835  
35.56143621  
32.12973127  
27.24096922  
20.67573847  
12.58551838  
3.817950689  
-4.091718815  
-9.368481417  
-10.74566185  
-8.166867678  
-3.058286036  
2.048186358  
4.451546425  
2.395567076  
-4.151201703  
-13.43997869  
-22.67712185  
-29.23794386  
-31.8038327  
-30.88262763  
-28.45693433  
-26.91693225  
-27.78686602  
-30.86119335  
-34.18060186  
-34.87868017  
-30.51343071  
-20.26307999  
-5.429629166  
10.97891085  
25.38096438  
34.93423238  
38.42663592  
36.36895525  
30.31213355  
21.79352209  
11.48602141  
-0.9896516135  
