-21.03973594  
-6.382521993  
5.947435284  
11.51273138  
8.679848379  
-0.907639837  
-13.02881861  
-22.51929581  
-25.24384046  
-19.66600234  
-7.410657857  
7.402356456  
19.79068816  
25.85471524  
24.24846118  
16.58344815  
6.616660744  
-1.408119004  
-4.537117643  
-2.226013648  
3.671202072  
10.00214376  
13.96016209  
14.47496553  
12.67223027  
11.17073892  
12.5548444  
17.78189188  
25.34609817  
31.6840282  
32.70864235  
25.7940862  
11.26583589  
-7.363617281  
-24.61138594  
-35.20793555  
-36.28190197  
-28.54617331  
-15.92604592  
-3.787135022  
3.421033648  
4.016490921  
-0.4184271272  
-6.091267764  
-9.056790632  
-7.253282103  
-1.518950467  
4.8900346  
8.004000169  
5.180795603  
-3.566446224  
-15.62791429  
-27.19626084  
-35.25700199  
-39.10362029  
-40.54635483  
-42.66638315  
-47.75000269  
-55.51414762  
-62.64327305  
-64.02628338  
-55.2063047  
-34.88600655  
-6.210338168  
23.92764862  
47.38685875  
58.02411677  
54.21891912  
39.49868696  
20.94419475  
6.082389037  
-0.3239048073  
1.858836904  
8.425468576  
13.07809883  
10.53705218  
-0.9329805334  
-18.69535582  
-36.89195915  
-48.93027812  
-50.10935228  
-39.23538678  
-18.66844615  
6.963960462  
32.56469063  
53.96001852  
68.37571627  
74.11661258  
70.057047  
55.60484117  
31.39220742  
0.3268517495  
-31.81886249  
-57.07341466  
-67.42237829  
-57.85123064  
-28.99876267  
11.96441528  
53.01510778  
81.20549347  
87.43928544  
70.14435092  
36.19084602  
-1.514792419  
-28.92628996  
-36.30672206  
-22.00145513  
7.023378884  
38.08559205  
57.91138714  
57.85785427  
37.13734843  
2.844938878  
-33.05174255  
-58.39052472  
-65.22867831  
-52.33300443  
-25.00569966  
7.379418609  
34.93344113  
50.47081156  
51.32718227  
39.42514073  
19.93371295  
-0.7355706197  
-16.84174771  
-24.65398054  
-23.0703167  
-13.59681752  
0.1756071702  
13.49646609  
21.6948105  
21.54976456  
12.44795142  
-3.122387731  
-20.09960933  
-32.43055356  
-35.2749184  
-27.02538977  
-10.26734848  
8.861900811  
22.81548171  
25.50891262  
14.76801603  
-6.693086548  
-32.21967981  
-53.73253083  
-64.78015455  
-62.87357079  
-50.18142471  
-32.39346094  
-16.34116491  
-7.442128732  
-8.006188218  
-16.95095447  
-30.79289259  
-45.2447727  
-56.60634851  
-62.41319703  
-61.31592446  
-52.60950305  
-35.96776161  
-11.71448848  
18.48282244  
50.99774993  
80.30398528  
100.0250137  
104.7769943  
92.12601633  
63.80396622  
25.56932072  
-14.33850566  
-47.59193218  
-68.09031557  
-73.33724343  
-64.46682644  
-45.11712575  
-19.81507365  
7.358100244  
33.33001926  
55.83110479  
72.85066673  
82.32340188  
82.40551027  
72.27013267  
52.96762403  
27.76837563  
1.628687286  
-20.13374198  
-33.43504458  
-36.59759779  
-30.59406165  
-18.3075149  
-3.234188152  
11.70123409  
24.66809934  
34.65939255  
40.78448861  
41.7470337  
36.02450589  
22.81719941  
3.295925298  
-18.64878812  
-36.84618423  
-44.63119284  
-37.42091778  
-14.99388594  
17.6603925  
51.52985781  
76.53589471  
85.14433633  
75.13636175  
50.32938878  
18.8947955  
-10.02651298  
-29.94548394  
-39.3069741  
-41.46132946  
-42.41108876  
-47.43447853  
-58.20068335  
-71.74977009  
-81.83444623  
-82.00550313  
-68.99217164  
-44.76534719  
-16.25396745  
7.252502519  
17.92214994  
12.75367488  
-4.992140238  
-26.96237687  
-43.01594076  
-45.2748541  
-31.22764364  
-4.612822579  
26.22846475  
51.77274052  
65.03182635  
64.02598253  
52.0582116  
35.8072938  
22.17917493  
15.34013883  
15.20373302  
17.95376529  
18.26316571  
12.13215603  
-0.9755788886  
-17.67473558  
-32.08136877  
-38.46977064  
-33.95773985  
-19.99607513  
-1.963060684  
12.99809602  
18.97436649  
13.80789298  
0.03262331751  
-16.2065742  
-27.80083241  
-29.74509206  
-21.2859795  
-6.205123973  
8.88874431  
17.50605504  
16.15661834  
5.887735377  
-8.199209779  
-19.2296657  
-21.61183219  
-13.5069685  
2.366920743  
19.91656816  
32.26309309  
34.5519984  
25.74269086  
8.660183938  
-11.57197028  
-29.85120405  
-43.00739346  
-50.43088254  
-53.25880145  
-52.73419759  
-48.7879001  
-39.75782493  
-23.51802561  
0.5337898484  
29.75416662  
57.92326824  
76.82047885  
79.27390882  
62.42383219  
29.66756975  
-9.796458925  
-43.89250918  
-62.0088118  
-59.00022304  
-37.15328322  
-5.235799598  
25.01637766  
43.52979306  
45.72492441  
33.99636092  
16.30972211  
2.606629759  
0.5911646988  
12.65005926  
35.09103052  
59.85877736  
77.87270685  
82.55389981  
72.16533954  
50.19392911  
23.83130537  
1.302406061  
-10.9104223  
-10.0329046  
2.335906421  
20.87039942  
38.13724816  
46.69518097  
41.17960824  
19.9333751  
-14.19593822  
-54.18271451  
-90.37496875  
-113.0476532  
-115.3353136  
-95.61551546  
-58.40620816  
-13.23473516  
28.33346044  
56.53448589  
66.65722447  
60.35778876  
44.41569283  
27.39683989  
15.65409391  
10.47568924  
7.746442106  
0.3718014722  
-17.59305373  
-47.04722602  
-82.12981047  
-111.713345  
-123.6670474  
-110.1154028  
-71.34297497  
-16.49652111  
39.39055738  
80.89240458  
97.89293268  
89.0766241  
61.76296246  
28.27231479  
0.5350269087  
-14.62470321  
-17.50472287  
-14.13928244  
-12.41003851  
-17.67314308  
-30.04511988  
-44.58876144  
-54.17394613  
-53.47434309  
-42.03998288  
-24.87779256  
-10.23200871  
-5.643878421  
-14.21400135  
-32.89176481  
-53.6326255  
-66.88821645  
-65.79644166  
-49.1297228  
-21.68090694  
8.015071381  
31.48894542  
43.8802643  
45.62228339  
41.60881272  
38.38212279  
40.76754796  
49.55679026  
61.26158466  
69.93342476  
70.08652553  
59.30297027  
39.33844598  
15.31395345  
-6.511797696  
-21.28286303  
-27.23974922  
-25.89263838  
-20.75571669  
-15.37523584  
-11.63351331  
-9.086714579  
-5.539291081  
1.531186957  
13.43662626  
29.3436936  
46.31521892  
60.23821133  
67.19062557  
64.68523888  
52.37497168  
32.08294306  
7.288071988  
-17.67206848  
-38.43863876  
-51.37417669  
-54.17046181  
-46.30316941  
-29.26477971  
-6.452568428  
17.39509229  
37.19836166  
48.77142496  
49.93374484  
41.10940491  
25.16613956  
6.516051162  
-10.21819232  
-21.5012955  
-25.70486738  
-23.21920592  
-15.92537781  
-6.336117783  
3.201872801  
10.95925577  
15.86710568  
17.31295028  
14.95136836  
8.732864195  
-0.8341307492  
-12.37064505  
-23.54736604  
-31.45512812  
-33.43348778  
-28.11445631  
-16.26327027  
-1.003055494  
12.79600518  
19.87109019  
16.26444792  
0.7965110611  
-24.22082413  
-53.3279242  
-79.27108578  
-94.97954214  
-95.57186299  
-79.78154355  
-50.3692444  
-13.39935652  
23.40256317  
52.72412945  
69.56417887  
72.40648484  
63.34211246  
47.13623226  
29.55400592  
15.49152088  
7.511826053  
5.252291954  
5.875493195  
5.381463958  
0.3033190046  
-10.82450429  
-26.75235762  
-43.80960152  
-57.09852406  
-62.1579569  
-56.50644509  
-40.53064874  
-17.43258733  
7.716411323  
29.46263604  
43.49190079  
47.71012343  
42.59643161  
30.80536179  
16.22816588  
2.850905961  
-6.252140817  
-9.553986326  
-7.24736808  
-0.9933277174  
6.634240095  
12.85530373  
15.39459765  
13.06191824  
6.087182586  
-3.875242982  
-14.10552419  
-21.49334698  
-23.38724904  
-18.40303462  
-6.954727424  
8.673007947  
24.77152889  
37.0800062  
41.85921892  
36.87875567  
22.05546625  
-0.4181329794  
-26.47536275  
-50.99655698  
-68.8532522  
-75.9534029  
-70.08879251  
-51.43903687  
-22.64449121  
11.57892976  
45.24992893  
72.25083377  
87.58917558  
88.53347006  
75.33739481  
51.30904521  
22.11894034  
-5.557416758  
-25.74832797  
-34.77656042  
