5.012913437  
9.825794769  
4.978951438  
-9.756611816  
-30.01165582  
-48.19927734  
-56.42996522  
-49.74824654  
-28.28635808  
2.615225644  
34.37617573  
58.36900956  
68.95227503  
65.08784807  
49.98030703  
29.10217514  
7.672735829  
-11.18855391  
-26.86140591  
-40.20689269  
-51.89963419  
-61.17302735  
-65.75553836  
-63.070921  
-52.03207498  
-34.37502674  
-14.66539159  
1.219706196  
8.521917257  
5.802097439  
-4.196502262  
-15.53175735  
-21.52976069  
-17.65202218  
-3.470571077  
17.13784471  
37.64664484  
51.61267964  
55.25739375  
48.78917392  
35.98403149  
22.34527799  
12.76169086  
9.709331061  
12.68207488  
18.90368075  
24.80151169  
27.47639547  
25.5575187  
19.25363414  
9.842605554  
-0.9479629562  
-11.30617792  
-19.381721  
-23.23614982  
-21.02084457  
-11.54751208  
4.898179241  
25.91957531  
47.01619113  
62.46903213  
66.93239119  
57.18906792  
33.38871412  
-0.7326522529  
-38.74888071  
-73.21428406  
-97.50861716  
-107.2752225  
-101.1272312  
-80.62475818  
-49.75030293  
-14.14232808  
19.77859916  
45.79552961  
59.02156458  
57.05730002  
40.85772344  
14.871988  
-13.86088177  
-37.6038456  
-50.2726677  
-49.38946468  
-36.81531616  
-17.87958393  
0.7967946729  
13.88212113  
19.20443781  
18.10787245  
14.204363  
11.20302998  
10.94126441  
12.6213185  
13.6114982  
11.33791538  
5.192704718  
-2.649639846  
-8.050235127  
-7.020224688  
1.946591873  
16.59049345  
31.43793848  
40.04732444  
37.90407717  
24.53052377  
3.716647554  
-18.29070176  
-35.75462597  
-46.06193971  
-50.6209447  
-53.54832049  
-58.80808323  
-67.32256111  
-75.66314125  
-77.17761306  
-65.16962022  
-36.63901267  
5.305816197  
51.7115673  
90.82063495  
112.6401225  
112.9996477  
95.23006024  
68.66126854  
44.59271395  
31.54040203  
31.86379197  
41.19928706  
50.81435651  
51.68930339  
38.43971686  
11.40664615  
-23.79766155  
-58.80262053  
-85.7129801  
-99.59990738  
-99.36208821  
-86.98987604  
-66.01608596  
-40.15304181  
-12.74770151  
12.99313862  
33.60694406  
45.51091003  
45.96083253  
34.47359341  
13.86543083  
-9.934294785  
-29.58092394  
-38.99178127  
-35.82969506  
-22.55054618  
-5.364187734  
8.547938417  
14.31734549  
11.6120039  
4.685384678  
0.1707440881  
3.649499349  
16.65335755  
35.57935962  
53.08204396  
61.30522292  
55.42243215  
35.81740697  
7.914112269  
-20.18347158  
-41.04210041  
-50.6278194  
-49.20233707  
-40.16732469  
-27.68506521  
-14.46793502  
-0.9277782165  
13.96300249  
30.75539133  
47.83561644  
61.14106937  
65.66631016  
58.09189109  
39.1278344  
14.16298098  
-8.408136815  
-20.61983968  
-18.58124132  
-4.529018162  
13.86349631  
26.7887715  
26.79541408  
12.38427434  
-11.04190021  
-33.43472797  
-44.61961649  
-39.03824972  
-18.51871461  
8.248972722  
29.3506688  
34.78929773  
20.83207437  
-8.364101602  
-42.53024027  
-69.61526948  
-80.70572616  
-73.38284609  
-52.14975606  
-25.92884057  
-3.929014191  
8.176522734  
10.09616223  
6.139477172  
2.406714293  
3.43311292  
9.916720057  
18.5365376  
23.81912479  
21.04887003  
8.782012021  
-10.21560931  
-29.99817472  
-43.90774959  
-47.32954433  
-39.52027314  
-23.7760472  
-5.969409163  
7.829249902  
13.61683487  
10.73224654  
1.759271604  
-8.738513791  
-16.03234316  
-16.87100965  
-10.42199532  
1.670895258  
15.9716542  
28.35023615  
35.14769924  
34.1442005  
25.166348  
10.23895409  
-6.773808047  
-21.0312074  
-27.95983861  
-24.59905875  
-10.64149302  
11.23504375  
35.96981497  
57.55719786  
70.87704738  
73.27073168  
65.26908292  
50.19525689  
32.81954173  
17.63239953  
7.442787531  
2.827159613  
2.536805526  
4.519747793  
6.955278151  
8.764085335  
9.409674619  
8.256502573  
4.046732749  
-4.977525589  
-20.1527411  
-41.04454379  
-64.43294096  
-84.40535747  
-93.89602606  
-87.30057551  
-63.14566058  
-25.55769413  
16.37093315  
51.37255729  
70.01909137  
68.36653477  
49.63841966  
23.09144029  
0.3814516352  
-9.142082278  
-2.254280702  
16.85592146  
38.41254668  
51.23887302  
47.51732742  
26.08477792  
-7.125459653  
-41.62348889  
-66.71337075  
-75.72609774  
-68.33126096  
-50.04721105  
-29.3547153  
-13.86111005  
-7.292271765  
-8.584482182  
-13.27951691  
-16.32944761  
-14.81296026  
-9.224294184  
-2.801988658  
0.6082585528  
-1.065324287  
-6.790992593  
-12.85620031  
-14.80344924  
-9.844590721  
1.526880886  
15.58485872  
27.07843215  
31.74191023  
28.34209182  
19.23955186  
9.201060947  
3.083789635  
3.565811405  
10.04382779  
19.19568525  
26.84393101  
30.10442722  
28.69505767  
24.76005972  
21.37297597  
20.58843531  
22.14372638  
23.54987653  
21.54859389  
14.15395187  
2.150878531  
-10.82784227  
-19.79452434  
-20.79260127  
-12.99943263  
0.5336011525  
13.93531554  
20.92198548  
17.45538356  
3.436610932  
-17.30248958  
-38.62400857  
-54.49533308  
-61.05686018  
-57.49002489  
-45.50898378  
-27.99991155  
-7.695949133  
13.38941986  
33.61038112  
50.8910134  
62.27765549  
64.45163954  
55.20876754  
35.2193883  
9.013237551  
-15.66407768  
-30.24766849  
-28.71300401  
-10.47713676  
18.57147998  
47.62096442  
64.66157496  
60.98309927  
34.62142916  
-8.686577049  
-57.45345272  
-98.49858982  
-121.4656568  
-122.030381  
-102.6696841  
-70.93910486  
-36.21898429  
-6.39789372  
14.21952681  
25.20444291  
28.78620445  
28.01126107  
25.25300671  
21.65457762  
17.48015199  
12.87144473  
8.388207389  
4.972745249  
3.420717503  
3.789788956  
5.220086119  
6.368964039  
6.242427323  
4.903594739  
3.550106961  
3.790920224  
6.444031353  
10.5356718  
13.1864707  
10.67697869  
0.3645502638  
-17.404013  
-38.39105788  
-55.23788285  
-59.8477883  
-46.55615025  
-14.80715133  
29.85112157  
77.01309075  
114.5615627  
132.5801945  
126.5679938  
98.75791726  
57.09331004  
12.32756595  
-25.59197248  
-50.4919077  
-61.27386323  
-61.25006187  
-55.99906265  
-50.74950944  
-48.38111197  
-48.7659324  
-49.55063188  
-47.86920868  
-42.12271249  
-32.9950795  
-23.25229984  
-16.42897784  
-15.00408479  
-18.90704183  
-25.07875967  
-28.38580749  
-23.61654197  
-7.802365292  
18.09110901  
48.87787083  
76.53021515  
92.82870878  
92.34579424  
74.62654128  
44.67509242  
11.47072388  
-15.00371528  
-27.14647068  
-22.27459937  
-3.372782692  
22.19540885  
45.47027211  
59.06891243  
59.54401039  
48.11406865  
29.65115402  
10.50716056  
-3.843491057  
-10.42332701  
-9.154595955  
-2.159831432  
7.471999116  
16.77579718  
23.42414246  
25.66745222  
22.06857668  
11.49111599  
-6.428770194  
-30.50551144  
-57.43790278  
-82.01457993  
-98.33965958  
-101.7930298  
-90.95921731  
-68.60828052  
-41.11436263  
-16.3538903  
-0.8367034172  
2.754582385  
-3.461949186  
-13.55428775  
-20.34620307  
-18.48036783  
-6.651579591  
11.95062059  
31.15139646  
44.54212312  
48.22280854  
42.31753111  
30.63422718  
18.7009343  
11.14493979  
9.64941664  
12.4142873  
15.31899438  
14.18315971  
7.02061006  
-4.796435838  
-17.02128017  
-24.45092971  
-23.399354  
-13.58892524  
1.419450514  
15.49216417  
22.37405311  
18.29840539  
3.65605085  
-16.98550905  
-36.54162445  
-48.09495461  
-47.5434321  
-35.17215936  
-15.54196296  
4.252643205  
17.27405481  
19.34426012  
10.57035654  
-4.771834172  
-19.92546941  
-28.24235776  
-25.66768783  
-12.17111377  
8.398468198  
29.92677035  
46.42666105  
54.22359089  
53.05886639  
45.71586611  
36.41676946  
28.76727435  
24.20689389  
21.6638796  
18.53181808  
12.44001835  
2.892639137  
-8.10235831  
-16.80731854  
-19.61872382  
-15.12264581  
-5.273530421  
