-16.3343029  
-22.54399861  
-23.54944562  
-19.84644349  
-13.2226743  
-6.177622533  
-1.079227894  
0.6435804848  
-1.031593303  
-4.776099892  
-8.467275195  
-10.02513964  
-8.195004717  
-2.973469359  
4.467764549  
12.29182231  
18.6993132  
22.52498222  
23.50730645  
22.17651344  
19.47844582  
16.34709917  
13.42097316  
10.98775723  
9.108050789  
7.782183553  
7.030037218  
6.836787579  
7.024990249  
7.176253967  
6.705315879  
5.09588667  
2.196466706  
-1.587960881  
-5.341274879  
-7.940414399  
-8.501447336  
-6.764838032  
-3.23130845  
1.025177821  
4.783301228  
7.136482811  
7.773398522  
6.955941247  
5.23380676  
3.070620493  
0.5965288945  
-2.377561883  
-6.104193696  
-10.56710868  
-15.28907427  
-19.42291957  
-22.10519021  
-22.88993189  
-22.01071108  
-20.29152528  
-18.70977038  
-17.81486222  
-17.31324407  
-16.07721875  
-12.63546131  
-5.952117325  
3.873547354  
15.35378154  
25.98584345  
33.13899239  
35.0857166  
31.71494546  
24.59215775  
16.32110798  
9.482092997  
5.617429159  
4.711190381  
5.378959056  
5.653548796  
3.983517299  
-0.02268067536  
-5.437073348  
-10.4802253  
-13.36772101  
-13.123091  
-9.986853461  
-5.263396852  
-0.7201538399  
2.150255209  
2.660556557  
1.042871071  
-1.842412883  
-5.000043687  
-7.724798153  
-9.76404379  
-11.1922559  
-12.13303013  
-12.5332324  
-12.13899704  
-10.6858292  
-8.175997216  
-5.057314534  
-2.167998928  
-0.4446452248  
-0.525575213  
-2.447307508  
-5.589920794  
-8.903804073  
-11.31107272  
-12.09690651  
-11.12357438  
-8.800387172  
-5.863874939  
-3.0990951  
-1.128507668  
-0.32283291  
-0.8017771685  
-2.449877755  
-4.897897963  
-7.49438964  
-9.353130727  
-9.559342975  
-7.531028554  
-3.406092907  
1.761569984  
6.189161503  
7.975640995  
5.951657985  
0.4050959523  
-6.70823223  
-12.2841212  
-13.21466822  
-7.729038654  
3.661217098  
18.09936522  
31.33688599  
39.3788872  
40.14515731  
34.40503812  
25.51838612  
18.02839098  
15.67523241  
19.69321883  
28.16537262  
36.7650416  
40.60296  
36.3950614  
24.00339193  
6.660789125  
-10.24222899  
-21.30244456  
-23.27135888  
-16.3304105  
-3.952963456  
8.557558538  
16.20930647  
16.23974945  
9.041873938  
-2.214091014  
-13.01918324  
-19.36248743  
-19.19940685  
-13.00634468  
-3.305888121  
6.522951737  
13.58502306  
16.41042149  
15.18913143  
11.32432782  
6.601164771  
2.373639895  
-0.9074369717  
-3.69584015  
-6.961854286  
-11.62935668  
-18.07653495  
-25.87141092  
-33.80608136  
-40.197285  
-43.35969182  
-42.12937796  
-36.30547335  
-26.87828245  
-15.93750925  
-6.216641745  
-0.3391307658  
0.04077512164  
-5.084807669  
-13.86957791  
-23.03758406  
-28.87992472  
-28.5217772  
-21.00424923  
-7.745726612  
7.845650501  
21.51156459  
29.62827662  
30.47059021  
24.76049013  
15.28677884  
5.759211003  
-0.6287862311  
-2.343179614  
0.08881862005  
4.540837309  
8.3666155  
9.600721873  
7.757316433  
3.906623082  
0.04230459301  
-1.934333358  
-1.132386148  
1.922929626  
5.562936624  
7.780074541  
7.18163555  
3.654633618  
-1.556511866  
-6.386826278  
-8.855954406  
-7.935639377  
-3.996734855  
1.357888331  
5.997597507  
8.194889061  
7.375673228  
4.359833537  
0.9819902726  
-0.7501363089  
0.3985690424  
4.253946026  
9.196274937  
12.77093597  
12.71792741  
8.005499244  
-0.5698825558  
-10.49558427  
-18.36433342  
-21.11037327  
-17.18351765  
-7.190439061  
6.266230597  
19.50232272  
29.06603407  
32.93213054  
31.10727148  
25.42408679  
18.64173179  
13.25907915  
10.55456837  
10.24863582  
10.89192674  
10.75125818  
8.744882996  
4.974964422  
0.6138246159  
-2.774910233  
-4.119477556  
-3.465866489  
-2.014714396  
-1.53518236  
-3.440682043  
-7.991774361  
-14.04158531  
-19.47767767  
-22.16977553  
-20.97427014  
-16.30677824  
-9.99474015  
-4.469325103  
-1.677181303  
-2.230090337  
-5.192654968  
-8.596247202  
-10.41267004  
-9.504049133  
-6.090966736  
-1.534426923  
2.422828655  
4.543096215  
4.647579756  
3.567369005  
2.550928927  
2.477813359  
3.328158663  
4.210799116  
3.939409485  
1.832710245  
-1.726696683  
-5.327554232  
-7.196622648  
-6.180784907  
-2.525144389  
2.005822679  
4.803619435  
3.617550621  
-2.281855384  
-11.56448904  
-21.23803786  
-27.84596129  
-28.93295311  
-24.09815686  
-15.13715796  
-5.203838829  
2.610674272  
6.608229248  
7.101269396  
6.049277903  
5.925698606  
8.394723472  
13.45460256  
19.45476118  
23.95022183  
24.94122348  
21.86669229  
15.8606692  
9.163416127  
4.004463025  
1.529378892  
1.300492846  
1.59739478  
0.3360212635  
-3.871766331  
-11.03908541  
-19.80324186  
-28.04225884  
-33.74488804  
-35.68171587  
-33.58331774  
-27.83898026  
-19.00416462  
-7.492845115  
6.318451268  
21.64420517  
36.83724501  
49.33671708  
56.23909452  
55.35940933  
46.316647  
31.06117522  
13.45704555  
-2.035267903  
-12.06449985  
-15.71827638  
-14.82188867  
-12.9999267  
-13.87845291  
-19.24396959  
-28.03925046  
-36.71476786  
-40.82298836  
-37.14099038  
-25.32570077  
-8.296567282  
8.877801375  
21.10912849  
25.46416867  
22.37694432  
15.33077311  
9.155525374  
7.736487989  
12.20682208  
20.46821695  
28.25704051  
31.24648657  
27.18890261  
17.08809868  
4.847819212  
-4.444757347  
-6.810750751  
-1.198465712  
9.991015776  
21.89444648  
29.23068202  
28.47996936  
19.25033859  
4.279598974  
-11.85578476  
-24.69398188  
-31.62469355  
-32.68564339  
-30.15863645  
-27.24814476  
-26.50154791  
-28.68512305  
-32.56710923  
-35.62292595  
-35.27770561  
-30.10700285  
-20.49306675  
-8.512294462  
2.832283532  
10.67539107  
13.22924435  
10.28923717  
3.202968877  
-5.601952937  
-13.32418066  
-17.51083948  
-16.63582455  
-10.44459379  
-0.024541444  
12.41581229  
24.04815155  
32.13919409  
34.82715548  
31.73300495  
24.16777469  
14.79055071  
6.757085748  
2.614216802  
3.341303161  
7.934166712  
13.74723663  
17.51390102  
16.67285281  
10.47338105  
0.3920575814  
-10.34098978  
-17.945335  
-19.55317127  
-14.34503295  
-3.899774734  
8.378318173  
18.51582223  
23.3992296  
21.81490329  
14.72036399  
4.698780893  
-5.121906564  
-12.2138491  
-15.40992483  
-15.04072599  
-12.49598369  
-9.489091885  
-7.382699247  
-6.838324129  
-7.852153431  
-10.04033558  
-12.93985993  
-16.13651161  
-19.18070467  
-21.41397903  
-21.90834659  
-19.66599089  
-14.06700898  
-5.370040823  
5.023234841  
14.7726363  
21.30419409  
22.79100814  
19.00291095  
11.60914182  
3.713235384  
-1.275380802  
-1.014813908  
4.723883365  
13.81867002  
22.5298588  
26.9560131  
24.63625121  
15.63025781  
2.602450322  
-10.15562404  
-18.38237398  
-19.50826469  
-13.64084597  
-3.475743656  
6.811795212  
13.2156888  
13.40008883  
7.453957134  
-2.355985276  
-12.65250836  
-20.32007268  
-23.58014021  
-22.35393161  
-17.85724764  
-11.72876558  
-5.181110694  
1.399631095  
8.249340636  
15.59413248  
22.99805583  
29.10711816  
31.99401067  
29.98384509  
22.56813823  
10.93424701  
-2.205210267  
-13.47491447  
-20.0504715  
-20.69920987  
-16.18637714  
-8.862800073  
-1.618032003  
3.332665424  
5.289444897  
5.176103546  
4.893159973  
6.236079219  
9.888396897  
14.95429911  
19.24040947  
20.15687555  
15.83572197  
5.981380191  
-7.901450709  
-22.97914122  
-36.04375787  
-44.5522339  
-47.34945473  
-44.83639041  
-38.58568919  
-30.61885331  
-22.65874401  
-15.63302833  
-9.567723746  
-3.843569493  
2.336035821  
9.46358178  
17.40016508  
25.29462977  
31.75825082  
35.23675864  
34.47813022  
28.973065  
19.24044556  
6.85235279  
