46.17161449  
43.37221383  
37.9917723  
32.84152889  
30.11680044  
30.61445915  
33.47782479  
36.56163576  
37.28440292  
33.65353391  
25.07920096  
12.66786107  
-1.117938178  
-13.30470776  
-21.4344021  
-24.38086695  
-22.65347236  
-18.09410025  
-13.1157811  
-9.806660843  
-9.256185838  
-11.3436829  
-15.01627186  
-18.87269291  
-21.75653008  
-23.09443378  
-22.86982052  
-21.32050203  
-18.5886784  
-14.56317387  
-9.031009995  
-2.062463346  
5.606731642  
12.47012168  
16.58080445  
16.25561598  
10.87298921  
1.382863988  
-9.772184289  
-19.38480019  
-24.62052259  
-24.11103794  
-18.52587092  
-10.3422428  
-2.870911163  
1.07353683  
0.2983511852  
-4.329759432  
-10.32438209  
-14.69957529  
-15.27058158  
-11.55703899  
-4.894518535  
2.274319369  
7.580225374  
9.815223916  
9.413877402  
8.105646723  
7.915051662  
10.00359637  
13.93169691  
17.72705772  
18.76534603  
15.07631693  
6.469019006  
-5.070920441  
-15.94271512  
-22.25199705  
-21.34650399  
-12.9140438  
0.8266562818  
15.92189641  
28.12705502  
34.39734234  
33.82879213  
27.71396647  
18.76745919  
9.916919605  
3.200066354  
-0.7951986362  
-2.794424272  
-4.173238973  
-6.145283782  
-9.19139423  
-12.94671415  
-16.50910647  
-18.93168548  
-19.6093984  
-18.37909721  
-15.35004903  
-10.65026022  
-4.317821274  
3.539507762  
12.3886616  
20.96218856  
27.27638344  
29.12544667  
24.94934211  
14.7292139  
0.4610744636  
-14.12783762  
-24.65329979  
-27.60580563  
-21.74876155  
-8.775056975  
7.127924826  
20.717594  
27.61833792  
25.96820698  
17.10894308  
5.011435489  
-5.352631441  
-10.03634023  
-7.706674117  
-0.1377622363  
8.59439556  
13.87106354  
12.49569188  
4.031178433  
-9.052563002  
-22.46964829  
-31.96525452  
-35.11234148  
-32.27942186  
-26.35472014  
-21.3554615  
-20.53755024  
-24.83857249  
-32.34273992  
-39.01262223  
-40.38316649  
-33.49762771  
-18.26105803  
2.360767976  
23.37482169  
39.58386989  
47.43570586  
46.14983085  
37.70745013  
25.79114779  
14.20105379  
5.46138421  
0.1918630513  
-2.573435414  
-4.389868338  
-6.300160404  
-8.208625168  
-9.037103528  
-7.543647142  
-3.326033882  
2.581590677  
7.915576922  
10.17754484  
7.97128227  
2.006823778  
-4.805315372  
-8.349568982  
-5.050275305  
6.371404628  
23.94207806  
42.79495461  
56.79814808  
60.84090633  
52.84719651  
34.67048515  
11.48011337  
-10.11698615  
-24.44940539  
-28.6892399  
-23.56380809  
-12.67346476  
-0.8110374108  
7.935698497  
11.50131795  
10.12059329  
5.621296857  
0.2232865911  
-4.505986022  
-8.063876865  
-10.71204668  
-12.78043232  
-14.08534981  
-13.8650333  
-11.29843422  
-6.296067842  
-0.04914001547  
5.086426503  
6.446823076  
2.310528991  
-7.076064327  
-19.27187521  
-30.43215204  
-36.83318874  
-36.45022382  
-29.8306631  
-19.8068523  
-10.14092481  
-3.727090097  
-1.222621778  
-0.8018007466  
0.8046938394  
6.458117746  
16.851132  
29.74155564  
40.63720542  
44.69651614  
39.00103539  
24.13035515  
4.249852434  
-14.41102187  
-26.06545271  
-27.76130067  
-20.58565107  
-9.1313426  
0.5447480743  
3.564570685  
-1.69578365  
-12.99799712  
-25.32790934  
-33.14762562  
-32.78634017  
-23.925572  
-9.584583353  
5.295493081  
15.96083802  
19.68841828  
16.60095267  
9.214607855  
1.065612919  
-4.868389028  
-7.233317357  
-6.462430134  
-4.125228594  
-1.919278272  
-0.8626496188  
-1.049819417  
-1.977089543  
-3.128424514  
-4.402784071  
-6.106672849  
-8.531625882  
-11.41248818  
-13.65659256  
-13.59407322  
-9.700193547  
-1.450251001  
10.15039756  
22.69050867  
33.1455602  
39.01135767  
39.26258896  
34.68713347  
27.44048331  
20.04012098  
14.28652925  
10.62185405  
8.207894459  
5.638700814  
1.887839469  
-3.016775216  
-7.942055385  
-11.24209108  
-11.67314785  
-9.140476916  
-4.869796748  
-0.8918835696  
0.9170445291  
-0.2363073331  
-3.634375353  
-7.347385815  
-9.128334601  
-7.481892853  
-2.400545664  
4.577072047  
11.00556564  
14.56410553  
14.00335721  
9.592490868  
2.902337488  
-3.927539312  
-9.069341178  
-11.63807302  
-11.83346113  
-10.60784725  
-9.090263937  
-8.072486727  
-7.778387914  
-7.95422751  
-8.145827995  
-7.958527148  
-7.154790834  
-5.583558327  
-3.061390619  
0.6399036822  
5.626663213  
11.6088671  
17.70557561  
22.52308209  
24.57417754  
22.91071543  
17.67993154  
10.28982219  
3.014468275  
-1.869533336  
-3.072580135  
-0.9547752308  
2.488189258  
4.38037515  
2.185043442  
-5.126807311  
-16.48534804  
-29.00278503  
-39.0420613  
-43.63536184  
-41.64810347  
-34.18700111  
-24.07897617  
-14.65402148  
-8.366517139  
-5.850973462  
-5.805263918  
-5.722379088  
-3.121297989  
3.277746166  
12.94215156  
23.72208406  
32.73307386  
37.51757285  
36.97984509  
31.71724438  
23.65456933  
15.19125011  
8.262187547  
3.712115795  
1.213045137  
-0.3046448782  
-1.957023238  
-4.288243544  
-7.002914498  
-9.14004212  
-9.573020014  
-7.582638941  
-3.236310013  
2.587199033  
8.519916727  
13.2129915  
15.80082571  
16.12555102  
14.64569564  
12.09816745  
9.08766616  
5.80103721  
1.978735678  
-2.848090923  
-8.970803417  
-16.15678761  
-23.52219203  
-29.71296525  
-33.34802545  
-33.55700231  
-30.38777321  
-24.89322121  
-18.82661185  
-14.03205848  
-11.75086243  
-12.11746779  
-14.06147618  
-15.68437101  
-14.99130868  
-10.70993049  
-2.878261249  
7.040679584  
16.58371565  
23.11111515  
24.73176713  
20.99081597  
13.06945014  
3.429092383  
-4.963221601  
-9.549442404  
-8.923724434  
-3.177542216  
6.223274149  
16.93814936  
26.4315529  
32.61727726  
34.30714535  
31.39464452  
24.78661544  
16.14092409  
7.479187458  
0.7378870958  
-2.675737325  
-2.240318789  
1.508723525  
7.078510207  
12.41331826  
15.50767026  
15.05911791  
10.92892502  
4.217070323  
-3.110565264  
-8.927415175  
-11.71944082  
-11.11655231  
-7.961131425  
-3.886301682  
-0.5915914413  
0.8602981525  
0.4105616822  
-1.121542662  
-2.58183613  
-3.164619932  
-2.891888111  
-2.643230541  
-3.71385559  
-7.116530379  
-12.97728282  
-20.33780548  
-27.48095809  
-32.63595352  
-34.72526427  
-33.78475761  
-30.84405133  
-27.32012618  
-24.22570292  
-21.59679487  
-18.44616473  
-13.29372318  
-5.032791205  
6.290990166  
19.19066042  
31.12080115  
39.39538342  
42.2418745  
39.51303413  
32.7269649  
24.41193338  
17.0538319  
12.12606905  
9.637406258  
8.384490278  
6.761093494  
3.716678756  
-0.6057347535  
-4.860115024  
-7.11653156  
-5.808628449  
-0.5539289056  
7.541886419  
16.23833904  
23.00409485  
25.96363379  
24.52788363  
19.45522139  
12.36546339  
4.978193381  
-1.549293434  
-6.890616642  
-11.35202078  
-15.37297924  
-19.0327174  
-21.8454971  
-22.9579722  
-21.63912492  
-17.7937036  
-12.2133801  
-6.412170166  
-2.103294379  
-0.5548458868  
-2.12164856  
-6.161058275  
-11.35226944  
-16.24668927  
-19.7792318  
-21.51261586  
-21.54051771  
-20.15958276  
-17.53439669  
-13.56781172  
-8.057709849  
-1.044049341  
6.876479096  
14.4946399  
20.29234513  
23.01163651  
22.23265739  
18.66261003  
13.94865203  
10.04397816  
8.378323638  
9.200490579  
11.40961821  
12.9875277  
11.87556122  
6.929231888  
-1.469133447  
-11.42562141  
-20.19792731  
-25.24610968  
-25.23730035  
-20.583455  
-13.28420494  
-6.136546811  
-1.636335018  
-1.021084804  
-3.839862438  
-8.215516608  
-11.67983334  
-12.23459133  
-9.207414368  
-3.562705006  
2.451443277  
6.179103092  
5.616119982  
0.2520202486  
-8.62015885  
-18.24138216  
-25.25397888  
-26.79819651  
-21.46338032  
-9.774810494  
5.943088331  
22.27799808  
35.77835144  
