-54.24742866  
-75.75139612  
-89.43930751  
-93.26343676  
-86.76455183  
-70.67859554  
-46.6350471  
-17.07351989  
14.74833906  
44.92140833  
69.43862584  
85.11368856  
90.57124715  
86.85595644  
77.28113662  
66.42809645  
58.59005155  
56.24365396  
59.17537295  
64.64709659  
68.55872949  
67.13840637  
58.46695204  
43.21726903  
24.33656657  
5.851651661  
-8.661836649  
-17.29913507  
-20.26685704  
-19.44753019  
-17.37143918  
-16.10300144  
-16.52067082  
-18.23521183  
-20.07053217  
-20.79167874  
-19.70175063  
-16.85965715  
-12.90021847  
-8.644707573  
-4.765619159  
-1.693713666  
0.2219226839  
0.4557872532  
-1.826837498  
-7.624572582  
-17.68462182  
-31.99353303  
-49.4258537  
-67.75442921  
-84.06861279  
-95.47044905  
-99.79890379  
-96.13240051  
-84.92254137  
-67.76502437  
-46.94059464  
-24.90513491  
-3.871388704  
14.45706283  
29.01512951  
39.41108696  
45.89209724  
49.22775717  
50.49147891  
50.75030501  
50.73877578  
50.63904301  
50.08283046  
48.40859496  
45.08820285  
40.13298745  
34.27081097  
28.77072707  
24.95361124  
23.58829505  
24.452998  
26.28830841  
27.20352357  
25.39146291  
19.86057351  
10.87440764  
-0.08471258356  
-10.80928703  
-19.10694403  
-23.49298145  
-23.58666982  
-20.11213208  
-14.57133009  
-8.762358284  
-4.32045817  
-2.38430495  
-3.396529474  
-7.002823094  
-12.03675229  
-16.64164345  
-18.61376164  
-16.00326723  
-7.870362986  
5.060417585  
20.18805261  
33.51505979  
40.8192779  
39.18194835  
28.28697882  
10.88653777  
-7.907387075  
-22.37239812  
-28.35159993  
-24.98009599  
-15.19274991  
-4.708516877  
0.1764713886  
-4.879936735  
-20.45016871  
-43.00467528  
-66.20847119  
-83.30383496  
-89.58180372  
-83.93848286  
-68.9435306  
-49.51841942  
-30.90909612  
-16.87872913  
-8.839511724  
-6.118507452  
-6.98169284  
-9.721134672  
-13.18532804  
-16.5532376  
-18.66624417  
-17.54966365  
-10.6817652  
3.875275959  
25.94892227  
52.19251868  
76.29585816  
90.75728452  
89.73029906  
71.80082943  
41.38103602  
7.854305214  
-17.4653138  
-25.49779108  
-13.01783237  
15.83246493  
50.89034836  
79.73806655  
92.3987643  
85.0432571  
61.18991081  
29.94177025  
2.071440397  
-14.33588004  
-16.82834684  
-8.945070522  
2.016761453  
8.686919155  
7.029432702  
-2.051655334  
-13.53845383  
-21.04704683  
-20.11655707  
-10.46605982  
3.815987905  
16.17779572  
20.65080313  
14.57551293  
-0.2579294809  
-18.53543584  
-33.90617393  
-41.81154443  
-41.31890378  
-35.14480243  
-27.94310772  
-23.76590692  
-23.97213816  
-26.60918895  
-27.54594486  
-22.77155972  
-10.70252233  
6.66244605  
24.34022561  
36.46378697  
38.90815789  
31.19985373  
16.80333588  
1.639044961  
-8.478016379  
-10.28523685  
-4.270764744  
5.912480042  
15.50175797  
21.13011789  
22.54646192  
22.68462286  
26.01210927  
35.92825046  
52.48166724  
71.57731048  
86.19086005  
89.17981677  
76.50534239  
49.41570593  
14.52772142  
-18.37821064  
-40.03705584  
-45.36799985  
-35.59931365  
-17.92709253  
-2.79468503  
0.1343321264  
-14.29959888  
-44.80393745  
-84.19070123  
-122.1375153  
-148.9735177  
-158.9565237  
-151.797832  
-131.9896176  
-106.4234424  
-81.45933176  
-60.72994629  
-44.52375357  
-30.80810464  
-17.19770588  
-2.789433394  
11.07081476  
21.44210671  
25.48127149  
22.26826232  
13.78142275  
4.453816852  
-0.566207849  
2.322689847  
13.44702683  
29.50886126  
44.83943559  
53.74344717  
52.91023837  
42.8246433  
27.55457547  
13.02478729  
4.561128631  
4.805624189  
12.90309786  
25.25698914  
37.41863201  
46.1639326  
50.75794039  
52.83451122  
55.01451202  
59.01861829  
64.28885177  
67.8904926  
65.82875324  
55.19372024  
36.08083718  
12.27293806  
-9.799466623  
-23.50216831  
-24.83402722  
-14.38596445  
2.532748595  
17.78710552  
23.62664632  
15.90151699  
-4.080690643  
-29.87823832  
-52.33585673  
-63.13031317  
-57.99904252  
-38.34152628  
-10.57277122  
16.45636378  
34.87339004  
40.63130835  
34.68077339  
22.10072555  
9.68025928  
3.050592229  
4.572786826  
12.78311204  
23.47802504  
31.82434873  
34.49580805  
30.91788253  
23.17196138  
14.73834729  
8.751603656  
6.596832129  
7.446333719  
8.859688438  
8.077134201  
3.356547921  
-5.261409096  
-16.05763677  
-26.48796866  
-34.3338062  
-38.60936111  
-39.84758758  
-39.70728825  
-40.15120406  
-42.60255992  
-47.43378578  
-53.93641796  
-60.67870235  
-66.01031664  
-68.47606456  
-67.03033923  
-61.1017433  
-50.64367007  
-36.26582501  
-19.40850635  
-2.386490057  
11.89828214  
20.6570046  
22.1755451  
16.66966479  
6.592794133  
-3.890647419  
-10.2157661  
-9.075770304  
0.2418929601  
15.46224908  
32.13729119  
45.41207345  
52.02728832  
51.67794853  
47.07559  
42.61450714  
42.18023485  
47.0743101  
55.03699504  
60.90862689  
58.74638154  
44.53644851  
18.31792274  
-15.26525033  
-48.31823504  
-72.4606021  
-81.87922347  
-75.39528995  
-56.68601068  
-32.59612977  
-10.30190594  
5.42677654  
13.69286966  
17.09267208  
19.76158823  
24.82832975  
32.51064248  
39.76866642  
41.69331007  
33.99427915  
15.43148636  
-10.95507239  
-38.4355873  
-58.81474572  
-65.39179428  
-55.44569051  
-31.25392633  
0.7185261556  
32.06839578  
55.20729268  
65.56347449  
62.50188453  
48.81731149  
29.22747148  
8.606914323  
-9.342770144  
-22.62348362  
-30.72918925  
-34.05570559  
-33.35538315  
-29.49619556  
-23.51546431  
-16.75582111  
-10.8319707  
-7.31515377  
-7.231389604  
-10.62402762  
-16.43171797  
-22.78546593  
-27.61099596  
-29.27236702  
-26.98059401  
-20.83634864  
-11.57780729  
-0.2526130883  
11.96765652  
23.75660384  
33.51238542  
39.39512954  
39.72182863  
33.70015486  
22.20964543  
8.168560863  
-3.903665609  
-9.203915654  
-4.474048785  
10.37772401  
31.64189752  
52.62563193  
65.8068777  
65.59450297  
50.61145521  
24.51171161  
-5.113005674  
-29.407664  
-41.49666165  
-39.00959386  
-24.86706361  
-6.009999448  
9.398166773  
15.14579388  
9.243188022  
-5.57896412  
-23.24415735  
-36.90404188  
-41.58544598  
-35.84264842  
-21.85362069  
-4.113433571  
12.54326467  
24.65672888  
30.90449756  
31.759506  
28.44746082  
21.90331249  
12.34259073  
-0.3464381229  
-15.68617181  
-31.79967976  
-45.32219386  
-52.28806908  
-49.71610487  
-37.18717868  
-17.60226836  
3.391778271  
19.24846433  
24.97875775  
19.22064068  
5.008172888  
-11.17576804  
-21.78027401  
-21.11011216  
-7.651890606  
15.12851497  
39.85697039  
57.80570928  
61.98126712  
49.6085826  
23.12648712  
-10.61375458  
-42.59863052  
-64.5108099  
-71.20641516  
-62.03134155  
-40.66004211  
-13.65430334  
11.67305753  
29.36791735  
36.3056861  
32.69265275  
21.59316473  
7.741380096  
-3.963439678  
-9.861547805  
-8.497758195  
-0.9334413911  
9.655885739  
19.00242381  
23.13355384  
19.75091973  
9.175519662  
-5.497480538  
-19.18849409  
-26.4202383  
-23.24687381  
-8.875411233  
13.64861662  
38.05396499  
56.67162921  
62.93094507  
53.66940385  
30.40485722  
-0.9532134727  
-31.91822043  
-54.16112243  
-62.1970328  
-55.06203181  
-36.39541673  
-12.94943926  
7.860222556  
20.4132207  
22.45504375  
15.28825064  
2.679599781  
-10.9193744  
-22.02358512  
-28.97886185  
-31.81286992  
-31.34668042  
-28.17092114  
-22.10105582  
-12.42257047  
1.220347889  
17.82360087  
34.54869185  
47.18995351  
51.53780043  
45.12022193  
28.54631658  
5.778995791  
-16.91405588  
-33.01448657  
-38.04497028  
-31.19776845  
-15.65362597  
2.531131298  
16.52034886  
20.96261399  
13.59510199  
-4.318531233  
