24.75869107  
25.97279119  
26.44321281  
26.23938747  
25.79189432  
25.57217519  
25.63772581  
25.34350309  
23.45650266  
18.69724466  
10.4795867  
-0.5301058096  
-12.36873361  
-22.35111732  
-28.05999325  
-28.31931225  
-23.69433546  
-16.26388454  
-8.74841116  
-3.386121957  
-1.074297102  
-1.166691097  
-1.999343847  
-1.862839006  
0.07503546743  
3.356940763  
6.528454261  
7.965841922  
6.793351755  
3.397760416  
-0.7433140221  
-3.842369281  
-4.789530554  
-3.820296834  
-2.486185359  
-2.902675319  
-6.627078971  
-13.73064192  
-22.55972971  
-30.35504964  
-34.47190903  
-33.62845467  
-28.56589173  
-21.76536444  
-16.31250365  
-14.420264  
-16.30804652  
-19.99243566  
-22.13271424  
-19.58092382  
-10.94350729  
2.567070069  
17.40912493  
29.03637904  
33.72071905  
30.09632147  
19.76405939  
6.69866049  
-4.290329562  
-9.401013623  
-7.234462399  
0.7973624163  
11.16625314  
19.6903313  
23.14377563  
20.37852561  
12.56428697  
2.531332159  
-6.449148838  
-11.92838373  
-13.10340901  
-10.93382872  
-7.578339754  
-5.424738208  
-6.106197624  
-9.860454117  
-15.43489566  
-20.53735026  
-22.65425843  
-19.95347437  
-11.97821762  
0.08809516785  
13.67543881  
25.53467361  
32.6973627  
33.39971192  
27.67634902  
17.41386581  
5.81456477  
-3.586769142  
-8.048696441  
-6.517673873  
0.0231292958  
8.88958131  
16.61887725  
20.16916719  
17.98117912  
10.5295616  
0.1699156137  
-9.664207248  
-15.63345601  
-15.63017787  
-9.498057592  
0.8983679312  
12.26405236  
20.91891976  
23.95649269  
20.15088785  
10.33756841  
-2.83904801  
-15.72604209  
-24.76318704  
-27.54929904  
-23.54742103  
-14.20918596  
-2.477054599  
8.17734301  
14.86151401  
16.14086829  
12.38406603  
5.460300548  
-2.082335323  
-8.023415678  
-11.25041209  
-11.9955776  
-11.44760677  
-10.93868957  
-11.1084842  
-11.46829123  
-10.60719308  
-6.971507733  
0.1482727252  
9.926638194  
20.00793852  
27.29415883  
29.21934293  
24.94439071  
15.89211563  
5.310684993  
-3.006093768  
-6.303789455  
-4.043144648  
1.891344756  
8.076919754  
11.14473368  
9.343245392  
3.328786803  
-4.208970156  
-9.923635022  
-11.53299508  
-9.035173548  
-4.790489651  
-2.37778544  
-4.739694444  
-12.5102056  
-23.37444504  
-32.84943568  
-36.20218054  
-30.65629442  
-16.85680059  
1.134506953  
17.38140039  
26.50983994  
25.96479841  
17.07248811  
4.422743373  
-6.156268593  
-10.1232566  
-6.122398366  
3.573542051  
14.23311547  
20.87603805  
20.49818138  
13.31666196  
2.522649493  
-7.271585643  
-12.12168492  
-10.40573087  
-3.330914739  
5.848315158  
13.43707261  
16.92232118  
15.85921329  
11.68391543  
6.661125039  
2.5798476  
-0.1147655176  
-2.340850264  
-5.604909279  
-10.90105087  
-17.90664597  
-24.92190054  
-29.59828009  
-30.08414891  
-25.99743194  
-18.72226526  
-10.86778895  
-5.144354874  
-3.195809158  
-4.936972967  
-8.68762506  
-12.00471709  
-12.78901893  
-10.13992825  
-4.589351965  
2.328965637  
8.895107845  
13.96574979  
17.31729002  
19.45428819  
21.05555322  
22.40590443  
23.13937095  
22.4258005  
19.48051538  
14.10264419  
6.942238567  
-0.6489096937  
-7.102643122  
-11.20669201  
-12.48788068  
-11.25190744  
-8.318497621  
-4.641436993  
-1.030534953  
1.912764633  
3.698402796  
3.859069672  
2.03164621  
-1.76371573  
-6.799083899  
-11.52804156  
-13.89829619  
-12.09003147  
-5.419230077  
5.027850755  
16.42785522  
25.05762699  
27.69042497  
22.98823298  
12.24701458  
-0.9195588412  
-11.91758743  
-17.012084  
-14.87718992  
-7.151602913  
2.285357284  
9.024673143  
10.07090678  
5.138511267  
-3.293905327  
-11.19561628  
-14.89613411  
-12.80018599  
-6.098874026  
1.854929724  
7.202579988  
7.468853633  
2.773024599  
-4.225675352  
-9.626976542  
-10.20995453  
-5.047265015  
3.974137365  
12.99356344  
17.99410585  
16.74105051  
9.919010025  
0.9169466464  
-5.657218891  
-6.057551082  
0.8741621863  
13.11988651  
26.2896274  
35.43935975  
37.07947636  
30.49537722  
17.84853578  
3.097492876  
-9.700744478  
-17.91593692  
-21.05217837  
-20.42920116  
-18.12684026  
-15.80020286  
-13.96872264  
-12.08112322  
-9.226986151  
-5.030639551  
-0.189085067  
3.670105031  
4.753412231  
2.08549703  
-3.821632443  
-10.99831246  
-16.77731756  
-18.94237824  
-16.71840894  
-11.12392162  
-4.511614362  
0.4855447234  
2.103133168  
0.1516079009  
-4.033510307  
-8.34187379  
-10.94955894  
-11.1665986  
-9.669472836  
-8.031057188  
-7.807350422  
-9.650018368  
-12.88716628  
-15.77474747  
-16.28976255  
-13.07836681  
-6.109630801  
3.25939149  
12.81407301  
20.33934278  
24.40399191  
24.73881848  
22.09661687  
17.73480933  
12.82292289  
8.072256433  
3.728495671  
-0.1452854222  
-3.324649909  
-5.2662649  
-5.260440646  
-2.824933547  
1.883322412  
7.892488048  
13.6184987  
17.39407404  
18.09633516  
15.58218712  
10.72494656  
5.03573087  
0.05253594606  
-3.213456934  
-4.523517148  
-4.26283282  
-3.015179424  
-1.116796737  
1.552241445  
5.416517745  
10.7720418  
17.3137639  
23.9060747  
28.76884277  
30.04807395  
26.54032959  
18.24699059  
6.494604515  
-6.454410309  
-18.14900941  
-26.7459973  
-31.53042681  
-32.96623717  
-32.2969848  
-30.90862611  
-29.7525665  
-29.06977043  
-28.49489137  
-27.4352996  
-25.50178166  
-22.76905073  
-19.75159804  
-17.1352081  
-15.42384639  
-14.68939787  
-14.54277549  
-14.31977831  
-13.36689845  
-11.27313807  
-7.942416443  
-3.503236368  
1.853187737  
7.979204408  
14.74030156  
21.8637357  
28.77458959  
34.55897563  
38.13997659  
38.63773039  
35.76834328  
30.08532728  
22.9141425  
15.96230149  
10.74321778  
8.053293006  
7.735170859  
8.840073329  
10.1220799  
10.64059651  
10.19104377  
9.358131494  
9.160681932  
10.45165426  
13.35925492  
17.04702053  
19.93060005  
20.28066121  
16.95959588  
9.968871141  
0.5569971787  
-9.175023421  
-17.01742844  
-21.44175968  
-22.11641253  
-19.94781257  
-16.65052245  
-14.04362378  
-13.37356249  
-14.93163253  
-18.09066366  
-21.69716888  
-24.60971913  
-26.13224164  
-26.16572045  
-25.05081475  
-23.22369631  
-20.88796391  
-17.88104576  
-13.80207821  
-8.325689752  
-1.524978865  
5.982356076  
13.16552975  
18.948598  
22.64779862  
24.26307437  
24.46514956  
24.25919469  
24.46403141  
25.24684443  
25.94659278  
25.29977656  
22.0017359  
15.37391461  
5.839988818  
-5.022124985  
-14.91247282  
-21.57645227  
-23.60503568  
-20.93944977  
-14.86842671  
-7.517780035  
-1.046816438  
3.110580673  
4.648063213  
4.282269145  
3.220558628  
2.469879139  
2.32062136  
2.249880897  
1.283306334  
-1.367800063  
-5.716231596  
-10.76371648  
-14.76751102  
-15.92040012  
-13.1546423  
-6.709859859  
1.803058354  
9.893177407  
15.04646523  
15.60248037  
11.30240426  
3.308702235  
-6.274937024  
-15.15309856  
-21.5413495  
-24.56575574  
-24.26878092  
-21.31488705  
-16.60090875  
-10.96942895  
-5.115341742  
0.3626356264  
4.900419379  
8.018527611  
9.502192188  
9.604884131  
9.102569923  
9.072261182  
10.41502948  
13.31433498  
16.91730647  
19.47581107  
18.98957087  
14.13631525  
5.083385391  
-6.239173088  
-16.62835483  
-22.7514889  
-22.51005684  
-16.03605325  
-5.839521035  
4.035148897  
9.554706317  
8.323889864  
0.604375363  
-10.7296132  
-21.30805738  
-27.00183715  
-25.55669015  
-17.44511129  
-5.597464337  
5.843843647  
13.19300725  
14.60223378  
10.60578792  
3.666570818  
-2.99713127  
-6.743114084  
-6.419877703  
-2.533578264  
3.294316714  
9.22776168  
14.01049418  
17.30928405  
19.53318204  
21.32935008  
