64.22187154  
72.25960412  
67.48340532  
49.98297396  
23.58041927  
-5.169227688  
-28.97842084  
-42.15072258  
-42.37460352  
-31.30284893  
-13.69697025  
4.507511448  
18.42042915  
25.80139537  
27.43442548  
26.20623823  
25.3890261  
26.95491733  
30.6897404  
34.46204764  
35.44122549  
31.61569187  
22.84780151  
10.96203441  
-1.138157856  
-10.84411903  
-16.99374262  
-20.22070452  
-22.34472066  
-25.14442869  
-29.17358819  
-33.26149917  
-34.98969351  
-31.93695382  
-23.08360466  
-9.666075881  
4.976038043  
16.54041132  
21.39892073  
18.00597372  
7.463618698  
-6.975550922  
-21.20280981  
-31.74251736  
-36.79297782  
-36.43858092  
-32.07202245  
-25.42947826  
-17.7759491  
-9.63079817  
-1.08974559  
7.540969066  
15.24959652  
20.32831624  
20.96361662  
16.14707978  
6.43925417  
-5.850737212  
-17.24903084  
-24.28479309  
-24.77477566  
-18.67999562  
-8.159636631  
3.216167248  
11.78018928  
15.08354887  
12.701587  
6.24410965  
-1.387896717  
-7.166141725  
-9.048039674  
-6.62462554  
-1.09993397  
5.330743511  
10.417425  
12.72735581  
12.12812653  
9.726888309  
7.321937858  
6.601442158  
8.408062979  
12.35585895  
16.94893935  
20.16042037  
20.25027305  
16.49935759  
9.557154461  
1.242535443  
-6.145361685  
-10.73988681  
-11.86520095  
-10.30524271  
-7.942495206  
-6.896121485  
-8.521613093  
-12.7172682  
-17.86795675  
-21.48173177  
-21.2585424  
-16.11895634  
-6.721281744  
4.78128523  
15.64109456  
23.65792968  
28.02239375  
29.45625457  
29.58446598  
29.85620785  
30.57173569  
30.54072605  
27.60004328  
19.78975304  
6.632661112  
-10.13473902  
-26.81313354  
-38.96064271  
-43.10421442  
-38.20037627  
-26.17694978  
-11.27400738  
1.568590419  
8.60225428  
8.635815456  
3.305644257  
-3.834494211  
-8.970499153  
-9.683660707  
-5.885893415  
0.3361698005  
5.836515768  
7.930019547  
5.609964806  
-0.07355396361  
-6.601113399  
-11.21975291  
-12.22798515  
-9.715445417  
-5.436651219  
-1.904172337  
-1.137723009  
-3.646306833  
-8.101664121  
-11.84587439  
-12.01268584  
-6.786308896  
3.725555312  
17.3591667  
30.55641426  
39.56597498  
41.73483193  
36.42204409  
25.21855638  
11.41209269  
-1.102413341  
-9.083667185  
-10.94849555  
-7.189264378  
-0.0784512075  
7.221969119  
11.82587854  
12.14692489  
8.413730031  
2.48968121  
-2.93365386  
-5.461217403  
-3.998807177  
0.7661724232  
6.611525974  
10.66920269  
10.60402939  
5.59988307  
-3.261161021  
-13.39528525  
-21.73403221  
-25.94149518  
-25.32234815  
-21.04086241  
-15.56529519  
-11.58447639  
-10.86683578  
-13.55024531  
-18.15578028  
-22.29867001  
-23.76971547  
-21.50800791  
-16.04798748  
-9.263673408  
-3.54131059  
-0.7512301739  
-1.460806383  
-4.711109055  
-8.431280848  
-10.29970079  
-8.690565777  
-3.330648706  
4.5741165  
12.76550093  
18.73086351  
20.57020095  
17.6308282  
10.71192968  
1.797998952  
-6.568063567  
-12.06094108  
-13.25769785  
-10.03205426  
-3.550757357  
4.118222375  
10.66243752  
14.24346001  
14.05011614  
10.50691826  
5.067007711  
-0.3394237271  
-4.005686756  
-5.044398978  
-3.659768706  
-1.000465612  
1.340502751  
1.975719423  
0.2660074013  
-3.44724437  
-7.989608883  
-11.79447507  
-13.44412325  
-12.10261531  
-7.705546173  
-0.8921713589  
7.232895549  
15.38158704  
22.31424725  
26.99961197  
28.73912401  
27.29852171  
23.03982769  
16.98041826  
10.67592974  
5.868081817  
3.951079555  
5.436345633  
9.660393335  
14.92870683  
19.12082747  
20.56440875  
18.8224675  
15.02096581  
11.50430694  
10.887737  
14.8593857  
23.23484142  
33.70406573  
42.44552488  
45.4235875  
39.88781511  
25.48893715  
4.566681121  
-18.51121196  
-38.70844323  
-51.8678689  
-55.89182754  
-51.17412482  
-40.21256106  
-26.63311488  
-14.03594815  
-5.065752463  
-0.9523281806  
-1.54775493  
-5.708535536  
-11.801761  
-18.15229522  
-23.35023716  
-26.42886479  
-26.96160266  
-25.10500616  
-21.56702677  
-17.45625814  
-13.99275324  
-12.13019302  
-12.20850826  
-13.78185991  
-15.72084636  
-16.58415041  
-15.13941462  
-10.84165389  
-4.086413677  
3.859885298  
11.22503883  
16.25848674  
17.74061793  
15.31995071  
9.599038066  
1.975705895  
-5.693093758  
-11.5152025  
-13.98950119  
-12.36145916  
-6.839252348  
1.394229396  
10.41855627  
18.05256037  
22.47761362  
22.82973902  
19.54556383  
14.29294651  
9.449057161  
7.26548126  
9.005593778  
14.38509188  
21.55471197  
27.66481453  
29.82177765  
26.08605866  
16.14378298  
1.415060596  
-15.4106605  
-31.20431424  
-43.26420333  
-49.91962583  
-50.71739875  
-46.22737773  
-37.64548506  
-26.40592798  
-13.94166323  
-1.604827368  
9.344547889  
17.79752472  
22.95779239  
24.55698172  
22.99913486  
19.31018427  
14.8543193  
10.90291059  
8.234570642  
6.94965992  
6.58791762  
6.489790758  
6.215734511  
5.803505862  
5.723643358  
6.55129047  
8.528524641  
11.26270714  
13.75191428  
14.76921517  
13.4509615  
9.812507369  
4.923727687  
0.6170943273  
-1.187898781  
0.7231193545  
6.28741983  
14.07132497  
21.71766961  
26.77241619  
27.56864208  
23.82048974  
16.69531575  
8.339548194  
1.046160093  
-3.613546562  
-5.363388494  
-5.286412452  
-5.357647587  
-7.619951499  
-13.3084836  
-22.25181557  
-32.78393255  
-42.22403798  
-47.77632831  
-47.54039427  
-41.2620689  
-30.5250899  
-18.27227348  
-7.792847139  
-1.531845543  
-0.1766754172  
-2.40294782  
-5.423245501  
-6.162440357  
-2.605915093  
5.241770271  
15.22609814  
23.85380024  
27.75678682  
25.21394726  
17.06689693  
6.587298242  
-1.716256819  
-3.90077538  
1.739760737  
13.85191245  
28.42847972  
40.30454538  
45.13623176  
41.04186598  
29.22978649  
13.3780784  
-1.92728508  
-12.9912571  
-18.26513177  
-18.55516923  
-16.17889681  
-13.54733342  
-11.89728155  
-10.79222325  
-8.610419539  
-3.739092485  
4.164684471  
13.52835508  
21.22107397  
23.80952997  
19.15337134  
7.584596963  
-7.927600641  
-22.77722197  
-32.506516  
-34.62371329  
-29.66095788  
-20.99518477  
-13.48282958  
-11.46991299  
-17.00512437  
-28.99260764  
-43.61976705  
-55.85867632  
-61.40461122  
-58.25867138  
-47.34109806  
-31.94582875  
-16.32626905  
-4.034788105  
3.305850446  
6.346878002  
7.414830595  
9.29895913  
13.97358973  
21.78060112  
31.35948998  
40.27950086  
46.04693428  
47.04458061  
43.04034979  
35.12503589  
25.19182217  
15.24169045  
6.8209162  
0.7798138885  
-2.644366318  
-3.573889488  
-2.27228174  
0.9018224367  
5.375724753  
10.21838324  
14.15445231  
15.84345838  
14.37027121  
9.734654844  
3.065075167  
-3.633151623  
-8.177836908  
-9.102645243  
-6.343415485  
-1.356350566  
3.464833317  
5.878755131  
4.923770913  
1.534673686  
-1.716936605  
-1.740961032  
3.533398268  
13.8963847  
26.51952945  
36.82325855  
40.29405313  
34.52365808  
20.5625883  
2.904679146  
-12.02513049  
-18.34937706  
-13.18619668  
1.982166529  
21.66125131  
38.34884217  
45.4173186  
39.70639686  
22.75969537  
0.1966734847  
-20.51160581  
-32.9357654  
-34.0668087  
-25.2452199  
-11.34104896  
1.379863133  
7.752690343  
5.539669287  
-4.08913905  
-17.47595578  
-30.26030862  
-39.18509384  
-43.16546076  
-43.26989578  
-41.77925039  
-40.87420567  
-41.59561998  
-43.51287489  
-45.15314208  
-44.88466781  
-41.77301068  
-36.00129071  
-28.70119531  
-21.33934742  
-15.00005636  
-9.919754554  
-5.477121993  
-0.6143374636  
5.527253124  
13.05099215  
21.06885346  
27.88355232  
31.52766884  
30.47877883  
24.32074706  
14.13621341  
2.479598073  
-7.123467163  
-11.08424991  
-6.866728877  
6.001656206  
25.38519834  
46.7510397  
