4.692182361  
-4.041799674  
-14.51704928  
-22.96274269  
-26.13567106  
-22.81144867  
-14.35889464  
-4.110122392  
4.177760672  
8.028619299  
7.298088583  
4.068278528  
1.456461413  
1.942886351  
6.058585676  
12.0904992  
16.95197188  
17.78253795  
13.47487329  
5.358965436  
-3.310895994  
-8.83036165  
-8.769830677  
-3.117411801  
5.707837821  
13.96878015  
18.30510097  
17.19827228  
11.52740488  
3.994766411  
-2.248161885  
-5.072940988  
-4.229302525  
-1.207775201  
1.755020554  
2.969422672  
2.200962373  
0.7346951872  
0.5891622309  
3.314197089  
9.014690963  
16.11573211  
21.99729626  
24.18076785  
21.47459255  
14.51561138  
5.456540942  
-3.021712727  
-8.867893508  
-11.42490977  
-11.46281513  
-10.52930659  
-10.00820925  
-10.39983561  
-11.18587267  
-11.30627249  
-9.938966979  
-7.1174559  
-3.822453021  
-1.487379519  
-1.191023244  
-2.995446126  
-5.818896738  
-7.947522506  
-7.937306035  
-5.431182241  
-1.439577098  
2.097098395  
3.269336946  
1.199479091  
-3.441262784  
-8.691443563  
-12.23107026  
-12.53037361  
-9.632343483  
-5.156413993  
-1.498862148  
-0.6171245006  
-3.007637372  
-7.404450257  
-11.37025796  
-12.50319541  
-9.663388323  
-3.60135297  
3.340519746  
8.322086428  
9.362918042  
6.29212046  
0.8166048787  
-4.331316245  
-6.744671135  
-5.51922254  
-1.668584313  
2.429624363  
4.276481444  
2.553545036  
-2.180653704  
-7.761073724  
-11.52614337  
-11.70847526  
-8.391040392  
-3.519217864  
0.07362120134  
0.1654625047  
-3.575798285  
-9.202971801  
-13.24228633  
-12.28823826  
-4.7139063  
8.318757381  
23.0657476  
34.59160766  
38.7638805  
33.98418281  
21.89646302  
6.761350871  
-6.227810597  
-12.96128074  
-11.9143728  
-4.542343737  
5.522831197  
14.05529555  
17.88554985  
15.94406005  
9.351467048  
0.6507054729  
-7.372573287  
-12.72835731  
-14.7196098  
-13.81161651  
-11.08603335  
-7.638394535  
-4.218428585  
-1.209568005  
1.174222781  
2.704312709  
3.145149749  
2.464094061  
1.080895069  
-0.07342914755  
0.1707324713  
2.673983084  
7.41997659  
13.25304976  
18.14068943  
19.92875727  
17.29000892  
10.42364357  
1.135945544  
-7.798201186  
-13.7490916  
-15.32762923  
-12.9454084  
-8.553089937  
-4.652680418  
-3.036033863  
-3.853275111  
-5.482238648  
-5.300745042  
-1.032545334  
7.955435802  
20.03281749  
31.70062659  
38.88046976  
38.56071918  
30.0831393  
15.49801362  
-1.179486374  
-15.49616707  
-24.21706669  
-26.41040591  
-23.52742507  
-18.49497223  
-14.27000363  
-12.52176642  
-13.02052994  
-13.96815911  
-13.07102368  
-8.826533067  
-1.416760671  
7.202706224  
14.05610311  
16.40450126  
12.95195417  
4.48035393  
-6.352609722  
-15.96134219  
-21.13486163  
-20.17806492  
-13.46722859  
-3.246189523  
7.2124614  
14.73578361  
17.25239191  
14.34325472  
7.210824032  
-1.850486547  
-10.24884565  
-15.87158446  
-17.61382668  
-15.543566  
-10.71662221  
-4.752711809  
0.6687936962  
4.242357898  
5.294185868  
3.827735099  
0.3856268893  
-4.194849703  
-9.03763583  
-13.41573959  
-16.83338582  
-19.01424877  
-19.84609889  
-19.33793034  
-17.62106238  
-14.9798441  
-11.86078909  
-8.804408138  
-6.281575596  
-4.479864394  
-3.141255971  
-1.561688065  
1.189670049  
5.876562895  
12.67460727  
20.92014029  
29.18116545  
35.67469176  
38.89196073  
38.17655815  
33.99350046  
27.74759963  
21.20973583  
15.79869422  
12.04707911  
9.506258082  
7.138799978  
4.006859861  
-0.09412550657  
-4.395003015  
-7.459387908  
-7.91320917  
-5.242191718  
-0.2369659368  
5.186625732  
8.765416376  
8.928883186  
5.602709624  
0.3536664781  
-4.251577005  
-5.823174642  
-3.32783223  
2.297028324  
8.427140517  
11.85297724  
10.22540953  
3.186516116  
-7.351968346  
-17.94053737  
-25.02658217  
-26.45474775  
-22.35700716  
-15.03444062  
-7.895180446  
-3.944196006  
-4.51603263  
-8.811907075  
-14.41311076  
-18.4851165  
-19.0767378  
-15.9059731  
-10.29973422  
-4.381169928  
0.04216930024  
2.315088964  
3.093743961  
3.790775278  
5.642827582  
8.922001253  
12.7229587  
15.4407235  
15.68003973  
13.09997177  
8.722788389  
4.510898003  
2.401396457  
3.281628282  
6.441807418  
9.815412265  
10.92831645  
8.115727036  
1.416348175  
-7.306371756  
-15.10119584  
-19.19879214  
-18.23108443  
-12.84010289  
-5.403241217  
0.9851625244  
3.80098574  
2.06841822  
-3.376418345  
-10.3915043  
-16.50612935  
-19.8873044  
-19.8734133  
-16.91273087  
-12.05429113  
-6.339347259  
-0.4360006416  
5.332618908  
10.67681201  
15.03186125  
17.53225164  
17.3602495  
14.30305302  
9.175169599  
3.78135204  
0.3146198827  
0.3997437313  
4.232005828  
10.28564452  
15.83418774  
18.13538963  
15.77358095  
9.51177419  
2.176909998  
-2.472441192  
-1.457435542  
5.889004352  
17.30859034  
28.29179223  
33.83856615  
30.59258232  
18.42079268  
0.7074723271  
-16.8340393  
-28.38414879  
-30.36196808  
-22.90203353  
-9.82655902  
2.890289765  
9.531344793  
6.919702321  
-4.358911622  
-20.26824908  
-34.99234981  
-43.23088776  
-42.15960661  
-32.28556793  
-16.93390953  
-0.6937439746  
12.43555283  
20.39186035  
23.37807915  
23.1577902  
21.77579206  
20.38896407  
18.7836832  
15.77753881  
10.24172917  
2.163031202  
-6.861663842  
-14.02478802  
-16.4778255  
-12.74201771  
-3.669361642  
7.570799476  
16.57477722  
19.4545676  
14.51416217  
3.098791934  
-10.80699533  
-22.11907599  
-26.71207931  
-23.12723867  
-13.19005953  
-1.255044095  
7.614068439  
9.756547551  
4.416498844  
-6.00321733  
-17.02887149  
-24.05409673  
-24.27416483  
-17.77799424  
-7.349139861  
2.891010477  
9.352041888  
10.49854251  
7.354593241  
2.800174622  
0.03245245649  
0.9439577635  
5.18964547  
10.37565254  
13.26431033  
11.41066592  
4.44694114  
-5.595173895  
-15.07799236  
-20.2983742  
-19.06741999  
-11.61764542  
-0.4548170163  
10.73553143  
18.59339688  
21.31457701  
19.09410769  
13.67637451  
7.332362857  
1.824465743  
-2.136798502  
-4.746327048  
-6.458951883  
-7.297360303  
-6.56956  
-3.19790575  
3.505662746  
13.06680783  
23.56521672  
32.09545278  
35.83752219  
33.26100834  
24.87349945  
13.11218943  
1.379714965  
-7.354946468  
-11.74541736  
-12.49073277  
-11.80109769  
-12.17734897  
-15.10653491  
-20.3094566  
-25.89654941  
-29.33362919  
-28.7201987  
-23.73455581  
-15.77995343  
-7.276444449  
-0.477211617  
3.57752531  
5.435714965  
6.759748457  
9.268106943  
13.66125839  
19.10912669  
23.58513066  
24.88920225  
21.83750479  
14.99731635  
6.56758028  
-0.5652566158  
-4.144215416  
-3.584374617  
-0.2204406943  
3.369646019  
4.637162295  
2.308907288  
-2.999746912  
-9.096893144  
-13.28662276  
-13.66969706  
-10.03915759  
-3.951793415  
2.032255405  
5.545498766  
5.455597203  
2.26784263  
-2.260108295  
-6.046040607  
-7.659122082  
-6.863591764  
-4.505350685  
-1.871714026  
0.08258243073  
1.208525052  
2.096392293  
3.545206886  
5.905050374  
8.694622063  
10.73563523  
10.74840254  
8.085520005  
3.189277237  
-2.503353794  
-7.191926309  
-9.570217042  
-9.469191453  
-7.942973811  
-6.738876976  
-7.409515365  
-10.51117478  
-15.28913989  
-20.00207118  
-22.71369733  
-22.15155452  
-18.21452388  
-11.90980997  
-4.801864794  
1.6992415  
6.827128622  
10.49764615  
12.94436939  
14.23487807  
14.01607668  
11.6882268  
6.932068333  
0.2672861962  
-6.746215428  
-11.88961407  
-13.15666524  
-9.721754531  
-2.497029405  
6.071988491  
12.96097082  
15.86738209  
14.24155365  
9.522979743  
4.424906194  
1.58087155  
2.203724831  
5.430197292  
8.707862668  
