13.15618862  
20.25915007  
24.22522835  
23.52586123  
18.0275181  
9.192845915  
-0.4281925637  
-8.198935211  
-12.41419527  
-12.84995192  
-10.59811776  
-7.308896861  
-4.263852109  
-1.778475688  
0.7608525915  
4.276823291  
9.176927252  
14.82323286  
19.63613417  
21.81889372  
20.32990658  
15.56304277  
9.322145299  
4.03566846  
1.570513392  
2.245162913  
4.578286911  
5.957479247  
3.946720941  
-2.391344083  
-11.82132516  
-21.27739673  
-27.10232467  
-26.62579586  
-19.35280333  
-7.217073097  
6.19986273  
17.09801344  
22.86500197  
22.83836515  
18.15310859  
10.86617925  
2.886253488  
-4.720913213  
-11.74000562  
-18.22871846  
-23.79565774  
-27.25286273  
-26.93909351  
-21.60569874  
-11.39401341  
1.683748483  
14.14111769  
22.23612739  
23.5105366  
17.92825616  
8.024872776  
-2.081281593  
-8.428215287  
-8.935925918  
-4.330565903  
2.172506979  
6.305173009  
4.669582884  
-3.707122397  
-16.87096842  
-30.69871903  
-40.56039571  
-43.14725798  
-37.68550542  
-26.06321941  
-11.89676213  
0.9834923208  
9.941190833  
14.26254804  
14.98971564  
14.06049978  
13.23740178  
13.33930782  
14.08074057  
14.49865031  
13.6706508  
11.32577313  
8.048937212  
5.013245132  
3.413035968  
3.900506875  
6.298467521  
9.704104944  
12.90289364  
14.87583294  
15.16470639  
13.95314233  
11.86836053  
9.633514419  
7.748674178  
6.338977603  
5.212347698  
4.068966958  
2.744838797  
1.370889652  
0.3765580774  
0.3346090539  
1.70379654  
4.560718351  
8.418388609  
12.20996905  
14.47724049  
13.74786834  
9.020743426  
0.220342759  
-11.54724011  
-24.07644679  
-34.53234213  
-40.22174923  
-39.44422479  
-32.12885653  
-19.9962779  
-6.132274921  
5.927846  
13.30640903  
14.68895085  
10.69142113  
3.548321244  
-3.757746312  
-8.58750347  
-9.537279336  
-6.803329107  
-1.91298094  
3.021617543  
6.186490786  
6.713929092  
4.852994208  
1.647341292  
-1.676951049  
-4.298057125  
-6.083386699  
-7.462967947  
-8.990313837  
-10.84409263  
-12.54945037  
-13.08749127  
-11.36705939  
-6.84739794  
-0.01021247149  
7.572498683  
13.66062936  
16.12976669  
13.81926738  
7.097729723  
-2.107251847  
-10.86758611  
-16.22422608  
-16.22391453  
-10.640615  
-1.10604434  
9.413494035  
17.61692764  
20.99030041  
18.64865038  
11.59581088  
2.313732757  
-6.160201157  
-11.32049681  
-12.03962391  
-8.863379384  
-3.66093288  
1.212959485  
3.896795194  
3.745349388  
1.510691731  
-1.075942651  
-2.126441338  
-0.4571431759  
3.889429928  
9.689562887  
15.12440171  
18.6364524  
19.65891715  
18.87097493  
17.84275621  
18.2140505  
20.77531531  
24.88409097  
28.51986458  
29.00655191  
24.13239556  
13.2048516  
-2.418399774  
-19.57871344  
-34.28413128  
-43.03628739  
-44.00666187  
-37.61370632  
-26.2954484  
-13.59251634  
-2.919097329  
3.504380774  
5.181421442  
3.199054352  
-0.4429592489  
-3.704484831  
-5.215951499  
-4.585279176  
-2.262036846  
0.8887338234  
4.055841281  
6.776702442  
8.963776897  
10.71617175  
12.06709066  
12.82593986  
12.59917309  
10.96663514  
7.706883252  
2.947362638  
-2.834868654  
-8.953420982  
-14.71489889  
-19.58450589  
-23.25043331  
-25.58679554  
-26.56999799  
-26.21675114  
-24.58193292  
-21.80101263  
-18.12294391  
-13.8812806  
-9.394357196  
-4.843833498  
-0.214727878  
4.638192497  
9.800494176  
15.07197494  
19.84051321  
23.1699077  
24.12000952  
22.18954913  
17.6782293  
11.76261455  
6.186757356  
2.644249406  
2.092153151  
4.304908222  
7.899974982  
10.8703838  
11.42563601  
8.78274628  
3.547419634  
-2.506429178  
-7.181603401  
-8.804033075  
-6.944058625  
-2.580394508  
2.369946725  
5.93556065  
6.970088684  
5.611379804  
3.108055829  
1.111277496  
0.7935921338  
2.241624375  
4.430633988  
5.790415965  
5.065950607  
2.01733324  
-2.419102372  
-6.607387003  
-9.083455779  
-9.352423367  
-8.159536171  
-7.045646558  
-7.384286851  
-9.405676202  
-11.77403547  
-12.04327053  
-7.87391888  
1.534177274  
14.52945807  
27.18171094  
34.62730635  
33.09826233  
21.75360239  
3.429863197  
-16.14965704  
-30.49094976  
-34.92955382  
-28.59787789  
-14.86476596  
0.006800237874  
9.455602028  
9.374977986  
-0.1651961313  
-14.97610479  
-28.55967631  
-34.8768646  
-30.87045733  
-17.66617091  
0.0230879667  
15.9675083  
25.01439873  
25.07027759  
17.66343788  
6.949069068  
-2.288255949  
-6.679334697  
-5.465631402  
-0.4081020038  
5.403187306  
9.167268709  
9.617323133  
7.35200198  
4.20789149  
2.09977686  
1.97660292  
3.419527484  
5.032241663  
5.348064808  
3.725245449  
0.7391058505  
-2.126875138  
-3.304610692  
-2.022837332  
1.231307938  
4.915717449  
7.192418749  
6.843098197  
3.866974979  
-0.5404125458  
-4.604053117  
-6.853553275  
-6.817614906  
-5.181985022  
-3.348543704  
-2.642258894  
-3.586496586  
-5.619517329  
-7.388713584  
-7.458752706  
-5.062794012  
-0.5143362715  
4.919540207  
9.603988218  
12.27497799  
12.56086396  
11.04533416  
8.873953682  
7.137464106  
6.363258857  
6.367619415  
6.514173137  
6.201928309  
5.288936374  
4.20264782  
3.669919965  
4.216800463  
5.724707621  
7.311868421  
7.643594609  
5.549129249  
0.6506422353  
-6.316018865  
-13.67486632  
-19.4311867  
-22.07748747  
-21.22395348  
-17.7636668  
-13.48821792  
-10.31315406  
-9.445502137  
-10.84953075  
-13.23672971  
-14.58208276  
-12.95133533  
-7.304053808  
2.041199549  
13.44662969  
24.46520753  
32.61168008  
36.10577184  
34.33517494  
27.91253594  
18.36094198  
7.588542682  
-2.635273002  
-11.02800553  
-16.89189125  
-20.00285879  
-20.4137589  
-18.30924147  
-13.99544141  
-8.011104165  
-1.257638196  
4.990697902  
9.293836605  
10.46019204  
8.032468132  
2.627360318  
-4.074404089  
-9.771204281  
-12.31432006  
-10.53851431  
-4.804546182  
3.012241814  
10.14084375  
13.93266765  
12.87664938  
7.181775544  
-1.335583331  
-10.02401411  
-16.49539463  
-19.55952782  
-19.5736888  
-18.05631482  
-16.76620895  
-16.71137251  
-17.59387778  
-17.98628596  
-16.16793962  
-11.20280082  
-3.691558019  
4.234752089  
9.748833474  
10.63656381  
6.461236617  
-1.01077172  
-8.391735064  
-12.05545567  
-9.718269119  
-1.493777932  
10.08024695  
21.07614234  
27.81370933  
28.36284206  
23.24324421  
15.03612513  
7.13362796  
2.241840141  
1.336715463  
3.516857919  
6.739220313  
8.996432187  
9.310189721  
8.056232733  
6.518455683  
5.984583815  
6.92565814  
8.729040083  
10.12608366  
10.05336713  
8.431027712  
6.375741754  
5.672826574  
7.750891006  
12.70282711  
18.91308278  
23.56119339  
23.82073502  
18.19524716  
7.329629033  
-6.128175321  
-18.58005836  
-26.95554563  
-29.91127927  
-28.18841204  
-23.98744981  
-19.71364978  
-16.75469521  
-14.91977169  
-12.8099479  
-8.892102004  
-2.670516564  
4.70979433  
10.80058534  
13.00462701  
9.976896652  
2.54239614  
-6.387788936  
-12.9356721  
-13.92801339  
-8.348023631  
2.121774407  
13.73644358  
22.22804638  
24.55641709  
20.09690278  
10.76828234  
0.09920614574  
-8.297449172  
-12.14554215  
-11.22997014  
-7.196533403  
-2.629169  
0.1042508823  
-0.2817203017  
-3.717524142  
-9.086369175  
-14.84347427  
-19.6036966  
-22.46570757  
-23.04560892  
-21.35790009  
-17.7180078  
-12.74495086  
-7.398845986  
-2.903104192  
-0.444328367  
-0.6943320076  
-3.3647035  
-7.070216802  
-9.679131472  
-9.098844914  
-4.198472017  
4.553619203  
15.07544558  
24.3509383  
29.54629887  
29.08597974  
23.21438706  
13.80499427  
3.531229786  
-5.192386025  
-11.00355396  
-13.78643139  
-14.25642357  
-13.23827922  
-11.0785479  
-7.528042098  
-2.141334238  
5.070244109  
