-5.464195515  
1.214532134  
6.077187515  
9.530799505  
12.48602831  
15.98281362  
20.84055336  
27.40037022  
35.40106541  
44.0134628  
52.03425115  
58.19348454  
61.47625747  
61.33062484  
57.66660847  
50.64773149  
40.39616735  
26.80870899  
9.651452783  
-11.0373656  
-34.399705  
-58.36904423  
-79.7411475  
-94.82960504  
-100.5494048  
-95.5210052  
-80.70393167  
-59.22376479  
-35.39505064  
-13.31395126  
4.388205283  
17.09737068  
25.86084036  
32.34538278  
37.66383172  
41.68426074  
43.17913537  
40.72304435  
33.83576708  
23.70979136  
13.05510465  
5.049943756  
1.877143793  
3.591925313  
7.953510003  
11.39950768  
10.76262558  
4.920284319  
-4.453150452  
-13.46219267  
-17.68782764  
-14.23756424  
-3.175088267  
12.37387095  
27.51779314  
37.69837586  
40.59676402  
36.9380259  
29.82100055  
22.92648665  
18.51456592  
16.23369918  
13.36511755  
6.411033104  
-6.750848543  
-25.23686186  
-44.92221566  
-59.82064466  
-64.52130514  
-56.60035913  
-37.90167514  
-14.07554482  
7.457046735  
20.25124876  
21.13677949  
11.14178193  
-5.249630178  
-22.06734207  
-34.12749536  
-38.64556639  
-35.6283931  
-27.09713051  
-15.7147703  
-3.579743662  
8.260158315  
19.48215806  
29.72146903  
37.9519911  
42.47853422  
41.61747865  
34.713628  
22.90492109  
9.136290701  
-2.706775823  
-9.212999438  
-8.768055981  
-2.154718679  
7.870122183  
17.82870434  
25.00672941  
28.45387407  
29.02502117  
28.46953543  
28.05874938  
27.49238115  
24.70263727  
16.73950961  
1.373812438  
-21.33612998  
-48.30777676  
-73.9803382  
-92.02358201  
-97.55168882  
-88.92817635  
-68.39930813  
-41.28396945  
-14.05948139  
7.859661551  
21.751708  
28.0163271  
29.33543863  
29.04202306  
29.47860596  
31.06645361  
32.4295544  
31.41006297  
26.41279694  
17.40423951  
6.098276397  
-4.723922727  
-12.39898264  
-15.48987467  
-14.30317346  
-10.60812276  
-6.736418121  
-4.5219305  
-4.581687652  
-6.240942113  
-8.074421872  
-8.740846593  
-7.67337729  
-5.295311711  
-2.696749063  
-0.9869501392  
-0.6895713273  
-1.502301905  
-2.530835764  
-2.84912962  
-2.065806412  
-0.5819010797  
0.604723431  
0.4479291199  
-1.533869626  
-4.902688431  
-8.394326941  
-10.42086778  
-9.741712735  
-5.987141282  
0.1946252859  
7.401528491  
13.99226988  
18.59558193  
20.40632571  
19.21195494  
15.25278606  
9.091874513  
1.61539672  
-5.860497751  
-11.53749725  
-13.33177566  
-9.40271093  
1.109297754  
17.44627747  
37.05499218  
56.07938447  
70.44140137  
77.12742627  
75.14736308  
65.73138756  
51.6519507  
35.96224858  
20.73104659  
6.373868038  
-8.094328844  
-24.00817794  
-41.73345134  
-59.77110151  
-74.79664712  
-82.70610879  
-80.2443617  
-66.48555573  
-43.47300383  
-15.70043678  
11.35385659  
32.99465971  
46.61209504  
51.9973689  
50.64179597  
44.47974039  
34.78084518  
21.77678237  
5.185664405  
-14.70727092  
-36.08032437  
-55.36142461  
-68.04433097  
-70.2776525  
-60.54006573  
-40.60983897  
-15.31494373  
8.915396321  
26.14046183  
32.79871273  
28.65774945  
16.50993587  
0.8452204816  
-13.8614672  
-24.52274058  
-29.99269836  
-30.75843794  
-28.12226283  
-23.39511528  
-17.50229081  
-11.08710798  
-4.878508472  
0.05844252465  
2.46919501  
1.452156295  
-2.89562985  
-9.151069585  
-14.85570487  
-17.40953667  
-15.20852854  
-8.482174592  
0.6231726899  
8.836999887  
13.1339433  
12.08244577  
6.55255534  
-0.562941042  
-5.515017458  
-5.248952757  
1.33751978  
12.96500465  
26.52810727  
38.35177085  
45.57277969  
47.05459968  
43.49685679  
36.78957971  
28.99614554  
21.47674624  
14.54081859  
7.721267043  
0.450930381  
-7.257169413  
-14.49325214  
-19.65831709  
-21.08652497  
-17.77726673  
-9.896163621  
1.16829783  
13.19322027  
23.76662912  
30.92226384  
33.54798794  
31.48804772  
25.40012089  
16.50138369  
6.322474528  
-3.488071532  
-11.34190302  
-15.92700809  
-16.47519124  
-13.01463689  
-6.485679811  
1.39143521  
8.519924861  
12.99969205  
13.67188341  
10.42375273  
4.131631  
-3.72778226  
-11.62166095  
-18.42059751  
-23.58302711  
-27.01909104  
-28.75534065  
-28.62694788  
-26.21002143  
-21.07375765  
-13.24446974  
-3.623763089  
5.921755769  
12.95848045  
15.30062363  
11.94027347  
3.674487625  
-6.919059376  
-16.25716343  
-21.04635743  
-19.59943301  
-12.60359185  
-2.950618496  
5.382153746  
8.988744637  
6.538967286  
-0.5523920561  
-8.654996254  
-13.50039255  
-12.16435715  
-4.570474187  
6.224159967  
15.20125529  
17.59651001  
11.22093275  
-2.183888299  
-17.28078598  
-27.17378061  
-26.37987509  
-13.47597095  
7.796832448  
29.59201173  
42.88280246  
41.11105703  
23.03459917  
-6.479840693  
-38.1313348  
-61.69016685  
-69.89725533  
-61.13599665  
-39.77909991  
-14.11928079  
7.166474196  
18.46225672  
19.10639779  
13.01665557  
6.372628311  
4.534479873  
9.652653479  
20.01132372  
31.269551  
38.84925634  
40.21734399  
35.93961711  
29.06717159  
23.28784151  
20.89156415  
21.65470062  
23.22250358  
22.74703012  
18.8463221  
12.75721287  
7.963347176  
8.387466683  
16.0298478  
29.29519772  
42.98197549  
50.12126864  
44.93420489  
25.57857575  
-4.61502287  
-38.06065291  
-65.65655952  
-80.18266491  
-78.90062899  
-64.27687482  
-42.60959116  
-21.26863326  
-5.821092562  
1.727093366  
2.94286356  
1.437448489  
0.6790469101  
2.230793507  
5.180433616  
6.882900292  
4.506779377  
-3.439917135  
-16.31518887  
-31.54943804  
-45.61892655  
-55.23958237  
-58.24730685  
-53.90716841  
-42.74295828  
-26.19111504  
-6.353149635  
14.09583746  
32.02285255  
44.23628945  
48.27858839  
43.41920986  
31.38922549  
16.357753  
3.905906997  
-0.7876736375  
5.096670235  
20.74156086  
41.70436779  
61.31241779  
72.9398863  
72.2748593  
58.69174854  
35.24146589  
7.370422557  
-19.0081491  
-39.27254848  
-51.05247174  
-54.21058965  
-50.12760768  
-40.81816943  
-28.3374856  
-14.63653975  
-1.688604238  
8.458496566  
13.95862296  
13.74816984  
8.125057842  
-1.078085421  
-10.96525266  
-18.58576495  
-22.04284783  
-21.15436936  
-17.31008876  
-12.58081729  
-8.543536328  
-5.460669034  
-2.278569967  
2.53607886  
9.784242559  
18.65914415  
26.77808824  
31.21647653  
30.06757314  
23.6998303  
14.96154439  
8.080021898  
6.683920765  
11.88609905  
21.42221197  
30.38212075  
33.30656835  
26.72448026  
10.93527789  
-9.848375383  
-29.12752884  
-40.80443909  
-41.71410109  
-32.8557361  
-18.80059477  
-5.611026054  
1.71756427  
1.113934606  
-6.18411167  
-16.73201616  
-26.76649568  
-33.86459247  
-37.58091273  
-38.88985397  
-38.92506841  
-37.8637058  
-34.66591267  
-27.83663554  
-16.74393849  
-2.656186745  
11.22649494  
20.93177029  
23.56796155  
18.92520397  
9.926437903  
1.567662827  
-1.245487801  
4.037763181  
16.35833142  
31.4534877  
43.77400908  
49.01237057  
46.02828493  
37.24567125  
27.3413051  
20.88492441  
20.09787514  
23.82659118  
28.21465868  
28.71490517  
22.43259133  
9.648684722  
-6.199142745  
-20.03209263  
-27.37404946  
-26.23786485  
-17.79396038  
-5.595452339  
6.15555565  
14.39082604  
18.15233689  
18.3887096  
16.83498547  
14.69557102  
11.89639897  
7.304533764  
-0.2557707131  
-10.82038512  
-22.66860272  
-32.70220431  
-37.70610909  
-35.88324869  
-27.87439469  
-16.70225412  
-6.601078452  
-1.244799875  
-2.190168637  
-8.256191709  
-16.12078305  
-21.84636146  
-22.62778294  
-17.97809902  
-9.855250249  
-1.730102451  
2.936778582  
2.119022233  
-4.04031354  
-13.42179686  
-22.87314458  
-29.43651827  
-31.33994593  
-28.40933934  
-21.84572882  
-13.57057386  
