7.486331863  
-2.706652843  
-16.26909842  
-29.48598387  
-37.9043663  
-37.99264984  
-28.54428532  
-11.24147991  
9.846881439  
29.61512548  
43.57049721  
49.1559143  
46.30427859  
37.1260383  
24.96902681  
13.27589346  
4.648221866  
0.3517065631  
0.2776132955  
3.22260914  
7.313963964  
10.46905499  
10.85859032  
7.371824642  
0.03361291468  
-9.761312317  
-19.37315501  
-25.51169867  
-25.23424413  
-17.06342846  
-1.797900863  
17.38055182  
35.67469925  
48.13776984  
51.34239589  
44.61809919  
30.34675653  
13.15878656  
-1.688091168  
-10.13000047  
-10.61746807  
-4.4463237  
4.978705542  
13.59101345  
18.19807085  
17.49614905  
12.22388698  
4.51113293  
-3.184782333  
-9.034425273  
-12.28523898  
-13.1032758  
-12.02212792  
-9.390634484  
-5.168916243  
0.8071439072  
8.264053822  
15.99956841  
21.82735194  
23.11586803  
17.76907705  
5.239018803  
-12.91185017  
-33.21988237  
-51.29680108  
-63.22701294  
-66.83937821  
-62.34678655  
-52.10963234  
-39.64669809  
-28.32436456  
-20.2638368  
-15.87651357  
-14.13654069  
-13.37156731  
-12.15037972  
-9.853343449  
-6.712025966  
-3.388280686  
-0.3869766692  
2.346083822  
5.418794001  
9.596490476  
15.25178898  
21.98312359  
28.63300663  
33.7185692  
36.06008753  
35.27916877  
31.90118355  
27.00551352  
21.61251017  
16.1478525  
10.29432992  
3.34017993  
-5.141982856  
-14.65507211  
-23.56422843  
-29.51038497  
-30.33842894  
-25.14479699  
-14.94215317  
-2.571700175  
8.18108925  
13.945802  
13.04377805  
6.136999962  
-4.03484669  
-13.72066953  
-19.57504148  
-19.83545975  
-14.79637337  
-6.444328502  
2.511712506  
9.738911637  
14.02426648  
15.39425406  
14.6621437  
12.72215577  
9.996959752  
6.32302422  
1.300254644  
-5.124007426  
-12.19158625  
-18.28310734  
-21.36095654  
-19.73550461  
-12.82032992  
-1.538622142  
11.8061343  
24.15582696  
32.58685405  
35.14716718  
31.37735661  
22.38962464  
10.53340931  
-1.216722524  
-9.979658996  
-13.6376774  
-11.33560575  
-3.712359831  
7.209533871  
18.50435798  
27.13197266  
30.85082699  
28.96847422  
22.6284806  
14.45021273  
7.572204995  
4.413816554  
5.64049348  
9.794450499  
13.81381246  
14.29223718  
8.988416938  
-2.056297484  
-16.30583485  
-29.56739483  
-37.57062491  
-37.64465335  
-29.79214261  
-16.71065709  
-2.760885278  
7.673568056  
11.74995471  
9.034842057  
1.388193781  
-7.99347428  
-15.89802667  
-20.21218106  
-20.42396292  
-17.42783609  
-12.85402032  
-8.298807318  
-4.785492144  
-2.597768498  
-1.420862787  
-0.6127075746  
0.5502715226  
2.699703207  
6.220587101  
11.05159197  
16.46484153  
20.96911204  
22.52574246  
19.17000594  
9.911631831  
-4.442194437  
-20.99188399  
-35.29161786  
-42.70201523  
-40.10626007  
-27.2861914  
-7.302886222  
14.39541365  
31.86026846  
40.77149638  
39.90210953  
31.28298587  
19.01437213  
7.297892362  
-1.372770836  
-7.011083706  
-11.58031662  
-17.41534856  
-25.47834981  
-34.39368764  
-40.81643511  
-41.00367755  
-32.82330619  
-17.17450972  
1.950507124  
18.88092936  
28.54666173  
28.5712025  
20.19958419  
7.635137388  
-3.881352267  
-10.32702425  
-10.43400564  
-5.841736856  
0.1016380565  
4.200078633  
4.96031988  
3.080778109  
0.721288439  
0.04470052604  
1.884537901  
5.285741947  
8.156512629  
8.637727992  
6.385428329  
2.995148425  
1.260757539  
3.607816315  
10.52603909  
19.88121627  
27.5701388  
29.29993798  
22.67387808  
8.562889399  
-8.951188635  
-24.10403431  
-31.78600759  
-29.63607414  
-18.95474387  
-4.055492969  
9.603562727  
17.63143884  
18.28300551  
12.78638347  
4.417981909  
-3.115837231  
-7.190821932  
-7.03594528  
-3.573918706  
1.388831677  
6.088158671  
9.375873206  
10.77705588  
10.20757616  
7.699723901  
3.398695261  
-2.173948122  
-7.855825192  
-11.91814043  
-12.63990262  
-9.204831214  
-2.454175143  
5.016522262  
9.661956668  
8.471425458  
0.4925535489  
-12.37763646  
-25.83518481  
-34.78077777  
-35.4444848  
-27.05854974  
-12.2679734  
3.964500581  
16.48582061  
22.13110959  
20.93095937  
15.78817839  
10.80856883  
9.129024017  
11.32927419  
15.2153823  
17.07102084  
13.73255605  
4.427660797  
-8.565977691  
-20.79559209  
-27.62899772  
-26.40080589  
-17.66598911  
-4.960368663  
6.800872264  
13.50330758  
13.55566382  
8.376283637  
1.491440543  
-3.239161927  
-3.373444986  
1.198916286  
8.517583298  
15.72051957  
20.43339689  
21.66123776  
19.80981629  
15.97769778  
11.05202876  
5.201653828  
-1.927848606  
-10.47630408  
-19.6116728  
-27.32766973  
-31.068346  
-28.95800338  
-21.00748522  
-9.585177951  
1.243323816  
7.335311702  
6.348132832  
-1.036916374  
-11.20727209  
-19.08971008  
-20.38907776  
-13.58008817  
-0.7085048864  
13.41145459  
23.2734916  
25.09764317  
18.48982892  
6.588253406  
-5.359012393  
-12.31992753  
-11.64123838  
-4.080446864  
6.716498529  
15.99058432  
20.03709208  
17.76062043  
10.94294267  
3.174883051  
-1.974898  
-2.65486059  
0.5018569951  
4.856550436  
7.209285404  
5.48393454  
-0.1587712369  
-7.299636484  
-12.32981373  
-12.10712322  
-5.442336891  
6.246435994  
19.38907871  
29.61597908  
33.42223298  
29.4540038  
18.92146741  
5.02957856  
-8.280051514  
-17.73448248  
-21.73620557  
-20.64132596  
-16.30508815  
-11.17713544  
-7.363555192  
-6.017541757  
-7.222138778  
-10.29430548  
-14.27173716  
-18.31530197  
-21.86051724  
-24.52082957  
-25.8911951  
-25.44728106  
-22.6649689  
-17.33462829  
-9.898941444  
-1.58408882  
5.836173749  
10.62894907  
11.83011846  
9.778608573  
6.157874869  
3.435971347  
3.869533366  
8.468557745  
16.3890305  
25.07797483  
31.18380787  
31.89775669  
26.1680817  
15.24562871  
2.285504563  
-8.862942812  
-15.17659261  
-15.63507283  
-11.53757167  
-5.824309429  
-1.714520042  
-1.281233178  
-4.604839414  
-9.869308261  
-14.31918364  
-15.59374284  
-12.79247048  
-6.778246622  
0.3848902221  
6.530400824  
10.43852534  
12.29559263  
13.34701358  
14.96048724  
17.63441729  
20.52120412  
21.76452357  
19.50999092  
13.06848861  
3.593590134  
-6.148669791  
-12.88835773  
-14.34872012  
-10.40786497  
-3.324239108  
3.146063298  
5.3803887  
1.535674382  
-7.55068386  
-18.63089749  
-27.37291657  
-30.14526161  
-25.46608822  
-14.50042393  
-0.4475276096  
12.83126542  
22.27882375  
26.55782597  
26.09485088  
22.38140943  
17.00189087  
10.92928488  
4.411944139  
-2.594567472  
-9.811138325  
-16.28465255  
-20.57656597  
-21.4273181  
-18.5263173  
-12.91924766  
-6.750005618  
-2.386033516  
-1.32112412  
-3.40328104  
-6.807471637  
-8.818233216  
-7.086180283  
-0.7742845227  
8.95284355  
19.3393363  
27.16840621  
30.0974101  
27.59818799  
21.09998706  
13.31038699  
7.057848504  
4.186848917  
4.966513027  
8.199685442  
11.89091862  
14.10866376  
13.65435464  
10.31033324  
4.677925074  
-2.200566263  
-9.198124129  
-15.29480312  
-19.61693914  
-21.4441206  
-20.30405864  
-16.17231615  
-9.666886789  
-2.066894971  
4.956401769  
9.854421054  
11.75890823  
10.81173163  
8.076420627  
5.038763352  
2.918718972  
2.128504984  
2.151774077  
1.908085467  
0.4119492175  
-2.626438757  
-6.589560221  
-10.2571276  
-12.47412729  
-12.82181937  
-11.91264014  
-11.11889324  
-11.84710312  
-14.72655928  
-19.15096597  
-23.44842159  
-25.63586411  
-24.40143219  
-19.8183139  
-13.40819059  
-7.489109045  
-4.10712585  
-4.071429485  
-6.575131087  
-9.598947209  
-10.90402847  
-9.122184684  
-4.399891355  
1.722941721  
7.129052455  
10.20877156  
10.6474997  
9.50092836  
8.511226141  
9.017025533  
11.03616943  
13.03420633  
12.55908242  
