-45.28330983  
-52.69774624  
-52.98206639  
-46.06158671  
-33.37141458  
-17.20694715  
-0.006634529208  
16.16461712  
29.82727368  
40.05856651  
46.38567321  
48.74092509  
47.51537359  
43.63110257  
38.49830604  
33.76774293  
30.90220358  
30.71015714  
33.0388624  
36.77612529  
40.18643747  
41.46320311  
39.29215309  
33.2282175  
23.77896742  
12.21296361  
0.2032058592  
-10.5597777  
-18.69299281  
-23.35855486  
-24.42466013  
-22.5524596  
-19.1628166  
-16.20750448  
-15.69893833  
-19.05533913  
-26.45250427  
-36.46146124  
-46.22049421  
-52.21857329  
-51.5078043  
-42.92782729  
-27.83649682  
-9.969692768  
5.631072489  
14.30010723  
13.43069413  
3.502885646  
-11.97467515  
-27.62470348  
-38.04072047  
-39.61633479  
-31.68471733  
-16.57714303  
1.35750954  
17.33497557  
27.68841965  
30.83788968  
27.41218415  
19.62172264  
10.25474849  
1.745048184  
-4.363292855  
-7.471321885  
-7.645136202  
-5.256278156  
-0.7585236371  
5.327684952  
12.30895914  
19.25374446  
25.09727279  
28.92463014  
30.3098928  
29.52778204  
27.49572772  
25.430453  
24.3470206  
24.61286751  
25.75549847  
26.61339044  
25.7715735  
22.10551674  
15.22049261  
5.626975869  
-5.394451803  
-16.16810963  
-25.09418976  
-31.06085763  
-33.68383582  
-33.32678639  
-30.9168162  
-27.6138965  
-24.42025069  
-21.83106739  
-19.63136641  
-16.92652015  
-12.43941587  
-5.022696727  
5.764691611  
19.23055557  
33.47654277  
45.77845293  
53.34782173  
54.22998459  
48.00102283  
35.97005584  
20.77229505  
5.486211607  
-7.38322336  
-16.64278916  
-22.56852582  
-26.43214627  
-29.62838581  
-32.82255235  
-35.531966  
-36.35891491  
-33.78595276  
-27.16908332  
-17.44829652  
-7.198268976  
0.07936723719  
1.185365191  
-5.50443841  
-19.24101371  
-36.91906548  
-53.92956594  
-65.54308026  
-68.32529995  
-61.09167268  
-45.10667616  
-23.52593436  
-0.3485896184  
20.71210164  
37.06054205  
47.53866365  
52.24308541  
52.03287466  
48.00288633  
41.15677896  
32.37816855  
22.63965636  
13.26434308  
6.020155743  
2.892418509  
5.525171665  
14.49081844  
28.67591549  
45.09887892  
59.37090622  
66.79414426  
63.82867288  
49.44931272  
25.85893191  
-1.822346807  
-26.93583609  
-43.36253393  
-47.60740639  
-40.10848363  
-25.20834516  
-9.700291261  
-0.414626587  
-1.721848629  
-13.90771169  
-33.0660755  
-52.56629825  
-65.52193596  
-67.28289726  
-56.97710239  
-37.54021447  
-14.31779974  
7.084177155  
22.74990323  
31.41309581  
34.14120031  
33.07300022  
29.9572775  
25.27670567  
18.38016878  
8.482225343  
-4.092497607  
-17.19306137  
-27.16493196  
-30.17884127  
-23.98088972  
-9.203327575  
10.47022212  
29.47411206  
42.41654893  
46.13361895  
40.8285276  
29.79482219  
17.8738617  
9.374039344  
6.403333422  
8.335313894  
12.56045905  
16.05729015  
16.95184564  
15.29691172  
12.74184933  
11.35355391  
12.27658835  
14.97481521  
17.45785035  
17.34949478  
13.19512866  
5.275799281  
-4.533159226  
-13.79387313  
-20.86321982  
-25.8070254  
-30.31623778  
-36.59934137  
-45.79701808  
-56.77568429  
-66.02850412  
-68.88880336  
-61.59720412  
-43.28699816  
-16.91971384  
11.35962236  
34.26287636  
45.96352763  
44.16526922  
30.7722039  
10.93066239  
-9.068525415  
-24.07071039  
-31.55972694  
-31.85924205  
-27.15701871  
-20.00702935  
-12.12495519  
-4.032320414  
4.420240169  
13.11446611  
20.98250486  
26.07104767  
26.38311041  
21.05079285  
11.15955661  
-0.3082589843  
-9.494808392  
-13.220418  
-10.33081342  
-2.174678259  
8.031575886  
16.6393506  
21.0951269  
20.81994843  
17.05559128  
11.84387705  
6.763309794  
2.160280852  
-2.682839031  
-8.554838538  
-15.12079643  
-20.33018452  
-20.9577723  
-14.19749186  
0.4129543859  
19.78168472  
37.60715081  
46.43897861  
40.76121589  
19.78943186  
-11.37155898  
-42.96301011  
-63.93807619  
-66.21535158  
-48.07879292  
-15.23261618  
21.06411098  
48.15072996  
56.79335437  
44.75704997  
17.67598639  
-13.13261319  
-35.03168373  
-38.86709799  
-22.33739052  
9.317399126  
45.45835239  
74.06797427  
86.03269545  
78.08882331  
53.47093245  
20.25290359  
-11.76913566  
-34.36892989  
-43.18281127  
-38.37019492  
-23.70563723  
-4.722830887  
13.2534589  
26.49508429  
33.365213  
34.01606108  
29.65262448  
21.77356561  
11.66841487  
0.2462797266  
-11.89036863  
-24.27367902  
-36.41128738  
-47.68150686  
-57.2764507  
-64.19195838  
-67.29627344  
-65.52770239  
-58.23508895  
-45.58672417  
-28.88182513  
-10.56575058  
6.178589258  
18.22402575  
23.44801224  
21.48260833  
13.93550572  
3.930312805  
-4.913235337  
-9.692426419  
-9.1587305  
-4.006611638  
3.591447614  
10.98851797  
16.15959129  
18.41137274  
18.41056667  
17.55500872  
17.02135793  
16.97465926  
16.35106929  
13.35020152  
6.429889813  
-4.660205307  
-18.31359071  
-31.28672881  
-39.67460306  
-40.27282605  
-31.77291355  
-15.29845046  
5.935488274  
27.68933765  
46.0463516  
58.49930196  
64.37901197  
64.53504199  
60.50729486  
53.62919579  
44.49128375  
32.98425273  
18.84276399  
2.362094053  
-15.11936984  
-31.26184608  
-43.32444251  
-49.08914821  
-47.71388365  
-40.1420373  
-28.88107262  
-17.2263188  
-8.227781027  
-3.786974517  
-4.198589798  
-8.262858693  
-13.87441771  
-18.83490024  
-21.59003541  
-21.65703404  
-19.64242687  
-16.89175644  
-14.91647496  
-14.78886554  
-16.68881314  
-19.74363831  
-22.23031206  
-22.11978039  
-17.8340504  
-8.987378683  
3.171066954  
15.85653358  
25.48300319  
28.88583727  
24.64478563  
13.98368452  
0.7872794321  
-9.441960425  
-11.44672312  
-2.267880153  
17.3213735  
42.66183055  
66.54523768  
81.65261491  
83.21164526  
70.82689108  
48.70888052  
24.1449086  
4.774810071  
-4.253121983  
-2.100358725  
7.699779363  
18.9321159  
25.3991927  
23.47125668  
13.41661682  
-1.003237912  
-14.4211979  
-22.33924052  
-23.07246832  
-18.32468894  
-12.20718228  
-9.221883619  
-12.17495429  
-20.97159636  
-32.79143671  
-43.48494896  
-49.47715266  
-49.27416508  
-43.91026017  
-36.21290143  
-29.33062524  
-25.28469535  
-24.23836406  
-24.7720014  
-24.9314698  
-23.44120732  
-20.42384948  
-17.2575275  
-15.66963612  
-16.56941323  
-19.26021213  
-21.47718114  
-20.27941609  
-13.39315554  
-0.3760152165  
16.94748746  
34.98642246  
49.59938019  
57.49921979  
57.27230994  
49.6530497  
37.04598255  
22.59862918  
9.253501613  
-0.8845111535  
-6.757168976  
-8.256010803  
-6.030980109  
-1.353566959  
3.976971093  
7.825605468  
8.152930622  
3.679933519  
-5.431746271  
-17.23970041  
-28.32756494  
-34.8162172  
-33.78642289  
-24.54982322  
-9.17066673  
8.09857988  
22.34616966  
29.91556545  
29.8971245  
24.51651579  
18.1884182  
15.58771241  
19.54341802  
29.66916088  
42.34851005  
52.11627415  
53.87379769  
45.01512341  
26.57994778  
2.968370374  
-19.64060472  
-35.49751681  
-41.22444451  
-36.75899983  
-25.02221855  
-10.56677588  
2.159869706  
10.22270388  
12.79134602  
10.83156798  
6.196034166  
0.6167549583  
-4.943703974  
-10.36257907  
-15.9317103  
-21.74120865  
-27.22964164  
-31.14312773  
-31.93136246  
-28.40494236  
-20.36515848  
-8.935215393  
3.559779003  
14.14877758  
20.04339418  
19.48775666  
12.36850639  
0.3868262717  
-13.29153938  
-24.84807801  
-30.88396863  
-29.45125389  
-20.7141031  
-6.991538327  
7.890080343  
19.77346299  
25.50791478  
23.98467227  
16.4809899  
6.15678455  
-3.136351142  
-8.300213035  
-8.14147868  
-3.784436471  
1.814926688  
5.056650865  
3.115946964  
-4.960004496  
-17.88311979  
