-0.9535780865  
-7.089592599  
-14.12213622  
-19.91598258  
-22.39249082  
-20.37007062  
-14.11940597  
-5.352841378  
3.4005917  
9.801548127  
12.65897871  
12.4020324  
10.82630564  
10.20135634  
12.13280534  
16.7088216  
22.35325435  
26.49294304  
26.76536395  
22.22221645  
13.95807447  
4.83339062  
-1.633346203  
-2.74526064  
2.168199217  
11.36332987  
21.30151607  
28.0241438  
28.69884523  
22.68303144  
11.6721503  
-1.089747909  
-12.15033704  
-19.13350311  
-21.42229136  
-20.00582174  
-16.65612792  
-12.9065304  
-9.364839554  
-5.693455075  
-1.225553402  
4.156128991  
9.402200986  
12.34866672  
10.5116871  
2.308055557  
-11.87133947  
-29.29928146  
-45.54134606  
-55.91946195  
-57.25734536  
-49.18702488  
-34.43738403  
-17.92871816  
-4.990668174  
0.6058111836  
-1.978070278  
-10.4172543  
-20.21842525  
-26.53295237  
-26.05409532  
-18.24580459  
-5.436524814  
8.219307883  
18.45651221  
22.58051603  
20.44671809  
14.37833562  
8.105076824  
5.191867696  
7.607702069  
14.99545276  
24.89473619  
33.77880558  
38.4539102  
37.25605888  
30.59799485  
20.7034758  
10.69284499  
3.417078534  
0.496265406  
1.893263197  
6.114752261  
10.88635574  
13.99589523  
13.98510265  
10.48386039  
4.151465236  
-3.66110351  
-11.34734623  
-17.42415133  
-20.78323137  
-20.83025885  
-17.56524272  
-11.63406889  
-4.321154201  
2.593249948  
7.176118584  
7.870545379  
4.078630591  
-3.423530354  
-12.46555208  
-19.97403105  
-22.89922585  
-19.29748991  
-9.173924846  
5.276568784  
20.19806564  
31.25373075  
35.07223521  
30.44082402  
18.79025351  
3.766063266  
-9.980505549  
-18.35102561  
-19.14468622  
-12.70955662  
-1.689450909  
10.00219008  
18.56986188  
21.56434077  
18.52765816  
10.88387752  
1.201978035  
-7.821707463  
-14.2526816  
-17.37521772  
-17.62593251  
-16.1310245  
-14.10850428  
-12.39912101  
-11.28194221  
-10.57297826  
-9.88063242  
-8.851070624  
-7.286855139  
-5.123599956  
-2.340536903  
1.087358561  
5.129914612  
9.556349833  
13.80374214  
16.98167249  
18.08013795  
16.34223485  
11.65597202  
4.774219103  
-2.78404274  
-9.171986787  
-12.85874221  
-13.23241651  
-10.90153605  
-7.532920936  
-5.244933922  
-5.760769546  
-9.644152586  
-15.93117991  
-22.33706512  
-26.00146364  
-24.52438413  
-16.91961133  
-4.124633485  
11.14454836  
25.17257719  
34.4062152  
36.60206059  
31.5629036  
21.20369626  
8.922805618  
-1.505117845  
-7.133258326  
-6.734066524  
-1.086288874  
7.415422745  
15.66127263  
20.8966208  
21.57750555  
17.72448685  
10.69124556  
2.487793975  
-5.039506957  
-10.83441266  
-14.82840436  
-17.66795097  
-20.13415686  
-22.5456973  
-24.43497054  
-24.65942068  
-21.90889203  
-15.38776542  
-5.363098414  
6.679760781  
18.36984572  
27.1609634  
31.14968111  
29.68790566  
23.56431779  
14.70706322  
5.546754228  
-1.706395227  
-5.616714423  
-5.759863338  
-2.641608428  
2.581156207  
8.420622897  
13.31342098  
15.8016253  
14.70469778  
9.351183064  
-0.1346092431  
-12.60174213  
-25.87382631  
-37.12201397  
-43.60763862  
-43.59582623  
-37.09340183  
-26.05555416  
-13.87135671  
-4.229838388  
0.2392837294  
-0.9984315892  
-6.139234246  
-11.75731523  
-14.23783138  
-11.34525491  
-3.246883614  
7.48918852  
16.9678764  
21.67856489  
20.09925645  
13.4619859  
5.296732751  
-0.08910896657  
0.4533813602  
7.427399295  
18.34307308  
28.70722357  
33.94503523  
31.4146193  
21.61133932  
8.005373146  
-4.436641646  
-11.39924563  
-11.07770123  
-4.9132934  
3.128261235  
8.409960189  
7.767534272  
0.9717499411  
-9.154573357  
-18.01571173  
-21.33570624  
-17.11586994  
-6.575989671  
6.335050334  
16.62590201  
20.38097205  
16.36830555  
6.448439403  
-5.350955424  
-14.63188694  
-18.46721776  
-16.48071347  
-10.7449241  
-4.628430619  
-1.184411805  
-1.834283374  
-5.906753003  
-11.15667332  
-14.93048355  
-15.37945031  
-12.16322078  
-6.385362187  
0.1020362231  
5.601434713  
9.211007669  
10.93244888  
11.29314182  
10.79367604  
9.557839128  
7.406688246  
4.293268206  
0.7869473476  
-1.769830424  
-1.647675613  
2.434757942  
10.41460665  
20.42435771  
29.11583854  
32.76413851  
28.75630659  
16.83502329  
-0.4829829498  
-18.56881658  
-32.21733382  
-37.4643095  
-32.96027741  
-20.36049307  
-3.605672605  
12.57194763  
24.28702592  
29.6406469  
28.98090236  
24.30400455  
18.16702679  
12.63175455  
8.661811331  
6.124704288  
4.2544725  
2.25275674  
-0.2873967475  
-3.289514949  
-6.380823219  
-9.170045561  
-11.42370571  
-13.06425429  
-14.05587515  
-14.32388062  
-13.81580389  
-12.68690486  
-11.46307227  
-10.99616428  
-12.12212411  
-15.12034958  
-19.24785292  
-22.66931468  
-22.96490389  
-18.12015689  
-7.614488793  
6.913534891  
21.83694095  
32.62263582  
35.47571609  
28.88602606  
14.38739283  
-3.868662457  
-20.6197298  
-31.48645902  
-34.61369446  
-31.24585651  
-24.97938043  
-20.02151545  
-19.23385362  
-22.83921572  
-28.3702501  
-31.87149643  
-29.79247473  
-20.69743941  
-6.006917987  
10.55921595  
24.56612663  
32.73571677  
34.24533929  
30.87566825  
25.97640373  
22.76921789  
22.80515784  
25.30153956  
27.65341483  
26.8517264  
21.11486899  
10.94575504  
-0.8946403909  
-10.49429714  
-14.47003452  
-11.45098495  
-2.693362163  
8.442257498  
17.9039421  
22.61143325  
21.63769629  
16.41488349  
9.920283946  
5.248321413  
4.22385195  
6.660184206  
10.54914649  
13.04626432  
11.77507227  
5.863990201  
-3.715851166  
-14.61290122  
-24.10416994  
-30.18101097  
-32.24209479  
-31.12883354  
-28.54205259  
-26.14171432  
-24.74769274  
-23.9880338  
-22.52791174  
-18.75838809  
-11.63541909  
-1.31048403  
10.70962607  
21.9413064  
29.69988798  
31.98802012  
28.18129834  
19.27866945  
7.64315855  
-3.670594288  
-11.77795101  
-14.74672664  
-12.07356091  
-4.736452766  
5.161548017  
15.02633528  
22.48810199  
25.99918961  
25.16935732  
20.77774344  
14.48910237  
8.368407033  
4.321766039  
3.59239913  
6.420888152  
11.94456505  
18.37018862  
23.40392928  
24.86308399  
21.33268598  
12.68506296  
0.2784716602  
-13.28607532  
-24.84588628  
-31.63195346  
-32.20321426  
-27.01981855  
-18.39994847  
-9.807134448  
-4.670415537  
-5.146173939  
-11.29276675  
-21.00328937  
-30.76058158  
-36.94898277  
-37.21948122  
-31.3641598  
-21.34670637  
-10.4799585  
-2.098658692  
1.715150342  
0.8288744122  
-3.084595485  
-7.419556026  
-9.810052587  
-9.061626584  
-5.443009862  
-0.2649069209  
4.977609842  
9.418836527  
13.15678664  
16.94070936  
21.40330037  
26.29115222  
30.17572455  
30.89425624  
26.58553869  
16.84022697  
3.360997543  
-10.29459873  
-19.90359208  
-22.25617783  
-16.59632747  
-5.141331107  
7.634742131  
16.72722061  
18.6432094  
12.88916238  
2.241189402  
-8.355823596  
-13.82470958  
-11.08402536  
-0.3776087691  
14.74695241  
28.79360934  
36.43687377  
34.53662185  
23.25612391  
5.892182928  
-12.43612378  
-26.65158668  
-33.38349872  
-31.83760429  
-23.6579924  
-11.98831637  
-0.2175594651  
9.069810841  
14.60509449  
16.36502239  
15.12385123  
11.93295358  
7.766797243  
3.409680049  
-0.5023613698  
-3.438095369  
-5.033595045  
-5.250833336  
-4.517626201  
-3.706911054  
-3.886173806  
-5.897459188  
-9.941123338  
-15.36503441  
-20.78473212  
-24.51384389  
-25.14194131  
-22.02872436  
-15.52330451  
-6.838771951  
2.342238152  
10.35935118  
15.98238811  
18.62362011  
18.34408197  
15.7217837  
11.66758541  
7.241086694  
3.468072325  
1.139372927  
0.5960265519  
1.5627536  
3.132572791  
3.987727883  
