56.52037048  
-34.01386558  
-148.740765  
-246.8065236  
-288.0015572  
-250.3863076  
-140.828552  
6.579334683  
143.8404507  
228.4012044  
240.0632434  
188.1121741  
105.7617179  
34.71627935  
6.960126241  
31.85733075  
93.93758477  
161.7159195  
202.9470507  
199.0963152  
152.6078313  
84.20740403  
22.15642887  
-11.12910801  
-8.883869595  
17.92103153  
46.57890044  
53.48204019  
24.68651072  
-38.29866695  
-119.490988  
-195.082417  
-242.435368  
-247.6345855  
-209.0141786  
-136.1667913  
-45.7943679  
43.40564389  
114.9656855  
157.1840371  
164.1994629  
136.2815887  
79.76960966  
6.516775555  
-67.69667392  
-126.1433572  
-155.1857041  
-148.2155729  
-107.9459924  
-45.86800469  
21.26412349  
76.79217996  
109.3743922  
116.0865826  
102.3036236  
78.61918216  
56.25630654  
42.91674614  
40.62957043  
46.13969294  
53.24582036  
55.78662406  
49.94711812  
35.12092082  
13.35635969  
-11.98588308  
-37.57789866  
-60.94493357  
-80.67066193  
-96.2259157  
-107.7193222  
-115.700779  
-120.9426577  
-124.0666343  
-125.0361379  
-122.7731535  
-115.2741463  
-100.4407205  
-77.43297535  
-47.91865179  
-16.424295  
10.7175666  
27.65530353  
31.6216473  
24.54698478  
12.63489702  
3.736460368  
3.491869185  
12.0109859  
22.8736852  
25.32167413  
9.040344238  
-30.425162  
-88.14267392  
-150.0628897  
-197.426498  
-213.7650952  
-191.6395153  
-136.1679245  
-63.62762621  
4.506939358  
49.73923026  
63.55988778  
50.35426129  
24.99619887  
6.181718191  
8.375004239  
35.79378615  
80.9448861  
128.2168791  
160.8605754  
168.2696321  
150.4172974  
117.6160857  
85.82087792  
69.61415238  
75.94561111  
101.2912102  
133.3535656  
156.445989  
158.159618  
134.4429881  
91.01419618  
40.67179871  
-2.147487217  
-27.09806188  
-31.47856681  
-20.23695882  
-2.714032703  
12.13051966  
19.66425747  
20.88075595  
20.59927792  
23.68976423  
31.43159315  
40.04559623  
42.31742859  
31.59085592  
6.074515237  
-28.93092261  
-62.37852944  
-82.12362798  
-80.83149465  
-60.20990414  
-31.17864482  
-9.409501817  
-7.958294339  
-30.36658351  
-67.72165426  
-101.5601531  
-111.8051995  
-86.39070214  
-28.1054306  
44.86488469  
105.4952346  
129.0857196  
104.2065938  
38.41519165  
-44.10636563  
-112.2494854  
-140.8809747  
-121.2530653  
-64.26432037  
4.848758274  
57.88842816  
75.86775038  
56.41614448  
13.20856561  
-31.94517008  
-60.21238963  
-64.48629591  
-51.52970886  
-36.69703378  
-34.22516632  
-48.36194102  
-70.18371858  
-82.01852481  
-67.40045844  
-21.44712745  
43.9398826  
103.2786929  
128.2070969  
100.9026939  
23.7913759  
-79.43124135  
-172.4864468  
-221.3375032  
-208.5621211  
-140.7182221  
-45.27632777  
41.53889211  
90.48411009  
91.48615646  
56.84997982  
14.23659685  
-7.142328898  
9.364443037  
59.90613895  
121.8734309  
164.3612807  
162.4735726  
108.9992748  
18.34391954  
-78.84800593  
-147.8644647  
-163.6031528  
-120.1104404  
-32.37269592  
69.87494151  
153.3941303  
193.1295768  
180.0395906  
122.7002504  
42.85126368  
-32.84996287  
-81.67094315  
-91.36711375  
-62.78850979  
-8.315623813  
52.87840356  
101.0407172  
121.6696832  
109.3744871  
68.77656513  
12.28919093  
-44.45858579  
-87.98773596  
-111.199162  
-114.8645891  
-105.8099543  
-92.6266471  
-80.93015459  
-70.52836524  
-56.05707635  
-30.95741102  
7.157653385  
52.70636537  
92.4206704  
110.3480793  
95.72335307  
49.99485779  
-10.8929011  
-61.02636019  
-74.77538723  
-38.65701633  
40.6649687  
136.5425805  
211.5746816  
232.6375631  
185.4495943  
82.09871674  
-42.30324936  
-143.0014682  
-183.643575  
-151.3205143  
-62.03259744  
45.91575623  
127.8222728  
150.9480637  
107.4593442  
16.5507821  
-84.81000604  
-158.0945502  
-179.094237  
-146.6500838  
-80.91154904  
-12.62145827  
31.18430498  
38.4297994  
15.41472117  
-18.48838679  
-41.68153848  
-41.22762426  
-18.66474681  
11.63893975  
30.30766466  
22.85735914  
-13.1349678  
-66.82036336  
-119.0673718  
-151.0114869  
-152.067276  
-123.8459134  
-78.55230289  
-33.03257412  
-1.481664446  
9.878323025  
4.05650372  
-9.574952867  
-20.5060535  
-22.07193247  
-14.01460987  
-1.779777951  
6.768193881  
5.491292742  
-6.895856433  
-25.95624373  
-43.09860696  
-48.79762904  
-36.15921296  
-3.54233  
44.59895621  
98.85786099  
147.5965517  
180.3995455  
191.2035946  
180.1020258  
153.1644139  
120.2000317  
91.12010405  
72.16596731  
63.49538761  
59.25408024  
50.33374532  
28.85260985  
-7.515306685  
-53.38990021  
-96.96720208  
-124.5120527  
-126.2939784  
-101.3363071  
-58.65118408  
-14.0913904  
16.05300988  
21.96836217  
4.580949995  
-24.91554642  
-50.21373579  
-57.44606696  
-41.62651062  
-8.887412177  
26.63911226  
49.86529499  
52.31738091  
36.46403503  
14.52967919  
2.205914603  
10.26748488  
38.30555322  
73.94022793  
98.29349942  
95.38859389  
61.00856442  
6.505078952  
-44.77908749  
-67.36107424  
-45.51184379  
18.30054771  
102.6352827  
174.8581973  
204.46396  
176.2620422  
97.58263948  
-3.85505973  
-90.71803199  
-130.9832603  
-110.6871609  
-39.15260993  
55.3289761  
137.2267439  
177.6665794  
164.5688663  
105.0748109  
19.95620007  
-66.71649848  
-137.5083012  
-186.6600117  
-218.479819  
-240.757214  
-257.2881656  
-263.8488464  
-249.9553087  
-205.5488188  
-128.9840522  
-31.78891457  
62.89434391  
128.160202  
144.2081952  
107.1959949  
31.71970367  
-54.58680513  
-122.1507339  
-151.318803  
-139.5927442  
-100.9841939  
-57.95265664  
-29.92705154  
-24.03417503  
-32.55732727  
-38.30780199  
-25.1301295  
11.88864093  
61.92485513  
102.3288095  
109.4503187  
71.28685464  
-4.362548616  
-90.7123803  
-152.119361  
-159.3751721  
-103.3094754  
-0.2925915188  
113.2899611  
195.5582335  
216.4683355  
170.3753789  
78.29258219  
-21.1247762  
-87.85153368  
-96.86757236  
-47.60631053  
37.27752855  
122.7314987  
176.4659449  
181.5928082  
141.4707438  
75.37132178  
7.856439802  
-42.60524241  
-70.39895736  
-82.20978461  
-90.25888358  
-103.4347907  
-121.1861496  
-133.3326834  
-125.7159254  
-88.55288951  
-23.00310855  
57.56942537  
132.414989  
181.9935421  
196.1740011  
178.1031999  
141.9947137  
106.0623449  
84.12111664  
79.88332833  
86.51132923  
91.3450843  
83.22902489  
58.7263048  
24.20840073  
-7.077137417  
-21.41832945  
-11.39578459  
20.18734868  
60.94815657  
93.75220066  
103.5255771  
83.14666918  
36.1040677  
-24.89508311  
-82.54561573  
-120.8775508  
-130.3723598  
-110.7048848  
-70.5075815  
-24.47869195  
11.21532694  
23.98819076  
9.011316723  
-28.68078529  
-75.01637141  
-110.8372069  
-118.2015076  
-87.23501672  
-21.08308962  
63.28764937  
139.4624507  
180.2009116  
167.4505747  
99.89373472  
-5.264074114  
-117.4792345  
-203.3967989  
-238.7326982  
-216.7607422  
-149.9439697  
-64.1166136  
12.20279143  
58.7321078  
69.98853811  
55.01472727  
30.96557363  
13.99752935  
11.90513357  
21.80012767  
33.44725333  
36.03610018  
24.59346326  
2.665409088  
-19.9641215  
-33.0639979  
-31.97272576  
-20.52453189  
-9.297119141  
-10.13419766  
-29.88238822  
-66.66592153  
-110.6267912  
-148.6569036  
-170.546563  
-173.2999312  
-161.4581617  
-143.5112983  
-126.6196391  
-112.7287136  
-98.26918454  
-77.50082906  
-47.38356654  
-10.89308463  
23.47039922  
46.02630361  
51.79250039  
44.42893039  
35.57479011  
39.33837806  
64.4957589  
108.5575833  
157.2757806  
190.5293113  
192.1217766  
158.6486825  
102.6083317  
47.52607049  
16.86334546  
21.88789664  
54.67754491  
90.32259793  
98.05485535  
