-13.15307185  
-22.81177255  
-29.56661638  
-32.90099464  
-33.25463686  
-31.35942507  
-27.72580548  
-22.50802849  
-15.71755725  
-7.555503975  
1.402767302  
10.30905588  
18.36599703  
25.15652134  
30.75343852  
35.51814755  
39.69542284  
43.05187774  
44.80043472  
43.89941213  
39.59424444  
31.91106893  
21.80988887  
10.87275448  
0.6567437399  
-7.958558132  
-15.06824978  
-21.49271449  
-28.08030913  
-34.92196215  
-40.92409955  
-44.03903114  
-42.12988966  
-34.10851531  
-20.80196008  
-5.081891649  
8.893673491  
17.07013081  
16.95599436  
8.540756728  
-5.711574878  
-21.77087576  
-35.442877  
-43.67028687  
-45.23134882  
-40.65213224  
-31.5225965  
-19.65384696  
-6.517751698  
6.814432279  
19.33709567  
29.72158351  
36.24221882  
37.19048115  
31.63880014  
20.16442805  
5.097127925  
-9.951391537  
-21.17128246  
-25.82752829  
-23.17023402  
-14.5735149  
-2.842693964  
8.984920521  
18.78699869  
25.9327101  
31.06167203  
35.24008822  
38.97686812  
41.64509081  
41.63856486  
37.20746869  
27.55579866  
13.62804221  
-1.856162661  
-15.20612705  
-23.08256204  
-23.76007055  
-17.76568104  
-7.609680484  
3.262744853  
11.82603989  
16.53998486  
17.68854846  
16.90076338  
16.13500949  
16.63047187  
18.30742664  
19.85823641  
19.43709238  
15.59109369  
7.99426189  
-2.32902948  
-13.34926762  
-22.75017224  
-28.68762673  
-30.28504428  
-27.72090395  
-21.96134892  
-14.32749146  
-6.109673731  
1.641771596  
8.143777533  
12.81557355  
15.22980379  
15.13672751  
12.54101229  
7.759749313  
1.3982643  
-5.765111216  
-12.93114561  
-19.39025597  
-24.54369863  
-27.85649534  
-28.82243962  
-27.02752711  
-22.33836539  
-15.14429172  
-6.506760294  
1.931240133  
8.330060516  
11.23894216  
10.15755845  
5.812156156  
-0.0240298614  
-5.146601336  
-7.748168833  
-7.117322052  
-3.899722787  
0.2064272244  
3.198910815  
3.638770549  
1.251698209  
-3.002260746  
-7.413829117  
-10.33054851  
-10.90237348  
-9.416122474  
-7.065193859  
-5.270938481  
-4.888440757  
-5.689186727  
-6.387263308  
-5.222945457  
-0.8528392222  
6.857049221  
16.51154134  
25.51873202  
30.97413568  
30.75647681  
24.39612395  
13.36055659  
0.6275120385  
-10.30752359  
-16.62686615  
-17.15284658  
-12.72899096  
-5.88599866  
0.08628418846  
2.333367724  
-0.520278283  
-7.841611063  
-17.16215192  
-25.00387855  
-28.08475194  
-24.49479984  
-14.43164883  
-0.2253900375  
14.37691771  
25.43225127  
30.10189053  
27.5617826  
19.18795169  
7.953257128  
-2.720802112  
-10.1932943  
-13.41765691  
-13.02199382  
-10.66096112  
-7.973751974  
-5.66652844  
-3.182938766  
0.8561296756  
7.648661398  
17.15706652  
27.58828518  
35.77423259  
38.39228387  
33.52715824  
21.84179916  
6.729721412  
-6.755471457  
-13.83507487  
-12.00487526  
-2.200824022  
11.45042869  
23.26677836  
28.36842865  
24.73565205  
14.04155169  
0.8646550759  
-9.38326138  
-12.88304605  
-9.079312131  
-0.8251716725  
7.066840795  
10.18792242  
6.692068769  
-1.78181697  
-10.88143739  
-15.66140328  
-13.05820776  
-3.541009107  
8.869739627  
18.26471335  
19.45038462  
10.31091466  
-7.150430679  
-27.55895898  
-44.35385063  
-52.41477645  
-49.96511519  
-38.96146811  
-23.90610492  
-9.740937326  
0.144321042  
4.895641745  
5.837272245  
5.12832625  
4.255776886  
3.204450618  
0.7241226577  
-4.516662372  
-12.60119942  
-21.68066345  
-28.41533715  
-29.40686529  
-22.92584378  
-10.02730317  
5.590466385  
19.01589033  
26.21839284  
25.81839186  
19.66765908  
11.93306389  
7.101017423  
7.848557833  
13.7970726  
21.73674174  
27.19525484  
26.57663989  
18.83467261  
5.895429602  
-8.324672356  
-19.76693072  
-25.99940949  
-27.03925151  
-24.87463444  
-22.01262133  
-19.8773889  
-17.94346576  
-14.08610582  
-5.975336618  
7.228987355  
23.80926015  
39.6838469  
49.86745303  
50.55882613  
40.87985313  
23.4334052  
3.397454412  
-13.44345833  
-22.84641109  
-23.5056151  
-17.1528716  
-7.444968068  
1.739341237  
7.76897147  
9.887897618  
8.881185915  
6.153374867  
2.832878452  
-0.6041103645  
-4.081734649  
-7.350391028  
-9.595975316  
-9.608199714  
-6.502189744  
-0.5820062259  
6.246064415  
10.92799179  
10.54336852  
3.868838333  
-7.584242585  
-19.71345426  
-27.27869582  
-26.13437021  
-15.25561239  
2.428074061  
20.89003157  
33.29080422  
34.74733994  
24.38366878  
5.752966482  
-14.5614931  
-29.55110598  
-34.46093262  
-28.41971706  
-14.41444267  
2.235044225  
16.10714078  
23.59658689  
23.76925278  
17.99023626  
8.756404385  
-1.535013513  
-11.26390201  
-19.52053211  
-25.58237368  
-28.47415218  
-27.04610914  
-20.6150998  
-9.784256497  
3.149272921  
14.62713366  
21.07624762  
20.44117784  
13.21981098  
2.386713906  
-7.881336348  
-14.12731038  
-15.23799011  
-12.90231614  
-10.58627784  
-11.47012349  
-16.380816  
-22.84259751  
-25.87417405  
-20.3027224  
-3.555812489  
22.44603418  
51.34250791  
74.50268905  
84.46316557  
78.1265529  
58.24006715  
32.40985993  
10.01645597  
-1.635305328  
-0.234949891  
10.82565541  
24.22778458  
32.13276933  
29.65203142  
16.82939942  
-1.684659697  
-19.00538944  
-29.24959852  
-30.11712649  
-23.68245222  
-15.15027413  
-10.28294549  
-12.77304865  
-22.76894942  
-37.131149  
-51.14208158  
-60.73278567  
-64.13171685  
-62.22219982  
-57.5898871  
-52.88488987  
-49.3998375  
-46.56737946  
-42.54199444  
-35.45542049  
-24.61602456  
-11.01043512  
3.116102177  
15.31631985  
24.02768529  
29.1078724  
31.57621769  
32.77320586  
33.46418033  
33.42082023  
31.71742309  
27.55216266  
21.08758454  
13.77736907  
7.926751225  
5.667528052  
7.877146254  
13.63773183  
20.56933546  
25.91568199  
27.84986493  
26.3272718  
23.02587121  
20.37966349  
20.19022791  
22.54179967  
25.61375865  
26.53728861  
22.9027997  
14.16760794  
2.227481014  
-9.194936537  
-16.11461586  
-16.08997283  
-9.415608376  
0.882561255  
10.27731625  
14.64881353  
12.00939607  
3.27513916  
-8.234012091  
-18.29573022  
-23.57522648  
-22.89744514  
-17.48091611  
-10.12391221  
-3.814452798  
-0.4578275068  
-0.2894207172  
-2.150843431  
-4.366009963  
-5.684776893  
-5.789196721  
-5.147639849  
-4.38649055  
-3.616947359  
-2.166332916  
1.08338163  
6.910191414  
14.96305256  
23.45423852  
29.5914336  
30.62649958  
25.05842186  
13.41330784  
-1.801268836  
-16.98487251  
-28.7889848  
-35.31078881  
-36.60338719  
-34.3061084  
-30.62606443  
-27.20959544  
-24.47339488  
-21.70745689  
-17.84719996  
-12.45355572  
-6.324596166  
-1.352896998  
0.352804119  
-2.348018781  
-8.771379688  
-16.39381986  
-21.79372985  
-22.17639289  
-16.77617581  
-7.427710596  
2.052861035  
7.485067453  
6.254811211  
-1.322444524  
-11.87851748  
-20.24707204  
-21.61154477  
-13.63520203  
2.365945462  
21.75422805  
38.30760252  
46.65457285  
44.39218878  
33.00699807  
17.23208009  
3.134680271  
-4.250164983  
-2.767593346  
6.240575524  
18.71785923  
29.65632659  
35.05820473  
33.30093723  
25.43510582  
14.43103216  
3.813377453  
-3.691175247  
-6.974547444  
-6.624587873  
-4.391220846  
-2.388926237  
-2.393893113  
-5.438761273  
-11.69884187  
-20.53209359  
-30.54116388  
-39.64384975  
-45.26534281  
-44.79551348  
-36.34032366  
-19.58579901  
3.589271661  
29.14228638  
51.73574789  
66.29181816  
69.71915728  
62.11979368  
46.90435145  
29.64786606  
16.04749312  
9.763181001  
11.02723544  
16.62971894  
21.32495119  
20.09943729  
10.36291611  
-6.856609444  
-27.21461287  
-44.71636042  
-54.04419692  
-52.5813141  
-41.32628343  
-24.38492277  
-7.32882183  
4.847806192  
9.339461999  
6.134817482  
-2.480199055  
