14.48367444  
19.4901153  
15.49756576  
5.463536421  
-6.393080542  
-16.21782719  
-21.63022047  
-21.99579748  
-17.94445693  
-10.53265154  
-0.5401544086  
11.74574536  
26.19711846  
42.19926833  
58.10099169  
71.14331939  
78.03722128  
76.05513267  
64.23243478  
44.16030166  
19.94873535  
-2.774343447  
-18.58587167  
-24.14797234  
-19.54568092  
-8.508050499  
2.696795785  
7.415361332  
1.104424637  
-16.7361807  
-41.96507546  
-66.86402571  
-82.58985658  
-82.1999898  
-63.17874297  
-28.53385293  
13.96330663  
54.14085106  
82.54726822  
93.21910746  
85.14929592  
62.03666938  
30.56623824  
-2.00250318  
-29.97736264  
-50.36987331  
-62.79832601  
-68.47731804  
-68.95628173  
-65.26100712  
-57.77213985  
-46.71843294  
-32.8193907  
-17.55295094  
-2.779361493  
10.1221038  
21.09053752  
31.59943848  
43.92736191  
59.66081375  
78.09683787  
95.41724877  
105.2802753  
100.8811309  
77.8162297  
36.59292661  
-16.38888543  
-70.03249355  
-111.6966614  
-131.2376282  
-124.4246531  
-94.38814526  
-50.50346953  
-5.124338847  
30.56736604  
50.00574444  
52.72557584  
43.48079653  
29.56885202  
17.62142255  
11.23109372  
10.29507282  
12.11773047  
13.51888926  
12.80564957  
10.63620987  
9.426938056  
11.70944683  
18.36415046  
27.69745965  
35.88516482  
38.60428568  
33.07030442  
19.47725002  
1.117826978  
-16.90973265  
-29.82239704  
-35.11959843  
-33.49237427  
-28.27537266  
-23.73520521  
-23.03056282  
-26.8167933  
-33.14127299  
-38.64450211  
-40.45707787  
-37.85396508  
-32.85196919  
-29.44097813  
-31.78355276  
-42.19516143  
-59.81302073  
-80.54394622  
-98.31306629  
-107.0836153  
-102.82863  
-84.72018497  
-55.18545621  
-18.96500542  
18.33312285  
51.60233722  
77.12358429  
92.87634272  
98.44534609  
94.78708318  
84.02108392  
69.22226491  
54.05685938  
42.12628086  
36.06696219  
36.68374973  
42.52513362  
50.22191179  
55.6167915  
55.33357167  
48.16410597  
35.65004331  
21.53408008  
10.24302332  
5.015647739  
6.485269859  
12.36080041  
18.37580607  
20.112781  
14.90672419  
2.992139285  
-12.60604001  
-27.3721122  
-37.19280271  
-39.99785899  
-36.43825068  
-29.35333608  
-22.33143741  
-18.06429532  
-17.24930874  
-18.49761049  
-19.21548157  
-16.9778524  
-10.72202065  
-1.223684651  
9.297981957  
18.17642002  
23.36250735  
24.05172616  
20.64147796  
14.15750806  
5.558725389  
-4.643391507  
-16.2296901  
-28.70187097  
-40.68637615  
-49.75920689  
-52.93684012  
-47.71782945  
-33.23337289  
-10.94182842  
15.53359373  
41.44391589  
62.43039593  
75.86860898  
81.44457071  
80.71062387  
75.84859019  
68.25719088  
57.68811238  
42.4147975  
20.43180421  
-8.835631256  
-43.13542222  
-77.07031386  
-103.2034967  
-114.3289448  
-106.1098398  
-79.05635697  
-38.99737353  
4.2638199  
39.73809242  
58.55759009  
56.66339739  
35.94848268  
3.482984714  
-30.87567912  
-57.63483548  
-70.50282256  
-67.99300763  
-53.35138094  
-32.96032112  
-13.8743305  
-1.389679927  
2.531442386  
-0.4874742569  
-6.293218333  
-10.10141276  
-8.511197582  
-0.9025094253  
10.27366788  
20.40309654  
24.48219755  
19.11862763  
4.028540837  
-17.54218493  
-39.67986129  
-55.70367037  
-60.4664522  
-52.23250473  
-33.41127933  
-9.804630191  
11.43551387  
24.43695885  
26.84343886  
20.76165546  
11.96702909  
7.578460943  
13.04278217  
29.60965383  
53.36386607  
76.32324583  
89.30413275  
85.51651751  
63.49085378  
28.12839214  
-10.63877862  
-41.15806096  
-54.12028032  
-45.83492902  
-19.4687023  
16.20096481  
49.98542817  
72.15678842  
77.50176956  
66.47486667  
44.2010337  
17.96547191  
-5.620709967  
-22.59222768  
-32.07724357  
-35.33311862  
-34.12518383  
-29.42151415  
-21.08643981  
-8.632712106  
7.527887795  
25.19066671  
40.48740842  
49.14016733  
48.29107903  
37.97967558  
21.44054967  
3.944695741  
-9.359244322  
-15.61143187  
-15.36516207  
-12.09555113  
-10.30439803  
-13.13931067  
-20.71227166  
-29.97854847  
-36.27082627  
-35.74712835  
-27.52920253  
-14.43037512  
-1.853188922  
4.652656792  
1.998642908  
-8.952205  
-23.76531231  
-36.52197558  
-42.60412033  
-40.8136258  
-33.78797399  
-26.5181823  
-23.71927487  
-27.3747739  
-35.68535508  
-43.94422767  
-46.89219496  
-41.36520077  
-27.9071904  
-10.55016896  
5.10893929  
14.55651902  
16.41155936  
12.88576448  
8.489880635  
7.711709236  
12.88219507  
23.29040309  
35.90382052  
47.17693052  
54.86815034  
58.82954213  
60.36628514  
60.62830446  
59.11029523  
53.3368565  
40.1606315  
18.13661593  
-10.32320077  
-38.4083145  
-56.69603439  
-56.81245745  
-35.4425868  
3.241637022  
48.12688656  
84.78188254  
100.8134512  
90.70091724  
57.96747123  
13.66871293  
-28.18082049  
-56.23774563  
-66.03782076  
-60.98338509  
-49.82107227  
-41.94715343  
-42.84064534  
-51.7696744  
-62.74061831  
-68.0427312  
-62.48973909  
-46.17630895  
-24.38009639  
-4.728165148  
6.851975102  
9.256332211  
6.748709676  
6.602318684  
15.02736816  
33.49072773  
57.38574568  
77.85779854  
85.99734165  
77.37698921  
54.65398455  
26.83649222  
5.406208033  
-0.96563658  
9.366465154  
29.91205923  
48.65918398  
53.2993523  
36.72652936  
0.3293321139  
-46.39702056  
-89.71939425  
-117.2570957  
-122.8041781  
-108.3148609  
-82.32177592  
-55.68027143  
-36.68184161  
-27.75552273  
-25.13916799  
-21.48097194  
-10.00492072  
11.76492872  
40.42007277  
67.8701992  
84.69718926  
84.10756023  
64.75894483  
31.33167891  
-7.243876626  
-41.01603709  
-62.30082769  
-67.78293241  
-58.82820418  
-40.21384016  
-18.06729421  
2.057383949  
16.3286921  
22.88917254  
21.52601048  
13.24150514  
0.05167849906  
-14.9896405  
-27.83179342  
-33.891159  
-29.09110833  
-11.27070575  
18.56743122  
55.78902288  
92.8422591  
121.109215  
133.3622167  
125.9902123  
100.1834348  
61.62139638  
18.75681852  
-19.69461882  
-47.17047097  
-60.76531516  
-61.38461016  
-52.64299955  
-39.06820022  
-24.38816177  
-10.57081166  
2.091550469  
14.03903626  
25.20529693  
34.16214164  
38.13711698  
33.97919166  
19.6890054  
-4.170650116  
-33.87636887  
-63.1467295  
-84.84465945  
-93.20218149  
-85.73709717  
-64.11589022  
-33.6133394  
-1.366976641  
25.90791679  
43.88350919  
51.56822211  
50.98153308  
45.81975821  
39.75558062  
35.09057784  
32.24498414  
30.14457978  
27.16732301  
22.11273815  
14.74250373  
5.730317016  
-3.808363001  
-12.84025359  
-20.66344458  
-26.78239892  
-30.59055733  
-31.19521922  
-27.65253876  
-19.611379  
-8.054964732  
4.340334281  
13.61261337  
15.72091429  
8.149771334  
-8.786578089  
-31.609326  
-54.60776358  
-71.77094567  
-78.95828985  
-75.38473338  
-63.75730037  
-48.99267632  
-36.08581289  
-28.09028932  
-25.10702917  
-24.68769654  
-23.37560461  
-18.56382082  
-9.722126584  
1.607401721  
12.98905994  
22.76254819  
31.24111754  
40.70578445  
54.09159346  
72.97784213  
95.93097063  
118.1620553  
132.8735028  
133.8465059  
118.1682194  
87.84290929  
49.47345286  
12.04774499  
-16.27670535  
-31.03034721  
-32.72703193  
-26.09545702  
-17.67132716  
-12.88681091  
-13.96722958  
-19.50946923  
-25.79316346  
-29.06602862  
-27.62904959  
-22.71227259  
-17.77353949  
-16.64533579  
-21.50791464  
-31.71699838  
-44.05378394  
-54.2383302  
-58.91767569  
-57.1211987  
-50.46721799  
-42.04932963  
-34.60821604  
-28.9571463  
-23.50660654  
-15.17990942  
-1.303359167  
18.45928514  
41.13013028  
60.98143239  
71.51824353  
68.08435228  
49.97666457  
21.1286491  
-10.98275775  
-37.80846067  
-52.612571  
-52.6547163  
-39.8684362  
-19.86019253  
0.2849160897  
