-4.144921787  
-23.55993999  
-48.52288883  
-72.7807192  
-88.88416474  
-91.07226667  
-77.66435029  
-51.87590483  
-20.64701569  
8.041843308  
28.21055113  
37.95704405  
39.69811722  
38.53747817  
39.57491429  
45.42846786  
55.10538657  
64.69632255  
69.50097047  
66.53035756  
56.17624642  
42.25196601  
30.3872792  
25.52430214  
29.66718939  
40.89788677  
54.07838847  
62.89724612  
62.34475638  
50.56531507  
29.37343843  
3.346466889  
-21.98123114  
-41.98103256  
-54.09713342  
-57.98899157  
-54.83367908  
-46.33287066  
-34.0065513  
-19.09189937  
-2.955693245  
12.39398935  
24.18212795  
29.39628236  
25.85450924  
13.34261158  
-5.775821498  
-26.90357897  
-44.53061667  
-54.10293264  
-53.71652769  
-44.92554364  
-32.26958199  
-21.62865185  
-17.98965275  
-23.46582804  
-36.33952239  
-51.52892339  
-62.34821129  
-62.94551283  
-50.53960104  
-26.6346732  
3.253827516  
31.30296935  
49.94927418  
54.43706792  
44.45820695  
24.29434183  
1.388568671  
-16.18075511  
-22.4550092  
-15.61866744  
1.425493109  
22.13787268  
38.69886982  
44.79821381  
37.85690565  
19.89073326  
-3.273198997  
-24.11070238  
-36.04686815  
-35.66628745  
-23.71543927  
-4.608644475  
15.28694326  
29.88159209  
35.27908978  
30.74819683  
18.54164378  
2.803572469  
-11.90104582  
-21.86974702  
-24.99213016  
-20.8684063  
-10.51236597  
4.075682624  
20.27013349  
35.10058813  
45.58215511  
49.2310056  
44.75997099  
32.73864198  
15.86719943  
-1.44399522  
-14.24853652  
-18.70122357  
-13.57345161  
-0.9973851576  
13.98557055  
25.0432049  
26.81370498  
16.96993505  
-2.734524009  
-26.89477202  
-48.24315073  
-60.14528315  
-58.86944115  
-44.79654017  
-22.16470928  
2.483222556  
22.50662981  
33.19499855  
32.93778395  
23.25471791  
7.863386982  
-8.724128263  
-22.51592826  
-30.87743437  
-32.78630748  
-28.64961755  
-19.92693781  
-8.745269613  
2.453276541  
11.30034269  
15.9947618  
15.8494202  
11.69199072  
5.851037426  
1.555508723  
1.819821297  
8.175885418  
19.78560165  
33.40895022  
44.3909677  
48.38703504  
43.16295741  
29.68707935  
11.95827052  
-4.475104192  
-14.76895902  
-16.88132831  
-12.58056375  
-6.839829721  
-5.768174603  
-13.87460307  
-31.80050926  
-55.51655301  
-77.41094425  
-88.92245118  
-83.72585632  
-60.22918236  
-22.4050581  
21.36428603  
60.96916975  
87.75045567  
96.99989963  
88.94254417  
68.00116861  
40.81344259  
13.88794386  
-8.194444801  
-23.48151984  
-32.23200083  
-35.82311104  
-35.62904454  
-32.3989701  
-26.31943505  
-17.5676045  
-6.927536371  
3.943289274  
12.78897682  
17.45699472  
16.69042348  
10.6344013  
0.8337188577  
-10.25281716  
-19.98210991  
-26.18941027  
-27.56000748  
-23.67307808  
-14.8495561  
-1.998339761  
13.42178045  
29.36008714  
43.22072819  
52.18225475  
53.84959511  
47.08831336  
32.71374525  
13.66953388  
-5.519826191  
-19.95465891  
-25.85546032  
-21.81520932  
-9.323547255  
7.659243834  
23.94109786  
34.70162317  
36.88780493  
29.93568576  
15.63462417  
-2.718946851  
-21.49169303  
-37.76175525  
-49.91716702  
-57.70122214  
-61.81705869  
-63.33271573  
-63.13237765  
-61.57916776  
-58.44369402  
-53.07012816  
-44.70963799  
-32.93808672  
-18.05704633  
-1.353954355  
14.91961983  
27.95006288  
35.12860054  
34.99301561  
28.0020289  
16.76085819  
5.455813261  
-1.444461711  
-0.8149183292  
7.808426022  
21.83160206  
36.41536663  
46.28418556  
47.84187393  
40.69602878  
27.88053557  
14.60325513  
6.009550297  
4.936304825  
10.68659212  
19.42761032  
26.07111337  
26.78382396  
20.93104464  
11.4800997  
3.594420469  
2.025511268  
8.533547261  
20.6260819  
32.33388229  
36.79127  
29.49462556  
10.71594129  
-14.14116617  
-36.54598244  
-48.41668987  
-45.70428361  
-30.35062934  
-9.669042676  
6.661465186  
10.71535262  
-0.2410360299  
-22.50168299  
-47.41161249  
-64.93519362  
-67.74784475  
-54.10115789  
-28.30273904  
1.273169795  
25.66144411  
38.71147752  
39.01466839  
29.70897117  
16.50101774  
4.990118259  
-1.446885692  
-2.374979204  
0.4410795278  
4.596575954  
8.470055336  
11.76906958  
15.03215014  
18.53904059  
21.40178786  
21.48344705  
16.29592191  
4.448148018  
-13.13755781  
-32.95633541  
-49.86055225  
-58.86609664  
-57.04084096  
-44.62990012  
-24.9287294  
-2.993493486  
16.20153996  
29.34812195  
35.50636636  
35.77186962  
32.24418324  
26.90531755  
20.95014734  
14.77792623  
8.456834721  
2.236976831  
-3.271577038  
-7.364668835  
-9.738809168  
-10.82098626  
-11.63126705  
-13.1735906  
-15.6863543  
-18.23932226  
-19.02500827  
-16.31234952  
-9.611970967  
-0.3893652259  
8.190907923  
12.54357877  
10.45082276  
2.490586654  
-7.706709547  
-14.68610132  
-13.47699647  
-1.991765834  
17.62473422  
39.4307258  
55.85004948  
60.68871033  
51.68606677  
31.44662511  
6.308789718  
-16.34927727  
-31.14555227  
-36.69327493  
-35.67825178  
-33.04160166  
-33.19159612  
-37.61873511  
-44.07679458  
-47.71794106  
-43.61746941  
-29.43917753  
-6.925178451  
18.53975749  
40.10798072  
52.36728447  
53.58788515  
46.26350909  
35.71289171  
27.43820912  
24.52126645  
26.30717612  
28.98755222  
27.77397819  
19.58035733  
4.890815667  
-12.12084666  
-25.31420942  
-29.36024457  
-22.27762755  
-6.533152046  
11.82871948  
25.65470817  
29.65190213  
22.53835909  
7.440351149  
-9.602297006  
-22.31961648  
-26.87525295  
-23.34949054  
-15.44163706  
-8.596935729  
-7.4492676  
-13.7331137  
-25.56745084  
-38.37249551  
-46.95845604  
-47.82994533  
-40.69660528  
-28.5616024  
-16.39516446  
-9.002769738  
-9.013068376  
-15.82032082  
-25.88308804  
-34.20179756  
-36.32728628  
-30.07021834  
-16.2519769  
1.740736776  
19.34364272  
32.53882001  
39.22338923  
39.72947156  
36.37862875  
32.34541082  
30.3463361  
31.686901  
35.99219333  
41.63370454  
46.57649423  
49.2333752  
48.96552081  
46.0749489  
41.38460677  
35.6817135  
29.32985685  
22.23397657  
14.13578071  
5.037646617  
-4.516195929  
-13.48974774  
-20.74147902  
-25.55749136  
-28.04297607  
-29.13310869  
-30.16814156  
-32.20098807  
-35.36598599  
-38.63599902  
-40.13614449  
-37.92325402  
-30.91113559  
-19.52994613  
-5.805314408  
7.211363849  
16.44763732  
19.84681013  
17.02540453  
9.311874024  
-0.8055924808  
-10.55324041  
-17.70113916  
-21.04889134  
-20.46762885  
-16.60585245  
-10.49096656  
-3.236829909  
4.061876447  
10.32389526  
14.52034689  
15.87316626  
14.18758867  
10.14492124  
5.323081401  
1.800648114  
1.402084633  
4.862833143  
11.30090641  
18.30874011  
22.72837528  
21.86023652  
14.62434852  
2.169221527  
-12.36971123  
-24.90635139  
-31.8381836  
-31.30894376  
-23.80864889  
-11.90318776  
0.7488859534  
10.66671116  
15.60712481  
15.0673386  
10.15333875  
2.994557736  
-3.990475198  
-8.712737271  
-9.798559568  
-6.773988115  
-0.136853817  
8.648422666  
17.29961046  
23.13122383  
23.78417177  
18.13829504  
7.071362899  
-6.352631125  
-17.55098323  
-21.89267258  
-16.51515048  
-1.757305368  
18.48823138  
37.82913821  
49.57372145  
49.27618157  
36.58744434  
15.58427161  
-6.65305431  
-22.70358153  
-27.64944433  
-20.93499553  
-6.48147945  
8.967208755  
18.54456149  
17.86810265  
6.503048981  
-12.22196644  
-32.81784512  
-49.84319161  
-59.73263821  
-61.54714991  
-56.5300533  
-46.91960189  
-34.75277207  
-21.26971235  
-7.100052858  
7.073611713  
19.94803925  
29.61406194  
34.25001495  
33.12961677  
27.31426796  
19.49952633  
12.91646871  
9.733634721  
9.760025209  
10.20630917  
