-11.71655047  
-21.91394297  
-35.54226209  
-47.77901465  
-52.56725191  
-45.33106679  
-25.35049012  
3.372247957  
33.26433019  
55.93422025  
65.35156827  
60.06936347  
43.53252603  
22.39082201  
3.631438312  
-8.155138403  
-12.18982019  
-11.08984296  
-8.994939203  
-9.261529123  
-12.87557693  
-18.28824447  
-22.61205954  
-23.42438065  
-20.15853702  
-14.34016074  
-8.586144547  
-4.970584506  
-3.711981454  
-2.965355159  
0.09980610488  
7.471905954  
18.70929413  
30.52074758  
37.88606318  
36.30325952  
24.13267559  
3.878145858  
-18.31405605  
-34.84716012  
-39.6670483  
-30.76435155  
-11.08363845  
12.56980167  
32.1563762  
41.44138329  
38.18666408  
24.65609053  
6.361847053  
-10.27658308  
-20.29522425  
-21.61988914  
-15.14253583  
-3.666124334  
9.58843555  
22.14107062  
32.61033089  
40.30578739  
44.50935585  
44.03263567  
37.42582249  
23.79604263  
3.79576747  
-19.8169064  
-42.48106618  
-59.03039513  
-65.37044585  
-59.95881374  
-44.45492557  
-23.24174596  
-1.989841594  
14.17712243  
22.21174642  
21.82164418  
15.1195338  
5.484888679  
-3.838825495  
-10.83826003  
-15.12864514  
-17.59376801  
-19.52094675  
-21.67071492  
-23.71354878  
-24.28372472  
-21.62776639  
-14.5676706  
-3.355850737  
9.9794997  
22.0179898  
28.99798598  
28.19261322  
19.09502439  
3.911123937  
-12.92453224  
-26.13101859  
-31.4074288  
-27.01660976  
-14.46859076  
2.038577199  
17.265091  
27.02540758  
29.84965463  
27.45575308  
23.76078704  
22.81501016  
26.57380348  
33.5742384  
39.24309687  
37.84673658  
25.30951685  
1.636588851  
-28.25676011  
-55.87327574  
-72.23347101  
-71.51469425  
-53.65899329  
-24.73512271  
5.231535741  
26.14443543  
31.8351289  
22.47848171  
4.37830497  
-12.79410889  
-20.12586701  
-13.18678574  
6.218364496  
30.9568565  
51.65857711  
60.59018749  
54.63886843  
36.20296817  
11.76387874  
-11.06480902  
-26.61526906  
-33.03599566  
-32.27935882  
-28.43754815  
-25.38364853  
-24.89300598  
-26.0727732  
-26.22467907  
-22.56775852  
-13.88970903  
-1.313897729  
12.13010769  
22.84049542  
28.18172676  
27.49320031  
22.15487262  
14.77825149  
7.986892473  
3.377913338  
1.090121335  
0.06544473363  
-1.231909796  
-4.027115743  
-8.709862091  
-14.71198779  
-20.72832535  
-25.12004265  
-26.357163  
-23.43428238  
-16.23865124  
-5.820628268  
5.564598285  
14.81268551  
18.80451781  
15.58000475  
5.448478346  
-8.508847797  
-20.97865689  
-26.049219  
-19.47147517  
-0.6761714283  
26.38586278  
54.13255859  
73.8187617  
78.71099531  
66.69449263  
41.18762047  
9.908916143  
-18.04106805  
-35.57523034  
-40.06398869  
-33.8213937  
-22.51004179  
-12.27488681  
-6.965515215  
-6.711168142  
-8.426794285  
-7.886513313  
-2.259158559  
8.181761179  
20.01441636  
28.27852438  
28.90391235  
20.73156877  
6.127937805  
-10.08737331  
-22.83998839  
-29.02208344  
-28.6558605  
-24.47869388  
-20.2336929  
-18.58863011  
-19.76019417  
-21.52791415  
-20.59190612  
-14.54163704  
-3.403201879  
10.03759793  
21.31028315  
26.20646751  
22.65352493  
11.63207602  
-3.253656815  
-17.28531212  
-26.46414042  
-28.82724216  
-24.73620151  
-16.17938056  
-5.601377517  
5.071411235  
14.75750133  
22.88829423  
28.80993309  
31.44887534  
29.5722453  
22.56139282  
11.23858582  
-1.831648287  
-12.91577213  
-18.44477177  
-16.54232811  
-7.997633568  
3.865331303  
14.46496375  
19.86529177  
18.4516246  
11.59727456  
2.995083792  
-3.052132958  
-3.602544739  
1.58914205  
9.963346754  
17.29414925  
19.53130078  
14.51370515  
2.827907207  
-12.48724172  
-27.16310755  
-37.25216812  
-40.35010135  
-36.07617896  
-25.79408253  
-11.88585662  
2.996598773  
16.40638631  
26.26754989  
30.91732881  
29.25924532  
21.11934348  
7.662639761  
-8.44132296  
-23.39422453  
-33.2483738  
-35.22550029  
-28.85866107  
-16.41515954  
-2.301396628  
8.430713522  
11.94791408  
7.14129393  
-3.852516395  
-16.36020427  
-24.86670462  
-25.0567585  
-15.4292697  
2.113456138  
22.89771274  
41.06716798  
51.52972643  
51.57032321  
41.60022753  
24.84940649  
6.179140834  
-9.530578819  
-18.86573266  
-20.77003676  
-16.60823861  
-9.447841008  
-2.853267033  
0.3761573357  
-0.8992807313  
-5.910344381  
-12.4167302  
-17.63081798  
-19.26020478  
-16.27861851  
-9.164098168  
0.4256465229  
10.33765239  
18.63222228  
24.01314351  
25.8546519  
23.93544853  
18.15406499  
8.497996613  
-4.63605982  
-19.93601739  
-34.8444056  
-45.77032231  
-48.98339916  
-41.96286131  
-24.65749957  
-0.02432833282  
26.55283593  
48.88622778  
62.06222121  
64.10755606  
56.49277412  
43.21434981  
28.85438942  
16.52164892  
6.665549612  
-2.64520835  
-14.10743402  
-29.05074562  
-45.9216614  
-60.27036967  
-66.41077898  
-60.07371366  
-40.80793421  
-12.90674088  
15.73581996  
36.4779259  
43.30357837  
35.23254414  
16.6794122  
-4.411286644  
-19.82670382  
-24.30209106  
-17.31398973  
-2.76793557  
13.11434971  
24.61167977  
28.69953424  
25.72126938  
18.45494252  
10.28736567  
3.566218125  
-1.035705624  
-3.97721526  
-5.674919884  
-5.603003192  
-2.369816145  
5.167461031  
16.40605909  
28.13861798  
35.1249949  
32.1463719  
16.71685318  
-8.902515881  
-37.59694899  
-59.59290987  
-66.23447584  
-53.75218305  
-25.28061203  
9.935459148  
39.96739013  
54.86304232  
50.53358657  
30.16623208  
2.565616105  
-21.79109852  
-35.18268642  
-35.58087903  
-26.86224278  
-16.35329053  
-10.98922843  
-13.94540017  
-23.28714827  
-33.15818778  
-36.81190605  
-29.96231978  
-12.87123637  
9.723619587  
30.67242218  
43.39518985  
44.38217474  
34.17443287  
16.6011131  
-3.121693817  
-20.39374674  
-32.43251598  
-38.34021408  
-38.3562882  
-32.99438458  
-22.68619499  
-8.108995116  
9.149534836  
26.21352811  
39.31756888  
44.99926983  
41.57500358  
30.11956732  
14.33987606  
-0.7317150473  
-10.6787262  
-13.3693544  
-9.55307125  
-2.121796502  
5.5393768  
11.21883926  
14.67619105  
17.1781409  
20.09503292  
23.43209223  
25.24202097  
22.40006583  
12.45053645  
-4.43389949  
-24.52561817  
-41.36441057  
-48.18651308  
-40.95541371  
-20.57283812  
6.879850048  
32.15731107  
46.36143403  
44.45568131  
27.24668807  
0.9676923929  
-25.32338802  
-43.35396199  
-48.67369138  
-41.87362638  
-27.63433355  
-12.24795786  
-0.8847127288  
4.152354352  
3.55972191  
-0.2088037862  
-4.665465715  
-8.477138208  
-11.53571812  
-14.05206006  
-15.41449466  
-13.69601623  
-6.301896007  
8.458589705  
29.71673483  
53.32906571  
72.73636784  
81.2502943  
74.84282635  
54.1527256  
24.68835588  
-5.004385512  
-26.50072821  
-34.64122759  
-29.30707663  
-15.09207877  
0.9097709975  
12.14763916  
15.11583915  
10.27019907  
1.111996162  
-7.942023719  
-13.77160772  
-15.77818756  
-15.63534972  
-15.85500762  
-18.04081164  
-21.80323304  
-24.90742026  
-24.54585763  
-19.02914223  
-8.975269755  
2.65717179  
11.74894942  
14.85592491  
10.8161031  
1.360223174  
-9.557837269  
-17.39221915  
-18.85279489  
-13.16824876  
-2.274052081  
10.06041687  
19.70678976  
23.60830089  
20.63947077  
11.69426771  
-0.8556234464  
-13.99265807  
-24.84429793  
-31.25269068  
-32.11148886  
-27.53346085  
-18.8711487  
-8.523740043  
0.5690990376  
5.750172278  
5.594946494  
0.6196906185  
-6.647925028  
-12.43416133  
-13.15230148  
-6.968648351  
5.197379848  
19.77477265  
31.82387495  
37.02853503  
33.54548637  
22.86044767  
9.213722745  
-2.192232118  
-7.409880523  
-5.376031298  
1.797030503  
9.98473004  
15.08438595  
14.91604072  
10.06011991  
3.244211178  
-2.366896743  
-5.053551039  
-5.571519765  
-6.735479044  
