34.60782469  
28.94491932  
19.77222546  
10.28787393  
2.891346174  
-1.806972471  
-4.834111417  
-7.693957285  
-10.92630205  
-13.30573132  
-12.26467634  
-5.428403562  
7.53345537  
23.81921443  
37.95108133  
43.79294619  
37.30321158  
18.71582602  
-6.997180561  
-31.76898946  
-47.57230434  
-49.67944525  
-38.56870865  
-19.5957677  
-0.5812878789  
11.56709906  
13.64938053  
7.147983309  
-2.958006236  
-10.84838891  
-12.63663051  
-7.938275618  
0.4175288815  
8.220549803  
12.18676911  
11.49995658  
7.827749433  
3.914828009  
1.634416872  
0.6637500615  
-1.409302202  
-7.546790272  
-19.10833775  
-34.30338756  
-48.21250108  
-54.5611949  
-48.51100771  
-29.15272826  
-0.4512370374  
29.91618514  
53.39819566  
63.85626126  
59.851869  
44.94880997  
25.96233067  
10.00996968  
1.713102372  
1.744696778  
7.223733734  
13.57789661  
16.86308417  
15.42534286  
10.22546402  
3.865062183  
-1.022718376  
-3.123469885  
-2.881398016  
-1.927753639  
-1.942832961  
-3.653720951  
-6.52412389  
-9.253160088  
-10.72518715  
-10.80580183  
-10.48879271  
-11.28983161  
-14.23074865  
-19.0109419  
-23.87997858  
-26.35131392  
-24.43461816  
-17.76252097  
-8.009462781  
1.659598243  
7.892627536  
8.60880119  
3.929695092  
-3.85083198  
-11.23981957  
-15.01075964  
-13.50541032  
-7.222238681  
1.508599077  
9.551253567  
14.20105589  
14.11070956  
9.585627299  
2.238537339  
-5.744874832  
-12.37538697  
-16.38337548  
-17.38889224  
-15.78004899  
-12.44355658  
-8.472879872  
-4.908403541  
-2.509006584  
-1.554084893  
-1.719722611  
-2.110502383  
-1.507232621  
1.19726078  
6.518337457  
14.06601168  
22.57046571  
30.27609635  
35.55116438  
37.43983806  
35.89855677  
31.6174241  
25.54767194  
18.41995591  
10.54351655  
2.010841388  
-6.821540851  
-14.90477518  
-20.46894581  
-21.54997589  
-16.91074732  
-6.923514189  
6.08747743  
18.34291903  
25.85330996  
25.92784221  
18.27726001  
5.176903528  
-9.431253187  
-21.52006462  
-28.52859568  
-30.17212632  
-28.15376904  
-24.9582397  
-22.36416979  
-20.45195138  
-17.63036163  
-11.67867306  
-1.263720731  
12.88024216  
27.78132981  
39.24990589  
43.6644623  
39.68551536  
29.04859631  
15.99738321  
5.554831556  
1.38802044  
4.231058621  
11.58540335  
18.83636403  
21.28301159  
16.17620311  
3.878499118  
-12.3248563  
-27.62346587  
-37.63372454  
-40.05564597  
-35.37514498  
-26.41322904  
-17.02361531  
-10.55727807  
-8.727054388  
-11.25272123  
-16.29566481  
-21.38263115  
-24.39130971  
-24.24082194  
-21.12018894  
-16.28260286  
-11.55170811  
-8.710288168  
-8.913041269  
-12.2374983  
-17.48282278  
-22.32469068  
-23.88290805  
-19.63356524  
-8.425081791  
8.776981139  
28.78954364  
46.94300517  
58.50267756  
60.30851391  
51.99043999  
36.21927977  
17.81924222  
2.048080721  
-7.271568869  
-9.000181687  
-4.801293132  
1.873779712  
7.436364358  
9.675561741  
8.463155255  
5.390543493  
2.608428706  
1.51815878  
2.004790291  
2.588615393  
1.373704841  
-2.75272198  
-9.344061717  
-16.48067618  
-21.68739166  
-23.19316568  
-20.84817088  
-16.18651823  
-11.57904094  
-8.919060883  
-8.55541275  
-9.078324416  
-8.119909782  
-3.77891165  
4.087855629  
13.44279219  
20.82975078  
23.02413295  
18.77824259  
9.756001547  
0.0985745462  
-5.286121773  
-2.974511061  
7.226277647  
21.89572623  
35.23227373  
41.40635961  
37.01201151  
22.53565509  
2.200503722  
-17.72610033  
-31.39922323  
-35.5610537  
-30.51100665  
-19.56212773  
-7.346503607  
2.194977954  
7.242234142  
8.397636888  
7.8745295  
8.087170009  
10.36552587  
14.37067862  
18.39029113  
20.26251551  
18.42207718  
12.57833157  
3.780247208  
-6.058420017  
-14.8739814  
-21.06957543  
-23.82942416  
-23.12505925  
-19.55152023  
-14.14557873  
-8.247015163  
-3.348200765  
-0.8351225152  
-1.592575486  
-5.583572718  
-11.62461606  
-17.56662526  
-20.93591482  
-19.8524846  
-13.85406  
-4.229483128  
6.354198911  
14.83157242  
18.9287556  
18.0400227  
13.39139815  
7.414897755  
2.627377586  
0.5415482441  
1.112761403  
2.956458645  
4.188189397  
3.438715203  
0.5285544536  
-3.517730128  
-7.082515649  
-8.832513133  
-8.377441774  
-6.363074357  
-3.974383831  
-2.1573512  
-1.02672026  
0.1766611405  
2.528755425  
6.569820903  
11.66020175  
15.97283986  
17.22869612  
13.87149141  
6.098420164  
-3.828832419  
-12.25817578  
-15.59852453  
-11.93648023  
-2.075181062  
10.52774695  
20.96891017  
24.78471486  
19.7308903  
6.709751902  
-10.53685226  
-26.8233514  
-37.41476727  
-39.65429538  
-33.71771813  
-22.28678467  
-9.377768987  
1.139301362  
6.7548564  
6.885533064  
2.71914187  
-3.458639067  
-9.12449057  
-12.26303685  
-11.8282812  
-7.88866177  
-1.504861382  
5.596788614  
11.5020003  
14.66987516  
14.45615186  
11.41865896  
7.228205436  
4.115498  
3.981574341  
7.499114726  
13.61887742  
19.79007478  
22.91467515  
20.70261082  
12.84710837  
1.445405009  
-9.620619738  
-16.16507955  
-15.43645543  
-7.339241076  
5.445850004  
18.54413111  
27.71389669  
30.59474466  
27.57360076  
21.37103833  
15.5612698  
12.75620596  
13.34895243  
15.43573401  
15.94454714  
12.38639392  
4.3184474  
-6.258846077  
-15.81492864  
-21.08204602  
-20.82425997  
-16.65322365  
-12.40990364  
-12.34160009  
-18.9230227  
-31.38684963  
-45.7221871  
-56.21044642  
-57.83068227  
-48.44004743  
-29.73343696  
-6.560154929  
15.05458855  
30.2473987  
36.95197926  
36.15942672  
30.8264215  
24.10349894  
17.8342986  
12.05891805  
5.670024892  
-2.26536571  
-11.35401718  
-19.61257384  
-24.29215928  
-23.3583106  
-16.78855868  
-6.900854953  
2.57732363  
8.307296657  
9.100589739  
6.686793593  
4.98678959  
8.14189158  
18.21856281  
33.74315639  
49.88116247  
60.30409364  
59.9558301  
47.44848607  
25.9369053  
1.999412613  
-17.02588351  
-26.07227282  
-24.38484265  
-15.66223309  
-6.262829629  
-2.314361114  
-7.040337176  
-19.47479619  
-35.06580358  
-47.798432  
-52.81072129  
-48.32599953  
-36.12035992  
-20.46516922  
-6.171096509  
3.306945462  
6.889350345  
5.71101  
2.066183367  
-1.877804013  
-4.934396513  
-6.989497181  
-8.459507371  
-9.573026873  
-9.969291204  
-8.856448668  
-5.601874974  
-0.3521562494  
5.741363313  
10.88208474  
13.41413184  
12.6149916  
9.052998817  
4.298527108  
0.1330851697  
-2.318919404  
-3.064362061  
-3.064842799  
-3.514402738  
-4.984846368  
-6.935904586  
-7.894910007  
-6.243700538  
-1.204002426  
6.520464038  
14.83197109  
21.07191294  
23.22164877  
20.88357352  
15.54150606  
9.943481012  
6.87629926  
7.899444236  
12.62440208  
18.86470563  
23.57297982  
24.12891125  
19.41132817  
10.22275348  
-1.047291242  
-11.30526259  
-17.77905596  
-18.80237917  
-14.15408742  
-4.966654839  
6.643156238  
18.05911101  
26.68102568  
30.46046203  
28.43805352  
21.17323674  
10.85697478  
0.8973062043  
-5.072217643  
-4.530891846  
2.739646255  
14.18971135  
25.13020588  
30.38002996  
26.35714974  
12.73737117  
-7.112746505  
-27.24336968  
-41.40142395  
-45.54467315  
-39.4829339  
-26.88564377  
-13.62078692  
-5.162975322  
-4.255051088  
-9.899692997  
-18.13071823  
-24.16227159  
-24.85065137  
-20.25560721  
-13.53737787  
-9.24990313  
-10.89106178  
-18.94235821  
-30.39138032  
-39.99680438  
-42.69229243  
-35.96471317  
-21.05868076  
-2.442809283  
14.17433502  
24.29844966  
26.40012564  
22.18116234  
15.33934869  
9.554500396  
6.759662893  
6.545965042  
6.906992531  
5.809512265  
2.66035812  
-1.165399019  
-3.024786918  
-0.5365553879  
6.921275441  
17.59225006  
27.97044597  
34.36868232  
