3.434320303  
-5.576345478  
-16.91357238  
-25.47245471  
-27.30921796  
-21.21103239  
-9.047264121  
5.170838712  
17.03497737  
23.49067823  
23.86087024  
19.78797382  
14.24481554  
10.14857909  
9.218295327  
11.52184276  
15.78720276  
20.20080292  
23.24448849  
24.19225024  
23.1304008  
20.63023308  
17.35280353  
13.83022845  
10.49667869  
7.846412239  
6.502919002  
7.046596548  
9.629936313  
13.59498455  
17.37735496  
18.8764883  
16.23451071  
8.716737066  
-2.728934  
-15.56648667  
-26.47365164  
-32.57021259  
-32.56142763  
-27.28423613  
-19.38404838  
-12.22870473  
-8.509418132  
-9.124790996  
-12.82537395  
-16.76660754  
-17.72795462  
-13.48233292  
-3.756473796  
9.58175785  
23.14258834  
33.15700364  
36.69254274  
32.52062449  
21.40033797  
5.779194576  
-10.90676431  
-25.0843802  
-33.83220394  
-35.47517622  
-29.91887115  
-18.6835139  
-4.601975033  
8.823004481  
18.32104895  
21.80818119  
19.08567437  
11.98074678  
3.77795379  
-1.944269141  
-2.68204074  
1.957645914  
10.01601724  
17.90375849  
21.84633143  
19.47789817  
10.90629301  
-1.233109284  
-12.79355122  
-19.7950981  
-20.05785741  
-14.09349047  
-4.878575516  
3.379975787  
6.947144699  
4.005085891  
-4.739495101  
-16.47792967  
-27.49417946  
-34.57247143  
-36.03015198  
-32.0228019  
-24.13067708  
-14.5411202  
-5.251333767  
2.394710688  
7.766028835  
10.75586387  
11.5841429  
10.74249239  
9.050854397  
7.647653587  
7.735120572  
10.05998394  
14.33777142  
18.97542242  
21.39549848  
18.99961908  
10.44949554  
-3.318985701  
-18.92912787  
-31.50833573  
-36.49681021  
-31.60573511  
-18.03389163  
-0.2927945602  
15.42616647  
23.73267633  
22.31085343  
12.94692738  
0.7817083524  
-7.954833123  
-8.757103442  
-0.944058486  
11.93557466  
23.62609216  
27.9693995  
21.73976611  
6.216315184  
-13.24358325  
-29.46241142  
-36.52636887  
-32.30528459  
-19.27385388  
-3.274544424  
9.194516797  
13.91418308  
10.75743688  
3.566307695  
-1.822651169  
-0.4664104684  
9.232285485  
24.64459105  
40.00976705  
48.99609873  
47.55358718  
35.76232089  
17.84778155  
0.3711476716  
-10.58141025  
-11.95467684  
-4.910232848  
5.844839641  
14.24578901  
15.58406535  
8.561155763  
-4.178064335  
-17.21073777  
-24.65206664  
-22.61829032  
-10.82237878  
7.297732397  
25.88982101  
38.83855826  
41.88131537  
33.90987696  
17.07249219  
-4.215220661  
-24.8567292  
-40.62775575  
-49.18797658  
-50.33431982  
-45.58587612  
-37.39360596  
-28.30671963  
-20.33618555  
-14.60950079  
-11.29481074  
-9.724890039  
-8.665652963  
-6.700106999  
-2.694373538  
3.735090659  
11.89629092  
20.00461513  
25.58044949  
26.22394202  
20.55076903  
8.945367067  
-6.215324442  
-21.05771045  
-31.35028703  
-33.92819529  
-27.87972644  
-15.00507862  
0.6990828875  
14.40422669  
22.1861715  
22.47221372  
16.61403232  
8.323760851  
2.156947363  
1.623400263  
7.679415544  
18.22753687  
28.85834611  
34.56679925  
31.76986477  
19.81223892  
1.339406139  
-18.62925861  
-34.56694798  
-42.49758737  
-41.4197066  
-33.52966791  
-23.17568766  
-14.9944593  
-12.01185584  
-14.48885864  
-19.96695506  
-24.45705065  
-24.2412009  
-17.51495944  
-5.189461603  
9.456780522  
22.09579966  
29.06510586  
28.7682387  
22.21382877  
12.52468438  
3.672823884  
-1.015735119  
0.001776602533  
6.098590518  
14.9052038  
23.2951258  
28.50252052  
28.96253655  
24.63691127  
16.81559609  
7.566364062  
-0.924014795  
-6.908656384  
-9.427920077  
-8.425909708  
-4.669107751  
0.4908379852  
5.470146699  
8.869878929  
9.867177014  
8.459023717  
5.44482639  
2.110140925  
-0.3001455826  
-1.11203966  
-0.5075849251  
0.6028126287  
1.102070897  
0.3538485324  
-1.299732063  
-2.540314791  
-1.669626648  
2.413055548  
9.310234331  
16.80793851  
21.43811746  
19.82621113  
10.31846899  
-5.839814196  
-24.40860916  
-39.36090361  
-45.04968881  
-38.51418739  
-20.95320337  
2.340378805  
23.68949765  
35.80333753  
34.54374958  
20.57243031  
-0.8181870087  
-21.66308671  
-34.31887051  
-34.31742683  
-21.96467381  
-2.086240455  
17.92625894  
30.94698969  
32.69266428  
23.07242765  
5.881753461  
-12.90610862  
-27.46949684  
-34.13379207  
-32.30952202  
-24.14986172  
-13.24318699  
-3.004467044  
4.538793091  
9.133764249  
11.84267489  
14.08437291  
16.69393441  
19.43950884  
21.17043569  
20.46173584  
16.40335522  
9.147875548  
-0.02970068249  
-9.168920791  
-16.3464056  
-20.3625232  
-21.10788194  
-19.47830405  
-16.90492244  
-14.71799353  
-13.61758277  
-13.46158846  
-13.43905714  
-12.53453633  
-10.07122787  
-6.092792224  
-1.413248174  
2.69616999  
5.057532287  
5.141031629  
3.37264248  
1.034663777  
-0.2355984177  
0.8364083406  
4.528580876  
9.866761927  
14.90444069  
17.46934055  
16.08976636  
10.70267317  
2.802112214  
-5.090656843  
-10.45653433  
-11.87998149  
-9.721696015  
-6.012848947  
-3.550395468  
-4.543048589  
-9.401070193  
-16.25257177  
-21.49034229  
-21.20707472  
-12.96146318  
2.88293915  
22.87626433  
41.47159515  
52.96224215  
53.61812065  
43.15195094  
24.8954032  
4.585060506  
-11.76688336  
-20.06514804  
-19.5120627  
-12.64883141  
-4.089993625  
1.482830174  
1.222253075  
-4.849627451  
-14.03358547  
-22.20913182  
-25.56403732  
-22.06239254  
-12.0888069  
1.897425173  
16.43856921  
28.35591121  
35.68787995  
37.9747322  
35.91055421  
30.66193203  
23.25373139  
14.31506962  
4.242990742  
-6.400324799  
-16.55975654  
-24.68244855  
-29.10336316  
-28.66920932  
-23.306668  
-14.24616661  
-3.759179321  
5.518139478  
11.42098946  
12.93028806  
10.43682469  
5.51724402  
0.3348691412  
-3.093103846  
-3.499052309  
-0.6585929129  
4.670847645  
11.08111525  
16.95830089  
20.8857202  
21.90632478  
19.62217883  
14.1683404  
6.121126007  
-3.608932063  
-13.87972624  
-23.42319293  
-30.97447923  
-35.4377606  
-36.08191263  
-32.73187066  
-25.90036725  
-16.79775263  
-7.172456537  
1.02678884  
6.115166287  
7.149336453  
4.262409634  
-1.290544706  
-7.453049126  
-12.00658261  
-13.34534242  
-11.11144263  
-6.422665478  
-1.545576606  
0.9243185373  
-0.8987942044  
-7.336458888  
-16.84646148  
-26.45429678  
-32.79756333  
-33.39382576  
-27.61786232  
-16.96525833  
-4.463174474  
6.546609031  
13.7435246  
16.70143472  
16.90583194  
16.89412744  
18.89909477  
23.61754229  
29.69443947  
34.20672002  
33.979001  
27.16771787  
14.39503616  
-1.122763416  
-14.58277851  
-21.37127627  
-18.8863723  
-7.641319302  
8.829682593  
25.24202883  
36.49431181  
39.48231184  
34.07936798  
22.93758848  
10.26795608  
0.1645279564  
-4.817388688  
-4.293947053  
0.2475076678  
6.406591251  
11.95948827  
15.57349203  
16.90091883  
16.15932374  
13.56717626  
9.040991819  
2.363748539  
-6.283414055  
-15.79474187  
-24.04083345  
-28.42149105  
-26.93864897  
-19.3235261  
-7.627601014  
4.142654061  
11.35280757  
10.56685843  
1.111452699  
-14.34839579  
-30.57128373  
-41.61796929  
-43.11950883  
-33.99853181  
-16.90849993  
2.812873263  
19.24470676  
28.15432309  
28.48787981  
22.48133286  
14.40387924  
8.541509156  
7.337114637  
10.49441552  
15.38141402  
18.46552324  
17.05451889  
10.51782262  
0.4528905823  
-10.2071631  
-18.63886627  
-23.37879628  
-24.76736864  
-24.41104568  
-24.00265663  
-24.16994056  
-24.00409896  
-21.55763141  
-15.08226951  
-4.359983404  
8.613044812  
20.04384845  
25.77878519  
23.14891711  
12.36134175  
-3.27077387  
-18.45968022  
-28.00823836  
-28.93040752  
-21.68884715  
-9.985484934  
0.8236056191  
