47.13931282  
22.81520725  
-8.733627617  
-36.37755122  
-50.39434382  
-46.43597028  
-27.13012302  
-0.6579779305  
22.98145928  
36.28881016  
37.22329857  
29.54413386  
20.50766525  
17.09668157  
22.57852805  
34.96437328  
48.00744912  
54.19183588  
48.27795738  
29.77654571  
3.274372182  
-23.4573354  
-42.65556592  
-49.62211941  
-44.35208704  
-31.14266174  
-16.49622159  
-6.326896783  
-3.68253673  
-7.861393859  
-15.13507323  
-20.60867058  
-20.34508684  
-12.88846583  
0.3226353019  
15.65697397  
28.69091751  
35.70780607  
34.77625328  
26.14001968  
11.93698005  
-4.533993078  
-19.70973499  
-30.57588785  
-35.2394943  
-33.194325  
-25.27630286  
-13.35238224  
0.1721009077  
12.90553748  
22.94161973  
29.13590147  
31.14334091  
29.26377089  
24.21104007  
16.92505705  
8.483090213  
0.07000049984  
-7.097701822  
-11.98349057  
-14.06821187  
-13.67119916  
-12.03834665  
-11.02696485  
-12.39532588  
-16.93574118  
-23.85027375  
-30.74878111  
-34.41717927  
-32.14545163  
-23.08364393  
-8.984877497  
6.112842057  
17.27604539  
20.64313395  
15.15119306  
3.228125242  
-9.946344502  
-18.39588744  
-17.74872876  
-7.077018577  
10.62718831  
29.57072596  
43.41550359  
47.7231405  
41.56430931  
27.64789492  
10.98197482  
-3.288606792  
-11.89782911  
-14.4787768  
-13.23401515  
-11.5259707  
-12.12105296  
-15.91635417  
-21.68710598  
-26.87359713  
-28.9399206  
-26.6096952  
-20.40486627  
-12.29807553  
-4.730477474  
0.4727376634  
2.762360252  
2.83682777  
2.030240173  
1.502308107  
1.67301164  
2.170744506  
2.263396363  
1.48539545  
0.08829713966  
-0.9384081544  
-0.2845289489  
3.050031047  
9.234821652  
17.44655204  
26.11688238  
33.44086657  
37.89761847  
38.57863387  
35.26311636  
28.32583594  
18.62221922  
7.438280941  
-3.531652353  
-12.31268335  
-17.0044747  
-16.35314194  
-10.34669316  
-0.5252002936  
10.25793268  
18.66805089  
22.06187538  
19.52216926  
12.26418128  
3.161132109  
-4.466438423  
-8.284042875  
-7.938492303  
-5.124256926  
-2.657861054  
-2.983946658  
-6.842002605  
-12.77681141  
-17.78334491  
-18.81501781  
-14.42834401  
-5.725975595  
3.933234956  
10.39351199  
10.67195439  
4.483164024  
-5.47024665  
-14.65793976  
-18.84015151  
-16.14906073  
-8.105405308  
0.9845658891  
6.037432089  
3.692499518  
-5.893537669  
-18.86732043  
-29.28207092  
-31.80049394  
-24.25884715  
-8.872571756  
8.535516794  
20.99256044  
23.43022122  
14.94624232  
-0.7736848504  
-17.08430674  
-27.3272918  
-27.75550763  
-19.10621398  
-6.119727671  
4.751248427  
8.368737597  
3.274891502  
-7.678844947  
-18.69991313  
-23.76161776  
-19.39071366  
-6.267219139  
11.06281585  
26.18928613  
33.61695955  
31.06956651  
20.32971133  
6.31885318  
-5.088979502  
-9.504112519  
-5.657324021  
4.383509219  
16.36388854  
25.72402294  
29.33428135  
26.38757348  
18.22326602  
7.366937068  
-3.626886276  
-12.96746794  
-19.79194999  
-23.82101603  
-24.88509933  
-22.70719191  
-17.10418954  
-8.458215318  
1.900516822  
11.7448833  
18.54963936  
20.43090867  
16.98813436  
9.605486337  
1.003168048  
-5.811791978  
-8.742947033  
-7.410955581  
-3.204075151  
1.438113708  
4.162555307  
3.731815786  
0.4868511186  
-3.924521529  
-7.369100669  
-8.172081717  
-5.739602878  
-0.6180651908  
5.945098829  
12.631137  
18.5038153  
23.06841461  
25.98001879  
26.66951213  
24.21543763  
17.64660803  
6.591937708  
-8.05133231  
-23.84122243  
-37.17554412  
-44.3036071  
-42.61278067  
-31.66633362  
-13.53714526  
7.734623577  
27.36471711  
41.2538335  
47.08335497  
44.71283968  
35.83264792  
23.13290394  
9.402470814  
-3.085770604  
-12.76447922  
-18.64599101  
-20.13563365  
-17.01209586  
-9.632015448  
0.789444253  
12.08474317  
21.43851934  
26.10648598  
24.32360612  
16.02630676  
3.040506278  
-11.40807161  
-23.71342454  
-31.05629575  
-32.26744094  
-28.0700047  
-20.65238438  
-12.79636924  
-6.942677779  
-4.54592825  
-5.893961118  
-10.33650004  
-16.70654741  
-23.69473076  
-30.04357704  
-34.58760231  
-36.27594048  
-34.31105511  
-28.42729873  
-19.18806374  
-8.096141275  
2.646476309  
10.73678069  
14.53850642  
13.7057899  
9.371150979  
3.777762298  
-0.5184092157  
-1.554248893  
1.400045168  
7.712766209  
15.78400714  
23.73706172  
30.07427476  
34.02474221  
35.5037977  
34.81785914  
32.36383453  
28.52948003  
23.82739353  
19.10046373  
15.54303669  
14.36287407  
16.1333595  
20.13443074  
24.10204036  
24.69960743  
18.70901369  
4.546742755  
-16.55431961  
-40.33693526  
-60.5806516  
-71.18414593  
-68.51643732  
-53.06428873  
-29.60378011  
-5.690284724  
11.03143795  
15.66075461  
7.86720365  
-8.060795741  
-24.98664308  
-35.7932665  
-36.15856845  
-26.09341637  
-9.635495506  
7.107061753  
18.66084643  
22.43863209  
19.56916865  
14.00007217  
10.35422055  
11.57495061  
17.46933484  
24.82462695  
29.03329218  
26.45763975  
16.4176191  
1.85195017  
-11.69540532  
-18.34968909  
-14.4504178  
-0.2457377258  
20.01732596  
39.6605433  
52.13806988  
53.51870876  
43.8669272  
26.99974719  
8.79531617  
-5.176474504  
-11.69678663  
-10.81719274  
-5.390826757  
0.445092471  
3.089867252  
0.811764827  
-5.894648139  
-14.92685687  
-23.73871224  
-30.43853267  
-34.33315363  
-35.7714161  
-35.51059215  
-34.04147963  
-31.27147102  
-26.7167567  
-20.04490945  
-11.60443049  
-2.587877548  
5.312586352  
10.60365427  
12.67561322  
12.0917803  
10.29865802  
8.880346461  
8.733393125  
9.599667478  
10.22251891  
9.071870807  
5.277635108  
-0.7183948377  
-7.159433844  
-11.66788774  
-12.32598125  
-8.61834809  
-1.757273526  
5.798593722  
11.4246541  
13.50012453  
12.10079414  
8.875096962  
6.163061401  
5.794494359  
8.166099945  
12.06261967  
15.31792722  
15.98843993  
13.44706977  
8.832279765  
4.597336208  
3.347064957  
6.507504695  
13.47098454  
21.64637088  
27.42428048  
27.64159649  
20.90190728  
8.179828866  
-7.530955686  
-22.34167266  
-32.86080738  
-37.2784037  
-35.75343498  
-30.05228988  
-22.70296503  
-16.07951236  
-11.77002509  
-10.37238545  
-11.63532296  
-14.74005118  
-18.54428988  
-21.73959044  
-22.99920125  
-21.22420905  
-15.90562578  
-7.47297787  
2.597348873  
12.09562995  
18.80704849  
21.40098084  
20.06825017  
16.53623625  
13.34904557  
12.66630698  
15.12158001  
19.32445832  
22.33512004  
20.98267407  
13.46005647  
0.4318829057  
-14.93656177  
-28.13962253  
-35.21763748  
-34.52210367  
-27.51840888  
-18.20138569  
-11.34033332  
-10.33107144  
-15.64148953  
-24.57785793  
-32.49161236  
-34.87451714  
-29.37768292  
-16.83484855  
-0.8479152086  
13.82897758  
23.32216835  
26.14350379  
23.518632  
18.48159617  
14.26671796  
12.82717959  
14.18269678  
16.83245566  
18.91346059  
19.42555547  
18.85620322  
18.89536182  
21.43363978  
27.41312376  
36.15982284  
45.54837522  
52.89595696  
56.10189317  
54.44260943  
48.64734178  
40.28711916  
30.87910314  
21.23606509  
11.41156655  
1.214996218  
-9.083678556  
-18.36376346  
-24.90022815  
-27.1793868  
-24.84395081  
-19.19297326  
-12.86174903  
-8.745117008  
-8.670260546  
-12.51722477  
-18.29933184  
-23.22833286  
-25.2491949  
-24.23461276  
-22.15698981  
-22.06838315  
-26.35966214  
-35.20254937  
-46.05035828  
-54.5712988  
-56.64831773  
-50.48027449  
-37.69140187  
-22.7935569  
-11.15893814  
-6.443131635  
-8.74186282  
-14.46578547  
-18.0917306  
-14.99711686  
-3.983093424  
11.82646133  
26.26958355  
33.09489319  
29.18005015  
16.40846306  
1.169505058  
-8.427931114  
-6.405041136  
7.986830439  
29.45797086  
48.6792679  
56.29021483  
