38.15536004  
35.99963469  
26.60739865  
13.55046309  
0.708903199  
-8.991505027  
-14.2864142  
-15.57722128  
-14.35354345  
-12.34242865  
-10.74440387  
-9.834153735  
-9.031821566  
-7.358957854  
-4.047728414  
0.9763608918  
6.956249525  
12.57789661  
16.54484823  
18.19814692  
17.88689397  
16.8820001  
16.81689226  
18.8580289  
22.96287313  
27.59174366  
30.08294428  
27.6279629  
18.50557846  
3.076051274  
-15.91917571  
-33.96085397  
-46.11071738  
-48.66025105  
-40.4609846  
-23.42961351  
-2.029705542  
18.08074834  
31.74037424  
35.71965272  
29.44392476  
14.85104917  
-4.439756339  
-24.25894888  
-40.90300594  
-51.77044379  
-55.57392059  
-52.26258673  
-42.84104572  
-29.19424696  
-13.89521466  
0.1192145667  
10.09348196  
14.17320656  
12.07973845  
5.420823392  
-2.621125808  
-8.261517953  
-8.484552624  
-2.316278886  
8.542984976  
20.07432399  
27.25799661  
25.92462387  
14.45439171  
-5.349827985  
-28.60263397  
-48.82010332  
-60.03719417  
-58.79904793  
-45.30967871  
-23.33627102  
1.074540919  
21.58953251  
33.58212127  
35.45356953  
28.88297643  
17.99851374  
7.826222966  
2.58376566  
4.387534592  
12.755403  
24.99374996  
37.26436516  
45.92698786  
48.70029509  
45.27964548  
37.25315996  
27.39686961  
18.6289697  
13.00142877  
11.07404728  
11.86808325  
13.3809505  
13.44221402  
10.57261644  
4.520715262  
-3.710622399  
-12.32753199  
-19.4825918  
-23.97116566  
-25.60617716  
-25.14476514  
-23.84204602  
-22.86558877  
-22.84844303  
-23.76989759  
-25.17868456  
-26.59799929  
-27.86443152  
-29.19543509  
-30.93382097  
-33.10305032  
-35.03259124  
-35.30616016  
-32.14592962  
-24.13397842  
-10.98571245  
5.975789243  
23.90586984  
39.13029544  
48.2389734  
49.19968956  
42.08139007  
29.11092366  
14.02735281  
0.9516271416  
-6.844234912  
-7.860984226  
-2.701843718  
6.266101906  
15.77151497  
22.7127952  
25.09447916  
22.5415128  
16.25991324  
8.496136532  
1.70347101  
-2.291222727  
-2.840395369  
-0.5731746288  
2.973078996  
6.026292853  
7.284640362  
6.367831689  
3.835835574  
0.781614527  
-1.802691575  
-3.573338595  
-5.010916488  
-7.10654104  
-10.68384882  
-15.68808294  
-20.83577198  
-23.88797652  
-22.52738103  
-15.50738808  
-3.551252024  
10.4783607  
22.33963383  
27.89033141  
24.71844242  
13.2292759  
-3.324314928  
-19.95187106  
-31.76339819  
-35.78657093  
-32.00106084  
-23.15462299  
-13.45395754  
-6.715427564  
-4.788584701  
-6.926454415  
-10.3328141  
-11.57975853  
-8.209159378  
0.2164678439  
12.04980902  
24.4277872  
34.58065139  
40.91215689  
43.34711275  
42.85368399  
40.48901255  
36.55846252  
30.39844914  
20.93481012  
7.720864126  
-8.139512504  
-23.76716893  
-35.2370039  
-39.03338601  
-33.60468018  
-20.28437263  
-3.093581649  
12.56815662  
21.83324138  
22.09184345  
13.82817172  
0.2572431811  
-14.02792599  
-24.78783579  
-29.52781808  
-28.04621627  
-22.05048302  
-14.15626973  
-6.793861319  
-1.485604323  
1.305837127  
1.868777092  
0.7765876205  
-1.437859932  
-4.339599564  
-7.465401809  
-10.22010674  
-11.96469434  
-12.30267615  
-11.39510331  
-10.06369026  
-9.531751985  
-10.8608419  
-14.34363994  
-19.18717146  
-23.70178632  
-25.95563168  
-24.59506322  
-19.41765261  
-11.39436934  
-2.12189973  
6.999774652  
15.40412352  
23.43385386  
31.78640566  
40.63046483  
48.92366974  
54.40809205  
54.42774875  
47.25858612  
33.30586841  
15.49997525  
-1.447573598  
-12.72232129  
-15.32386255  
-9.345085772  
2.019359672  
13.79798036  
21.33305881  
22.19010533  
17.00944115  
8.92052756  
1.83052054  
-1.558180056  
-1.019689069  
1.252732692  
1.980414742  
-1.291965776  
-8.712184465  
-17.84912288  
-24.80843271  
-26.19401664  
-20.92384895  
-10.95687238  
-0.5153278862  
5.858009092  
5.47417443  
-1.169937838  
-10.57734075  
-17.88908025  
-19.19230069  
-13.37915209  
-2.655119132  
8.542942076  
15.6768845  
16.23388903  
10.81116253  
2.648323728  
-4.125676777  
-6.628506208  
-4.661524898  
-0.7312239626  
1.340872674  
-1.497455183  
-9.815339337  
-21.23097745  
-31.43726712  
-36.22086917  
-33.48088099  
-24.25767452  
-12.27605532  
-2.237619715  
2.300068669  
0.4421918053  
-5.820250585  
-12.72532071  
-16.59023607  
-15.47159135  
-9.859251779  
-2.151784519  
4.720964888  
8.765268479  
9.737077683  
8.955999014  
8.329659879  
9.204823653  
11.71022069  
14.93210585  
17.75585542  
19.80629583  
21.85022063  
25.33634713  
31.26942742  
39.05857241  
46.08512737  
48.41697464  
42.50093421  
27.0930322  
4.453647441  
-19.91176195  
-39.03532837  
-47.12177462  
-41.90039031  
-25.61732824  
-4.170719841  
15.27083969  
27.12321821  
29.44704396  
24.31240171  
16.35957103  
10.28835512  
8.498783827  
10.009866  
11.15093975  
7.655924917  
-2.886945699  
-19.44636766  
-37.61889392  
-51.35749404  
-55.56221001  
-48.3261371  
-31.79632885  
-11.26399236  
7.076419963  
18.65488478  
22.19619475  
19.82280189  
15.63360183  
13.50650988  
15.20032197  
19.63947331  
23.66316646  
23.80850723  
18.21626567  
7.718084004  
-4.415683748  
-13.93389115  
-17.56171143  
-14.52795688  
-6.953022561  
1.067568901  
5.246084788  
2.932009795  
-5.823948043  
-18.40845624  
-30.86716805  
-39.61572476  
-42.86257836  
-41.13904884  
-36.76442504  
-32.55488928  
-30.40012633  
-30.35116932  
-30.60070688  
-28.32751825  
-21.00762241  
-7.621942807  
10.73198705  
31.04272014  
49.28500827  
61.64534259  
65.62053894  
60.63841539  
48.06594255  
30.69919094  
11.97615037  
-4.816308496  
-17.14643614  
-23.5774099  
-23.86946411  
-18.91320349  
-10.54409952  
-1.244306336  
6.289983066  
9.713554363  
7.656003151  
0.2447533706  
-10.68066174  
-21.83464049  
-29.27379344  
-29.55579195  
-20.93555365  
-4.176965306  
17.3763465  
38.60502107  
54.11228184  
59.94527096  
54.92710796  
41.0753359  
22.8923673  
5.742505236  
-6.091732196  
-10.91699843  
-10.08502004  
-7.192261157  
-6.342000173  
-10.20274103  
-18.71312854  
-29.03113176  
-36.79250723  
-38.1551172  
-31.72310961  
-19.45425552  
-6.071652329  
2.8425612  
3.283973476  
-5.273062078  
-19.38682427  
-32.85487839  
-39.15716368  
-34.11823202  
-17.65249072  
6.159328892  
30.6935534  
49.40180229  
58.29734401  
57.26608501  
49.70058889  
40.70661349  
34.74490344  
33.77376852  
36.67074928  
40.08681394  
40.22675088  
34.66546349  
23.36363901  
8.492809367  
-6.722604676  
-19.48527329  
-28.47162151  
-33.98014403  
-37.22098288  
-39.23777465  
-40.11541095  
-38.93122633  
-34.46392156  
-26.23276991  
-15.23696705  
-3.912985498  
4.749306996  
8.52199231  
7.010337302  
1.895588483  
-3.828016445  
-7.281268522  
-7.092565685  
-4.049959876  
-0.6661402927  
0.1406749846  
-3.408905548  
-10.97219352  
-20.172564  
-27.72520328  
-31.03066596  
-29.41508683  
-24.36694328  
-18.63258256  
-14.63091097  
-13.02156403  
-12.21143626  
-9.123008002  
-0.8982236259  
13.2984895  
31.32017201  
48.49331436  
59.38708623  
60.13709423  
50.2528716  
33.0345657  
14.34619443  
0.2503116466  
-5.458012714  
-2.725445086  
4.918072063  
12.04852925  
13.78077995  
7.848758778  
-4.56302111  
-19.53120379  
-32.2349621  
-39.03229516  
-38.83461415  
-33.23696427  
-25.47715037  
-18.83190972  
-15.25775449  
-14.87972858  
-16.4470409  
-18.37413136  
-19.72000614  
-20.55148046  
-21.52259926  
-22.96627498  
-24.09039424  
-22.83789945  
-16.62614071  
-3.698596046  
15.55109785  
37.98931535  
58.30999577  
70.6705361  
70.80587661  
57.77198791  
34.57873196  
7.403185388  
-16.35863377  
-30.48400592  
-31.88023901  
-21.41592145  
-3.387339969  
16.10536712  
31.22447694  
