51.73163994  
37.29386102  
19.09085914  
6.703230902  
5.864658869  
16.44172269  
32.86070228  
46.72462896  
50.49871152  
40.73812847  
19.55780911  
-6.207712961  
-27.74518118  
-37.72998058  
-33.08549862  
-15.94600676  
7.47701276  
29.54371353  
44.1682995  
48.88502497  
45.21434355  
37.32405307  
29.71847373  
25.05834184  
23.08296137  
21.04533234  
15.36415063  
3.660305822  
-13.78485719  
-33.80284028  
-51.41195886  
-61.68199757  
-61.56391053  
-50.93435099  
-32.50085735  
-10.72880044  
9.659266832  
24.96590497  
33.14180148  
33.68767335  
27.11958129  
14.42858459  
-3.136678107  
-23.91305029  
-45.51819923  
-64.75589271  
-77.99434873  
-82.01908054  
-75.07170576  
-57.62569074  
-32.51186452  
-4.261046446  
22.13219648  
42.57647716  
54.87951276  
59.0413034  
56.81249893  
50.77303497  
43.34185748  
36.08680173  
29.52153852  
23.34398635  
16.90962822  
9.698607975  
1.613603339  
-6.928876098  
-15.06350991  
-21.63045913  
-25.39675776  
-25.3616772  
-21.14926352  
-13.40675945  
-4.025928339  
4.0312354  
7.430005835  
3.58788342  
-8.126171042  
-25.63717773  
-44.31778191  
-58.21370086  
-62.05459857  
-53.35173873  
-33.72137684  
-8.770007276  
13.59743658  
25.93765022  
24.08874109  
8.929505214  
-13.68903291  
-34.91103666  
-46.05322681  
-41.80329453  
-22.22101416  
7.209531078  
37.46858499  
59.08059122  
65.21964549  
53.73968328  
27.51516308  
-6.837151071  
-41.20701674  
-68.30783541  
-83.29938859  
-84.36738429  
-72.37825055  
-50.03653851  
-21.0126082  
10.67792048  
41.03339101  
66.33934953  
83.54316711  
90.76602955  
87.79633013  
76.30130918  
59.55504768  
41.6806905  
26.63290068  
17.27519954  
14.85722248  
19.00145699  
28.07291748  
39.66868583  
50.99434278  
59.0723089  
60.92471213  
53.95614373  
36.65647013  
9.482525409  
-24.47842013  
-59.55008669  
-88.5114867  
-104.5232325  
-103.351974  
-85.0342909  
-54.22173788  
-18.9150643  
12.04404668  
31.80653901  
37.58283257  
31.15438107  
17.69953467  
3.514824287  
-6.349253515  
-9.562563396  
-6.610229854  
0.2953708765  
8.752296143  
17.29551484  
25.57931833  
33.67711724  
41.08531068  
46.18776641  
46.65036656  
40.63128534  
28.13978089  
11.6785759  
-4.390401854  
-15.6477318  
-19.78355289  
-18.00162745  
-14.79141079  
-15.95674658  
-25.69644229  
-44.1105088  
-66.43754985  
-84.58563571  
-90.43379918  
-79.47667036  
-53.12063236  
-18.48680924  
14.30123359  
36.19035047  
42.81660513  
36.04438651  
22.75975035  
11.52991699  
8.719720198  
15.86672745  
29.46248724  
43.09706856  
50.78943779  
49.80213756  
41.57480375  
30.41822911  
20.77226685  
14.55261637  
10.03347384  
2.883441074  
-11.17650652  
-33.49869444  
-60.97301497  
-86.72967732  
-102.8510127  
-103.833467  
-89.13119807  
-63.53162376  
-35.15216046  
-11.98835967  
1.374493789  
5.378854742  
4.757244545  
5.879602937  
13.49793367  
28.41514764  
47.08839775  
63.22169808  
70.49327778  
65.12717581  
47.22677021  
20.47193372  
-9.438454733  
-36.73326375  
-57.05242378  
-68.03409135  
-69.12363954  
-61.07227273  
-45.58158378  
-25.2393859  
-3.524853433  
15.49782174  
28.01149068  
31.62528003  
26.36261434  
14.85347504  
1.444732315  
-9.496402811  
-15.31972414  
-15.99000881  
-13.63920917  
-10.96792255  
-9.348483738  
-7.716009349  
-2.973927489  
8.167960581  
26.83994093  
50.4615912  
73.0119867  
87.24303939  
87.9068728  
74.42086248  
51.53682047  
27.49668708  
10.41847889  
4.615144052  
8.684751563  
16.39820214  
20.02394805  
14.46077766  
0.06744837862  
-17.33076958  
-29.36968292  
-29.59190488  
-17.13482937  
2.327296656  
19.04402249  
23.97514035  
13.5656255  
-7.943567365  
-29.99295843  
-40.44657838  
-31.41893357  
-3.387120685  
34.46474202  
67.93903375  
83.88780412  
75.83011786  
46.52989027  
6.420603595  
-31.23761103  
-56.05530917  
-64.3504559  
-59.45677221  
-48.67696389  
-38.7363028  
-32.25575694  
-27.0892892  
-18.73322544  
-4.293486202  
14.39051491  
30.43842279  
34.88271301  
21.49840904  
-9.028636104  
-47.97392939  
-81.4250431  
-96.0399272  
-85.08200848  
-51.80944627  
-8.460828338  
28.84777838  
47.02975854  
41.56654356  
18.13799801  
-10.3422529  
-29.81523287  
-31.39668157  
-15.027351  
11.07775745  
34.67549091  
45.23176553  
38.4012808  
17.30778728  
-9.627803441  
-32.88946531  
-45.8488569  
-46.65951623  
-37.49792936  
-22.06253869  
-3.089955288  
18.56483095  
42.83727627  
68.23966989  
90.20351635  
101.4300262  
94.56132041  
66.04971626  
19.18851108  
-35.57299651  
-83.6780833  
-111.8221767  
-113.2758149  
-90.64604314  
-54.64739934  
-19.32429343  
4.102637377  
11.88343469  
8.685337849  
4.429012965  
8.61074402  
24.94681749  
49.02726727  
70.18880629  
76.73448867  
61.96329826  
28.04519262  
-14.2041347  
-49.62872208  
-65.14864036  
-55.32481826  
-24.54127331  
15.10550247  
49.11423173  
66.56282906  
64.0678515  
46.11253588  
21.92865858  
0.7093709105  
-12.43366509  
-17.9260138  
-20.18514985  
-24.18749617  
-32.12487359  
-41.93346997  
-48.38263628  
-46.02513628  
-32.35366277  
-9.457432016  
16.68477141  
38.87509685  
51.91381727  
54.70010003  
50.1812826  
43.26643774  
37.88487339  
34.78911974  
31.27688064  
22.96577074  
6.656941423  
-17.26189503  
-44.19538062  
-66.90178459  
-78.5103762  
-75.50863552  
-59.22238361  
-35.07077775  
-10.00449109  
10.55187936  
24.70284861  
34.04438366  
41.68031553  
49.42171486  
55.76439424  
55.87908549  
43.83022607  
16.06039939  
-25.57741331  
-72.88823052  
-113.2691865  
-133.9620961  
-126.9524295  
-92.4342613  
-39.27723228  
17.83519221  
63.52708549  
87.07988594  
85.88814229  
65.70143753  
37.67867317  
13.58358442  
1.154543313  
1.5162652  
9.558321475  
16.92314294  
16.17236834  
4.280050294  
-16.01833839  
-37.51278968  
-51.7878969  
-53.00361913  
-40.54842292  
-19.45006059  
1.603046829  
13.78507921  
11.74357125  
-4.156908539  
-27.82994193  
-49.66695388  
-60.05680497  
-52.87236187  
-27.64665756  
10.28721617  
51.63445307  
86.19507795  
106.0147946  
107.5801487  
92.44657379  
66.28440464  
36.84673425  
11.63022253  
-4.03837605  
-8.02621941  
-1.425850924  
12.20955591  
28.0693789  
41.36369177  
48.3988242  
47.28414446  
38.19286121  
23.16015965  
5.464225465  
-11.28386256  
-24.11871317  
-31.48166438  
-33.50281468  
-31.68169056  
-28.071827  
-24.29659933  
-20.83192291  
-16.90753747  
-11.11247054  
-2.447798782  
8.689000282  
20.13300728  
28.49740959  
30.50762228  
24.57306717  
11.8413706  
-3.874124507  
-17.43568942  
-24.53717384  
-23.7669616  
-17.59782849  
-11.70388597  
-12.7073267  
-25.18655406  
-49.19814872  
-79.46173349  
-106.7348793  
-121.0045145  
-115.320863  
-88.75285865  
-47.21996828  
-1.762982774  
35.17147968  
54.05388036  
51.56657105  
31.62692611  
3.778203566  
-20.40153742  
-31.48978269  
-25.44742342  
-4.751284699  
22.86985468  
47.49719957  
60.66995015  
58.28380052  
41.77756897  
17.32958533  
-6.501636417  
-21.77115347  
-23.73924248  
-12.26441249  
8.333016647  
30.76612629  
47.08632828  
51.08281865  
40.11051839  
15.88755439  
-15.90840998  
-47.12066268  
-69.29292565  
-75.99961163  
-64.7177836  
-37.70767726  
-1.588742569  
34.36894483  
60.83820242  
71.20442925  
63.66911119  
41.96926622  
14.37194308  
-8.862706014  
-18.82700983  
-11.06321413  
12.64692032  
44.49717423  
72.93772066  
86.37879656  
77.13989866  
44.31091726  
-5.510442826  
-59.95910736  
-104.6335544  
-127.6155306  
-123.2584679  
-93.93455755  
-49.11584091  
-2.09866372  
34.4760426  
52.71564643  
