-3.189078064  
-24.93944818  
-44.71163547  
-55.69766571  
-53.56463012  
-38.19298924  
-13.7623132  
12.8527271  
34.68448668  
47.16943281  
49.51714303  
44.45749531  
36.59292597  
30.17098874  
27.28831191  
27.27377939  
27.42108852  
24.62302633  
17.08601719  
5.322360217  
-8.001692897  
-19.23942256  
-25.3809683  
-25.36962906  
-20.54521244  
-14.05386167  
-9.516159745  
-9.538402205  
-14.67825579  
-23.24823359  
-31.98167038  
-37.25525223  
-36.38646142  
-28.5497392  
-15.03889409  
1.148022787  
16.21066602  
26.62791855  
30.10454469  
26.14558994  
16.13959427  
2.956465848  
-9.824265875  
-18.85673815  
-21.90103498  
-18.38996612  
-9.526653902  
2.124381052  
13.43637535  
21.66455534  
25.23529979  
24.12898066  
19.74475758  
14.3174162  
10.10808775  
8.655234665  
10.32887938  
14.30244678  
18.9033776  
22.18547813  
22.52292058  
19.05898496  
11.91811856  
2.170286478  
-8.413102458  
-17.75058301  
-23.92160476  
-25.63736817  
-22.60926477  
-15.69994844  
-6.764475724  
1.832933202  
7.92181055  
10.23120355  
8.833109734  
5.121645502  
1.29137853  
-0.5122773384  
0.9604536222  
5.576148637  
11.90818986  
17.87410095  
21.63885659  
22.37127389  
20.50061601  
17.354594  
14.36305333  
12.2353973  
10.54893756  
7.99141962  
3.170892523  
-4.403125703  
-13.68950241  
-22.2274453  
-27.03627014  
-25.95012927  
-18.77767795  
-7.699387989  
3.370330777  
10.25822347  
10.23481249  
3.186213695  
-8.302515987  
-20.03786963  
-28.0307119  
-30.23204887  
-27.40075339  
-22.68830641  
-20.10384466  
-22.54103233  
-30.26447506  
-40.56149321  
-48.74753237  
-50.10429548  
-41.90743023  
-24.65863642  
-1.993553685  
20.67531275  
38.17212293  
47.35826734  
47.98835145  
42.34853101  
33.95976977  
26.01799305  
20.29301245  
16.91325899  
14.98646508  
13.591606  
12.53038871  
12.41077509  
14.04325053  
17.54273655  
21.72199167  
24.22975585  
22.48941825  
15.0361004  
2.57371157  
-11.86314505  
-23.86462786  
-29.39815857  
-26.6095372  
-16.83143071  
-4.265745793  
5.613183041  
8.297407923  
2.168528602  
-10.74703767  
-25.54779814  
-36.44513487  
-39.12905437  
-32.5082744  
-19.10035044  
-3.937305803  
7.51362528  
11.51737533  
7.434006243  
-2.2313308  
-13.02273093  
-20.39746583  
-21.46050025  
-15.90175738  
-5.862308312  
5.084119489  
13.32722669  
16.42213226  
13.70486793  
6.231966481  
-3.774851767  
-13.67079879  
-21.046695  
-24.17065665  
-22.21545161  
-15.3351956  
-4.629762764  
8.02326572  
20.31378873  
30.0155723  
35.56334584  
36.49061269  
33.52759529  
28.27509144  
22.56056719  
17.74956757  
14.33009215  
11.96766128  
9.992026303  
8.041905407  
6.491212947  
6.378169055  
8.821899582  
14.2071679  
21.58819012  
28.69936379  
32.67771389  
31.23149426  
23.72133958  
11.60705447  
-2.018853348  
-13.65662605  
-20.84395853  
-23.14196981  
-22.17790846  
-20.70540776  
-21.12552969  
-24.19247934  
-28.55567016  
-31.3911502  
-29.83856461  
-22.5498665  
-10.58088661  
2.839807022  
13.59116362  
18.40484745  
16.26082177  
8.783426409  
-0.5327948385  
-7.882144377  
-10.74581396  
-8.792750088  
-3.713601707  
1.849235572  
5.682768596  
6.989288039  
6.517105773  
5.846699665  
6.285271326  
8.008704564  
9.928707581  
10.34712143  
8.017231341  
2.999581963  
-3.194921496  
-8.296698925  
-10.46411462  
-9.335989724  
-6.362878945  
-4.188109207  
-5.342887033  
-10.89082876  
-19.71166147  
-28.81541337  
-34.57580482  
-34.31608979  
-27.50326694  
-15.99440641  
-3.23585388  
7.187946947  
12.9714424  
13.83925221  
11.35593908  
7.982585888  
5.905143813  
6.205873419  
8.703293649  
12.39923921  
16.15979903  
19.18853598  
21.04608341  
21.30490485  
19.19462494  
13.62600644  
3.749951319  
-10.16415459  
-26.03770569  
-40.01318522  
-47.44429178  
-44.59888981  
-30.39293504  
-7.333654039  
18.88857378  
41.15126032  
53.36428518  
52.6493159  
40.308051  
21.15759439  
1.520113016  
-13.25768526  
-20.68872692  
-21.66341571  
-19.47067116  
-17.873445  
-19.19096827  
-23.28153907  
-27.8432643  
-29.79692728  
-27.00489238  
-19.45200657  
-9.317615182  
0.06269287734  
5.79737307  
6.792833208  
4.199313401  
0.7545145694  
-0.6198990757  
1.742371876  
7.484465174  
14.48458679  
19.97869266  
21.96559555  
20.19035447  
16.23134406  
12.67161422  
11.78783965  
14.4174765  
19.56014857  
24.89508167  
27.94025173  
27.26825559  
23.17526251  
17.47766957  
12.54483672  
10.05245917  
10.08048106  
11.01440287  
10.32395261  
5.868361209  
-2.884729879  
-14.31881018  
-25.10368097  
-31.46757958  
-30.78717653  
-22.81832511  
-10.02431076  
3.17486102  
11.96567213  
12.91668685  
5.277123775  
-8.702952459  
-24.54955724  
-37.13635571  
-42.45519778  
-38.93497172  
-27.85153828  
-12.72969344  
1.98615798  
12.46586212  
16.66945375  
14.78135805  
8.827499824  
1.710555629  
-3.911514336  
-6.471692213  
-5.796318402  
-2.843851581  
0.9153725179  
4.166273712  
6.190778746  
6.962945599  
6.95444924  
6.824524131  
7.175673702  
8.46481256  
11.03176372  
15.12361932  
20.8030898  
27.72927415  
34.92758913  
40.74055406  
43.1121969  
40.20887467  
31.18489003  
16.76597835  
-0.6657864112  
-17.62792291  
-30.60092219  
-37.21611714  
-37.08431611  
-31.8962145  
-24.7186842  
-18.75753369  
-16.09991184  
-16.96863752  
-19.80141815  
-22.10362115  
-21.68008182  
-17.68758881  
-11.04061856  
-4.005315574  
0.8123126033  
1.610457605  
-1.846992391  
-8.171743176  
-14.98164806  
-19.89915891  
-21.45382484  
-19.50745328  
-15.07368073  
-9.693991715  
-4.71925659  
-0.8444056985  
1.927221187  
3.955867186  
5.523223107  
6.558638889  
6.693472434  
5.59758609  
3.381269703  
0.800397728  
-0.8937567561  
-0.4253887531  
2.928141305  
8.935112873  
16.39194691  
23.515889  
28.5809257  
30.52170973  
29.25564473  
25.61301158  
20.94472509  
16.60614881  
13.53896883  
12.09117788  
12.08267393  
13.01504798  
14.28760483  
15.32600766  
15.61397116  
14.68683241  
12.1592331  
7.816282452  
1.732892443  
-5.653895586  
-13.58282034  
-21.12185153  
-27.37761021  
-31.670929  
-33.61354469  
-33.08573223  
-30.1753752  
-25.15361385  
-18.51791469  
-11.05583975  
-3.828963652  
2.011162833  
5.571511308  
6.604882975  
5.729638228  
4.301511491  
3.901361165  
5.605398687  
9.362492034  
13.81586753  
16.74161212  
15.99113833  
10.55169373  
1.223700968  
-9.465573325  
-18.16535044  
-22.08638401  
-20.26635798  
-14.11585547  
-6.933923939  
-2.54042342  
-3.590424531  
-10.31231627  
-20.25202606  
-29.17186208  
-32.74099096  
-28.29894437  
-15.94146425  
1.517313838  
19.65464868  
34.10841627  
42.08207208  
43.08230337  
38.6703883  
31.45987607  
23.89891029  
17.40388515  
12.17002424  
7.616624891  
3.1185722  
-1.419437742  
-5.447022893  
-8.125190636  
-8.902343753  
-7.947046205  
-6.173290399  
-4.834822094  
-4.907670168  
-6.594785313  
-9.213919775  
-11.51993274  
-12.28231724  
-10.81671265  
-7.214111355  
-2.190463591  
3.313057857  
8.530795567  
13.05770552  
16.7573308  
19.51174527  
21.02873754  
20.87541923  
18.74771146  
14.81050484  
9.864863159  
5.17363278  
1.971331293  
0.8883157172  
1.609084449  
2.992657194  
3.644867807  
2.671986712  
0.2106021478  
-2.589185024  
-4.17695905  
-3.530871624  
-0.9131385226  
1.996603118  
2.748737545  
-0.6950531543  
-8.806900607  
-19.96909064  
-30.91905978  
-38.03446131  
-38.89391338  
-33.3708423  
-23.70396171  
-13.4671054  
-5.904467182  
-2.434184859  
-2.072178596  
-2.096138746  
0.343133495  
6.452175026  
14.77936723  
21.54114215  
22.24185812  
13.89484555  
