67.93328368  
52.18583932  
30.07092202  
7.186282717  
-10.84584832  
-20.31942792  
-20.52012431  
-13.53962182  
-3.001532654  
7.655849208  
16.53376888  
23.673756  
30.39619999  
37.98391528  
46.42276675  
53.86813632  
57.14182957  
53.05733576  
39.96504714  
18.7908104  
-6.936299782  
-32.11913751  
-51.77170376  
-62.64938099  
-64.17587061  
-58.33387906  
-48.63606745  
-38.66312958  
-30.79304887  
-25.60570177  
-22.11603372  
-18.62790213  
-13.76714604  
-7.235545086  
-0.001365666356  
6.088302081  
9.055099098  
7.571991357  
1.494828746  
-8.005694411  
-18.70569952  
-27.86897914  
-32.91303664  
-32.05686412  
-24.82709248  
-12.31180493  
2.937274661  
17.41005533  
27.50785922  
30.59314487  
25.90547009  
14.99164286  
1.403920366  
-10.33603247  
-16.21265057  
-14.11517546  
-4.613337829  
9.231163407  
22.98623242  
32.48484085  
35.32627635  
31.63971342  
23.81593845  
15.35619637  
9.365009406  
7.35112247  
8.835212978  
11.87196072  
14.16703285  
14.20868252  
11.8645365  
8.194128767  
4.64256221  
2.099981663  
0.3694989809  
-1.644726433  
-5.11964245  
-10.31976717  
-16.01156426  
-19.688494  
-18.59847341  
-11.13005427  
2.121272547  
18.18612758  
32.632773  
41.22053872  
41.57894884  
34.14750328  
21.92835265  
9.146868754  
-0.5746083652  
-5.692471811  
-7.191220397  
-7.817105186  
-10.48274011  
-16.62601766  
-25.32886827  
-33.63921517  
-37.96439973  
-35.88724391  
-27.5446187  
-15.89757957  
-5.725472135  
-1.755363674  
-6.727030715  
-20.21947053  
-38.72330423  
-56.90233639  
-69.49194331  
-73.05094367  
-66.89993115  
-52.96921535  
-34.75117669  
-15.89312306  
0.9574603107  
14.63855979  
25.22211977  
33.28929039  
39.16698334  
42.51511149  
42.44102888  
38.05210238  
29.15981312  
16.79566138  
3.288875625  
-8.164694945  
-14.32456146  
-12.86931998  
-3.207157997  
13.12242628  
32.60893101  
50.50636442  
62.00111498  
63.53045541  
53.88168991  
34.71081764  
10.24928662  
-13.79535865  
-31.85837783  
-40.15179799  
-37.75385207  
-26.75323629  
-11.38196232  
3.543819044  
14.27864304  
19.26386673  
19.29965579  
16.7719922  
14.33596128  
13.67339256  
14.87272598  
16.65685501  
17.26687241  
15.4996043  
11.34889456  
5.933554461  
0.7888816961  
-3.053417633  
-5.654876107  
-8.067636693  
-11.56612649  
-16.63147637  
-22.28764554  
-26.2448947  
-25.89566203  
-19.73246874  
-8.468347509  
4.791469556  
15.55801058  
19.79587827  
15.7789434  
5.062875825  
-7.976395058  
-17.93901205  
-20.78413541  
-15.72102938  
-5.696790418  
3.82054191  
7.282469537  
1.65162502  
-12.0401813  
-28.91846441  
-42.23333872  
-46.23020233  
-38.65970858  
-21.80530133  
-1.559753459  
15.05076289  
22.80715101  
20.41631489  
10.89992841  
0.1212669931  
-5.860935919  
-3.426922153  
7.123987049  
21.84350097  
34.96121326  
41.4015297  
38.86342998  
28.5853794  
14.54232651  
1.52633676  
-6.972479278  
-10.13539318  
-9.87614389  
-9.650603242  
-12.6254466  
-20.06506436  
-30.6487808  
-40.9784768  
-46.99946219  
-45.67847734  
-36.2159201  
-20.32089249  
-1.51035321  
16.19638503  
29.60627553  
37.1844774  
39.14621654  
36.91210438  
32.28196819  
26.73926477  
21.15615567  
15.92178484  
11.29536811  
7.697048567  
5.726972143  
5.889769026  
8.194478404  
11.89007379  
15.54067612  
17.46778517  
16.38510485  
11.93050308  
4.826004667  
-3.434427081  
-11.24056692  
-17.55834524  
-22.31993973  
-26.30712125  
-30.56754347  
-35.64055332  
-40.98178051  
-44.9024539  
-45.10755243  
-39.63262808  
-27.77585402  
-10.60327748  
9.216951377  
28.19933656  
43.11750875  
51.92346201  
54.14841494  
50.68033943  
43.10798945  
33.00870747  
21.54339309  
9.515459589  
-2.235762936  
-12.44958477  
-19.42245908  
-21.50531408  
-17.951708  
-9.682981972  
0.5217931928  
8.689603755  
11.04525848  
5.604585742  
-6.751649063  
-22.29934106  
-35.72242915  
-42.17070886  
-39.28839048  
-28.32305563  
-13.77260607  
-1.648854135  
2.950454378  
-2.058032832  
-14.86905199  
-30.51679863  
-42.88829009  
-47.15427398  
-41.59020903  
-28.05685445  
-11.0204203  
4.373459104  
14.28509582  
17.39005259  
14.90033147  
9.561766978  
4.238258851  
0.8029872753  
-0.1946046521  
0.9188623256  
3.754553649  
8.463896667  
15.72377604  
26.09646896  
39.15826578  
52.97319925  
64.34335605  
69.86744075  
67.38646006  
57.13426614  
41.98367017  
26.56679823  
15.56934414  
11.89910182  
15.51676269  
23.44152128  
30.93836614  
33.38762519  
28.06416098  
15.12182017  
-2.556020548  
-20.49936208  
-34.2700138  
-40.91184504  
-39.7399527  
-32.29674931  
-21.6331668  
-11.27196307  
-4.225302832  
-2.316447866  
-5.888694614  
-13.86634001  
-24.09123386  
-33.8656519  
-40.63141373  
-42.67097436  
-39.64863361  
-32.77952172  
-24.48301728  
-17.55643299  
-14.12911194  
-14.81201434  
-18.43880914  
-22.57191678  
-24.60316991  
-22.97280839  
-17.92846722  
-11.42404335  
-6.155743666  
-4.167144749  
-5.704783965  
-8.929654086  
-10.69849826  
-8.1006135  
-0.02748541812  
12.01830219  
24.34650137  
32.62796027  
33.89933454  
28.08921193  
18.30318563  
9.65387172  
7.092183411  
13.17559204  
26.76596068  
43.25345502  
56.23687764  
59.9606213  
51.50084717  
31.8334542  
5.422512373  
-21.4095338  
-42.6086577  
-54.18327284  
-55.0818801  
-47.01607746  
-33.50821686  
-18.6508532  
-6.021865421  
2.015539935  
4.619166995  
2.481478182  
-2.377872484  
-7.059612198  
-8.519791448  
-4.541317776  
5.305659915  
19.12229144  
32.94807542  
41.96181174  
42.31171808  
32.87924755  
16.15454037  
-2.328808265  
-15.95901989  
-19.70126961  
-12.31790831  
2.891722195  
19.29018426  
29.63478382  
29.20394534  
17.92534192  
0.5060374731  
-15.55660989  
-23.23329217  
-19.03582066  
-4.513507056  
14.50547887  
30.56432052  
37.88302928  
34.78946831  
24.1779424  
11.8443305  
3.551633322  
2.262136692  
6.852335366  
12.87744387  
14.94339664  
9.475323482  
-3.488711858  
-20.33381623  
-35.66520798  
-44.93044922  
-46.54794609  
-42.50388454  
-37.16820894  
-34.9740731  
-38.15287101  
-45.65519215  
-53.76013658  
-58.01191844  
-55.46445701  
-46.08909374  
-32.66071392  
-19.23506636  
-9.052081195  
-2.976801036  
0.7135553037  
5.107931849  
12.67669284  
23.60276968  
35.35092705  
43.75703697  
45.12334356  
38.26158073  
25.41552641  
11.52915481  
2.141816861  
0.884019584  
7.767437003  
19.10321138  
29.11330836  
32.49758597  
26.77130072  
13.30573142  
-3.37454583  
-17.6658671  
-25.33617597  
-25.21877998  
-19.41345581  
-11.98619876  
-6.860027958  
-5.935008231  
-8.316239521  
-10.96247316  
-10.37971433  
-4.503269805  
6.143259443  
18.54947229  
28.50705559  
32.46467618  
29.09018475  
19.84803517  
8.371299225  
-1.048991662  
-5.167670998  
-2.95392914  
4.223423463  
13.39031519  
21.32781914  
25.8875135  
26.72909904  
25.23867215  
23.74263221  
24.4020959  
28.25493125  
34.76386762  
41.99710975  
47.32189024  
48.32214741  
43.60749043  
33.25467627  
18.76818677  
2.60965232  
-12.52725073  
-24.45594066  
-32.02181767  
-35.26455171  
-35.19312287  
-33.28237866  
-30.89552486  
-28.86053139  
-27.36015617  
-26.1573528  
-25.02220064  
-24.12418506  
-24.15973666  
-26.10697527  
-30.69172126  
-37.81824952  
-46.27786435  
-53.95050116  
-58.49289673  
-58.25772562  
-53.03702079  
-44.25795349  
-34.48135762  
-26.37365705  
-21.58783507  
-20.06629088  
-20.11092011  
-19.21984807  
-15.3215271  
-7.825403791  
2.031329092  
11.74391747  
18.7736938  
21.87611117  
21.86096057  
21.360501  
23.63939238  
30.95000996  
43.1925769  
57.54583047  
69.32199376  
73.74737912  
