2.812998958  
-3.219400921  
-11.16084638  
-18.41704813  
-22.50247406  
-21.93400793  
-16.73202366  
-8.315896614  
1.15369134  
9.684733067  
16.20507047  
20.82531821  
24.5216705  
28.42541484  
33.0912554  
38.11692497  
42.30270843  
44.26253085  
43.16630139  
39.22333766  
33.64440698  
28.08341489  
23.82786518  
21.14319894  
19.11283267  
16.07765305  
10.48455541  
1.746255479  
-9.302324318  
-20.58210445  
-29.51776577  
-34.02589766  
-33.30556525  
-28.09392562  
-20.30307595  
-12.23855385  
-5.775558092  
-1.855394168  
-0.4782043425  
-1.107001186  
-3.198605948  
-6.53822686  
-11.19005873  
-17.1142422  
-23.7077445  
-29.59527591  
-32.88180745  
-31.83543428  
-25.72088391  
-15.37821435  
-3.212992515  
7.491828313  
13.72227248  
13.88920257  
8.506047854  
0.07803097623  
-7.787734626  
-11.71996435  
-9.849788181  
-2.51634693  
7.852142151  
17.61975979  
23.23664684  
22.4601835  
15.07526907  
2.899318956  
-10.8725424  
-22.7064922  
-29.78251791  
-30.73429153  
-25.8942056  
-17.03698077  
-6.758145783  
2.30066194  
8.162536714  
9.989941652  
8.222941366  
4.361594749  
0.4551450009  
-1.564129766  
-0.5127094764  
3.645857261  
9.781179258  
15.98611479  
20.26265058  
21.26623311  
18.82667228  
14.02890362  
8.799549871  
5.14451681  
4.335860083  
6.38092857  
10.00148943  
13.14176639  
13.80281233  
10.86108295  
4.535980552  
-3.677654282  
-11.56928186  
-17.01869358  
-18.71487816  
-16.51442658  
-11.34123733  
-4.732199473  
1.730591709  
6.848861694  
9.955059622  
10.79715348  
9.314437614  
5.491743936  
-0.5954187747  
-8.570863942  
-17.53160643  
-25.99130224  
-32.10831749  
-34.16899159  
-31.15519654  
-23.16020372  
-11.46556572  
1.76912533  
14.0893547  
23.38133403  
28.33839951  
28.6327561  
24.80750523  
18.01113592  
9.722120744  
1.548955181  
-4.908482278  
-8.220354603  
-7.385711451  
-2.173264676  
6.585311332  
16.94467414  
26.18624472  
31.5451552  
31.12031704  
24.62262491  
13.61979665  
1.105519179  
-9.502396198  
-15.56978911  
-16.1760793  
-12.37462348  
-6.666444055  
-1.908842425  
-0.1295487304  
-1.75727515  
-5.589079019  
-9.477959517  
-11.39842754  
-10.38478429  
-6.912836033  
-2.572365329  
0.7802488674  
1.956158476  
0.9938362321  
-0.9206923426  
-2.11671993  
-1.34129042  
1.554397182  
5.486440527  
8.627233905  
9.267605972  
6.627231419  
1.222604002  
-5.373682514  
-11.248643  
-14.98004238  
-16.18224873  
-15.52287641  
-14.23680055  
-13.40958806  
-13.40064222  
-13.6858268  
-13.1731759  
-10.80525208  
-6.129814139  
0.4417454519  
7.790198429  
14.54271001  
19.56917435  
22.27130471  
22.55716646  
20.58477082  
16.48785708  
10.29226528  
2.096112079  
-7.598136011  
-17.63736637  
-26.28165289  
-31.648383  
-32.39048423  
-28.30301337  
-20.54369645  
-11.31234212  
-3.088090522  
2.256293175  
4.073259556  
3.023391064  
0.6093705611  
-1.589595867  
-2.598574267  
-2.319579799  
-1.299118936  
-0.1644882093  
0.9238176055  
2.472897073  
5.379344751  
10.31473703  
17.11951579  
24.56836694  
30.68841245  
33.5224051  
31.98328123  
26.37732105  
18.32252249  
10.08398726  
3.638724902  
-0.08309909192  
-1.426126242  
-1.625232214  
-2.038067101  
-3.410560298  
-5.556055453  
-7.591664597  
-8.56480216  
-8.088315885  
-6.601233625  
-5.088666284  
-4.411557813  
-4.639917828  
-4.812525476  
-3.331983601  
1.145183683  
8.76551203  
18.00816372  
26.01656211  
29.67206273  
26.95874794  
17.98102785  
5.119670515  
-7.800812909  
-16.99275269  
-20.17833242  
-17.39568554  
-10.79319649  
-3.547014688  
1.556741631  
3.199829023  
1.796933548  
-1.09524136  
-3.835189334  
-5.615688085  
-6.75238514  
-8.221117374  
-10.75405594  
-14.06008901  
-16.6746353  
-16.59674751  
-12.4196145  
-4.35110111  
5.473529154  
13.64977033  
16.89897055  
13.56203932  
4.459253578  
-7.33750344  
-17.75405627  
-23.41541419  
-23.00169097  
-17.6276317  
-10.09722704  
-3.441344043  
0.5084664649  
1.797395231  
1.970510171  
2.897335301  
5.476104782  
8.956483584  
11.28181274  
10.29073197  
5.128090618  
-2.937668046  
-10.81554845  
-14.95877049  
-13.16121075  
-5.866590281  
3.74235425  
11.03108101  
12.04149576  
5.46765574  
-6.499205773  
-18.93221206  
-26.25705414  
-24.74095327  
-14.23806097  
1.628944123  
16.95559757  
26.04590015  
25.78656517  
16.85679422  
3.280631046  
-9.404668803  
-16.48226911  
-15.83880148  
-8.472443329  
2.355499396  
12.77665824  
19.91758756  
22.72092567  
21.74070521  
18.22458469  
13.13247642  
6.694852038  
-1.271133507  
-10.56206461  
-19.89924903  
-26.9055012  
-28.92302729  
-24.33371454  
-13.68423137  
0.07071744056  
12.49276259  
19.43917863  
18.89764209  
11.97047145  
2.457457307  
-4.851006727  
-6.410832418  
-1.628319523  
6.820877184  
14.26665754  
16.35004097  
11.27002695  
0.8712593434  
-10.00349335  
-15.65357353  
-12.18610424  
0.5377254461  
18.61115173  
35.62301737  
45.3583471  
44.4441257  
33.7479826  
17.91332786  
3.269260036  
-4.913394306  
-4.576193985  
2.500155768  
11.80657038  
18.3637851  
19.03929292  
13.85776566  
5.754493454  
-1.031759601  
-3.109127368  
0.4030499941  
7.448695089  
13.99014704  
15.84209257  
10.50925426  
-1.794982309  
-18.34261571  
-35.1141891  
-48.42062264  
-56.17560821  
-58.31132653  
-56.28122996  
-52.02364769  
-46.96156762  
-41.51397019  
-35.27133092  
-27.6270621  
-18.44508223  
-8.375729022  
1.329574941  
9.357591495  
14.88769733  
17.83838626  
18.68535224  
17.99729331  
16.0112637  
12.54775881  
7.358224424  
0.7152192591  
-6.13602703  
-11.02940604  
-11.5608959  
-6.183490893  
4.780993913  
18.75996999  
31.49614347  
38.46348958  
36.61686249  
25.74537817  
8.807885165  
-8.972077381  
-21.94956808  
-26.12387457  
-20.59355739  
-7.810177388  
7.462399204  
20.03975343  
26.27189733  
25.27155258  
18.95540667  
10.9520507  
4.899247407  
2.879467702  
4.640894226  
7.881224569  
9.407841196  
6.631731331  
-1.251428253  
-12.86667398  
-25.16986367  
-34.60572782  
-38.4200627  
-35.61477551  
-27.22033179  
-15.84880507  
-4.755757717  
3.218836897  
6.473598261  
5.009237266  
0.2890046145  
-5.295420225  
-9.160546265  
-9.266036489  
-4.677472607  
4.16163871  
15.51003828  
26.75813722  
35.12539984  
38.45992756  
35.91166539  
28.24760627  
17.66131234  
7.090546785  
-0.754202408  
-4.310752779  
-3.68070157  
-0.5175221508  
2.693995007  
3.693887462  
1.410827484  
-3.573716232  
-9.269176667  
-13.13624795  
-13.20301093  
-8.955848979  
-1.614865609  
6.33351075  
12.14893174  
13.9576256  
11.49652018  
6.163245483  
0.3616438085  
-3.559504562  
-4.3029627  
-2.122334088  
1.379272116  
4.040654102  
4.155663552  
1.253139999  
-3.695603458  
-8.718010425  
-11.71968287  
-11.40574637  
-7.842067188  
-2.42234475  
2.73150773  
5.668593157  
5.42545542  
2.424657314  
-1.696408732  
-4.745243228  
-4.852940726  
-1.229929332  
5.481943332  
13.38228506  
19.93919621  
22.84593451  
20.81394591  
14.03901208  
4.187797284  
-6.095981  
-14.0169094  
-17.53047535  
-16.03531258  
-10.6194207  
-3.753454692  
1.500922491  
2.53010732  
-1.888337959  
-11.07749036  
-22.59819663  
-33.0221901  
-39.09564902  
-38.88497558  
-32.48077348  
-21.98382373  
-10.7614985  
-2.242805652  
1.298485393  
-0.4837489863  
-5.960645256  
-12.20185021  
-16.08784721  
-15.42356625  
-9.643430544  
0.1136675085  
11.51760095  
21.88793574  
29.01426416  
31.67505315  
29.74775926  
23.98834012  
15.66884695  
6.255497416  
-2.788510185  
-10.11085944  
-14.58923671  
-15.53465149  
-12.95241786  
-7.728818972  
-1.576665712  
3.354956603  
5.14487759  
