27.01579546  
18.86126866  
5.686300616  
-7.677963943  
-17.06886385  
-20.46881838  
-18.50835683  
-13.79955893  
-9.417616114  
-7.240643228  
-6.939321679  
-6.126105837  
-1.637159104  
8.630229046  
24.20873226  
41.66679447  
55.63556707  
60.90747006  
54.72314626  
38.211255  
16.26597345  
-4.186254102  
-16.85625506  
-18.57945673  
-10.54431445  
2.287137966  
13.33316181  
17.19883468  
11.9284729  
-0.2528583056  
-13.99735549  
-23.19490272  
-23.58899768  
-14.52896507  
0.8421535626  
16.95587925  
28.06930124  
30.39737493  
23.2615702  
8.898664977  
-8.807518204  
-25.97092085  
-39.95639536  
-49.77272835  
-55.62204695  
-58.0386796  
-57.1932924  
-52.76046777  
-44.36943487  
-32.29584079  
-17.90726042  
-3.516854418  
8.35380125  
15.95016868  
18.98300056  
18.65668582  
16.98163496  
15.7093193  
15.44597854  
15.42435314  
14.07713577  
10.12849517  
3.626150493  
-3.664677378  
-8.782656835  
-8.823726439  
-2.356753027  
9.684316978  
24.0959549  
36.49822116  
42.96791688  
41.50155971  
32.68157425  
19.29409514  
5.127107231  
-6.471449242  
-13.63582619  
-16.23238876  
-15.33904686  
-12.34284778  
-8.183256808  
-3.121083009  
2.922327781  
9.749825822  
16.44350953  
21.42823393  
23.07310548  
20.52760285  
14.318475  
6.326316968  
-0.9238658607  
-5.351474431  
-6.252392553  
-4.584419415  
-2.425875776  
-1.850538348  
-3.779793138  
-7.414839668  
-10.58247822  
-10.87141691  
-7.01904704  
0.156301046  
7.797833699  
12.09389929  
9.956654251  
0.5323745159  
-14.18177286  
-29.95197479  
-41.92898191  
-46.58050215  
-43.08145335  
-33.54463878  
-21.99663297  
-12.57132879  
-7.743182672  
-7.392759721  
-9.10460981  
-9.525821199  
-6.128825864  
1.455173772  
11.15586426  
19.36750018  
22.61808061  
19.23548958  
10.2434403  
-0.9291925936  
-9.807502014  
-12.70484886  
-8.233249028  
2.157250149  
14.82431827  
25.460603  
30.82572036  
29.94046211  
24.25809588  
16.79130292  
10.63123155  
7.547311554  
7.297938645  
7.943907885  
6.995023125  
2.839738156  
-4.223226665  
-11.85650389  
-16.56083155  
-15.2024978  
-6.530505065  
7.999588242  
24.50017654  
37.96796704  
44.13545814  
41.10715347  
30.09998217  
14.96747725  
0.6883866353  
-8.568621635  
-11.01340384  
-7.798361407  
-2.360221043  
1.167009088  
-0.2110681582  
-7.037230227  
-17.15935221  
-26.64070401  
-31.42195349  
-29.02505516  
-19.58848467  
-5.823582744  
8.053835109  
17.93729646  
21.30486485  
17.9666895  
9.836834119  
-0.09191278669  
-9.066816801  
-15.59883873  
-19.77893126  
-22.81987742  
-26.10704171  
-30.24280356  
-34.54070727  
-37.19633561  
-36.04545749  
-29.56243435  
-17.66093149  
-1.96047286  
14.58254379  
28.52391832  
36.9343116  
38.20295301  
32.39924431  
21.13043866  
7.005301982  
-7.084847461  
-18.64538411  
-26.05425842  
-28.75838838  
-27.19606823  
-22.50648648  
-16.12034653  
-9.340619219  
-3.023105796  
2.553694036  
7.590675762  
12.47770259  
17.42542924  
22.18011016  
25.96526343  
27.70782584  
26.47887856  
21.96698136  
14.76240795  
6.292863472  
-1.602938596  
-7.311277052  
-10.02741829  
-10.03250208  
-8.53260703  
-7.120250111  
-7.086485322  
-8.879353252  
-11.93707209  
-14.95565052  
-16.45896165  
-15.41510166  
-11.6409603  
-5.849371297  
0.6385258673  
6.355617614  
10.11978141  
11.28413608  
9.775116982  
5.991687818  
0.6795058505  
-5.150339224  
-10.27359151  
-13.35831282  
-13.2020217  
-9.096380536  
-1.202128781  
9.258523803  
20.16048179  
29.0233077  
33.80208364  
33.62778573  
29.17682636  
22.47113004  
16.13923531  
12.40471914  
12.20092486  
14.77613451  
17.95970657  
18.99300241  
15.60373422  
6.915330021  
-6.13669023  
-21.00697314  
-34.25599198  
-42.51111265  
-43.36464073  
-35.97235283  
-21.24852801  
-1.673672759  
19.196601  
37.41697905  
49.43062924  
52.82890749  
46.95169219  
33.15942567  
14.63173512  
-4.352267174  
-19.52821061  
-27.8578315  
-28.44538627  
-22.81513145  
-14.40456633  
-7.408377193  
-5.358927754  
-9.938570391  
-20.43597024  
-34.01454  
-46.65972614  
-54.44004569  
-54.64466235  
-46.46104016  
-31.0643682  
-11.20363829  
9.506031422  
27.36571821  
39.30385054  
43.45223867  
39.55291576  
29.13101572  
15.32385164  
2.26929051  
-5.929228544  
-6.449245741  
1.186948494  
14.6820933  
29.47053661  
40.13460914  
42.31102216  
34.39251425  
18.32152996  
-0.9265690102  
-17.06498756  
-24.80996566  
-21.89695611  
-9.992532773  
5.876599691  
19.16239235  
24.18033591  
18.11618828  
1.911839161  
-20.23593978  
-42.47562951  
-59.31474244  
-67.27913454  
-65.68149191  
-56.37585784  
-42.77113488  
-28.58888973  
-16.82654649  
-9.18424724  
-5.97067944  
-6.340608965  
-8.690264622  
-11.1065478  
-11.8435003  
-9.809466605  
-4.977637649  
1.451760356  
7.31929412  
10.25680018  
8.740455998  
3.038686485  
-4.429379471  
-9.645110144  
-8.399677992  
1.91888108  
20.90984921  
44.81195486  
67.52353003  
82.70076135  
86.12793204  
77.36341115  
59.92209772  
39.86574856  
23.37362179  
14.33026629  
12.9722285  
16.16378108  
19.1354241  
17.85842221  
10.95111651  
0.2516874935  
-10.17143082  
-16.0649265  
-15.10188192  
-8.060378223  
1.468347729  
8.676507584  
9.67134299  
3.146071464  
-9.154302127  
-23.32915986  
-35.10241499  
-41.62975957  
-42.51912272  
-39.66938329  
-36.10693406  
-34.44371641  
-35.69581702  
-38.95798561  
-41.97847437  
-42.25757164  
-38.10380024  
-29.1923897  
-16.48557959  
-1.709217835  
13.24822382  
26.70770865  
37.2647114  
43.70764452  
45.04584877  
40.7978543  
31.45199622  
18.7979903  
5.789081015  
-4.213692166  
-8.626953288  
-6.770014176  
-0.3570157941  
6.998710277  
11.18463505  
9.353800444  
1.278932297  
-10.35806719  
-20.94583468  
-25.82116663  
-22.24370297  
-10.59647745  
5.724539114  
21.6804066  
32.60144862  
35.9477942  
32.06444865  
23.66255094  
14.35051914  
6.95409893  
2.412507409  
-0.2904298977  
-3.227014656  
-8.188275271  
-15.61039357  
-24.28401842  
-31.93576459  
-36.3250969  
-36.2650136  
-32.05675875  
-25.17044366  
-17.40904363  
-10.04838413  
-3.419978119  
2.876964462  
9.319750494  
15.80289407  
21.41135697  
24.80249588  
25.00197354  
22.14773361  
17.70197519  
13.91787031  
12.75693661  
14.79034104  
18.6868807  
21.63813402  
20.60915129  
13.86057368  
2.000378875  
-11.99961752  
-23.91176067  
-30.0275664  
-28.79308152  
-21.52853107  
-11.86639029  
-4.141111381  
-1.466630278  
-4.395269651  
-10.78458152  
-16.92670003  
-19.39466913  
-16.71761899  
-10.08139716  
-2.721599072  
1.693094803  
0.9006590034  
-4.786441118  
-12.55978854  
-18.41522391  
-19.0628816  
-13.53872648  
-3.744559946  
6.353045266  
12.50611501  
12.13061838  
5.518726011  
-4.238341113  
-12.57963727  
-15.45060527  
-11.03730506  
-0.4948774614  
12.6268637  
23.97029969  
30.23977047  
30.52507686  
26.52122918  
21.59398196  
19.14815272  
21.0399974  
26.72449115  
33.48184515  
37.59378302  
35.94609364  
27.38303532  
13.27333246  
-2.909694237  
-16.79765977  
-24.6453306  
-24.59979445  
-17.29719796  
-5.632124773  
6.168775145  
13.83401038  
14.29144829  
6.52628935  
-8.147184025  
-26.43080042  
-43.88678532  
-56.0596345  
-59.60322823  
-53.14407558  
-37.66669678  
-16.312493  
6.376668569  
25.59253443  
37.48170711  
40.12506895  
34.00111254  
21.79882036  
7.629696438  
-4.140120393  
-10.11104177  
-8.787661586  
-0.9795940471  
10.43992008  
21.35326641  
27.58279565  
26.12994898  
16.13421439  
-0.7306376621  
-20.57618066  
-38.30189944  
-49.04274194  
-49.6558581  
-39.77722558  
-22.0627056  
-1.463981366  
16.28536992  
26.49458584  
