13.37681957  
13.24701317  
7.780420723  
-1.062397986  
-9.918939807  
-15.3914483  
-15.35570122  
-9.667613569  
-0.02558544085  
10.86404278  
20.38743885  
26.89619967  
30.02912377  
30.45378393  
29.26419673  
27.38560084  
25.2640372  
22.9226445  
20.26070578  
17.36495421  
14.63404882  
12.65105523  
11.89105723  
12.4363126  
13.85442559  
15.29892443  
15.77849982  
14.47274212  
10.97406699  
5.390444753  
-1.692910627  
-9.359743292  
-16.58069656  
-22.47699702  
-26.5940616  
-29.11222008  
-30.88423511  
-33.19802172  
-37.25066628  
-43.47099413  
-50.97484258  
-57.4803971  
-59.88660666  
-55.43974716  
-43.08971351  
-24.43431154  
-3.702113587  
13.43437275  
21.9097294  
19.41384165  
7.695810301  
-7.673595372  
-19.17740388  
-20.24380666  
-8.017242134  
15.17516051  
42.37152757  
64.42503935  
73.42592864  
65.72254236  
43.30666015  
13.00608317  
-16.15311276  
-36.29514285  
-43.37382207  
-38.14725043  
-25.18965812  
-10.53386333  
0.9250998707  
7.13460132  
9.073108242  
9.547033364  
11.34290775  
15.70051228  
21.8102487  
27.46053639  
30.37478066  
29.47194794  
25.39316017  
20.07544565  
15.6720496  
13.4461936  
13.23893989  
13.76260187  
13.50413875  
11.68960503  
8.74172503  
5.960970272  
4.608631094  
4.923042297  
5.661717386  
4.495854893  
-0.8741605248  
-11.41861659  
-25.96884695  
-41.36121261  
-53.53720222  
-59.12610752  
-56.78267566  
-47.65716784  
-34.78541834  
-21.70316055  
-10.9549387  
-3.203328504  
2.662964337  
8.52327048  
15.66272189  
23.76458998  
30.78613649  
33.80608306  
30.4507522  
20.21413643  
5.02450308  
-11.24856529  
-24.16832623  
-30.40922392  
-29.02597574  
-21.77972441  
-12.39441869  
-5.062508821  
-2.815086537  
-6.400001513  
-14.08058404  
-22.38669968  
-27.48360143  
-26.61300556  
-19.06909837  
-6.379976409  
8.325247296  
21.48882648  
30.38252525  
33.98985857  
33.20123384  
30.26915433  
27.74488415  
27.31727088  
29.02492294  
31.1875473  
31.13118849  
26.45567187  
16.33680394  
2.284111035  
-12.05686986  
-22.09974354  
-24.11821675  
-16.94510204  
-2.818210587  
13.09347028  
24.43034302  
26.04533025  
16.1280002  
-2.84821653  
-24.81756018  
-42.25152609  
-48.91780227  
-42.17439616  
-23.88206457  
0.409816795  
23.62823099  
39.76395174  
45.81501294  
42.34997606  
32.59753132  
20.62101536  
9.498363173  
0.343145636  
-7.474282995  
-15.16964677  
-23.17663237  
-30.36984551  
-34.34313986  
-32.63260942  
-24.25343134  
-10.71904252  
4.065730355  
15.10753146  
18.30064187  
12.20018646  
-1.225029559  
-17.23146984  
-30.08167031  
-35.21235855  
-30.88018624  
-18.63169735  
-2.478400316  
12.78506273  
23.35601445  
27.56806677  
26.03313104  
20.89019028  
14.64144147  
9.157175694  
5.248542636  
2.859914632  
1.616782444  
1.332766528  
2.176898677  
4.451382711  
8.177658141  
12.79807738  
17.21897377  
20.20733278  
20.93415016  
19.36004936  
16.23656393  
12.70405092  
9.687415277  
7.403565428  
5.237864311  
2.054347882  
-3.217796878  
-11.013832  
-20.84914402  
-31.43340825  
-41.09136688  
-48.26374634  
-51.86091272  
-51.36558275  
-46.74717585  
-38.35205477  
-26.91112934  
-13.67186709  
-0.506042994  
10.22433486  
16.17809637  
15.84681668  
9.36131299  
-1.125868505  
-11.80317356  
-18.33376322  
-17.41651538  
-8.16697468  
7.300424391  
24.42714185  
37.77397047  
43.01585159  
38.56766583  
26.16360623  
10.1387523  
-4.28906939  
-13.01283687  
-14.47275035  
-9.959765125  
-2.720470462  
3.674391194  
6.928830207  
6.868194795  
5.191661453  
4.313210487  
5.899782601  
9.847101069  
14.21246004  
16.15848066  
13.46916239  
5.910151712  
-4.247970528  
-12.86135329  
-15.50071362  
-9.357864738  
5.334453544  
24.99820351  
43.70450024  
55.12730828  
54.73239518  
41.3853165  
17.7918365  
-10.36826121  
-36.27053606  
-54.0648597  
-60.54842429  
-55.86619387  
-43.09429161  
-26.95821151  
-12.20512179  
-2.203800666  
1.807603751  
0.6836122283  
-3.311017684  
-7.491507539  
-9.67191564  
-8.731998305  
-4.729526797  
1.366349411  
8.134854639  
14.15561592  
18.31895192  
19.96216757  
18.88337873  
15.31475308  
9.907256055  
3.718050016  
-1.861379466  
-5.305792085  
-5.305978672  
-1.201292302  
6.651437203  
16.74787015  
26.66987905  
33.68459324  
35.55962983  
31.32946579  
21.72276832  
9.050878744  
-3.45947081  
-12.69560468  
-16.70041243  
-15.34264086  
-10.3465757  
-4.638750403  
-1.228702417  
-2.032543739  
-7.09126324  
-14.50639825  
-21.15064218  
-23.9114055  
-21.00119784  
-12.81723021  
-1.981587508  
7.505998349  
11.72349274  
8.357253765  
-2.284928137  
-17.20065354  
-31.63502844  
-40.72344043  
-41.23309566  
-32.74287145  
-17.79894977  
-0.9722618522  
12.82744171  
20.13102897  
20.09124938  
14.61310498  
7.404256975  
2.352911631  
1.910144675  
6.139343783  
12.80710295  
18.44553198  
19.90996841  
15.76016421  
6.888548434  
-3.841963026  
-12.75904863  
-16.8220292  
-14.7386545  
-7.332981428  
2.908088775  
12.83004544  
19.67732636  
21.80474714  
18.84375869  
11.42508722  
0.7499795829  
-11.69894502  
-24.19415822  
-34.67199507  
-40.78436028  
-40.31903537  
-31.98625061  
-16.28111266  
4.046188888  
24.3178104  
39.14796076  
44.21907393  
37.93991628  
22.25379031  
2.153848711  
-16.00573286  
-26.7750941  
-27.5342178  
-19.27682012  
-5.936481762  
7.420746503  
16.71146524  
20.31254972  
19.27683364  
16.27552605  
13.86632985  
12.99776771  
12.52089771  
9.955334678  
3.109063686  
-8.301869899  
-21.91318967  
-33.31298097  
-37.78392767  
-32.40688117  
-17.53517601  
3.08466604  
23.65015009  
38.52619782  
44.37535991  
41.26858159  
32.33208598  
22.15975238  
14.76281455  
11.9884449  
13.05985039  
15.32852392  
15.76677595  
12.43703478  
5.270668512  
-4.106151764  
-13.27466333  
-20.11160697  
-23.51640416  
-23.50925938  
-20.81378268  
-16.30492562  
-10.71045824  
-4.719441415  
0.6711700217  
3.945960212  
3.321394897  
-2.502627957  
-13.41260963  
-27.31138136  
-40.36977355  
-48.19442107  
-47.52247613  
-37.71201668  
-21.29280804  
-3.216406894  
10.96745505  
17.26062108  
14.75520472  
5.877031747  
-4.76929917  
-12.41784674  
-14.10071607  
-9.683801691  
-1.573636865  
6.671157253  
12.09254521  
13.59671669  
12.17763962  
10.10177711  
9.570181906  
11.59058488  
15.61472488  
20.04104271  
23.20516898  
24.24398284  
23.34007198  
21.25638608  
18.51727876  
14.81864929  
9.124627576  
0.486387728  
-10.85893947  
-22.80514848  
-31.66852759  
-33.5237102  
-26.05901662  
-10.04788539  
10.39770665  
29.10344146  
40.20738167  
40.60938863  
31.34407302  
17.16125687  
4.416454614  
-1.813107376  
-0.06125355644  
6.859779274  
13.21705802  
13.15185628  
3.630480482  
-13.83101759  
-33.50362131  
-47.73603445  
-50.1937509  
-38.60847242  
-15.82804661  
11.26890106  
34.4770313  
47.38207706  
47.56571875  
37.04618291  
20.92621456  
4.996141125  
-6.57960869  
-12.52389617  
-14.26354374  
-14.60248576  
-16.02756079  
-19.4836366  
-24.11780319  
-27.96338741  
-29.09155798  
-26.6016115  
-20.99404125  
-13.84075228  
-7.023539759  
-1.97853494  
0.7013844784  
1.205141236  
0.1416861784  
-1.840416648  
-4.233636439  
-6.617568974  
-8.514543163  
-9.354249137  
-8.650869189  
-6.316937115  
-2.896835922  
0.4975284311  
2.611406001  
2.669042743  
0.8675463484  
-1.569407429  
-2.888694945  
-1.671212546  
2.35272222  
7.978312991  
12.92429168  
14.83157928  
12.41675915  
6.21573443  
-1.485736711  
-7.563019107  
-9.421826325  
-6.201879551  
0.7570323084  
