-6.66740526  
-10.21093915  
-12.29638982  
-11.21061169  
-5.744237305  
4.078641416  
16.61098853  
28.80126781  
37.06076524  
38.53075714  
32.27702743  
19.89721666  
5.21395213  
-6.921842285  
-12.31398595  
-8.952173586  
2.223533941  
17.6535594  
32.4744637  
42.30492064  
44.7921249  
40.31170326  
31.57294546  
22.33788144  
15.82250998  
13.45260159  
14.46187655  
16.43497174  
16.49048267  
12.55148003  
4.162061343  
-7.442420113  
-19.94765059  
-30.89960763  
-38.51775552  
-42.05676426  
-41.66011536  
-37.91431689  
-31.43680362  
-22.75883085  
-12.54410784  
-1.943967374  
7.232562236  
12.78467738  
12.83668606  
6.738945057  
-4.286918969  
-17.15909621  
-27.74733847  
-32.26426921  
-28.71228325  
-17.77287719  
-2.710778594  
11.74192338  
21.12260015  
22.91295483  
17.46993552  
7.820161823  
-1.611034124  
-6.826173628  
-5.898063502  
0.2367626534  
8.151864619  
13.31956809  
11.96081154  
2.629834083  
-13.07707817  
-30.95278635  
-45.58053334  
-52.18586647  
-48.27439409  
-34.49250394  
-14.43928264  
6.477497948  
22.73729104  
30.39336657  
28.21775802  
17.96558548  
3.704710639  
-9.555826989  
-17.49500661  
-17.85024564  
-11.09451677  
-0.2022680835  
10.42406822  
16.51598486  
15.46443438  
7.279002582  
-5.36906233  
-18.05487038  
-26.14987781  
-26.46035719  
-18.35461896  
-3.961577254  
12.6288387  
26.85163879  
35.2646791  
36.65025325  
32.22269757  
24.91150227  
18.06106821  
14.10519161  
13.75074055  
15.95736661  
18.64293495  
19.73940979  
18.10368218  
13.89464156  
8.304137927  
2.837504705  
-1.464239699  
-4.470654085  
-6.875048645  
-9.651205246  
-13.35858101  
-17.67218572  
-21.3969296  
-22.98318455  
-21.31040122  
-16.36665165  
-9.48835916  
-3.017055563  
0.5158819296  
-0.6419115399  
-6.725535756  
-16.2373167  
-26.3408662  
-33.72349159  
-35.62463678  
-30.68612087  
-19.36001903  
-3.766395299  
12.93301489  
27.44306921  
37.25424737  
41.30722726  
40.21140396  
35.94793924  
31.13755667  
28.09452878  
27.98017021  
30.36749006  
33.41263678  
34.61646603  
31.91735955  
24.68361458  
14.16147979  
3.116901529  
-5.262761439  
-8.795813933  
-7.446012551  
-3.611556608  
-1.318854087  
-4.549732773  
-15.35257901  
-32.56042465  
-51.75379745  
-66.61677787  
-71.23561441  
-62.44602482  
-41.25764426  
-12.72673161  
15.72103315  
36.8678421  
46.1532723  
43.0298558  
30.73621583  
14.67704075  
0.1746749025  
-9.427852401  
-13.55836791  
-13.89871687  
-12.962435  
-12.54786122  
-12.83209573  
-12.49122184  
-9.690912512  
-3.361774449  
5.937436538  
16.01918116  
23.91654114  
27.13492006  
24.6724617  
17.3228873  
7.167136599  
-3.418507852  
-12.68450774  
-19.88961984  
-25.00969662  
-28.04409031  
-28.42988702  
-25.01477194  
-16.70592894  
-3.485554142  
12.80018811  
28.43896675  
38.84425565  
40.23783086  
31.31340048  
14.08966726  
-6.533415506  
-24.43557895  
-34.5134219  
-34.56795258  
-26.04794304  
-13.34803193  
-1.984543432  
3.561260435  
1.441348959  
-7.11569828  
-18.57981488  
-28.6641129  
-33.92881299  
-32.81636795  
-25.83363336  
-15.00658014  
-3.000739462  
7.676102236  
15.15685813  
18.39612759  
17.20843314  
12.2956089  
5.242104407  
-1.684167863  
-6.083725554  
-6.301949606  
-2.324745362  
3.793370345  
8.385586866  
7.572199756  
-0.8423300687  
-15.80946491  
-32.67836176  
-44.47944023  
-44.55577747  
-29.53504975  
-1.309548669  
33.02200187  
63.47093279  
80.92786566  
80.83530172  
65.13685755  
41.55288968  
20.39404997  
10.24775207  
14.42443952  
29.74668077  
48.21614008  
60.7790329  
61.44115462  
49.82932813  
31.03931532  
12.90495073  
2.053219436  
0.6814573101  
5.625695349  
10.15826956  
7.605883882  
-5.024739965  
-25.24235464  
-46.02847444  
-59.13716218  
-59.14830257  
-46.28533978  
-26.57861792  
-9.227458004  
-2.371124321  
-9.262275354  
-26.66306419  
-46.23840632  
-58.30385578  
-56.18317234  
-39.16413328  
-12.72796502  
13.97483105  
32.15538894  
37.02929744  
29.44592908  
14.90300509  
0.6017364591  
-7.925059247  
-8.9928246  
-4.836322655  
0.2368299026  
2.477944833  
0.6722741914  
-3.537182597  
-7.029548802  
-7.413457355  
-4.757492738  
-1.824159029  
-2.62503858  
-10.05223942  
-23.88117245  
-40.29021495  
-53.27513595  
-57.34482861  
-50.18394473  
-33.92659102  
-14.33940341  
1.760313411  
9.638032697  
8.816155784  
3.221885707  
-0.7821242556  
2.447588614  
14.9997575  
34.23845063  
53.84242462  
66.54754743  
67.29832037  
55.36396216  
34.50952077  
11.25223835  
-7.888624057  
-18.84679175  
-21.11360455  
-17.16884486  
-10.73702016  
-4.87061943  
-0.8180096361  
1.893029542  
4.423102464  
7.397975679  
10.28346975  
11.72794194  
10.62498862  
7.188614423  
3.293571603  
1.74223411  
4.751829487  
12.4600567  
22.33033149  
29.92666321  
30.82498068  
22.78964644  
7.1255797  
-11.5494542  
-27.119732  
-34.58774909  
-32.27011129  
-22.50739706  
-10.51452396  
-1.893454325  
0.008442667966  
-4.379523816  
-11.18916294  
-15.14894486  
-12.31911207  
-2.178194722  
11.97870614  
24.54768181  
30.30977212  
27.00049466  
16.49035732  
3.975564925  
-4.458773058  
-4.749257613  
3.155787307  
15.1887763  
25.00631482  
26.92525167  
18.57665926  
2.040249394  
-17.0580886  
-32.04800822  
-38.14250013  
-34.44437424  
-24.14212264  
-12.86725459  
-6.034180366  
-6.424619551  
-13.11721597  
-22.19377496  
-28.80744638  
-29.57859063  
-24.17144432  
-15.33486788  
-7.441096313  
-4.263963402  
-7.073928153  
-13.94842701  
-20.60465653  
-22.34936436  
-16.23687658  
-2.459305571  
15.63327943  
32.85539148  
44.23768842  
46.9102351  
41.04581233  
29.54383077  
16.69044289  
6.43671042  
1.030397756  
0.5055542545  
3.114525637  
6.380723272  
8.235987899  
7.753666296  
5.243106313  
1.792259616  
-1.423008177  
-3.695423357  
-4.968990876  
-5.632324701  
-6.103761854  
-6.469639069  
-6.375552202  
-5.215087969  
-2.49838486  
1.803951225  
7.122592863  
12.42592007  
16.56218988  
18.6442208  
18.30520912  
15.72722675  
11.45758234  
6.123322113  
0.1890009413  
-6.133730681  
-12.79951726  
-19.72745147  
-26.59602681  
-32.74300622  
-37.2245532  
-39.01842809  
-37.29885046  
-31.68918494  
-22.4161852  
-10.32909131  
3.209827646  
16.52953029  
27.90680855  
35.83822151  
39.29615401  
37.93568522  
32.21177118  
23.36037599  
13.20991278  
3.823445379  
-2.97239735  
-6.061232185  
-5.370982036  
-1.94025478  
2.345343218  
5.306390793  
5.16456458  
1.162663598  
-6.108149397  
-14.81177885  
-22.40037384  
-26.42413651  
-25.35336038  
-19.12732139  
-9.223532696  
1.796260225  
11.12176285  
16.62549308  
17.56036327  
14.77033325  
10.33132137  
6.747307096  
5.989179901  
8.725404933  
14.02767054  
19.66423816  
22.8847882  
21.42376975  
14.3725458  
2.61482772  
-11.33086096  
-24.01931604  
-32.11395744  
-33.42153482  
-27.5998144  
-16.31411217  
-2.786144948  
9.138246496  
16.13255476  
16.405147  
10.27717109  
0.1305190285  
-10.28649297  
-17.0130606  
-17.15328455  
-9.877689976  
3.191291189  
18.37451262  
31.0298883  
37.02089255  
34.08530376  
22.633694  
5.679243441  
-12.10898414  
-25.92623063  
-32.40800616  
-30.7104962  
-22.71512107  
-12.28973092  
-3.882546482  
-0.9629480104  
-4.866227983  
-14.43420824  
-26.53499252  
-37.22207294  
-43.07728647  
-42.2545402  
-34.89756184  
-22.86694004  
-8.969361777  
3.971328015  
13.86471744  
19.72133942  
21.61593873  
20.3736456  
17.16469121  
13.15729703  
9.292002524  
6.163203283  
3.966369617  
2.4963903  
1.224452369  
-0.5048647865  
