2.997614946  
3.890184013  
2.737001  
-0.05756391859  
-3.209407297  
-5.197461869  
-5.013085584  
-2.625668976  
1.061753006  
4.717540118  
7.259377467  
8.341042499  
8.402951993  
8.287862684  
8.658925264  
9.558526201  
10.3600899  
10.14110089  
8.268268023  
4.861884812  
0.8656886887  
-2.342320094  
-3.613427106  
-2.625284489  
-0.0937842748  
2.529235598  
3.739359225  
2.712896583  
-0.2737874167  
-3.95128202  
-6.644598518  
-7.059110902  
-4.887287152  
-0.9502729296  
3.183208331  
5.905816964  
6.263795432  
4.310775418  
0.9787232722  
-2.438494918  
-4.912671983  
-6.107386668  
-6.410698248  
-6.591401672  
-7.285435367  
-8.595819967  
-10.01847145  
-10.72992609  
-10.08284697  
-8.046287649  
-5.351735443  
-3.247663992  
-2.954827052  
-5.059347662  
-9.117845409  
-13.66339141  
-16.63599144  
-16.0900927  
-10.92320915  
-1.362508999  
10.96708859  
23.427064  
33.09042226  
37.59284211  
35.8564927  
28.46571718  
17.56450111  
6.275694524  
-2.216399411  
-5.661659487  
-3.504303893  
2.867057958  
10.51413913  
15.91177636  
16.18584155  
10.19769385  
-0.9408729827  
-14.15841863  
-25.46330354  
-31.37532919  
-30.21421975  
-22.73693257  
-11.85424739  
-1.519137484  
4.783019363  
5.343306229  
0.8156274344  
-6.145173614  
-12.0281978  
-13.91088883  
-10.60847094  
-3.075706122  
6.064872247  
13.62869061  
17.12237447  
15.63177538  
10.02210783  
2.438955239  
-4.613693014  
-9.201896076  
-10.53120202  
-8.993325253  
-5.768975592  
-2.236503838  
0.532433019  
2.009641969  
2.16324026  
1.24732331  
-0.4060140416  
-2.479567634  
-4.643305734  
-6.489840731  
-7.538977073  
-7.362439398  
-5.786820526  
-3.062841749  
0.1157076922  
2.790792143  
4.061627062  
3.41431678  
0.913903013  
-2.821721283  
-6.842556282  
-10.17068741  
-12.0524772  
-12.07154682  
-10.12438922  
-6.334977161  
-1.000816712  
5.386895962  
12.08917997  
18.12928233  
22.45351237  
24.2466607  
23.29143567  
20.18788091  
16.2696018  
13.17637102  
12.21673117  
13.78807573  
17.13848158  
20.62538318  
22.40101256  
21.23791455  
17.11207925  
11.24686507  
5.560518995  
1.748361041  
0.4247608139  
0.7506844916  
0.7632105316  
-1.70341102  
-7.908663013  
-17.42677734  
-28.08854489  
-36.7164838  
-40.36131756  
-37.50911776  
-28.72910726  
-16.47726218  
-4.146562638  
5.213889982  
9.954409816  
10.22200244  
7.582677238  
4.108145199  
1.392639692  
-0.03972001392  
-0.7009621113  
-1.567224622  
-3.318730276  
-5.813216572  
-8.069382291  
-8.756389309  
-6.918127169  
-2.543728546  
3.316611398  
8.948434677  
12.67427277  
13.50094253  
11.39758898  
7.099345465  
1.591594172  
-4.400782331  
-10.61119745  
-17.00326318  
-23.27166774  
-28.41788417  
-30.74561124  
-28.41235964  
-20.35755465  
-7.167074712  
8.619445225  
23.04793367  
32.04085444  
32.9594256  
25.76361969  
13.20984293  
-0.08468852478  
-9.383156883  
-11.66816054  
-6.795862594  
2.541767983  
12.03889751  
17.65239765  
17.31225914  
11.71994528  
3.900984921  
-2.263651774  
-3.848063408  
-0.2145490373  
6.718440678  
13.36851428  
16.11184236  
12.89168275  
4.09963059  
-7.629634018  
-18.56863593  
-25.43689199  
-26.63498515  
-22.66289483  
-15.61790304  
-8.093746661  
-2.046067448  
1.851815786  
4.126222671  
5.835485325  
7.736517077  
9.751321599  
11.00447322  
10.3791953  
7.260969146  
2.043400038  
-3.893126668  
-8.733812634  
-11.03382381  
-10.36195536  
-7.456761071  
-3.822930642  
-0.984372292  
0.2173656979  
-0.07381186601  
-0.9577826099  
-1.386384523  
-0.7973076963  
0.5860521025  
1.957292002  
2.513806596  
2.082157943  
1.395638779  
1.812521636  
4.568286126  
9.930838137  
16.72255602  
22.52662263  
24.56784375  
20.91025313  
11.42310487  
-1.961485826  
-15.86440739  
-26.70859063  
-32.05682079  
-31.44427558  
-26.34502927  
-19.31867982  
-12.76674617  
-7.902103589  
-4.412861184  
-0.9468730589  
3.869666333  
10.43082579  
17.70301081  
23.58105602  
25.88504364  
23.50133544  
17.08593042  
8.95476772  
2.182001379  
-0.68366161  
1.31425604  
7.184438583  
14.49371697  
20.47231577  
23.18071845  
22.19396446  
18.51961395  
13.85610175  
9.619640097  
6.259948991  
3.206732574  
-0.5617579914  
-5.674227493  
-11.74077597  
-17.32286581  
-20.55365932  
-20.10642779  
-16.00336181  
-9.816130926  
-4.10473875  
-1.326496424  
-2.725499968  
-7.739909708  
-14.22374289  
-19.38821951  
-21.02158762  
-18.41598999  
-12.58087295  
-5.6755487  
0.02962693963  
3.140544068  
3.605660764  
2.477518856  
1.152741972  
0.5316624778  
0.5577059526  
0.3721658472  
-1.026015647  
-4.006943966  
-7.88216954  
-11.09725023  
-11.98005082  
-9.665109033  
-4.693481023  
1.068064247  
5.204439309  
5.876037814  
2.739031137  
-2.812096217  
-8.233537684  
-10.99502112  
-9.765076154  
-5.040370841  
1.098309179  
5.996425406  
7.717302889  
5.984461552  
2.308966528  
-0.7689055093  
-0.9600758163  
2.595080727  
8.830600334  
15.19537268  
18.8312913  
17.9328756  
12.64033873  
5.037215885  
-1.75244692  
-4.950348729  
-3.353666158  
2.150304536  
9.002387569  
14.10835269  
15.15910357  
11.53893919  
4.443727329  
-3.787443023  
-10.76323889  
-15.02057131  
-16.45284084  
-16.03916905  
-15.07572426  
-14.34054625  
-13.63124942  
-11.90719418  
-7.953187138  
-1.217581344  
7.610495309  
16.5950091  
23.15655973  
25.03764021  
21.2138538  
12.36018854  
0.678275559  
-10.83525334  
-19.37415422  
-23.17378921  
-21.92587956  
-16.65622943  
-9.184429255  
-1.429145233  
5.16157307  
9.876104203  
12.67926351  
13.94156095  
14.13200949  
13.61851459  
12.62904822  
11.32994707  
9.922957978  
8.67117349  
7.823436602  
7.479052547  
7.480449935  
7.416013262  
6.762238742  
5.121759579  
2.456134765  
-0.7985337542  
-3.804274929  
-5.575997283  
-5.331695039  
-2.804774757  
1.607903009  
6.927545176  
11.8796764  
15.2784622  
16.36350666  
14.96566991  
11.45262977  
6.499922619  
0.8057277811  
-5.114836266  
-10.96813418  
-16.5563955  
-21.58238451  
-25.52245274  
-27.67694934  
-27.4126863  
-24.49882254  
-19.36170087  
-13.09323175  
-7.148391726  
-2.818631576  
-0.6993687551  
-0.408682486  
-0.7286840922  
-0.1578630979  
2.339415546  
6.721420104  
11.70428192  
15.17286008  
15.03763628  
10.18629034  
1.104179801  
-10.14211573  
-20.59350524  
-27.49166396  
-29.31535653  
-26.30889493  
-20.2706683  
-13.70017726  
-8.69174312  
-6.074955251  
-5.181072145  
-4.318053245  
-1.704148985  
3.597559092  
11.18676623  
19.49077795  
26.47538685  
30.52895827  
31.07879888  
28.65505759  
24.41505278  
19.4241709  
14.10981401  
8.201004521  
1.188963105  
-6.958333624  
-15.26010661  
-21.73302599  
-24.04221559  
-20.54405332  
-11.2320172  
1.905580129  
15.36043618  
25.27266105  
28.81881256  
25.22674301  
15.98328781  
4.163700038  
-6.795423438  
-14.32612009  
-17.44307868  
-16.70088066  
-13.52861041  
-9.357484757  
-5.009494249  
-0.6218819248  
3.942917017  
8.529568614  
12.37193205  
14.27198927  
13.21395833  
9.066903341  
2.934025619  
-3.134420809  
-7.00964898  
-7.537497539  
-5.225939849  
-2.148768153  
-1.018613299  
-3.813614115  
-10.61148798  
-19.24186697  
-26.01092906  
-27.24461361  
-20.98004952  
-8.021369427  
8.164966668  
22.72144481  
31.30565225  
31.79777588  
25.05918187  
14.42202171  
4.165651862  
-2.313478882  
-3.81654079  
-1.586472985  
1.559466587  
2.737051613  
0.401814974  
-4.994115608  
-11.35063903  
-16.03660449  
-17.18698769  
-14.54354082  
-9.465887178  
-4.167811059  
-0.6081429575  
0.3934200828  
-0.6026215257  
-2.126554719  
-2.687713226  
-1.593381059  
