-11.63356069  
-17.57836391  
-25.24790058  
-33.35332527  
-39.44778965  
-40.9183815  
-36.24468692  
-25.90634852  
-12.45577524  
0.3432991084  
8.96550534  
11.52474877  
8.501184585  
2.473868715  
-3.00663892  
-4.889605869  
-1.791078864  
5.620540147  
15.11588547  
23.96935743  
30.06667838  
32.5650291  
31.88459947  
29.15526899  
25.48895419  
21.47848535  
17.14510045  
12.27852316  
6.893841777  
1.484476672  
-3.10519123  
-6.119409658  
-7.372337988  
-7.45876054  
-7.523446734  
-8.670761213  
-11.31492379  
-14.8355658  
-17.76594162  
-18.47045839  
-16.00113956  
-10.70351138  
-4.24102153  
1.018838676  
2.996721307  
0.8121862063  
-4.823912904  
-11.93478054  
-18.17711863  
-21.89327232  
-22.81527299  
-22.08329868  
-21.56724288  
-22.81530781  
-26.1360863  
-30.26444788  
-32.79285769  
-31.19580273  
-23.99891362  
-11.57359495  
3.801578927  
18.65432724  
29.52070963  
34.15306802  
32.26395012  
25.54062962  
16.96384389  
9.725880056  
6.168175338  
7.107240998  
11.73686901  
18.06653739  
23.67809911  
26.51203298  
25.43632221  
20.46685759  
12.6407504  
3.641972833  
-4.678517241  
-10.75516841  
-13.63746591  
-13.14729689  
-9.853639574  
-4.886605294  
0.3620258834  
4.582401836  
6.854658552  
6.846713207  
4.854416962  
1.678387432  
-1.622037251  
-4.024539457  
-4.807187678  
-3.712536659  
-0.9792359948  
2.754898919  
6.643893867  
9.864409186  
11.8278352  
12.31841538  
11.51977832  
9.917603627  
8.103063174  
6.538295595  
5.369158856  
4.365720299  
3.030104921  
0.8439375327  
-2.44085746  
-6.599565829  
-10.9300792  
-14.47631286  
-16.40280141  
-16.36008217  
-14.66429496  
-12.18697942  
-9.982826657  
-8.818046928  
-8.827244687  
-9.482484584  
-9.913597988  
-9.438403651  
-8.034257009  
-6.482819839  
-6.06023327  
-7.870936521  
-12.12620256  
-17.74262882  
-22.52617593  
-23.95083495  
-20.24686774  
-11.32612697  
0.9088107073  
13.08635171  
21.57178969  
23.88675193  
19.74137907  
11.21327816  
1.961472923  
-4.217956217  
-4.891554477  
0.09126363998  
8.642630291  
17.40547747  
23.20156216  
24.3094993  
21.01781365  
15.2433629  
9.440802648  
5.350708958  
3.193926888  
1.691841413  
-1.111785423  
-6.641329639  
-14.79455032  
-23.66708813  
-30.16264217  
-31.23892444  
-25.23890668  
-12.71256698  
3.639163282  
19.87569617  
32.19025521  
38.16732815  
37.42553291  
31.44079325  
22.7100493  
13.68159825  
5.932014112  
-0.09979044257  
-4.803885496  
-8.771018007  
-12.22116248  
-14.79103775  
-15.7631072  
-14.57462559  
-11.29951553  
-6.819038378  
-2.566829625  
0.03940104167  
0.2036172172  
-1.902315929  
-5.220330631  
-8.274585782  
-9.800251609  
-9.2384874  
-6.879750092  
-3.616057959  
-0.4512889901  
1.976865806  
3.635319753  
5.001870388  
6.720026338  
9.201680615  
12.38869929  
15.78484084  
18.72068088  
20.6930545  
21.59066479  
21.69008649  
21.4380665  
21.1530823  
20.82013853  
20.09418988  
18.5069842  
15.75369386  
11.88862299  
7.309491735  
2.530569626  
-2.128685799  
-6.7536599  
-11.8014724  
-17.81099733  
-24.99001252  
-32.89698766  
-40.4090258  
-46.03299886  
-48.4435646  
-47.00604045  
-42.03453046  
-34.65624161  
-26.34522706  
-18.35510451  
-11.33313573  
-5.302992162  
-0.006427466698  
4.607160493  
8.048199317  
9.347569376  
7.537672832  
2.336052571  
-5.339467819  
-13.3622564  
-19.01323366  
-20.0273723  
-15.62398301  
-7.017874506  
2.900886602  
10.66653619  
13.68813925  
11.41752833  
5.68108948  
-0.03050127832  
-2.053127592  
1.814722365  
11.26271345  
23.50095189  
34.39033834  
40.18679096  
39.12226116  
32.10698536  
22.23243858  
13.30630347  
8.102543767  
7.147159259  
8.610958535  
9.35842437  
6.647132818  
-0.3474796414  
-9.93862323  
-18.58757446  
-22.53976196  
-19.680101  
-10.71933084  
0.8893503992  
10.32442852  
13.47796293  
8.816636742  
-1.829070061  
-13.92989144  
-22.10911399  
-22.38323962  
-13.82141251  
1.083020646  
17.46289572  
30.06378687  
35.29415296  
32.47817302  
23.83988718  
13.32311694  
4.846063927  
0.7837121948  
1.298612919  
4.702150312  
8.54811654  
10.8606495  
10.90772361  
9.218105979  
6.945660775  
5.00247375  
3.461897307  
1.550221591  
-1.79118101  
-7.104047906  
-13.83239501  
-20.31078561  
-24.37565352  
-24.33304214  
-19.82441848  
-12.16601133  
-3.97424229  
1.78507722  
2.927442853  
-1.112611432  
-9.075899488  
-18.37146931  
-26.0479752  
-29.84842908  
-28.94974304  
-24.1427061  
-17.43688314  
-11.28079591  
-7.696169196  
-7.615722998  
-10.61321664  
-15.07696302  
-18.75005101  
-19.47164777  
-15.90914939  
-8.069480501  
2.580454317  
13.46393334  
21.66228992  
24.89606395  
22.39987256  
15.34950432  
6.612805307  
-0.1722911771  
-1.913886822  
2.705989918  
12.59942352  
24.55168104  
34.37240974  
38.50239475  
35.43189228  
26.3218785  
14.5306007  
4.209923029  
-1.446190355  
-1.541803068  
2.195956535  
6.276081058  
7.127973984  
2.868005508  
-5.655217029  
-15.04055704  
-20.70608534  
-18.88812809  
-8.408118712  
8.568867341  
27.13656076  
41.38563066  
46.572496  
40.84212312  
25.83055044  
5.951858459  
-13.28501391  
-27.21748778  
-33.46620775  
-32.37504014  
-26.40865751  
-18.884182  
-12.63037016  
-9.11125866  
-8.27542122  
-9.046024386  
-10.10996921  
-10.59991418  
-10.38984846  
-9.956526705  
-9.970860509  
-10.8779499  
-12.67577951  
-14.95851264  
-17.13989518  
-18.69551454  
-19.28880384  
-18.74644624  
-16.9543906  
-13.79456239  
-9.205251229  
-3.353328732  
3.189242117  
9.406355174  
14.02702787  
15.91769473  
14.53355361  
10.22578502  
4.240311017  
-1.633072788  
-5.647974834  
-6.700491097  
-4.698486943  
-0.5489053204  
4.232604652  
8.129174115  
10.1994673  
10.39236244  
9.481042362  
8.656841513  
8.961509424  
10.79880288  
13.72882446  
16.62863428  
18.15284124  
17.30474964  
13.88370067  
8.621800629  
2.946843259  
-1.542971863  
-3.688023168  
-3.217114474  
-0.8527326527  
1.979194773  
3.726248334  
3.343640361  
0.7261420306  
-3.244211467  
-7.059549589  
-9.208897236  
-8.800209131  
-5.917252631  
-1.559511211  
2.802604942  
5.855080797  
6.966419908  
6.3801157  
4.9992961  
3.883931993  
3.71647108  
4.500738323  
5.635599639  
6.309872358  
5.996242738  
4.769311846  
3.266658514  
2.307345004  
2.377254207  
3.280073016  
4.178362401  
4.043540293  
2.296815928  
-0.7123035521  
-3.695924658  
-4.968283363  
-3.322425299  
1.186725797  
6.992207791  
11.51457565  
12.26364793  
8.065901109  
-0.1803830132  
-9.651154521  
-16.67228865  
-18.30135655  
-13.71003433  
-4.700196489  
4.948074606  
11.06597109  
10.93731181  
4.553964227  
-5.316082617  
-14.32016478  
-18.4632177  
-15.93129605  
-7.963553477  
1.637597562  
8.150001522  
7.996191351  
0.3075690119  
-12.69748545  
-26.66241855  
-36.91177151  
-40.31394125  
-36.37957422  
-27.17560056  
-16.1927382  
-6.763862954  
-0.7804178676  
1.75660061  
2.262004182  
2.527438221  
3.709713466  
5.851757294  
8.107889253  
9.450717044  
9.395716983  
8.308912573  
7.134388358  
6.730643782  
7.240171275  
7.901916979  
7.460579536  
4.971605625  
0.5462378621  
-4.425096819  
-7.774481072  
-7.594893262  
-3.30850344  
3.807155855  
10.97295794  
15.04998251  
13.96843152  
7.766178957  
-1.285233798  
-9.568762345  
-13.64132681  
-11.6945287  
-4.287748829  
5.970899752  
15.6239316  
21.86422154  
23.63482288  
21.84766301  
18.68294662  
16.37333957  
16.10115648  
17.53828804  
19.20183435  
19.37251059  
17.04968847  
12.42976638  
6.679164498  
1.168389504  
-3.370424723  
