39.26714738  
33.36708901  
18.52364864  
-1.032826855  
-19.89579863  
-33.53070358  
-39.80321437  
-39.4069324  
-35.10916783  
-30.24149093  
-27.15312525  
-26.30673579  
-26.35781126  
-25.09272489  
-20.7180302  
-12.86603618  
-2.850572689  
6.918466259  
14.05382584  
17.29485998  
17.07181651  
15.26881519  
14.30343505  
15.95487097  
20.48543072  
26.46140736  
31.36090164  
32.70098261  
29.18340694  
21.35055529  
11.4557703  
2.595279007  
-2.531567592  
-2.707482729  
1.333988259  
7.254372535  
12.12555846  
13.68532645  
11.30374493  
6.252013993  
1.157069674  
-1.13374128  
1.192037341  
8.057051848  
17.39538576  
25.85340698  
30.00823695  
27.61586574  
18.39966918  
4.090782801  
-12.25560064  
-27.3535686  
-38.73040074  
-45.31986734  
-47.42888289  
-46.18920337  
-42.81906767  
-38.0695525  
-32.09552888  
-24.74980123  
-16.07121404  
-6.640764286  
2.438976516  
9.966893909  
15.25254564  
18.56011771  
21.08640762  
24.39479005  
29.5191758  
36.16263291  
42.4308803  
45.33089981  
41.91834486  
30.64862842  
12.34193153  
-9.709897321  
-30.6209148  
-45.47634304  
-50.9800855  
-46.52689547  
-34.27922349  
-18.24778972  
-2.789930777  
8.837016178  
15.29803392  
17.12269069  
15.92404833  
13.35857059  
10.35912222  
6.97790583  
2.825742842  
-2.22488027  
-7.536049242  
-11.7369598  
-13.31732677  
-11.47584952  
-6.741554576  
-0.9694669266  
3.382249539  
4.405168416  
1.775396977  
-2.875205299  
-6.515331035  
-6.027498513  
0.2770767988  
11.63789362  
24.83497385  
35.2718888  
38.74437973  
33.1624724  
19.48893141  
1.47932491  
-15.684152  
-27.30592785  
-30.85733838  
-26.76236741  
-18.02087389  
-8.892892046  
-3.234262316  
-3.168861577  
-8.57847209  
-17.50427293  
-27.16508236  
-35.08153606  
-39.82986245  
-41.18968277  
-39.76478231  
-36.38487092  
-31.64226136  
-25.77787976  
-18.89770769  
-11.30635875  
-3.689082998  
3.018910558  
8.034862137  
11.1781451  
13.08620522  
15.01824636  
18.28363075  
23.54639641  
30.35606439  
37.17748517  
41.96585079  
43.06376318  
40.01607212  
33.90154371  
26.97871071  
21.75080751  
19.83604152  
21.1472738  
23.78012648  
24.71511822  
21.08524037  
11.49627165  
-3.161556714  
-19.78341856  
-34.01814154  
-41.78072638  
-40.72344399  
-31.08675825  
-15.59599365  
1.549830904  
16.19143197  
25.62667542  
29.38607787  
29.08970755  
27.48439757  
27.08506141  
28.99115695  
32.36137892  
34.75278132  
33.17570435  
25.43255475  
11.20229105  
-7.559938396  
-27.06586656  
-42.81605682  
-50.99049128  
-49.61554064  
-39.12079935  
-22.13741088  
-2.662383303  
15.08438834  
27.7190229  
33.35901555  
31.76566269  
24.03110858  
12.01613012  
-2.218755588  
-16.80966893  
-30.25102857  
-41.37769885  
-49.28436012  
-53.29464275  
-53.02783468  
-48.53256571  
-40.3998137  
-29.76127677  
-18.1247489  
-7.069417445  
2.108739852  
8.680994577  
12.60009602  
14.40426179  
14.94943699  
15.06945645  
15.28715526  
15.67581474  
15.90907714  
15.46524234  
13.89415168  
11.03630733  
7.109770138  
2.638859265  
-1.732058583  
-5.451309318  
-8.202528707  
-9.920904091  
-10.6915315  
-10.60168703  
-9.645275116  
-7.751307568  
-4.938803411  
-1.515889724  
1.809028774  
4.021317579  
4.130860633  
1.643987628  
-3.02449141  
-8.428744262  
-12.40303167  
-12.77680058  
-8.265264459  
0.8219913124  
12.39654681  
23.09787788  
29.38176299  
28.81319802  
21.05539661  
8.123907269  
-6.250118557  
-17.93771016  
-23.89889781  
-23.23150927  
-17.33974281  
-9.148524532  
-1.706100749  
3.204911048  
5.820666117  
8.16049716  
12.89640061  
21.83547305  
34.71974025  
48.9266665  
60.26299869  
64.55538174  
59.37244963  
45.13561298  
25.12628435  
4.366192519  
-12.17124185  
-21.28591897  
-22.52269942  
-18.04026149  
-11.50179528  
-6.509492851  
-5.253446212  
-7.895858546  
-12.8522723  
-17.73609758  
-20.48246544  
-20.15948575  
-17.18334441  
-12.95994406  
-9.219092787  
-7.385208987  
-8.224849861  
-11.81233142  
-17.68056812  
-24.97198011  
-32.48771332  
-38.68443777  
-41.77677995  
-40.08780384  
-32.64162443  
-19.79360584  
-3.565432827  
12.60483911  
24.76558308  
29.76109211  
26.45270737  
16.31196802  
3.055330198  
-8.618890621  
-14.73009646  
-13.4697505  
-5.801700569  
5.049083849  
15.00319341  
20.82433729  
21.38300641  
17.96105884  
13.50265595  
11.17972461  
12.92455225  
18.56745502  
25.92014552  
31.71199524  
32.92442618  
27.93188408  
16.9980306  
2.002966572  
-14.37451309  
-29.59003037  
-41.87290797  
-50.37284239  
-54.89121166  
-55.47004453  
-52.13364862  
-44.93522698  
-34.24233632  
-21.03241554  
-6.949449509  
5.995960233  
15.99581774  
22.03250874  
24.20525759  
23.63585868  
21.99930603  
20.90338427  
21.39934271  
23.81260129  
27.8974155  
33.14349456  
39.0008027  
44.87158457  
49.90201416  
52.77855651  
51.7879661  
45.28798394  
32.50043468  
14.30112262  
-6.423334043  
-25.17491747  
-37.02529216  
-38.24262528  
-27.76688208  
-7.916698948  
16.04160331  
37.40098099  
50.10037983  
50.64430421  
39.15124528  
19.15445333  
-3.74698297  
-23.85825095  
-37.23858067  
-42.77346848  
-42.14159956  
-38.7864654  
-36.36498677  
-37.29971581  
-41.96457872  
-48.7454844  
-54.86569874  
-57.5922212  
-55.33513942  
-48.24097748  
-38.10332976  
-27.67817426  
-19.69361765  
-15.92382181  
-16.63942453  
-20.58877108  
-25.47021544  
-28.69393055  
-28.15457423  
-22.7611282  
-12.5819306  
1.382455617  
17.64936747  
34.70754643  
51.28106504  
66.31996845  
78.78290768  
87.39677095  
90.6098927  
86.875651  
75.23680624  
55.9997922  
31.18213463  
4.44507213  
-19.59936338  
-36.56183189  
-43.55180204  
-40.08355934  
-28.23867877  
-11.9799574  
4.154102223  
16.48979442  
23.24686312  
24.77598835  
22.95758884  
20.06611466  
17.62359532  
15.75142894  
13.28865339  
8.585215031  
0.5659923067  
-10.46367563  
-22.67606807  
-33.33617745  
-39.90832566  
-41.15237379  
-37.70081139  
-31.83770109  
-26.55926219  
-24.32109884  
-26.02044942  
-30.65833343  
-35.82360093  
-38.77650556  
-37.64656216  
-32.21443118  
-23.93713559  
-15.21578124  
-8.239991515  
-3.93230168  
-1.472829554  
1.365602414  
7.192985188  
17.7109375  
32.704708  
49.76654815  
64.91279065  
73.89924885  
73.75322466  
63.93966477  
46.70030303  
26.40636421  
8.134015842  
-4.033857223  
-8.361416112  
-5.968308176  
-0.2962585953  
4.275959456  
4.157649056  
-2.037758116  
-12.92819164  
-24.87601487  
-33.3942662  
-34.91204783  
-28.21649529  
-15.00436213  
0.6822007884  
13.92418931  
20.731229  
19.48195464  
11.44826857  
0.2194213845  
-9.718105077  
-14.66448597  
-12.99482629  
-5.585249332  
4.715408114  
14.27204639  
19.97776842  
20.1765965  
14.90780603  
5.516571476  
-6.057266383  
-17.91754746  
-28.50889474  
-36.55518788  
-40.85247606  
-40.21316331  
-33.74571383  
-21.41115354  
-4.560594587  
13.92802706  
30.16566033  
40.36839816  
42.19387247  
35.73217721  
23.66107467  
10.39668532  
0.50671759  
-2.9982716  
0.2099813742  
7.718733481  
15.41825406  
19.21315169  
16.6819394  
7.997261323  
-4.246360544  
-16.17413569  
-24.21249808  
-26.42881244  
-23.1013995  
-16.36739341  
-9.204659572  
-4.256222051  
-3.001462493  
-5.540426979  
-10.93083931  
-17.77100598  
-24.67243015  
-30.42148777  
-33.87897714  
-33.85973741  
-29.25312121  
-19.47521455  
-5.081861489  
11.82473188  
27.76241357  
38.74812934  
41.67143725  
35.63244979  
22.62297199  
7.13419944  
-5.292356089  
-10.077562  
-5.391835725  
7.035792549  
22.4680454  
