-12.59464761  
-6.077200563  
-5.137472669  
-7.780886925  
-9.881245346  
-7.217650035  
2.562491333  
18.88657189  
38.48584481  
56.71068324  
69.28982649  
73.76513196  
70.05162324  
60.00592763  
46.32513126  
31.34702184  
16.29183923  
1.216751604  
-14.40676598  
-30.86284049  
-47.55925465  
-62.90633706  
-74.74842621  
-81.12075314  
-80.96512893  
-74.48031702  
-62.97503519  
-48.33232138  
-32.36542573  
-16.37222638  
-1.069737004  
13.11872331  
25.63878265  
35.53462852  
41.54654463  
42.59701255  
38.46518642  
30.30937381  
20.7131692  
13.10697249  
10.68863391  
15.21589851  
26.15577997  
40.59043189  
54.00922236  
61.76987608  
60.72158811  
50.38261862  
33.20381546  
13.78598722  
-2.675992764  
-12.14443114  
-13.02685626  
-6.529494118  
4.016836556  
14.53772085  
21.70961495  
23.95962794  
21.60805881  
16.19138552  
9.370820352  
2.006016621  
-6.132696253  
-15.87280973  
-27.63549022  
-40.47204115  
-51.71541042  
-57.55978183  
-54.44244457  
-40.69291356  
-17.72308778  
9.835871807  
35.23386375  
51.61122319  
54.19221134  
41.84204564  
17.40934629  
-13.24229883  
-43.10226141  
-66.051429  
-78.34253358  
-79.093739  
-69.81411426  
-53.3639213  
-32.90590946  
-11.27626577  
9.112922276  
26.05736319  
37.41375824  
41.32535194  
36.84717984  
24.68326835  
7.577347797  
-10.02057568  
-23.07485819  
-27.53773172  
-21.76332214  
-7.144302513  
12.34986705  
31.58393701  
46.0399815  
53.21986021  
53.08920141  
47.4299495  
38.48823716  
27.63510138  
14.743967  
-1.378773432  
-21.72131766  
-45.62433865  
-69.98683413  
-89.67373581  
-99.12241072  
-94.54385433  
-75.76331889  
-46.82025844  
-14.93669942  
11.84035993  
27.4280296  
29.81331132  
21.62372303  
8.936626181  
-1.175270537  
-3.36157755  
4.097082246  
18.88755646  
35.82139552  
48.97854673  
53.92007169  
49.11778787  
36.15604728  
18.80510694  
1.499332317  
-12.10225841  
-19.95712607  
-21.72571982  
-18.30110349  
-11.16936592  
-1.94588736  
7.781385704  
16.41004223  
22.32368635  
24.12469717  
21.10309134  
13.73355147  
3.888909944  
-5.467799776  
-11.12792186  
-10.76364834  
-3.907288669  
7.639936044  
20.19443453  
29.29220891  
31.14673208  
23.95940101  
8.631352281  
-11.36549402  
-30.91595929  
-44.69781844  
-48.69890207  
-41.3854024  
-24.20544502  
-1.290479641  
21.5827082  
38.5262905  
45.19264795  
40.09992782  
25.22778274  
5.636135604  
-11.87802674  
-20.76343334  
-16.76459916  
0.6219177021  
27.804912  
58.04203362  
83.39772618  
97.07104431  
95.30643738  
78.25481229  
49.55464684  
14.88753063  
-19.87088966  
-50.18749495  
-73.58593849  
-89.43188534  
-98.09577904  
-100.0297446  
-95.25483209  
-83.47789477  
-64.69796672  
-39.90399626  
-11.42787433  
17.28580972  
42.42649453  
60.74886454  
70.28109123  
70.53852485  
62.23804769  
46.7588796  
25.69036075  
0.7060600218  
-26.23445682  
-52.58842816  
-75.16097929  
-90.48707512  
-95.63693485  
-89.1608331  
-71.76187707  
-46.36589609  
-17.50506319  
9.776403342  
31.09869571  
43.61567404  
46.36687172  
40.15152651  
27.13694376  
10.42827816  
-6.305626432  
-19.22872863  
-24.91414812  
-21.16669371  
-7.929566694  
12.11576768  
33.70976923  
50.18834229  
55.50261317  
46.45731312  
24.28120729  
-5.242020207  
-33.35546897  
-51.19774409  
-52.94151635  
-37.98069992  
-11.25784033  
18.45814852  
41.70661135  
51.67016074  
46.43004536  
29.32607011  
7.393855941  
-11.38814845  
-20.90179933  
-18.69967497  
-6.298022137  
11.90209869  
30.40861139  
44.34664285  
50.51385046  
47.6522881  
36.19363117  
17.87857997  
-4.485749369  
-27.15604872  
-45.73024095  
-55.84000526  
-54.28800434  
-40.30436968  
-16.34852597  
12.08151321  
37.81579708  
54.20915264  
57.37803922  
47.56457897  
29.00999556  
8.322253374  
-8.033826883  
-16.10883796  
-15.74462564  
-10.27098765  
-4.820466375  
-4.031493105  
-10.123843  
-22.10444982  
-36.32576079  
-48.03101354  
-53.15303948  
-49.62625053  
-37.78967778  
-19.91462427  
0.7493429735  
20.90830321  
37.79512497  
49.33239953  
54.09444558  
51.34203375  
41.26394516  
25.31539523  
6.358350094  
-11.68848354  
-24.77302396  
-29.9732422  
-26.61790233  
-16.74266231  
-4.579612712  
4.830795119  
7.428856758  
1.646337819  
-10.95892325  
-26.20835723  
-38.7660579  
-44.01239407  
-39.63824732  
-26.40107538  
-7.815991568  
11.05294177  
25.23728069  
31.37319392  
28.6009578  
18.62506644  
4.993148774  
-8.110693701  
-17.1419472  
-20.14035822  
-17.07697274  
-9.544890846  
0.04528756272  
9.437179822  
17.28401567  
23.38924282  
28.34272424  
32.72883665  
36.2969609  
37.54553613  
34.02676033  
23.36313834  
4.608927611  
-20.65037844  
-48.05038095  
-71.34427149  
-84.25704812  
-82.65776391  
-66.19493323  
-38.68461439  
-7.011638885  
21.09478162  
39.57586258  
45.88835894  
41.5002374  
30.92365452  
19.76690338  
12.64572107  
11.76986992  
16.64320288  
24.7934585  
33.02713808  
38.58451523  
39.76625779  
35.97722466  
27.46136606  
15.09642516  
0.4485401854  
-14.03017027  
-25.01909531  
-28.91143987  
-23.0185838  
-7.018258873  
16.05227191  
39.94871349  
56.79854446  
59.73915523  
45.65902397  
16.87450417  
-19.10701596  
-51.83908806  
-71.44089269  
-72.01817442  
-53.64970317  
-22.17025328  
13.1018927  
42.70321102  
60.04944418  
62.99965355  
53.52940201  
35.94116059  
14.6265355  
-7.538528179  
-29.53558743  
-51.36202871  
-72.68250055  
-91.84936135  
-105.8910074  
-111.4952607  
-106.4586031  
-90.82615909  
-67.12423984  
-39.57162762  
-12.67866344  
10.07910197  
26.92507402  
37.6021073  
42.63997049  
42.63285843  
38.01620421  
29.45989828  
18.55130112  
8.186172193  
2.184880167  
4.067189397  
15.43423803  
34.73310456  
57.12045214  
75.69468116  
83.73815104  
77.11023714  
55.81373259  
24.08875987  
-10.98512468  
-41.7755758  
-62.34315096  
-69.82321212  
-64.58217518  
-49.35303647  
-27.94511298  
-4.165246994  
18.69484653  
37.86634265  
50.96794612  
56.11103131  
52.37770551  
40.4503474  
22.94297891  
4.040124873  
-11.62271572  
-20.47497334  
-21.27789133  
-15.53538213  
-6.805967754  
0.809539667  
4.327990418  
2.942779238  
-1.965173856  
-7.784848149  
-12.05094533  
-13.5118265  
-12.38085287  
-9.742530781  
-6.566251045  
-2.992592169  
1.624803765  
7.913790222  
15.41453495  
21.98471709  
24.23034564  
18.97093745  
5.123351187  
-14.96985109  
-35.61506274  
-49.49138151  
-50.47039917  
-36.36827547  
-10.37148768  
19.62269867  
43.62334346  
53.12333895  
44.1990296  
18.88573231  
-15.67371044  
-49.8711775  
-74.91844271  
-85.46174466  
-80.62855494  
-63.37486907  
-38.7322525  
-11.90570209  
12.97155635  
33.13897127  
46.84689503  
52.92896703  
50.80849602  
41.01917296  
25.84978172  
9.491202123  
-2.760399628  
-6.189453259  
1.384051624  
18.30194702  
39.18066312  
56.61777995  
63.92414599  
57.77645322  
39.63248166  
15.24408755  
-7.579739311  
-22.03408988  
-24.91517172  
-17.67734021  
-5.559379458  
4.770859449  
7.998227602  
2.197416505  
-10.64428238  
-25.68734571  
-37.28955636  
-41.11499729  
-35.48305351  
-21.58171319  
-2.701796194  
16.99356915  
33.60323445  
44.19068407  
47.04386501  
41.70218573  
28.96747661  
10.94103081  
-9.078701901  
-27.07547628  
-39.26603767  
-43.31879226  
-39.35853835  
-30.20921893  
-20.5619402  
-15.22242028  
-17.07509152  
-25.6447971  
-36.98450056  
-45.09056296  
-44.36872897  
-32.15175091  
-10.16816301  
15.74645576  
37.67037698  
48.56826154  
45.00096757  
28.44505661  
4.676635769  
-18.50904629  
-34.2744393  
-39.17719504  
-34.09997703  
-23.3769198  
