-31.07753065  
-45.89870579  
-58.458322  
-65.28482811  
-63.75755915  
-53.40833696  
-36.38984037  
-16.79408349  
0.9275248752  
13.71841509  
21.00421659  
24.57874172  
27.34690418  
31.56314115  
37.4744385  
43.08867473  
45.22554539  
41.34321983  
31.2064562  
17.4951912  
4.946936172  
-1.652533428  
0.2822028763  
9.73112537  
22.23941142  
31.67384236  
32.82819763  
23.71754955  
6.517282328  
-13.2971113  
-29.24020099  
-36.52193554  
-33.97283721  
-24.35767463  
-12.98074947  
-5.251654695  
-4.323598335  
-9.848641529  
-18.35612164  
-25.01438844  
-25.92236157  
-19.87252009  
-8.804781044  
3.208877328  
11.94084104  
15.01641623  
13.03681943  
9.312847919  
8.332407275  
13.63821578  
26.04227616  
42.9519729  
59.11250752  
68.48663288  
66.53827503  
52.03569713  
27.6874137  
-0.6264655544  
-25.73990575  
-41.52162374  
-44.81137647  
-36.31549447  
-20.18706221  
-2.480872958  
10.94717993  
16.35589117  
13.19770235  
4.019425498  
-6.730809422  
-14.52171284  
-16.49557206  
-12.51475828  
-5.12091071  
1.554693506  
3.4928359  
-1.569643532  
-13.19332114  
-28.34699577  
-42.51319842  
-51.33393891  
-52.14012634  
-44.7794702  
-31.4671983  
-15.79576094  
-1.371767808  
9.338245076  
15.52228378  
17.79400772  
17.46516039  
15.76179977  
13.39014878  
10.61285301  
7.683737542  
5.272457386  
4.516684161  
6.562552773  
11.78407885  
19.12392898  
26.02129697  
29.14784853  
25.76478404  
15.13793824  
-0.6861227716  
-17.23936639  
-29.14234956  
-32.23407869  
-25.43177754  
-11.45705872  
4.00547523  
14.4834504  
15.37939985  
6.000580553  
-9.954880748  
-25.74487918  
-34.27265156  
-31.03917613  
-16.13248095  
5.589850009  
26.22779118  
37.78852273  
35.17585799  
18.04118897  
-9.189360796  
-39.03857127  
-63.68674563  
-77.56083811  
-78.83743008  
-69.41759447  
-53.58681969  
-36.07545786  
-20.37414791  
-7.922489585  
1.683434739  
9.783286549  
17.61240443  
25.64355481  
33.53580846  
40.56384448  
46.1723641  
50.2938455  
53.26539747  
55.44689255  
56.82716192  
56.90160968  
54.92834046  
50.42379344  
43.5936027  
35.40628093  
27.2100723  
20.06031656  
14.11855402  
8.486758152  
1.638949578  
-7.701573395  
-19.64827528  
-32.6774331  
-43.8917877  
-49.98082799  
-48.49326389  
-38.86900444  
-22.7684567  
-3.54980317  
14.87102685  
29.27411197  
37.97520575  
40.94771138  
39.28209428  
34.34323253  
27.09351999  
17.90676805  
6.899398104  
-5.492616319  
-18.09268731  
-29.02124745  
-36.22282355  
-38.22369725  
-34.71771993  
-26.66153827  
-15.82878571  
-4.075444267  
7.269392046  
17.5468493  
26.3895865  
33.09648227  
36.23020677  
33.82705217  
24.27897408  
7.526204028  
-14.08024478  
-35.84641423  
-51.95410346  
-57.49174842  
-50.48924193  
-33.02984047  
-10.82836795  
8.687339746  
19.07719295  
17.26689374  
4.599216568  
-13.88084847  
-31.57158159  
-42.93273594  
-45.43536509  
-40.05438748  
-30.21581915  
-19.8331905  
-11.45146917  
-5.392644432  
-0.2358612616  
5.741726273  
13.02433871  
20.10772944  
23.99030658  
21.67922836  
11.92983831  
-3.714372816  
-21.17367576  
-35.31913786  
-42.00590464  
-39.68499521  
-29.83457739  
-16.04711073  
-2.277570378  
8.84345858  
16.80302047  
22.77876657  
28.32902611  
34.00242288  
38.69597926  
40.15924743  
36.3855798  
27.10828502  
14.51440978  
2.674068022  
-4.136392733  
-3.424998312  
4.226526774  
15.2751037  
24.74283846  
28.44603839  
24.84386722  
15.60317687  
4.62430579  
-3.942645564  
-7.648980118  
-6.659612245  
-3.18738725  
0.1801005855  
2.278585623  
4.220584667  
8.743207717  
18.33095729  
33.1278674  
49.86542351  
62.58574044  
65.02528545  
53.61117202  
29.58848531  
-0.8930118837  
-28.96953617  
-46.64987449  
-50.1769086  
-41.56998925  
-27.57005719  
-16.43403504  
-14.06573057  
-21.30978441  
-33.69138818  
-43.71112114  
-44.57434929  
-33.54337347  
-13.29954529  
9.317105025  
26.53604091  
33.24726111  
29.19866551  
18.76181147  
8.449595851  
3.483742492  
5.159422054  
10.32494769  
13.20867167  
8.634260947  
-5.031682313  
-24.71197984  
-43.84236883  
-55.39166713  
-55.18823707  
-43.91120557  
-26.77636874  
-11.08547821  
-2.850555214  
-4.130870686  
-12.33504971  
-21.75210191  
-26.48650494  
-23.32338694  
-13.14718699  
-0.3008690386  
9.693407921  
12.85696907  
8.576024261  
-0.3001912046  
-9.01038451  
-13.20373621  
-10.84601461  
-2.827250671  
7.880521633  
17.92051802  
25.12874477  
29.18531718  
31.11880107  
32.10893899  
32.40353919  
31.05125276  
26.62536317  
18.49020651  
7.795716099  
-2.504414033  
-8.78094749  
-8.505095554  
-1.74434028  
8.48727293  
17.34309838  
20.28632767  
15.25191681  
3.748930891  
-9.69553629  
-19.54100174  
-21.75171668  
-15.61951331  
-4.010750154  
8.07561664  
15.92286783  
17.29915275  
13.38052405  
7.976451328  
5.482388896  
8.604394704  
16.98668968  
27.3957851  
35.32507034  
37.18363728  
31.97265826  
21.64779557  
10.05018151  
1.00698053  
-3.416206493  
-3.654315968  
-2.076698619  
-1.500794747  
-3.624045825  
-8.210313653  
-13.42580421  
-17.08605131  
-18.08775008  
-17.20809997  
-16.80521054  
-19.54752973  
-26.8300848  
-37.71796749  
-49.00572694  
-56.42436004  
-56.45599162  
-47.91348429  
-32.5570078  
-14.48073955  
1.427535046  
11.25395179  
13.30765642  
8.410832239  
-0.7405156399  
-10.71563272  
-18.42582962  
-21.73616145  
-19.54160219  
-11.53880666  
1.96878298  
20.02490009  
40.78616458  
61.37509904  
78.12470104  
87.3329882  
86.33947554  
74.49220778  
53.54280218  
27.22567464  
0.1462520878  
-23.57058283  
-41.30894873  
-52.26834475  
-57.01411579  
-56.60362347  
-51.80769862  
-42.84874341  
-29.75689565  
-13.07451517  
5.577968651  
23.50465361  
37.62769219  
45.60051391  
46.79800442  
42.64924509  
36.06829207  
30.17853898  
26.88899476  
25.98579952  
25.1854528  
21.16110641  
11.1041765  
-5.864396388  
-28.05452995  
-51.61553774  
-71.81510198  
-84.65234568  
-88.16207189  
-82.93592952  
-71.73626574  
-58.43710283  
-46.74457892  
-39.15441596  
-36.43658243  
-37.69561945  
-40.86104881  
-43.37344498  
-42.85464975  
-37.62589353  
-27.01522679  
-11.43858918  
7.739485687  
28.53368085  
48.77645726  
66.54011034  
80.40111074  
89.46315647  
93.17517704  
91.1102079  
82.9244978  
68.6405526  
49.19754096  
26.98610581  
5.959239202  
-8.998265435  
-13.45485452  
-5.173258858  
14.49952895  
40.32529215  
64.34411657  
78.31767129  
76.63471141  
58.5411557  
28.70433896  
-4.270351927  
-30.91504932  
-44.4049792  
-43.08901611  
-30.98785724  
-16.02714278  
-6.713857461  
-8.622715595  
-22.13619859  
-42.34487534  
-61.10151972  
-70.33173626  
-65.22009795  
-46.0070201  
-17.7650971  
11.61952129  
34.3413362  
45.26844931  
43.30764397  
31.20752459  
14.10942008  
-2.42735494  
-14.14637787  
-19.04878208  
-17.46978659  
-11.4991535  
-4.101966653  
1.760164081  
3.855621237  
1.212837976  
-5.577753978  
-14.3830828  
-21.98832072  
-25.03438464  
-21.25702369  
-10.61752089  
4.195461738  
18.27875812  
26.05437459  
23.37165198  
9.360798643  
-12.79290684  
-36.61584637  
-54.48747971  
-60.37471106  
-52.0684933  
-31.99192288  
-6.234788595  
17.78118875  
34.01959247  
39.80389108  
36.28693425  
27.34657759  
17.53363837  
10.0734588  
5.811907267  
3.477253028  
0.9671002262  
-3.104406529  
-8.431570783  
-13.09197926  
-14.57565939  
-11.17824106  
-3.006545844  
7.92365975  
18.52060082  
25.9192551  
28.5710314  
26.5861602  
21.22489992  
13.90208038  
5.321404338  
-4.741208125  
