16.6455918  
16.51358542  
12.13698784  
4.224120674  
-5.200538688  
-13.44013407  
-18.13447109  
-18.17609452  
-14.09467575  
-7.713831672  
-1.236473562  
3.799982559  
7.185219821  
9.98397672  
13.79466756  
19.69206347  
27.39789188  
35.12405838  
40.20873806  
40.27262599  
34.35465391  
23.4768755  
10.34743529  
-1.687678903  
-9.97715222  
-13.57848888  
-13.49762605  
-12.05618024  
-11.68953117  
-13.73285964  
-17.74753704  
-21.6841663  
-22.7973183  
-18.89837749  
-9.399935128  
4.282492415  
19.11546045  
31.43389658  
38.12032836  
37.53502397  
29.90229142  
17.09872423  
2.008968936  
-12.27398479  
-23.14613446  
-28.93931527  
-29.09665198  
-24.13715963  
-15.48367135  
-5.194597787  
4.394719939  
11.11435847  
13.43657818  
10.87868783  
4.195023462  
-4.749276359  
-13.43755741  
-19.38996177  
-20.88008835  
-17.4516457  
-10.06227484  
-0.801211839  
7.733038851  
13.20129263  
14.20264555  
10.66203665  
3.817718311  
-4.179678567  
-10.93118621  
-14.51698593  
-14.06769718  
-10.00375617  
-3.864585407  
2.224370146  
6.276121757  
7.11534824  
4.764246205  
0.3998666244  
-4.103706237  
-6.875885653  
-6.724001232  
-3.522612184  
1.821688504  
7.790636417  
12.85933829  
16.01821137  
17.00163073  
16.16768601  
14.14745186  
11.48675587  
8.483844626  
5.293059809  
2.191300679  
-0.2130603575  
-1.034364345  
0.5139491975  
4.568368501  
10.19073866  
15.37176199  
17.59261356  
14.79669663  
6.378280523  
-6.285186863  
-20.08228348  
-31.19304012  
-36.52103317  
-34.93703476  
-27.77569904  
-18.32518104  
-10.48725194  
-7.162236041  
-9.052914677  
-14.41042997  
-19.8354469  
-21.7832264  
-18.11302516  
-9.010963158  
3.097530796  
14.57770562  
22.08299044  
23.86243278  
20.33756341  
13.75553928  
7.137121393  
3.022960789  
2.562110385  
5.284808598  
9.566577725  
13.49012497  
15.67507464  
15.71990969  
14.12707847  
11.83646039  
9.656588115  
7.886124222  
6.284877216  
4.360900635  
1.788721671  
-1.271021622  
-4.113047093  
-5.717990343  
-5.170152453  
-2.087895352  
3.103039311  
9.158221408  
14.28198301  
16.60827101  
14.77154353  
8.411865832  
-1.545624098  
-12.96453395  
-22.97349745  
-28.77080449  
-28.54450315  
-22.19662844  
-11.56267065  
0.045419735  
8.899265709  
12.17842733  
9.055828409  
1.074658137  
-8.403731597  
-15.52054014  
-17.49685083  
-13.80199563  
-6.383306592  
1.183424104  
5.283712723  
3.903579183  
-2.422784666  
-10.80622593  
-17.27323959  
-18.5497175  
-13.5427375  
-3.830861887  
7.072266003  
15.34269923  
18.59814996  
16.94994077  
12.85433261  
9.832377513  
10.66835016  
15.95112524  
23.66483864  
30.04024775  
31.28075848  
25.36208142  
13.06902271  
-2.20945915  
-15.82903948  
-23.76331935  
-24.16175651  
-17.92527934  
-8.10791593  
1.508790516  
7.973395485  
10.15602345  
8.80007136  
5.735489897  
2.74198627  
0.666874413  
-0.7912542429  
-2.605760185  
-5.592659838  
-9.732025725  
-14.02793339  
-16.97609387  
-17.36421715  
-14.94738996  
-10.61353942  
-5.940253309  
-2.384899756  
-0.5601973706  
-0.008080983736  
0.3852085126  
1.55116079  
3.453486988  
4.838405961  
3.744937785  
-1.404264492  
-10.65492986  
-21.93847329  
-31.46289047  
-35.04218166  
-29.86259708  
-15.91942104  
3.563781396  
23.01802145  
36.44100015  
39.6024409  
31.64953803  
15.44652235  
-3.502031832  
-19.11037361  
-26.92271609  
-25.60168669  
-17.14178285  
-5.796673252  
3.76867398  
8.306264787  
7.063674447  
1.747953678  
-4.497632381  
-8.575769775  
-8.705378374  
-4.966501858  
1.027084738  
7.076930932  
11.46980705  
13.66488791  
14.32139797  
14.72438429  
15.94680436  
18.18660258  
20.60275739  
21.71294267  
20.13958893  
15.33200349  
7.919305755  
-0.4626615126  
-7.774492687  
-12.31956926  
-13.30236623  
-10.98184272  
-6.408856602  
-0.9256895192  
4.312333756  
8.590910902  
11.61632474  
13.3287193  
13.73065311  
12.86688381  
10.95699046  
8.547680269  
6.503170918  
5.730158596  
6.70527964  
9.038356138  
11.36128281  
11.72136426  
8.414645138  
0.9326392369  
-9.441435168  
-19.76714608  
-26.39554409  
-26.42686406  
-19.07707124  
-6.31022189  
7.643431135  
17.79220104  
20.3423076  
14.29058453  
1.935193114  
-11.97107718  
-22.11027465  
-24.74504845  
-19.20113135  
-8.046912432  
4.097356792  
12.57972595  
14.66273045  
10.5415156  
3.018847343  
-3.957781  
-7.180614595  
-5.606085094  
-0.6897291764  
4.461374345  
6.651302447  
4.093413597  
-2.859948987  
-12.04733921  
-20.64282041  
-26.48649625  
-28.92010419  
-28.74798273  
-27.4262511  
-25.99390123  
-24.38286431  
-21.5170259  
-16.15728058  
-8.011196125  
1.557123112  
9.70496482  
13.20741777  
9.99868008  
0.397893059  
-12.64937093  
-24.53921446  
-30.82755497  
-29.09959581  
-20.02443937  
-7.078974352  
4.965515578  
12.12052862  
12.87813313  
8.758231167  
3.470067442  
1.097428175  
4.164692352  
12.48183228  
23.28544156  
32.5763731  
36.9992314  
35.37237395  
29.16609268  
21.73889063  
16.72743437  
16.36755637  
20.52844931  
26.88145538  
32.08078703  
33.36714342  
29.83236311  
22.76984536  
14.98158814  
9.398532684  
7.672291016  
9.383853568  
12.2113553  
12.95701544  
8.959323961  
-0.7281377409  
-14.87858553  
-30.5110495  
-43.97257976  
-52.21895586  
-53.79120743  
-49.15261838  
-40.32980851  
-30.06701844  
-20.85152429  
-14.1618433  
-10.15927209  
-7.857994542  
-5.648872251  
-1.964385122  
4.131440069  
12.58717508  
22.31699159  
31.45518252  
37.83891237  
39.60061169  
35.72576863  
26.43160872  
13.25161425  
-1.226037445  
-13.93033664  
-22.0621487  
-23.83798387  
-19.01283706  
-9.018134285  
3.351173346  
14.64080066  
21.65801355  
22.36239146  
16.47282353  
5.601848093  
-7.149390508  
-18.05013547  
-23.82653895  
-22.66142854  
-14.79244116  
-2.494553651  
10.58508896  
20.55840304  
24.53910951  
21.57870135  
12.9596324  
1.72250221  
-8.422099052  
-14.41347538  
-14.91108982  
-10.7182727  
-4.403604655  
0.7298085808  
1.926556329  
-1.979281157  
-10.15131961  
-20.10107201  
-28.63541085  
-33.01470791  
-31.87718325  
-25.60581904  
-16.05131083  
-5.77418779  
2.869273668  
8.454473125  
10.79886916  
10.80715558  
9.972551172  
9.751629014  
11.03275297  
13.84969322  
17.39424663  
20.29482051  
21.06956794  
18.63265112  
12.72054537  
4.110982363  
-5.461096484  
-13.71705775  
-18.50006455  
-18.5042582  
-13.81129843  
-5.999360022  
2.282403703  
8.179613161  
9.647743673  
6.226700455  
-0.756374181  
-8.675183211  
-14.61893515  
-16.53480551  
-14.02749002  
-8.477314061  
-2.425893353  
1.504143033  
1.686780147  
-1.894304867  
-7.742629531  
-13.5771282  
-17.33168812  
-17.95933902  
-15.69091214  
-11.67575758  
-7.235430065  
-3.139486505  
0.717704681  
5.082378688  
10.69079528  
17.56956237  
24.6901371  
30.20878242  
32.22692786  
29.73049493  
23.25088681  
14.89189142  
7.645832827  
4.24778958  
6.039711316  
12.333538  
20.56460502  
27.20183535  
29.06954965  
24.56875055  
14.32706172  
1.031981473  
-11.48534448  
-19.57565276  
-21.02875103  
-15.82711885  
-6.148589353  
4.366537692  
11.82774223  
13.38293474  
8.165021127  
-2.406184441  
-15.06538695  
-25.74942076  
-30.91782184  
-28.71692534  
-19.5961459  
-6.15861128  
7.714989944  
18.17167185  
22.6589479  
20.70551952  
13.9274804  
5.272982111  
-2.184310149  
-6.415845551  
-7.108298332  
-5.58620551  
-4.061061443  
-4.564561962  
-8.044027063  
-14.00208105  
-20.79809501  
-26.4219904  
-29.34733805  
-29.06441973  
-26.08043016  
-21.45524548  
-16.17124727  
-10.6985487  
-4.98497138  
1.154304674  
7.509619104  
13.16500151  
