14.79951379  
17.33966908  
13.81161506  
5.051110754  
-6.563628293  
-17.7861618  
-25.46955068  
-27.52577668  
-23.55682045  
-14.9376275  
-4.319939921  
5.266181255  
11.3930189  
12.95536241  
10.39836937  
5.413774687  
0.260339491  
-3.017375677  
-3.197469768  
-0.1457804498  
5.282007774  
11.5932052  
17.1035379  
20.33553871  
20.30096584  
16.66330153  
9.802075384  
0.7845993447  
-8.779259399  
-17.02755061  
-22.26725389  
-23.43633564  
-20.45229946  
-14.29073484  
-6.716095941  
0.2726923694  
5.083379504  
7.000804715  
6.287719299  
3.880035382  
0.8319448501  
-2.207047924  
-5.211702891  
-8.578931387  
-12.61043563  
-16.97273237  
-20.47055665  
-21.33618293  
-17.9790567  
-9.881209019  
1.803187515  
14.30223233  
24.02082651  
27.81853924  
24.26010738  
14.29288467  
1.019129898  
-11.39089375  
-19.22383164  
-20.56454661  
-15.90177271  
-7.760840483  
0.4547744132  
5.894041326  
7.339678383  
5.493833576  
2.391829039  
0.2620195721  
0.3879393089  
2.50738205  
5.015434103  
5.855351163  
3.657993118  
-1.421987442  
-7.582492568  
-12.0417547  
-12.21154252  
-6.858360712  
3.263555552  
15.59192629  
26.67896273  
33.46900339  
34.39841777  
29.87283104  
21.95105132  
13.40326592  
6.565359474  
2.477074435  
0.6485072575  
-0.4841120408  
-2.649536333  
-6.801255609  
-12.56602861  
-18.3213107  
-21.86376037  
-21.37648051  
-16.27653285  
-7.576512684  
2.400593288  
10.8450169  
15.49185749  
15.44649046  
11.47532904  
5.650687685  
0.4980600073  
-2.011285989  
-1.2240072  
1.969092661  
5.5207173  
7.064559005  
4.869405324  
-1.455904162  
-10.76338804  
-20.72899024  
-28.62349395  
-32.19923292  
-30.38096548  
-23.54357453  
-13.32136509  
-2.055149783  
7.912468958  
14.8642152  
18.08432753  
17.90953072  
15.48070124  
12.29515962  
9.697021216  
8.445788152  
8.48077527  
8.953852089  
8.537154754  
5.932300216  
0.4289883288  
-7.68332743  
-17.02973786  
-25.47380625  
-30.78376654  
-31.42053997  
-27.14196176  
-19.15473077  
-9.708536156  
-1.260473519  
4.458773053  
7.072619859  
7.584732088  
7.76728179  
9.174918085  
12.2479842  
15.95982359  
18.2316041  
16.97501552  
11.29660716  
2.270046403  
-7.164562539  
-13.23235758  
-12.89967749  
-5.30942635  
7.602520455  
21.66062652  
32.00767638  
35.03182654  
29.82775967  
18.53445113  
5.381299496  
-5.143709165  
-10.18471962  
-9.615513597  
-5.85538039  
-2.511801883  
-2.510535777  
-6.617137867  
-13.06863783  
-18.50001961  
-19.72042721  
-15.46698324  
-7.253042398  
1.155244669  
5.444626626  
2.868279811  
-6.238227254  
-18.30344614  
-27.8810022  
-29.97390131  
-22.30239622  
-6.485879825  
12.42922966  
27.93624882  
34.70324221  
30.74689072  
18.21140965  
2.425829309  
-10.34254647  
-15.46722088  
-11.78126381  
-1.894736107  
9.070677136  
15.73937001  
14.74861993  
6.082027175  
-7.035130812  
-19.55803438  
-26.70404153  
-25.80863386  
-17.22642453  
-3.993696358  
9.506164016  
19.25511183  
22.98297706  
20.72198206  
14.42370342  
6.915973145  
0.7034877197  
-2.893436432  
-3.974771156  
-3.680958482  
-3.454143062  
-4.302920672  
-6.373931331  
-8.960087103  
-10.87739951  
-11.00467082  
-8.748749224  
-4.266361649  
1.605560101  
7.642029987  
12.60951499  
15.59530886  
16.1972454  
14.55077357  
11.2261035  
7.054653296  
2.942389124  
-0.2924157263  
-2.0407537  
-1.981880842  
-0.1216831132  
3.211138554  
7.414183602  
11.70690938  
15.26442143  
17.36909638  
17.54974556  
15.67442484  
11.97029052  
6.960741402  
1.333381829  
-4.225517484  
-9.181184771  
-13.23832704  
-16.34046281  
-18.58588601  
-20.09965875  
-20.92066644  
-20.96007526  
-20.05735684  
-18.11409171  
-15.24330829  
-11.85226947  
-8.595354917  
-6.186256617  
-5.126924677  
-5.464331227  
-6.69539418  
-7.895934027  
-8.05885674  
-6.52845715  
-3.352588915  
0.6198459407  
3.983694042  
5.314593618  
3.809637975  
-0.2324967007  
-5.328140236  
-9.220923433  
-9.689825876  
-5.468724996  
3.094312969  
13.94831542  
23.93075794  
29.87597918  
29.84230764  
23.96672452  
14.55986717  
5.331936006  
-0.008980338281  
0.7367159105  
7.258890274  
16.69009668  
24.59906772  
26.68968589  
20.55826031  
6.801374019  
-11.00502818  
-27.49612417  
-37.44744765  
-37.7018827  
-28.3396104  
-12.63227562  
4.192607642  
16.8763764  
21.97900152  
18.94381485  
10.01119517  
-0.9033658552  
-9.842155234  
-14.25697841  
-13.72269989  
-9.715170103  
-4.669610378  
-0.8152782012  
0.6848887888  
-0.0317189373  
-1.911625796  
-3.695274177  
-4.552311891  
-4.345706663  
-3.468707536  
-2.438291894  
-1.538388976  
-0.7349463263  
0.1136385405  
0.9335171912  
1.268001179  
0.4466237626  
-1.94659508  
-5.564338298  
-9.093911085  
-10.59587485  
-8.339761189  
-1.79248547  
7.74463724  
17.26343242  
23.02931558  
22.08659475  
13.65561512  
-0.2372117197  
-15.26495154  
-26.31724332  
-29.43521547  
-23.34930533  
-9.950243744  
6.518204392  
21.19138401  
30.47619447  
33.27985444  
31.07019863  
26.81307102  
23.35080476  
22.02595939  
22.20413704  
21.8845008  
19.03765846  
12.94646327  
4.827157745  
-2.625920532  
-6.577645201  
-5.614004407  
-0.7271313667  
4.825713061  
6.806422317  
1.882945247  
-10.7360989  
-28.6894412  
-47.19653523  
-60.8533732  
-65.72764991  
-60.85499839  
-48.50790428  
-33.1544422  
-19.59227467  
-11.07854933  
-8.23664603  
-9.140528587  
-10.44566579  
-8.995604853  
-3.178416574  
6.516848691  
17.89082232  
28.09090283  
34.79663608  
37.00858132  
35.16510916  
30.65564065  
25.06320336  
19.54003267  
14.58230205  
10.22002242  
6.412760872  
3.35780023  
1.504955992  
1.271397086  
2.644391871  
4.940280314  
6.912957106  
7.213700287  
5.00255569  
0.4074411084  
-5.419828496  
-10.71411318  
-13.80860002  
-13.82627462  
-11.0281644  
-6.65119787  
-2.310091795  
0.7532819189  
2.213013999  
2.731471132  
3.52184792  
5.609793279  
9.155382227  
13.1799314  
15.86139247  
15.29742972  
10.40993128  
1.581793216  
-9.280902355  
-19.32487246  
-25.74882639  
-26.82164927  
-22.50014082  
-14.39321094  
-5.096329211  
2.816118872  
7.714006033  
9.37331199  
8.811227907  
7.608356326  
7.054796491  
7.522624144  
8.351062224  
8.283929606  
6.237301969  
2.017887188  
-3.369240778  
-7.99642303  
-9.775829644  
-7.380926799  
-0.9163372488  
7.973017171  
16.6207691  
22.28084227  
23.10675532  
18.77364854  
10.51070828  
0.5674854182  
-8.630139429  
-15.27312699  
-18.6101997  
-18.92120409  
-17.12417492  
-14.25954867  
-11.1040166  
-8.05148442  
-5.232622531  
-2.720509968  
-0.6516019916  
0.8191216341  
1.674329123  
2.151232625  
2.676974934  
3.594386169  
4.806374647  
5.569310214  
4.638636746  
0.8064952952  
-6.355789354  
-15.90800268  
-25.46841921  
-31.83256192  
-32.14063881  
-25.14995537  
-12.04155851  
3.678943064  
17.2681093  
24.4635374  
23.16162012  
14.34019083  
1.789532131  
-9.297166184  
-14.33230923  
-11.12679485  
-0.725641346  
13.06060547  
25.22772631  
31.58987902  
30.393749  
22.88256958  
12.61670314  
3.88533346  
-0.0908047121  
1.587351511  
7.272608429  
13.60293766  
16.97750566  
15.03088376  
7.513612262  
-3.718340951  
-15.51351453  
-24.63485398  
-28.86298299  
-27.59957157  
-21.83338471  
-13.59871484  
-5.220419687  
1.350355902  
4.922489375  
5.148793507  
2.406511748  
-2.392964792  
-7.980154692  
-12.88531787  
-15.62803936  
-14.9818234  
-10.29636944  
-1.786235761  
9.343160266  
21.03429744  
30.79725519  
36.31942569  
36.09317469  
29.87020624  
18.79918339  
5.197917693  
-7.984094227  
-17.87568385  
-22.38987565  
-20.75315182  
-13.72543137  
-3.443966194  
7.093344524  
