-10.43886113  
-25.6968642  
-38.61395199  
-45.01532034  
-41.81961081  
-28.0988865  
-5.564670299  
21.72378219  
48.37402026  
69.09266872  
80.09458264  
80.06313708  
70.39481012  
54.69381217  
37.70509362  
24.01710568  
16.89243204  
17.5117097  
24.78290587  
35.71759193  
46.25568249  
52.33220191  
50.94232519  
40.95892822  
23.50021813  
1.73286947  
-19.87784038  
-36.70968881  
-45.2268097  
-43.97224388  
-33.99470901  
-18.54748721  
-2.117643307  
10.92622233  
17.63592537  
17.2976988  
11.47648742  
3.272035846  
-3.946962517  
-7.868053177  
-8.126456203  
-6.423014315  
-5.814802622  
-9.438129132  
-19.14448724  
-34.57282429  
-53.0240433  
-70.20719958  
-81.59617672  
-83.9092882  
-76.1756215  
-60.01330758  
-39.0416853  
-17.67126554  
0.2669518023  
12.55750537  
18.9660967  
20.87892132  
20.44245039  
19.59961758  
19.41650742  
19.9246458  
20.46134038  
20.27470119  
19.07170136  
17.24970197  
15.73053012  
15.51542439  
17.20707033  
20.7430592  
25.46466307  
30.46724683  
35.03891967  
38.95456777  
42.47173963  
46.02648303  
49.77833712  
53.2267972  
55.09268741  
53.54201694  
46.69059683  
33.22437666  
12.94465369  
-12.91372481  
-41.66634962  
-69.47615519  
-91.93317109  
-104.8616407  
-105.259914  
-92.20970519  
-67.50875828  
-35.74420068  
-3.591547995  
21.67101052  
34.14519108  
31.22108497  
14.71909276  
-9.289256911  
-32.12829082  
-45.23512311  
-43.07304479  
-25.18774207  
3.42405156  
33.87638317  
56.39889521  
63.71450491  
53.53995266  
29.27541743  
-1.354348652  
-29.15163859  
-46.66925903  
-50.58542525  
-42.39899023  
-27.32273816  
-11.96216391  
-1.788782502  
0.6103074984  
-4.05033728  
-12.6228339  
-21.12853471  
-26.34075541  
-26.74555268  
-22.65809378  
-15.67248727  
-7.851046393  
-1.042987687  
3.482579989  
5.13728958  
4.020501055  
0.955057479  
-2.484988442  
-4.129579694  
-1.719218694  
6.249660906  
19.61692687  
36.04751106  
51.33287261  
60.61624627  
60.20905088  
49.28984032  
30.69514446  
10.30204284  
-4.920416558  
-9.504191649  
-1.679059232  
15.77241785  
36.42129788  
52.53942381  
57.94749032  
50.20924805  
31.31269633  
6.642791368  
-17.21627307  
-34.85287344  
-43.58824806  
-43.69496966  
-37.40644506  
-27.39180419  
-15.53696399  
-2.60833315  
11.16750901  
25.09369378  
37.28380295  
44.78142412  
44.59042338  
35.15832585  
17.55581411  
-4.317417244  
-24.73317916  
-38.00633817  
-40.48233083  
-31.81939721  
-15.05376507  
4.531597945  
21.22478613  
30.64632109  
30.83007188  
22.36793901  
7.782889851  
-9.442295574  
-25.74928185  
-38.07579332  
-44.15033675  
-42.69574726  
-33.68266446  
-18.59095317  
-0.4507547084  
16.59481867  
28.28674749  
31.5756724  
25.77657063  
13.00226442  
-2.434091188  
-15.5132914  
-22.32832383  
-21.45571566  
-14.2718603  
-4.081375138  
5.518080386  
12.23860581  
15.89708549  
18.03447232  
20.59474915  
24.3907716  
28.2104124  
29.09841045  
23.74134916  
10.29058426  
-10.31052192  
-34.22454459  
-55.98220937  
-70.56665513  
-75.34749743  
-70.943271  
-60.60565212  
-48.45097167  
-37.43976805  
-28.134857  
-18.8707001  
-7.240043264  
7.895510815  
24.96952547  
39.70196507  
46.67185774  
41.81880815  
24.70343682  
-0.6070257122  
-26.5715145  
-44.79778945  
-49.18669399  
-38.26713581  
-15.73664363  
10.99688671  
33.61694986  
45.85149774  
45.39435416  
34.13842442  
16.83599668  
-1.050096156  
-15.30034615  
-23.93252874  
-27.03022744  
-25.77515988  
-21.36721791  
-14.43782521  
-5.18336378  
6.013896352  
17.98728182  
28.68225014  
35.70674596  
37.29133548  
33.15218279  
24.77240079  
14.90813972  
6.527179458  
1.677483856  
0.8140700254  
2.864309792  
5.932460248  
8.230331193  
8.746588075  
7.358253529  
4.433685366  
0.2751716307  
-5.169124938  
-12.08132062  
-20.14611251  
-27.94082673  
-32.84522356  
-31.75444231  
-22.44157796  
-4.996651351  
17.4121129  
39.01172786  
53.17505796  
54.88163278  
42.90817164  
20.76956946  
-4.121613488  
-22.88831424  
-28.34268869  
-17.65040386  
6.546184125  
36.99299215  
64.34034963  
80.33353058  
80.4747802  
65.21923862  
39.38892519  
10.19247169  
-15.27569139  
-32.09431152  
-38.47417071  
-35.49237237  
-25.97632814  
-13.18011981  
0.1654019063  
12.15243726  
21.45109946  
26.88562329  
27.22862669  
21.41995609  
9.125380815  
-8.684562292  
-29.50864379  
-49.66954755  
-65.20341492  
-72.9798761  
-71.62720433  
-61.90862533  
-46.42322207  
-28.77677476  
-12.55820376  
-0.4920903789  
5.991480506  
6.737806727  
2.55654505  
-5.149949049  
-14.64326954  
-23.96103141  
-30.99408537  
-33.68774173  
-30.45359819  
-20.72013476  
-5.396823996  
13.02480769  
30.91245404  
44.43336224  
50.70585966  
48.72465816  
39.66314093  
26.38486288  
12.33100573  
0.2351791221  
-8.780373045  
-15.32463362  
-21.01586001  
-27.25633179  
-34.0996947  
-39.79884728  
-41.32798899  
-35.71987728  
-21.64687834  
-0.5055374474  
23.56736297  
44.86856565  
58.07824778  
60.19368374  
51.61943564  
35.92717259  
18.37135042  
3.796287585  
-5.155247109  
-8.764293456  
-9.608738745  
-10.93336169  
-14.82304814  
-21.06841006  
-27.27176171  
-30.13460148  
-27.28503116  
-18.72410811  
-7.137467407  
3.141912869  
8.076278602  
5.863326924  
-2.065473142  
-11.51520105  
-17.30968962  
-15.60620189  
-5.692782966  
9.566390272  
24.86220841  
34.65505934  
35.48574438  
27.35437975  
13.57269501  
-0.8099095582  
-11.26124731  
-15.66982071  
-15.05053289  
-12.77517189  
-12.72714532  
-17.25739711  
-25.88247012  
-35.3067016  
-40.74493141  
-37.95450828  
-25.09806014  
-3.666896734  
21.88353031  
45.59729171  
61.97979578  
67.72082223  
62.60420706  
49.38073837  
32.75701975  
17.90594545  
8.978821218  
8.013279055  
14.4691772  
25.4543531  
36.56531795  
43.15478523  
41.73917079  
31.18032556  
13.26059416  
-7.628821215  
-25.72204587  
-35.74452318  
-34.81824063  
-23.69622371  
-6.772249951  
9.269431303  
17.76515369  
14.51635416  
-0.5779831849  
-23.37293169  
-46.91172116  
-63.90330835  
-69.2781125  
-61.83902184  
-44.41647834  
-22.57242854  
-2.480507091  
11.11111351  
16.06644217  
12.8932554  
3.863315589  
-8.172751601  
-20.65373502  
-31.54599851  
-39.07923169  
-41.4279199  
-36.80188795  
-24.11625931  
-3.970055135  
20.65698019  
44.58327236  
61.7094661  
67.0763419  
58.88702152  
39.55563564  
15.1755753  
-6.536697536  
-19.06714673  
-19.54514899  
-9.760813256  
4.692335934  
16.78720688  
20.92772387  
15.08771748  
1.353689409  
-15.26838977  
-29.15101735  
-36.36414008  
-35.99644489  
-29.99109311  
-21.73312439  
-14.19408305  
-8.580448005  
-4.108408981  
1.090932044  
8.511033769  
18.09117635  
27.97245907  
35.3240123  
37.79496299  
34.80837743  
27.98549842  
20.43484271  
15.23207892  
13.85088385  
15.35790481  
16.82698719  
14.82882144  
7.308222062  
-5.062650929  
-18.75150702  
-28.60105137  
-29.94367561  
-20.68977328  
-2.469589013  
19.69289807  
39.0732337  
49.63224917  
48.14833908  
35.27967939  
15.19676767  
-6.000794064  
-22.42346058  
-30.27875216  
-28.87259209  
-20.48606529  
-9.314582594  
0.04746081448  
4.026277597  
0.974564521  
-8.604670762  
-22.44420194  
-37.28207115  
-49.747759  
-57.14456558  
-57.98825073  
-52.23746133  
-41.20791814  
-27.20588134  
-12.96472811  
-1.01124545  
6.881804634  
10.01605795  
8.784409068  
4.407733048  
-1.492185972  
-7.321293719  
-11.80862504  
-14.11829028  
-13.82703332  
-10.8739312  
-5.576368677  
1.276705589  
8.339547506  
13.77592574  
15.58741241  
12.1985438  
