5.096085064  
4.482036011  
2.149438663  
-0.4246043749  
-1.19438221  
1.331340363  
7.240459464  
15.07488511  
22.45392925  
27.13683305  
27.99260683  
25.41481062  
21.01489086  
16.78964452  
14.20123834  
13.61869277  
14.35438002  
15.21302373  
15.21912302  
14.12637592  
12.46033531  
11.11253209  
10.74580288  
11.35876207  
12.25469899  
12.42778877  
11.14680342  
8.408791224  
5.005565876  
2.155671049  
0.8885558471  
1.502793562  
3.386158077  
5.300025554  
5.992748134  
4.835638508  
2.160921444  
-0.8747969278  
-2.845951651  
-2.774063742  
-0.6698447755  
2.351648135  
4.439310367  
3.701218197  
-1.062928893  
-9.880910268  
-21.54543681  
-33.96101204  
-44.7421873  
-51.84287062  
-54.02699346  
-51.0827568  
-43.77949177  
-33.62894231  
-22.52986219  
-12.36434158  
-4.605738056  
-0.003390729931  
1.578261578  
1.095786254  
0.0157283333  
-0.1807676087  
1.474521903  
5.073478163  
9.79166024  
14.21237206  
16.90074351  
16.99379554  
14.55213297  
10.51576524  
6.28412982  
3.115790624  
1.629140354  
1.637450802  
2.385449761  
3.053809174  
3.259637447  
3.280632247  
3.872059916  
5.760109691  
9.076835668  
13.0518084  
16.16388  
16.73039609  
13.6818247  
7.153241356  
-1.414971349  
-9.756160067  
-15.65115028  
-17.81425149  
-16.38646789  
-12.80277499  
-9.088317028  
-6.906864617  
-6.806676472  
-8.019238797  
-8.90675384  
-7.845336467  
-4.117241254  
1.625110617  
7.564287075  
11.5157863  
11.95511039  
8.789016104  
3.489856818  
-1.500019948  
-3.849557958  
-2.426590033  
2.107514785  
7.488672745  
10.7741357  
9.618718591  
3.356457254  
-6.588323797  
-17.1550932  
-24.79475709  
-26.84323776  
-22.5561604  
-13.38219523  
-2.369734877  
7.039683126  
12.33148518  
12.81680083  
9.761393898  
5.721552736  
3.387154  
4.423768172  
8.787471797  
14.77639648  
19.77346969  
21.35579191  
18.31104456  
11.15617545  
1.968990554  
-6.377835987  
-11.26266186  
-11.23256848  
-6.459965456  
1.398355014  
9.84258538  
16.40093482  
19.40501865  
18.41602457  
14.20445019  
8.353360115  
2.670872115  
-1.373657346  
-3.025456298  
-2.359958366  
-0.1560740001  
2.398979037  
4.081744819  
3.997696465  
1.867628849  
-1.829096689  
-5.909817763  
-8.770383601  
-8.863625576  
-5.265177814  
1.852603134  
11.03685545  
19.79619691  
25.26443168  
25.11063878  
18.38906569  
5.999099025  
-9.460099524  
-24.4365039  
-35.52926563  
-40.54820634  
-39.12919251  
-32.67611554  
-23.67530564  
-14.68706038  
-7.447199961  
-2.449080502  
0.8549308092  
3.384172365  
5.66307268  
7.366794533  
7.427580314  
4.664605643  
-1.377469402  
-9.824556484  
-18.45976266  
-24.38732954  
-25.13108713  
-19.69364869  
-9.085545623  
3.952020593  
15.95271195  
24.04740136  
27.03661095  
25.74591815  
22.51107365  
20.0284832  
20.09205172  
22.78719142  
26.50396601  
28.75580265  
27.42117603  
21.8310223  
13.19292881  
4.144133334  
-2.378962462  
-4.455146841  
-2.089853461  
2.688861441  
6.605614706  
6.461512951  
0.4499969388  
-11.08174314  
-25.7280392  
-39.91450537  
-50.19424749  
-54.41508257  
-52.30708633  
-45.3090515  
-35.78073674  
-25.99000799  
-17.32284328  
-10.02429422  
-3.514476113  
2.939473246  
9.562486106  
15.75860664  
20.29906272  
21.91503561  
20.00034457  
15.07109783  
8.735922236  
3.153325237  
0.1910968431  
0.6486859725  
3.892019899  
8.081319472  
10.91887971  
10.61509941  
6.665850954  
0.1051091624  
-6.886851544  
-11.86413688  
-13.11605081  
-10.36203634  
-4.840792314  
1.245058255  
5.686323549  
7.204678215  
5.954228046  
3.364933332  
1.401835466  
1.583144209  
4.21590215  
8.213675658  
11.59417201  
12.4347473  
9.839739125  
4.452798055  
-1.750614267  
-6.320314243  
-7.454190275  
-4.859500137  
0.07063154503  
4.878988733  
7.201212255  
5.928583488  
1.823223873  
-2.730928033  
-4.761838238  
-2.078150622  
5.647988652  
16.58907669  
27.41347248  
34.60307139  
35.85588375  
30.95630775  
21.74483468  
11.23631499  
2.322297153  
-3.334205486  
-5.722515328  
-6.087763008  
-5.98091517  
-6.284314209  
-6.732147986  
-6.17214705  
-3.416905768  
1.787001078  
8.222882449  
13.4465195  
14.7606055  
10.49131449  
0.9542122196  
-11.38917455  
-22.72028564  
-29.29622269  
-28.9184857  
-21.80497224  
-10.4970281  
1.137860778  
9.358347497  
11.83696327  
8.28063549  
0.2153570665  
-9.853214577  
-19.44884468  
-26.84648925  
-31.26768754  
-32.6163628  
-31.04861445  
-26.70575629  
-19.77735126  
-10.80905945  
-0.97951793  
7.94207507  
14.06652603  
16.12158846  
14.08631502  
9.342635592  
4.17436805  
0.7796432945  
0.2489514384  
2.033732372  
4.229506146  
4.602140092  
1.888192959  
-3.29154975  
-8.434860434  
-10.1895748  
-6.012987951  
4.302281597  
18.01201977  
30.12521982  
35.24874762  
29.83797348  
13.87514559  
-8.808127843  
-31.78331311  
-48.38225417  
-54.18914301  
-48.61733845  
-34.90924942  
-18.58220804  
-5.019857172  
2.727996869  
4.986166942  
4.919283724  
6.716667841  
13.35941433  
25.002375  
38.7057376  
49.63087314  
53.15477082  
46.95504922  
32.1459341  
12.97810815  
-4.750580455  
-15.87971216  
-17.74717986  
-10.98848352  
0.9773039052  
13.46411686  
22.33921996  
25.38960459  
22.74738315  
16.34013953  
8.751129321  
2.075744831  
-2.724774911  
-5.775492746  
-7.708870428  
-8.958563021  
-9.346488444  
-8.186424941  
-4.829982903  
0.6647598663  
7.134331395  
12.44355332  
14.15282347  
10.45564322  
0.9834172853  
-12.87819239  
-28.3093735  
-41.89411944  
-50.65103982  
-52.87484059  
-48.51014986  
-38.9845203  
-26.6363532  
-13.99511896  
-3.168574592  
4.511854106  
8.574106804  
9.302468552  
7.556459581  
4.575139516  
1.764952349  
0.4384552025  
1.498889507  
5.136137775  
10.66161428  
16.60898615  
21.14449809  
22.68966876  
20.53173729  
15.15638509  
8.121610956  
1.480919965  
-3.025786518  
-4.665192362  
-3.96449168  
-2.388136121  
-1.566211691  
-2.428476594  
-4.666408219  
-6.811784732  
-6.933677595  
-3.648348667  
3.041737087  
11.51638911  
19.08290275  
23.09813875  
22.17012964  
16.86549713  
9.547910596  
3.36492631  
0.8099941039  
2.515945397  
6.864401502  
10.6431549  
10.5012793  
4.565260233  
-6.526158315  
-19.6739009  
-30.48234103  
-35.05282878  
-31.62606709  
-21.34619435  
-7.803026601  
4.446286985  
11.72336928  
12.63501401  
8.445459267  
2.298075747  
-2.313725452  
-3.107723966  
0.08953337065  
5.464446533  
10.22640393  
11.97625327  
9.775593621  
4.449589753  
-1.944437246  
-7.148368006  
-9.68958312  
-9.352907369  
-6.973168961  
-3.747454191  
-0.5011807838  
2.671799727  
6.216231652  
10.52180846  
15.31924716  
19.46893127  
21.32655893  
19.53841864  
13.85579854  
5.511104679  
-3.098914609  
-9.326107885  
-11.36590918  
-9.007538422  
-3.669050197  
2.30137158  
6.709826711  
8.447870616  
7.816991676  
6.114218035  
4.735209985  
4.30291151  
4.309157096  
3.470823507  
0.6020270012  
-4.496282796  
-10.66036967  
-15.77007235  
-17.77818015  
-15.83818022  
-10.90516209  
-5.420726872  
-2.160049261  
-2.781080641  
-6.827273497  
-11.76276685  
-14.12866431  
-11.33109383  
-3.199026396  
7.511199899  
16.03057272  
17.60253613  
9.73989857  
-6.342902359  
-25.85827327  
-42.18171369  
-49.50006036  
-45.22941874  
-31.12877214  
-12.598271  
3.545515097  
11.85007904  
10.35895073  
1.198249026  
-10.57562025  
-19.28979912  
-21.06762499  
-15.28989712  
-4.53842787  
6.831942079  
14.74308302  
17.09468619  
14.38710392  
9.096389861  
4.228588462  
1.826890389  
2.155325764  
