19.39734052  
9.108727723  
-4.769475759  
-18.7715794  
-29.56082922  
-35.14111614  
-35.3309717  
-31.40612527  
-25.21996964  
-18.3202278  
-11.50423072  
-4.957018434  
1.230231804  
6.566486385  
10.05400996  
10.57364407  
7.550775811  
1.49599525  
-5.94479469  
-12.53787445  
-16.38027472  
-16.73820764  
-14.36756103  
-11.13132542  
-9.089026975  
-9.510791956  
-12.31225678  
-16.18911918  
-19.36457675  
-20.54238652  
-19.55439375  
-17.36170095  
-15.42217569  
-14.78720275  
-15.44379554  
-16.29083673  
-15.79224363  
-12.96696212  
-8.166169128  
-3.167773306  
-0.460613178  
-2.020138741  
-8.171789984  
-17.14009969  
-25.5724445  
-29.86000264  
-27.67924267  
-19.04969201  
-6.412985469  
6.314777725  
15.29563165  
18.24130138  
15.17666302  
8.21585953  
0.5279542662  
-4.985813347  
-6.705003572  
-4.605252852  
0.1417895882  
5.96322736  
11.61575454  
16.50310387  
20.50952888  
23.56394179  
25.28395062  
24.97182983  
21.99740391  
16.34809859  
8.998988387  
1.829266807  
-2.953703329  
-3.652442389  
0.2072232358  
7.63484075  
16.5338698  
24.50352358  
29.72272328  
31.52910852  
30.46847974  
27.84863213  
25.05486284  
22.96351159  
21.69689741  
20.76310583  
19.427396  
17.07469905  
13.37720514  
8.233652327  
1.60030213  
-6.603305212  
-16.39243277  
-27.44355558  
-38.81328495  
-48.86270401  
-55.51912134  
-56.83997399  
-51.67633422  
-40.15894167  
-23.79100095  
-5.097902876  
13.02700624  
28.02646731  
38.18698594  
42.82172439  
42.1569707  
37.06049264  
28.76573524  
18.67346326  
8.214685554  
-1.296011999  
-8.862241307  
-14.02262533  
-16.96477919  
-18.41258518  
-19.25839533  
-20.06290565  
-20.66630492  
-20.15668772  
-17.29591035  
-11.26629788  
-2.391404131  
7.571605218  
15.81674426  
19.48658118  
16.88960986  
8.375772108  
-3.595487657  
-15.31632968  
-23.30281419  
-25.73776522  
-23.21188804  
-18.38732137  
-14.70733076  
-14.7418095  
-18.95547693  
-25.50254915  
-31.16114113  
-32.95520137  
-29.65279527  
-22.36826258  
-13.93024143  
-7.305299613  
-3.878383767  
-2.515389852  
0.01180111132  
7.329270559  
21.26115167  
40.23222697  
59.18785859  
71.28042491  
70.7253369  
55.60311531  
29.29196622  
-0.2625287638  
-23.30854838  
-32.02697307  
-23.70115816  
-1.946886003  
24.57974225  
45.51511161  
52.80592682  
43.76183673  
21.90542194  
-4.676558218  
-26.72481292  
-37.48067632  
-35.11708339  
-22.99593392  
-7.784341965  
3.631459775  
7.040492767  
2.387353405  
-6.692632181  
-14.9326928  
-18.06415894  
-14.80775921  
-7.377172623  
-0.3528162642  
1.491185281  
-4.598051491  
-18.05618149  
-35.13030735  
-50.30000352  
-58.33184233  
-56.10669515  
-43.53880118  
-23.34633504  
0.08402895393  
22.18208705  
39.43800544  
50.02834277  
53.77494015  
51.65966902  
45.22617422  
36.12748187  
25.90430572  
15.91914135  
7.30817904  
0.8673314  
-3.100492272  
-4.863799135  
-5.157727129  
-4.883724686  
-4.726947748  
-4.882846084  
-5.050300461  
-4.71428692  
-3.573257575  
-1.863461996  
-0.3627595602  
-0.01834822449  
-1.359010338  
-4.006037975  
-6.593525249  
-7.231530314  
-4.369427343  
2.321496323  
11.49673439  
20.41490808  
25.91552778  
25.72598661  
19.52749784  
9.267777175  
-1.484591119  
-8.923665025  
-10.55803664  
-6.256826764  
1.684589142  
9.510788012  
13.59903252  
11.99034569  
5.195150099  
-4.069602459  
-12.08008699  
-15.70202413  
-13.68304821  
-7.095825082  
1.218102914  
7.909019288  
10.49584245  
8.257872151  
2.299130764  
-5.160544163  
-11.86896701  
-16.46841828  
-18.85866499  
-19.89678121  
-20.66294072  
-21.71268328  
-22.70603062  
-22.58170226  
-20.15546146  
-14.81094702  
-6.923611513  
2.187935365  
10.73967803  
17.13578466  
20.47863881  
20.71689663  
18.41921853  
14.35405516  
9.134472086  
3.115444067  
-3.44580926  
-10.12632698  
-16.20081928  
-20.78433801  
-23.22502809  
-23.5363309  
-22.58555941  
-21.84801061  
-22.75633704  
-25.91403732  
-30.5684094  
-34.66897069  
-35.58714372  
-31.25008026  
-21.2043982  
-7.099420335  
7.702260168  
19.30262766  
24.78242561  
23.41319127  
17.02180546  
9.305555843  
4.345874346  
4.926880211  
11.3682627  
21.37947789  
31.01482263  
36.34153329  
35.12575042  
27.82787292  
17.48491408  
8.520105181  
4.963402802  
8.805579733  
19.14784113  
32.48066359  
43.97110326  
49.24532802  
45.97793217  
34.70064096  
18.56622104  
2.20820429  
-9.840048391  
-14.57995893  
-11.3562954  
-1.833319546  
10.75020576  
22.70040463  
30.94085534  
33.70898736  
30.74059674  
23.01134286  
12.23368138  
0.3284797917  
-10.97973786  
-20.40053556  
-27.18363304  
-31.14877029  
-32.66139424  
-32.53018594  
-31.78940687  
-31.36886851  
-31.7332  
-32.63870871  
-33.1593089  
-32.04622329  
-28.3345477  
-21.96113805  
-14.09431019  
-6.950641403  
-3.075642274  
-4.317415453  
-10.90700568  
-21.07687368  
-31.46628887  
-38.24004325  
-38.52070249  
-31.55512855  
-19.10226627  
-4.829798489  
7.074850405  
13.52464715  
13.70907525  
9.32614191  
3.772276536  
0.6458318405  
2.219899118  
8.547965476  
17.57454837  
26.16482505  
31.55521196  
32.54830658  
29.91496885  
25.85081079  
22.78243717  
22.11503347  
23.52306337  
25.10975038  
24.33899288  
19.28222847  
9.589666276  
-3.249364589  
-16.44258684  
-26.9413495  
-32.50329235  
-32.31961902  
-27.01042468  
-18.11433812  
-7.416899227  
3.525896955  
13.49822251  
21.45775716  
26.35993157  
27.23262998  
23.57018338  
15.85778113  
5.871243862  
-3.559897397  
-9.389131848  
-9.515501103  
-3.760307276  
5.848382193  
15.71363635  
22.03219517  
22.31440521  
16.37671122  
6.336506561  
-4.405400216  
-12.72594063  
-17.14690253  
-18.35584649  
-18.63706448  
-20.50493614  
-25.23019384  
-32.01021742  
-38.21936598  
-40.63851675  
-37.06781554  
-27.52215559  
-14.40106735  
-1.520348767  
7.548373978  
11.04113565  
9.720348297  
6.407188546  
4.55812928  
6.572404299  
12.63840133  
20.65636837  
27.25226516  
29.37809521  
25.73066769  
17.33025228  
7.018996586  
-1.84500894  
-6.861214188  
-7.545913796  
-5.373801274  
-2.945956278  
-2.721339816  
-5.911581124  
-12.00545985  
-19.06072313  
-24.54581808  
-26.30595003  
-23.24606808  
-15.52307017  
-4.297116288  
8.733977222  
21.77303861  
33.20108203  
41.71237563  
46.41001312  
46.94090021  
43.64273207  
37.57851983  
30.32800361  
23.51574144  
18.22531114  
14.57160991  
11.6853116  
8.186800471  
2.969748967  
-4.086885338  
-11.87735931  
-18.49689722  
-22.19911129  
-22.43476091  
-20.41721718  
-18.83234837  
-20.70734081  
-27.88604868  
-39.8152308  
-53.27747579  
-63.32098631  
-65.09818345  
-55.88097415  
-36.3887958  
-10.81828893  
14.49872182  
33.29950792  
41.57923093  
38.89630914  
28.30552233  
15.00371621  
4.288200382  
-0.3352982447  
1.818845229  
8.75872985  
16.94313546  
22.84371585  
24.28894762  
21.11094068  
14.9535748  
8.440251376  
4.103332744  
3.490794477  
6.72345791  
12.56951249  
18.92685345  
23.5089804  
24.52185017  
21.16165832  
13.82375497  
3.975159078  
-6.289138542  
-14.90462851  
-20.52734645  
-23.02377887  
-23.55455253  
-24.16621834  
-26.98951296  
-33.32146746  
-42.95360859  
-54.04354267  
-63.62375489  
-68.57908985  
-66.72200586  
-57.54918501  
-42.39842571  
-23.98248876  
-5.52989639  
10.103179  
21.02985231  
26.50485395  
26.75879695  
22.71573874  
15.79650096  
7.86278257  
1.181558553  
-1.79370497  
1.048013731  
10.71572608  
26.42780182  
45.38901319  
63.3090547  
75.63065177  
79.0779098  
72.91027179  
59.31171498  
42.66821031  
27.95956328  
18.89642702  
16.572693  
19.19830559  
23.01184635  
23.95881328  
