23.61218236  
28.79425047  
30.06009669  
30.22219278  
32.133701  
36.50394879  
40.88932567  
40.53594959  
30.78617821  
9.903589943  
-19.14392644  
-48.99082046  
-70.35370978  
-75.71268243  
-62.58446004  
-34.88045054  
-1.656619897  
26.28470924  
40.51825042  
38.09980205  
22.36594207  
1.171392744  
-16.57903625  
-24.55037991  
-21.2162305  
-9.884349247  
3.294492513  
12.26647736  
13.56915003  
7.322850234  
-3.540649045  
-15.21537644  
-25.02774341  
-32.48372412  
-38.90329858  
-45.95589711  
-53.98436454  
-61.1028251  
-63.63962869  
-57.78809933  
-41.67881781  
-16.82355902  
11.86557385  
37.62796355  
54.37896987  
59.12625849  
53.20176095  
41.72781572  
31.49875818  
28.14968687  
33.79643832  
46.13452322  
59.36796331  
66.57630295  
62.54184642  
45.89024433  
19.70246366  
-9.609801408  
-34.67887943  
-49.84840672  
-53.10199223  
-46.551881  
-35.3693782  
-25.6315796  
-21.93860469  
-25.691496  
-34.63099195  
-43.74818085  
-47.18450135  
-40.41763447  
-21.97000861  
5.918307909  
37.83701915  
66.75706728  
86.06324241  
91.42903826  
81.97730418  
60.41619619  
32.15821921  
3.727876158  
-19.04529251  
-32.51308184  
-35.96001476  
-31.44368478  
-22.83237674  
-14.39117966  
-9.394807454  
-9.213982633  
-13.143286  
-18.97041421  
-24.02426118  
-26.27641972  
-25.07025983  
-21.21529197  
-16.44856598  
-12.52569727  
-10.35505103  
-9.562603222  
-8.683434129  
-5.895870353  
0.03266211204  
9.02210262  
19.52161402  
29.01178936  
34.96107456  
35.81672319  
31.5822147  
23.71374259  
14.37967118  
5.430218447  
-2.424114  
-9.80676339  
-18.11104134  
-28.4176674  
-40.41697377  
-51.91432885  
-59.27909264  
-58.78478929  
-48.35532111  
-28.97274231  
-5.051346801  
16.55776012  
28.72392098  
26.64179404  
9.91112244  
-16.76456584  
-44.65436667  
-63.60053051  
-65.30907011  
-46.20188538  
-8.8179767  
38.76173119  
85.30378388  
119.8318593  
134.9108322  
128.7167313  
105.2422806  
72.64561894  
40.38829793  
16.19831458  
3.905008229  
2.827097991  
8.798824021  
16.31547039  
20.89091864  
20.69238733  
16.85064918  
12.40903165  
10.44116826  
12.21154586  
16.22987946  
18.66410054  
14.98310163  
2.144153355  
-19.63798255  
-46.37150006  
-71.34914668  
-87.45409608  
-89.81939136  
-77.75721022  
-55.1391289  
-29.03252858  
-7.121907325  
5.046499166  
5.885114943  
-2.056575953  
-13.5599224  
-23.15612804  
-27.42035163  
-26.16313166  
-22.06778924  
-19.03399291  
-20.05594364  
-25.63578438  
-33.4432561  
-39.33009715  
-39.18434034  
-30.75239383  
-14.62410716  
5.994409058  
26.52158625  
42.62683464  
51.51870378  
52.42859959  
46.27389119  
34.87732116  
20.25640696  
4.32936233  
-10.96783328  
-23.46825163  
-30.86122314  
-31.27045526  
-24.14261205  
-10.95731256  
4.773160028  
18.45408224  
26.05520497  
25.76323425  
18.82827581  
9.094714055  
1.316458332  
-1.01989638  
2.666679157  
9.786173312  
15.87941662  
16.90180977  
11.37275506  
1.288722565  
-8.727339926  
-13.688844  
-10.82986275  
-1.202015488  
10.58231655  
18.42150597  
17.6485  
7.37271098  
-8.952086093  
-25.07019663  
-34.85840415  
-35.21353366  
-27.44750172  
-16.47527836  
-8.198065959  
-6.417430729  
-10.88534754  
-17.53287699  
-20.79861578  
-16.86031438  
-6.043525047  
6.958323298  
15.31756178  
13.72904162  
1.629996708  
-15.77683905  
-29.43634852  
-30.56208568  
-15.0495962  
14.01595503  
47.14976743  
72.39635482  
80.68755274  
70.13551872  
47.16565163  
23.82704443  
12.41647501  
19.85676183  
44.43638784  
76.44826047  
102.4518753  
111.1919938  
98.44268199  
68.57668506  
32.2262709  
1.244625454  
-16.5849176  
-20.6028401  
-16.75114952  
-13.90116336  
-18.97198247  
-33.30554104  
-52.07097606  
-66.91717594  
-70.46323689  
-60.31722667  
-40.57658888  
-20.04303856  
-8.031503194  
-9.847721219  
-24.16720076  
-43.60254103  
-58.18001128  
-60.03150513  
-47.04337016  
-23.74118493  
0.9460858321  
17.89645061  
21.92317346  
13.87313559  
-0.2072925649  
-12.30038082  
-16.37356506  
-11.1260394  
-0.268057114  
9.664648061  
12.75468125  
6.646162107  
-6.436434832  
-20.99483271  
-31.11729846  
-33.39020677  
-28.40622944  
-20.18971643  
-13.93627748  
-13.29168973  
-18.57035098  
-26.77117197  
-33.29925492  
-34.43503672  
-29.24882498  
-19.98942019  
-10.79112787  
-5.411110369  
-5.187990074  
-8.275685441  
-10.53815543  
-7.647990687  
2.659114291  
19.27827158  
37.99341409  
53.14975601  
59.93253729  
56.21151741  
43.18339213  
24.65774262  
5.456798536  
-10.27009537  
-20.10900963  
-23.53663753  
-21.37838641  
-15.07496459  
-6.225523993  
3.441056579  
11.88473775  
16.77457418  
16.00539421  
8.647100001  
-4.123179292  
-18.7218082  
-29.9132149  
-32.54744672  
-23.66034724  
-4.006188077  
21.7811402  
46.64969467  
63.72972071  
69.01522785  
62.95431778  
50.20375978  
37.59954871  
31.20126066  
33.70180937  
43.34871858  
54.84703364  
61.82188386  
59.71307657  
47.78992683  
29.39184877  
10.32327303  
-3.818234369  
-10.12585432  
-9.534535315  
-6.134176711  
-5.007518225  
-9.639174068  
-20.13210414  
-33.07496415  
-43.12110165  
-45.53596907  
-38.5172478  
-24.19967291  
-7.870500793  
4.250438817  
7.65149696  
1.390050808  
-11.65971196  
-26.25640265  
-37.24425944  
-41.8634784  
-40.85508592  
-37.86905485  
-37.47897705  
-42.75268706  
-53.5306821  
-66.23074673  
-75.28649443  
-75.56885546  
-64.68613214  
-44.11466372  
-18.6515511  
5.551504735  
23.47328278  
33.10818908  
35.93281334  
35.80584161  
36.87971299  
41.53907142  
49.33347035  
57.36756905  
61.8980568  
60.31282807  
52.50218521  
40.9549756  
29.55665909  
21.71363311  
18.75865327  
19.4397396  
20.74065197  
19.59772964  
14.61202882  
6.849209001  
-0.7227163392  
-4.89991353  
-4.16522754  
0.1580731815  
4.198898811  
3.241806891  
-5.923811113  
-23.15395911  
-44.56591062  
-63.91666303  
-75.19182725  
-75.23712736  
-65.1942289  
-50.02644883  
-36.30541303  
-29.25228811  
-30.3957362  
-36.9339653  
-43.09881593  
-42.88637416  
-32.88623271  
-13.90942813  
9.3080776  
30.14455218  
42.89590715  
45.05216916  
38.06055788  
26.3430915  
15.15917836  
8.396206084  
7.307243371  
10.65950772  
16.01352669  
21.30786896  
25.84889975  
30.21539273  
35.24436616  
40.8057029  
45.20059165  
45.66572177  
39.81823998  
27.29242641  
10.62173598  
-5.263390845  
-14.86522628  
-14.51207412  
-4.19213857  
12.10247327  
27.78279091  
36.25890189  
33.58422038  
19.97159159  
-0.4751845186  
-21.63971033  
-37.97354572  
-46.58767116  
-47.95194365  
-45.00759679  
-41.26025899  
-38.86705263  
-37.65651789  
-35.48645461  
-29.64798943  
-18.51705607  
-2.590018328  
15.58366983  
32.45648788  
44.91506588  
51.34189778  
51.83242251  
47.60054983  
40.05565231  
30.16986145  
18.51207666  
5.855026684  
-6.153398922  
-14.86432223  
-17.36722485  
-11.87853111  
0.9138087544  
17.37126558  
31.77809024  
38.39231427  
33.84483683  
18.76335548  
-2.242129898  
-22.37074074  
-35.48359552  
-38.74574859  
-33.82036751  
-26.01853811  
-21.76037657  
-25.51151158  
-37.6216071  
-54.07582285  
-68.26472943  
-73.9267816  
-67.87738846  
-51.27161727  
-28.8810497  
-6.826732459  
10.07230474  
20.05275243  
24.49701719  
26.46828603  
28.5856857  
31.42693585  
33.31246527  
31.54616405  
24.38403323  
12.5921182  
-0.3404454972  
-9.555058381  
-11.11748641  
-4.087402491  
8.740899455  
21.88972862  
29.60579278  
28.48774861  
19.05859483  
5.509600626  
-6.262103806  
-11.36102339  
-8.026631145  
1.823817219  
