21.07538404  
9.249550484  
-3.442172166  
-13.84803438  
-19.76340842  
-20.57988366  
-17.26791132  
-11.72843564  
-5.823077318  
-0.5287212058  
4.401630515  
10.12519776  
17.8982375  
28.15400882  
39.91439191  
50.83683721  
57.91928425  
58.59295412  
51.75553153  
38.31113019  
20.98143886  
3.448239328  
-10.84422356  
-19.76913579  
-23.07814837  
-22.25697991  
-19.76811848  
-18.00214675  
-18.35197103  
-20.75139923  
-23.82170465  
-25.5309198  
-24.08417742  
-18.6976199  
-9.973854902  
0.2380258597  
9.422277402  
15.19130801  
16.01330368  
11.63727585  
3.10250007  
-7.631996293  
-18.28114474  
-26.84097908  
-32.02192507  
-33.40607334  
-31.33471246  
-26.62306073  
-20.24110775  
-13.08054615  
-5.863831157  
0.8277525977  
6.486596846  
10.65978004  
13.02475914  
13.53385019  
12.53922418  
10.79155817  
9.249718208  
8.729995348  
9.522167999  
11.15343429  
12.45260963  
11.95617261  
8.54132954  
2.0416706  
-6.437877079  
-14.70257578  
-20.15021113  
-20.73698742  
-15.85443565  
-6.735871409  
3.831659076  
12.44242961  
16.32882839  
14.45304062  
7.98024906  
-0.09257485896  
-6.042171177  
-6.843385772  
-1.353409999  
9.218318664  
21.7453318  
32.35032928  
37.83459634  
36.80499202  
30.0694893  
20.18237056  
10.36768164  
3.286959429  
0.1480596741  
0.4738816546  
2.552267054  
4.305353588  
4.172684046  
1.645561266  
-2.713785575  
-7.68921093  
-12.00725388  
-14.8200358  
-15.88796676  
-15.45556972  
-13.96937849  
-11.84052871  
-9.388079134  
-6.960206866  
-5.101994267  
-4.596684167  
-6.275997758  
-10.63792369  
-17.44672132  
-25.54134592  
-33.0086902  
-37.7155104  
-38.01617077  
-33.35161929  
-24.48375572  
-13.25812217  
-1.988974252  
7.281413906  
13.35600704  
16.08634158  
16.17837678  
14.74502504  
12.83719191  
11.15339043  
10.00448415  
9.46575242  
9.56163437  
10.34095139  
11.79664764  
13.70434748  
15.5227305  
16.47554208  
15.82817805  
13.24346137  
9.027278387  
4.103833964  
-0.312589409  
-3.221681763  
-4.28031661  
-3.956162414  
-3.293461526  
-3.385104585  
-4.802388393  
-7.270092077  
-9.764136446  
-11.00029654  
-10.07947585  
-6.963132849  
-2.525751067  
1.860118451  
5.008638939  
6.525242903  
7.004200021  
7.68737375  
9.729253841  
13.43340639  
17.87069178  
21.12660895  
21.12112369  
16.64598821  
8.120607511  
-2.33762857  
-11.63170494  
-16.922261  
-16.84546681  
-12.14699502  
-5.407095087  
0.06186094005  
1.676735618  
-1.249786215  
-7.179753867  
-13.03241374  
-15.59418918  
-13.02942345  
-5.803035109  
3.421609579  
10.88831552  
13.37871372  
9.643052343  
0.9855974718  
-9.266968569  
-17.18532376  
-19.91598251  
-16.87134163  
-9.90360863  
-2.393491255  
2.326387849  
2.495360984  
-1.294061312  
-6.406537679  
-9.417660268  
-7.735265259  
-0.8490942693  
9.357652723  
19.3730443  
25.54864925  
25.64714742  
19.75800129  
10.19006652  
0.4177108535  
-6.420246166  
-8.783993554  
-7.205982539  
-3.803210315  
-1.106694584  
-0.7918872648  
-2.916358188  
-6.006436716  
-7.914740629  
-6.998698151  
-3.024186977  
2.654953253  
7.726625299  
10.0424473  
8.672376036  
4.367237015  
-0.8011039403  
-4.443560369  
-5.003189541  
-2.478378517  
1.63940334  
5.179699815  
6.445555024  
5.115391944  
2.424764926  
0.5171107507  
1.275680611  
5.223447557  
11.0639955  
16.13308443  
17.58213676  
13.7426684  
5.009272878  
-6.207574811  
-16.46831219  
-22.78583799  
-23.9094757  
-20.803547  
-16.09169878  
-12.73102032  
-12.54921352  
-15.34247219  
-18.96274088  
-20.34843514  
-17.00405618  
-8.227372559  
4.486666103  
18.03551284  
28.99169421  
34.9653135  
35.42451402  
31.64217721  
25.87124216  
20.21236542  
15.74922356  
12.34555772  
9.12903891  
5.325921427  
0.9446469121  
-3.086885634  
-5.408441651  
-5.065059938  
-2.219450312  
1.680106768  
4.412265399  
3.952691306  
-0.569861393  
-8.407976  
-17.45983249  
-25.14313726  
-29.4628947  
-29.77446667  
-26.90718025  
-22.63725685  
-18.80879776  
-16.54543001  
-15.90739742  
-16.09167484  
-15.99060644  
-14.76870144  
-12.16127347  
-8.400953875  
-3.912461567  
0.9597496498  
5.980833908  
10.79956849  
14.66683869  
16.38643851  
14.6789633  
8.883342936  
-0.34021096  
-10.74563322  
-18.97037254  
-21.68919914  
-17.0207298  
-5.543947008  
9.623474668  
23.84533585  
32.73512752  
33.93536632  
28.11123464  
18.68028542  
10.3597967  
7.155199441  
10.67443975  
19.50524651  
29.90201979  
37.43161702  
38.80855609  
33.10555531  
21.8646763  
8.176674284  
-4.730893833  
-14.68426909  
-21.01424454  
-24.18902037  
-24.99105053  
-23.80649592  
-20.4685134  
-14.71829515  
-6.942414186  
1.353791763  
7.750010127  
9.816204835  
6.307045325  
-1.999631208  
-12.34830805  
-21.03635551  
-25.00888947  
-23.25949634  
-17.31858503  
-10.53189794  
-6.431497805  
-6.976351939  
-11.53715904  
-17.15475535  
-19.97544217  
-17.1715995  
-8.396822778  
3.959061217  
15.857925  
23.51585509  
25.17829181  
21.88520757  
16.84872614  
13.7633769  
14.90742124  
19.9970644  
26.37148718  
30.4088443  
29.44570369  
23.21604654  
14.06807336  
5.837903245  
1.940525874  
3.63624217  
9.344171904  
15.3499989  
17.55976073  
13.43683529  
3.180256274  
-10.40728072  
-23.25911565  
-31.90360624  
-34.92699185  
-33.36019165  
-29.87242013  
-27.25089804  
-26.97333044  
-28.58404338  
-30.13386984  
-29.38355741  
-25.09574932  
-17.73436041  
-9.23989136  
-2.052851519  
2.056867378  
2.729539573  
0.9714187872  
-1.576928486  
-3.589629203  
-4.660491353  
-5.233918302  
-5.951260337  
-6.863911855  
-7.059125375  
-5.010241901  
0.4749526057  
9.228122576  
19.25642993  
27.23600548  
29.86107758  
25.45588392  
15.0407218  
2.241343809  
-8.03508487  
-11.62080958  
-6.889941618  
4.513416908  
18.39081566  
29.83540973  
35.35066203  
34.25126127  
28.70539792  
22.4390704  
18.77057488  
18.95607371  
21.65219107  
23.73066115  
22.0011238  
14.95194532  
3.624601258  
-8.813643484  
-18.57370328  
-23.06266457  
-22.10638608  
-17.97819212  
-14.23917863  
-13.98476122  
-18.37047222  
-26.12609706  
-34.25454886  
-39.51745827  
-39.93599058  
-35.56456948  
-28.19961355  
-20.24708486  
-13.39777536  
-7.832455505  
-2.3702394  
4.548424844  
13.6090638  
23.81940729  
32.64103362  
37.04862906  
35.0087801  
26.62536598  
14.33918438  
2.028192139  
-6.598699402  
-9.561299853  
-7.379308868  
-2.688322736  
1.108525549  
1.499429192  
-1.96310876  
-7.527332401  
-12.18860909  
-13.23845197  
-9.65473249  
-2.660366759  
4.81155345  
9.48019785  
9.250225226  
4.188874306  
-3.504822837  
-10.50927386  
-13.88424292  
-12.36895467  
-6.88840665  
-0.06093958671  
5.039408133  
6.285499205  
3.432513833  
-1.813391687  
-6.5931697  
-8.180540982  
-5.181248629  
1.86519746  
10.71537244  
18.35913318  
22.254556  
21.35120057  
16.501889  
10.12249883  
5.253623436  
4.394417974  
8.544419273  
16.79481829  
26.60384203  
34.64996157  
37.96404212  
34.95336884  
25.97087122  
13.23384083  
0.111366606  
-9.987994102  
-14.75578644  
-13.75727102  
-8.561035744  
-2.165109941  
2.088529398  
1.726702758  
-3.956779254  
-13.6516334  
-24.5251102  
-33.27268919  
-37.32528868  
-35.75583647  
-29.55139409  
-21.17155126  
-13.59312158  
-9.23056565  
-9.14519924  
-12.81274987  
-18.47728606  
-23.88921071  
-27.10205817  
-27.02898087  
-23.60682567  
-17.60169204  
-10.22561921  
-2.76308136  
3.666870883  
8.205956998  
10.29316056  
9.735899325  
6.840293342  
2.524558839  
-1.719710823  
-4.123322294  
-3.178664152  
1.742245363  
9.953704218  
19.44955425  
27.41737815  
31.14534782  
28.998812  
