-2.890650821  
-15.85583883  
-27.80285704  
-35.44614563  
-36.57242385  
-30.90616794  
-20.30658704  
-8.151745001  
1.899917202  
7.294584085  
7.544743576  
4.349183338  
0.804404226  
0.03450844451  
3.829911222  
11.88767261  
21.9813566  
30.97125414  
36.18837875  
36.56116541  
32.98338187  
27.77955937  
23.54727648  
21.93724373  
22.94675838  
25.03998663  
26.00440036  
24.10003303  
18.92874346  
11.60386205  
4.157727608  
-1.494367394  
-4.496309747  
-5.418093411  
-5.860796869  
-7.50622702  
-11.10466492  
-15.93678619  
-20.05466138  
-21.21911199  
-18.09332405  
-11.10651235  
-2.53951478  
4.255279948  
6.177512452  
1.659705026  
-8.669191714  
-22.23378612  
-35.55489831  
-45.60965447  
-50.90194592  
-51.7894314  
-49.96851376  
-47.40928303  
-45.27211389  
-43.32358535  
-40.11256742  
-33.80140547  
-23.24059764  
-8.772642085  
7.615191705  
22.86620805  
33.91200906  
38.76712617  
37.22045585  
30.87284403  
22.54834038  
15.34138577  
11.66631592  
12.6189375  
17.80025549  
25.5708071  
33.58253705  
39.4038584  
41.09314228  
37.63601987  
29.20104179  
17.17206516  
3.914174726  
-7.743997291  
-15.24792663  
-17.10147353  
-13.43736434  
-6.118720206  
1.75958664  
6.879107941  
6.896399669  
1.382040273  
-7.902383978  
-17.56302105  
-23.81044104  
-23.92284829  
-17.35931034  
-6.05994076  
6.216782483  
15.27873207  
18.067537  
13.78848106  
4.161429832  
-7.291420457  
-16.6144173  
-20.88562493  
-19.20621223  
-12.85742287  
-4.622501211  
2.395058979  
5.952707802  
5.390251297  
1.661958884  
-3.24942683  
-7.225982604  
-8.82094496  
-7.673530209  
-4.433909698  
-0.3164072736  
3.463987528  
6.114321322  
7.39579428  
7.475448257  
6.634740483  
5.018201898  
2.555189111  
-0.9177055308  
-5.415069648  
-10.58126624  
-15.61758101  
-19.41568556  
-20.86377235  
-19.21687953  
-14.39574555  
-7.1002494  
1.313502896  
9.167904756  
14.91686355  
17.58318343  
17.04180117  
14.04905486  
9.989753654  
6.407473469  
4.466503633  
4.539481756  
6.090314268  
7.926883415  
8.752726949  
7.808375593  
5.321736356  
2.532485855  
1.214667274  
2.844624519  
7.751480514  
14.65281532  
20.86486727  
23.21356353  
19.35417152  
8.978864617  
-5.636909334  
-20.08301839  
-29.20543617  
-28.97781697  
-18.1440273  
1.048172283  
23.38037402  
42.33120708  
52.28177754  
50.42747605  
37.66276739  
18.10808677  
-2.512700208  
-18.98070981  
-28.33820913  
-30.62576441  
-28.3783093  
-25.17769667  
-23.93438258  
-25.64310613  
-29.11147193  
-31.71083177  
-30.75451037  
-24.85648189  
-14.66880878  
-2.697940674  
7.683834094  
13.57594088  
13.65724525  
8.62052889  
0.8020820745  
-6.781900397  
-11.5592631  
-12.23407068  
-9.046521624  
-3.444037858  
2.618655491  
7.426457669  
10.01690765  
10.33029585  
9.035678297  
7.183816693  
5.852067245  
5.886476781  
7.760735781  
11.51751191  
16.75408511  
22.65127752  
28.07755593  
31.79851253  
32.77372087  
30.45846208  
24.98837277  
17.14740299  
8.103185418  
-0.9960713014  
-9.392414059  
-16.886015  
-23.71883149  
-30.22795202  
-36.44314904  
-41.83959984  
-45.39166127  
-45.92982644  
-42.65329437  
-35.56607116  
-25.63094143  
-14.55856627  
-4.312128958  
3.47109822  
7.912928377  
9.033627359  
7.585576354  
4.697616679  
1.501084963  
-1.124540107  
-2.642700686  
-2.836221694  
-1.758547934  
0.2824705013  
2.721312958  
4.785324141  
5.66824283  
4.824799016  
2.281653959  
-1.20509523  
-4.289565428  
-5.491014545  
-3.813586577  
0.7448337165  
7.066545576  
13.29452566  
17.60083533  
19.0108356  
17.87732154  
15.72858663  
14.50092436  
15.48288832  
18.48358027  
21.68248122  
22.32476761  
18.01906188  
8.064171159  
-5.845296423  
-19.95387019  
-29.7797987  
-31.93153718  
-25.61703683  
-13.1395419  
0.9096848607  
11.47494639  
15.11677937  
11.44470659  
3.258646836  
-4.686453463  
-7.766775779  
-3.521491462  
7.255019432  
20.82769521  
32.0884641  
36.67852798  
32.74491736  
21.60187062  
7.075006602  
-6.114141234  
-14.17497084  
-15.50777736  
-10.93635903  
-2.952987616  
5.551107441  
12.42557825  
16.78072375  
18.77032461  
18.91353237  
17.4394899  
14.06911999  
8.352659403  
0.3308420558  
-8.92642821  
-17.30678932  
-22.29513229  
-22.02585506  
-16.24974804  
-6.704931728  
3.362219731  
10.3811527  
11.85176498  
7.333866577  
-1.416380938  
-11.22727628  
-18.86062936  
-22.32862223  
-21.60870557  
-18.47411801  
-15.56411242  
-15.14753026  
-18.13938335  
-23.7759759  
-30.03017332  
-34.51478935  
-35.43787733  
-32.20507451  
-25.47712212  
-16.75784911  
-7.778528059  
0.02731301477  
5.782566566  
9.164304946  
10.27675894  
9.552069018  
7.735553288  
5.885674038  
5.251675023  
6.941797782  
11.44039577  
18.18592167  
25.47824126  
30.88579129  
32.09339253  
27.88487523  
18.81923063  
7.23480767  
-3.513638867  
-10.32359015  
-11.5907958  
-7.866306489  
-1.591018568  
4.016453383  
6.441779499  
5.052734828  
1.409617945  
-1.469971059  
-0.5886800973  
5.476803336  
15.67185291  
26.66123359  
34.08726725  
34.36289846  
26.219984  
11.33069168  
-6.275991083  
-21.74952868  
-31.24232741  
-33.24791552  
-28.91508091  
-21.26575878  
-13.7262004  
-8.657409278  
-6.528092492  
-6.042766646  
-5.086122497  
-1.980740075  
3.55399778  
10.17849545  
15.51246424  
17.2091  
14.00482388  
6.268627983  
-4.164286155  
-14.74812392  
-23.18838216  
-28.1684754  
-29.55565849  
-28.07502253  
-24.69773449  
-20.09892655  
-14.46410671  
-7.706416009  
0.07710616843  
8.215458583  
15.40828934  
20.09195434  
21.07978916  
18.16739756  
12.38434476  
5.728744204  
0.4616638025  
-1.746312898  
-0.4450454329  
3.469444219  
8.189838152  
11.79969704  
13.08656145  
12.01100805  
9.636214802  
7.56880556  
7.177505595  
8.948041566  
12.25841583  
15.6615117  
17.53048942  
16.76599432  
13.24832226  
7.847135622  
2.007773002  
-2.875603948  
-6.006175658  
-7.40880947  
-7.755609871  
-7.905888536  
-8.404666279  
-9.191447418  
-9.658578522  
-9.020776336  
-6.80181252  
-3.185354855  
0.9569415823  
4.389953278  
6.046556026  
5.516150475  
3.251721324  
0.3878869415  
-1.756772682  
-2.268016812  
-1.043924198  
1.167003502  
3.115649149  
3.627878397  
2.13877763  
-1.059004687  
-4.960978566  
-8.310375683  
-10.14617268  
-10.1767052  
-8.809570028  
-6.841334669  
-4.982247603  
-3.471040494  
-1.986834398  
0.09188300014  
3.215652297  
7.235952708  
11.26711798  
13.94849184  
14.01388202  
10.90931087  
5.154012346  
-1.75501058  
-7.885693857  
-11.63465354  
-12.37059097  
-10.65783017  
-7.950084668  
-5.888941076  
-5.530720346  
-6.862427583  
-8.8358072  
-9.905792141  
-8.822350882  
-5.302289163  
-0.2623170314  
4.50396302  
7.064397793  
6.173196588  
1.816896243  
-4.75151792  
-11.49032225  
-16.33509004  
-17.91902513  
-15.95885919  
-11.1902675  
-4.943308071  
1.407043005  
6.864175111  
10.95870745  
13.63615116  
15.02356441  
15.24939604  
14.41834367  
12.72019481  
10.54984209  
8.50183542  
7.181346834  
6.903112286  
7.447544402  
8.048912114  
7.686090358  
5.582800053  
1.686185589  
-3.136695358  
-7.339198631  
-9.322772635  
-8.201178179  
-4.349154434  
0.5521764283  
4.054798438  
3.887382591  
-1.072953243  
-10.21270258  
-21.24306376  
-30.91162939  
-36.09758508  
-34.87260928  
-27.13278615  
-14.59177433  
-0.1793160954  
12.89539326  
22.0670614  
26.03085159  
24.91462904  
20.0413323  
13.43345436  
7.238229884  
3.210673087  
2.32735719  
4.564759126  
8.871468819  
13.37393808  
15.83521471  
14.3163899  
