12.19563907  
7.796986688  
3.829468996  
1.133399401  
-0.3273104702  
-1.163961111  
-2.065812179  
-3.371797042  
-4.901505161  
-6.084439119  
-6.279271208  
-5.10064173  
-2.593896019  
0.8055122803  
4.479945427  
7.884368195  
10.72415677  
12.98739362  
14.8407114  
16.45777317  
17.86583887  
18.87278688  
19.0935229  
18.05709046  
15.35807079  
10.81495632  
4.603358933  
-2.667794701  
-9.971525474  
-15.99873704  
-19.41825218  
-19.21849266  
-15.038071  
-7.367313104  
2.475682168  
12.61929512  
21.09154582  
26.30469321  
27.40566565  
24.38321593  
17.92770792  
9.143845324  
-0.7337826397  
-10.50532961  
-19.0281515  
-25.18072306  
-27.90135332  
-26.39526223  
-20.48642147  
-10.95896886  
0.3326112054  
10.75390337  
17.58474271  
18.91436374  
14.38829906  
5.46111282  
-5.020060098  
-13.79966312  
-18.40248385  
-18.04681825  
-13.89062335  
-8.491491611  
-4.695909933  
-4.4238311  
-7.862501113  
-13.405691  
-18.35070102  
-20.04109299  
-16.96525607  
-9.361394041  
0.8866202581  
10.96885311  
18.1474079  
20.62198548  
17.96422344  
11.0448132  
1.59642233  
-8.336220821  
-16.83996063  
-22.38445868  
-23.93456863  
-21.03852925  
-13.9613553  
-3.816788061  
7.444027331  
17.33214909  
23.43701544  
24.20632333  
19.58929156  
11.22609985  
2.014014974  
-4.859787506  
-7.07386298  
-4.052245188  
2.812233095  
10.70676368  
16.50678453  
17.98746411  
14.63852606  
7.76059565  
-0.1636126296  
-6.520849956  
-9.578544126  
-9.044484292  
-5.992724295  
-2.262730866  
0.3491591619  
0.7420435453  
-1.231657273  
-4.925341378  
-9.305318238  
-13.36198299  
-16.34161729  
-17.76111271  
-17.30478221  
-14.75371636  
-10.04313976  
-3.423709202  
4.397890985  
12.28162447  
18.89921046  
23.12631537  
24.40211098  
22.86908265  
19.21287731  
14.28443437  
8.717062992  
2.765542601  
-3.524419996  
-9.905399974  
-15.53376979  
-18.88690485  
-18.1579604  
-12.04491569  
-0.6069062253  
14.24910601  
28.98671376  
39.41337528  
42.11023863  
35.77111537  
21.88112437  
4.396319754  
-11.51957966  
-21.2540097  
-22.3372611  
-15.25934942  
-3.20836778  
9.149997142  
17.36636277  
18.72938512  
13.06858568  
2.595923386  
-9.081634713  
-18.35328225  
-22.86549748  
-22.21881367  
-17.91037126  
-12.61603232  
-9.122683325  
-9.3059549  
-13.49390815  
-20.399876  
-27.61177528  
-32.45121366  
-32.90946617  
-28.35192768  
-19.75807693  
-9.411981023  
-0.1388093121  
5.657073026  
6.813643867  
3.78761781  
-1.567370427  
-6.748007199  
-9.588070328  
-9.087954946  
-5.740704587  
-1.211880734  
2.491657916  
3.998000008  
3.249606924  
1.567574611  
1.05789972  
3.620159409  
10.01079722  
19.39559011  
29.60459478  
37.97705514  
42.40951876  
42.12938603  
37.85366433  
31.29239263  
24.27061933  
17.91683454  
12.31482811  
6.766963598  
0.4970574349  
-6.60622073  
-13.62377358  
-18.8390781  
-20.47635933  
-17.58304374  
-10.61006848  
-1.385974147  
7.523060131  
13.77523942  
16.09344189  
14.61046637  
10.59751619  
5.755448859  
1.443628014  
-1.78283482  
-4.149712501  
-6.246031134  
-8.503989524  
-10.89334718  
-12.99128274  
-14.34848074  
-14.88693459  
-15.04486567  
-15.54193297  
-16.88264175  
-18.90401346  
-20.6834867  
-20.93829539  
-18.75707347  
-14.27327577  
-8.859644343  
-4.634677139  
-3.433624786  
-5.722858227  
-10.04242469  
-13.36588572  
-12.33829939  
-4.896023613  
8.482537502  
24.54879657  
38.30215879  
44.90503947  
41.69888195  
29.42998656  
12.11097981  
-4.462760316  
-14.92313375  
-16.32628026  
-9.102522231  
3.391373927  
16.43832463  
25.88793116  
29.57947244  
27.69764372  
22.04585447  
14.74007593  
7.062422918  
-0.9383858278  
-9.956876659  
-20.40778068  
-31.51872842  
-41.12312136  
-46.35385933  
-44.93845042  
-36.44387932  
-22.80135008  
-7.774867122  
4.444456942  
10.89387874  
10.97914346  
6.569703768  
1.016054053  
-2.431276063  
-2.046573085  
1.761010147  
6.896639292  
10.808762  
11.84833066  
10.07027726  
7.096256009  
5.146627621  
5.77217408  
8.95838604  
13.07172838  
15.67595234  
14.79577577  
9.974173519  
2.574532606  
-4.836635965  
-9.722886735  
-10.80964724  
-8.695374297  
-5.531694643  
-3.926520409  
-5.610182455  
-10.52274453  
-16.77286416  
-21.49264472  
-22.17903072  
-17.88245249  
-9.68562827  
-0.2605898208  
7.271502656  
10.63998732  
9.298218654  
4.514496402  
-1.295223757  
-5.627968616  
-6.841047837  
-4.59163759  
0.338303767  
6.630906716  
13.06474727  
18.86159977  
23.63022742  
27.0445753  
28.54535599  
27.32529909  
22.6678034  
14.47220648  
3.651828912  
-7.876415101  
-17.69170601  
-23.6760213  
-24.76281544  
-21.26633456  
-14.62640638  
-6.69704191  
1.056454886  
8.03559376  
14.41541567  
20.54330594  
26.18441169  
30.08325318  
30.17670419  
24.46358616  
12.16984511  
-5.366037633  
-24.60233027  
-40.68509522  
-49.05599154  
-47.14708421  
-35.43697906  
-17.37795712  
1.825727809  
17.10827275  
25.32433772  
26.18837144  
22.00756917  
16.37603032  
12.44783128  
11.57355596  
12.89236346  
14.01576032  
12.43059034  
6.924818356  
-1.653366798  
-10.66472019  
-16.8450706  
-17.81445885  
-13.21662902  
-4.953796609  
3.594032364  
9.005253944  
9.251233892  
4.483519926  
-3.163453987  
-10.63410294  
-15.36650947  
-16.40241227  
-14.69419195  
-12.49483275  
-12.14267708  
-14.82349371  
-19.88885447  
-25.04264544  
-27.30706169  
-24.33253247  
-15.47540684  
-2.187110749  
12.42985337  
24.68822493  
31.55440762  
31.57942151  
25.21593977  
14.49370852  
2.27284937  
-8.589968607  
-15.87763239  
-18.32419536  
-15.64614684  
-8.430221461  
2.003758577  
13.74042688  
24.47621846  
31.88421812  
34.14658997  
30.52917856  
21.76561987  
10.01879032  
-1.678473611  
-10.37742482  
-14.23061641  
-13.1584836  
-8.857013226  
-4.098299515  
-1.584948966  
-2.832652432  
-7.565023787  
-13.895685  
-19.22579105  
-21.46021543  
-19.99015813  
-15.98507769  
-11.84568715  
-10.05435913  
-11.94596114  
-16.97227011  
-22.82141285  
-26.36933216  
-25.05794462  
-18.08932599  
-6.892668098  
5.364508245  
15.02859499  
19.44409853  
18.03191567  
12.50022258  
6.102796509  
2.27044329  
3.203682507  
9.017967585  
17.77985388  
26.38294933  
31.85846451  
32.55112756  
28.67821783  
22.07949826  
15.32059238  
10.57565847  
8.777585397  
9.371979029  
10.72679393  
10.96540538  
8.831685162  
4.219018485  
-1.826563664  
-7.577397382  
-11.32671582  
-12.01514141  
-9.548067834  
-4.731660424  
1.080500398  
6.444791888  
10.20797498  
11.71110847  
10.81699109  
7.827120543  
3.360141227  
-1.775738557  
-6.72591014  
-10.76744228  
-13.50532472  
-15.01599632  
-15.8386087  
-16.74898836  
-18.34922667  
-20.62493554  
-22.69508537  
-22.94767578  
-19.60943222  
-11.58810135  
0.7505874469  
15.25670001  
28.37559269  
36.21164867  
35.9428716  
27.04390261  
11.78182624  
-5.308643538  
-18.86759338  
-24.57804914  
-20.75616509  
-9.028060356  
6.20639905  
19.35050165  
25.63963871  
22.84955158  
12.03647143  
-2.953442547  
-16.98468824  
-25.53949423  
-26.29763962  
-19.82045149  
-9.147943701  
1.45687595  
8.084236491  
8.478134374  
2.636408303  
-7.404031734  
-18.40449823  
-27.00934186  
-30.69637009  
-28.34380905  
-20.35276476  
-8.411539022  
4.953024161  
16.91473763  
24.90915847  
27.17346969  
23.19997224  
13.98692707  
1.948353764  
-9.601242136  
-17.33464696  
-18.94507702  
-13.97687073  
-4.109879456  
7.28385483  
16.22382071  
19.49013332  
15.77616846  
6.176943659  
-6.191928888  
-17.31025285  
-23.67831353  
-23.50571444  
-17.22327151  
-7.160316584  
3.434234339  
11.60099362  
15.62729011  
15.41516247  
