11.2355982  
5.065685853  
-1.664883577  
-6.188354655  
-6.056424436  
-0.283627497  
10.09256061  
22.30108343  
32.85279511  
38.83429682  
38.92595613  
33.739335  
25.39120488  
16.56531473  
9.503387466  
5.339787485  
3.983908204  
4.481534317  
5.589886195  
6.263625284  
5.869464375  
4.13564134  
0.9905535941  
-3.528546179  
-9.210123831  
-15.50741506  
-21.44603419  
-25.75375913  
-27.24247875  
-25.30696459  
-20.29392528  
-13.51641352  
-6.83990988  
-1.9800419  
0.1854421614  
-0.03404986858  
-1.314382693  
-1.953755513  
-0.6930373661  
2.656850829  
7.072861518  
10.73157985  
11.78848231  
9.173828777  
3.059082171  
-5.188490605  
-13.50607734  
-19.84032155  
-22.74702435  
-21.67033769  
-16.87019843  
-9.140033568  
0.4751070882  
10.81135958  
20.56785512  
28.27235934  
32.40401644  
31.75764847  
25.96315351  
15.918587  
3.857483443  
-7.111881227  
-13.9234524  
-14.61725545  
-9.11941605  
0.6190549543  
11.23698152  
19.12648628  
21.69926681  
18.25727956  
10.13281649  
0.07093372598  
-8.861059808  
-14.37463945  
-15.64058741  
-13.33245359  
-9.104086092  
-4.800732997  
-1.769939719  
-0.5337456642  
-0.873812838  
-2.182364617  
-3.83896703  
-5.420747661  
-6.695393236  
-7.492759067  
-7.614739421  
-6.893304376  
-5.378248319  
-3.516342976  
-2.149220791  
-2.242202424  
-4.418408629  
-8.51885768  
-13.45034462  
-17.47585761  
-18.88852465  
-16.79612913  
-11.64112718  
-5.165208002  
0.2329656583  
2.504593841  
0.8814258019  
-3.710468007  
-8.979861317  
-12.23108973  
-11.54386549  
-6.641230989  
0.956767334  
8.57256176  
13.51647228  
14.21430486  
10.80427803  
4.943915231  
-1.05392977  
-5.318314282  
-7.20897398  
-7.417120898  
-7.349482883  
-8.134142226  
-9.785435347  
-10.99569943  
-9.709196789  
-4.230895355  
5.673842598  
18.26776064  
30.24617164  
37.95527306  
38.91770947  
32.97594696  
22.49940436  
11.50463338  
4.027800164  
2.4411612  
6.453464155  
13.24747481  
18.71368308  
19.25382234  
13.37488933  
2.382007173  
-10.1271801  
-19.74329691  
-23.06115496  
-19.05865079  
-9.472095219  
1.955266016  
10.99490697  
14.56122819  
11.77695354  
4.085147744  
-5.551905673  
-13.94731095  
-18.8892865  
-19.76079499  
-17.40225705  
-13.39650468  
-9.19447449  
-5.519730531  
-2.298827665  
0.9278300177  
4.407659125  
7.761293254  
10.00588558  
10.02130007  
7.215519042  
2.023922097  
-4.054677307  
-8.958177478  
-10.89963559  
-9.164254385  
-4.483249981  
1.21345232  
5.579133928  
6.828368852  
4.475582838  
-0.4992666248  
-6.130016399  
-10.36619357  
-11.97964182  
-11.05729751  
-8.854831577  
-7.085027131  
-6.983445092  
-8.603894953  
-10.69610875  
-11.25142808  
-8.487080672  
-1.822961471  
7.614124639  
17.22984182  
23.89363486  
25.19831575  
20.52231841  
11.43141196  
1.220010736  
-6.254426416  
-7.994214868  
-2.98252661  
7.438764056  
20.07587743  
31.06410415  
37.25108114  
37.24552038  
31.74568166  
23.06185886  
14.06763874  
7.025915994  
2.75915292  
0.4689749006  
-1.765364528  
-6.047869147  
-13.68122039  
-24.52248885  
-36.90853931  
-48.14913676  
-55.37986914  
-56.457554  
-50.60171583  
-38.60601579  
-22.60512508  
-5.517797274  
9.646610706  
20.43756178  
25.44202616  
24.52978825  
18.84833558  
10.57426252  
2.444676558  
-2.875689654  
-3.485082048  
1.17093991  
10.01022849  
20.4699981  
29.14275995  
32.76305051  
29.26235213  
18.5365289  
2.626575793  
-14.8045018  
-29.56448312  
-38.23633854  
-39.23613197  
-33.23823635  
-22.81299642  
-11.41993786  
-2.150001358  
3.295965401  
5.008603169  
4.528070729  
3.944754558  
4.855558078  
7.635059984  
11.32844372  
14.18783914  
14.58430021  
11.85993333  
6.717071686  
0.955588916  
-3.327262689  
-4.708510065  
-3.129264978  
0.02986345111  
2.545762464  
2.372622724  
-1.365278385  
-7.859649274  
-14.83370072  
-19.42164291  
-19.35278707  
-13.94220463  
-4.463298886  
6.263395425  
14.90359281  
18.84615463  
17.14702139  
10.81518482  
2.353349673  
-5.231090594  
-9.52991075  
-9.520010126  
-5.75788439  
0.03119214936  
5.742570922  
9.707166224  
11.21318092  
10.57648131  
8.808106105  
7.084424146  
6.271620836  
6.686154418  
8.134385277  
10.1410883  
12.2114104  
13.99147532  
15.28025887  
15.93935435  
15.80061622  
14.65662283  
12.35184733  
8.916391273  
4.64586473  
0.05438329162  
-4.299361336  
-8.032320084  
-11.08098465  
-13.67426909  
-16.12594048  
-18.54083434  
-20.59341603  
-21.52345157  
-20.39964273  
-16.56855314  
-10.09646306  
-1.984798311  
5.984493929  
11.76302146  
13.73629853  
11.33703081  
5.314479951  
-2.467830597  
-9.64272747  
-14.12567989  
-14.77146621  
-11.65270496  
-5.875674014  
0.9546029177  
7.365694812  
12.46545698  
16.03051653  
18.23995672  
19.23579475  
18.77550088  
16.19503227  
10.74007557  
2.123923046  
-8.97119592  
-20.74385706  
-30.63343801  
-36.12043458  
-35.6765684  
-29.46257325  
-19.43541583  
-8.748203259  
-0.6224441871  
2.884220159  
1.710508866  
-2.149520429  
-5.436242493  
-4.986329577  
0.8660815219  
11.43035541  
23.73080421  
33.53360587  
36.96158002  
32.0717556  
19.75811121  
3.589217698  
-11.39654768  
-20.49977583  
-21.0857508  
-13.5600891  
-1.213048777  
11.01265221  
18.35983486  
18.00160712  
10.03868922  
-2.606707466  
-15.3305769  
-23.56336662  
-24.40904396  
-17.61258641  
-5.542340046  
7.74525384  
17.96125958  
22.00618003  
18.86546575  
9.723801681  
-2.651070196  
-14.94995223  
-24.37344015  
-29.33201169  
-29.6151585  
-26.07034794  
-20.00768554  
-12.61322914  
-4.604699557  
3.770080804  
12.44779621  
21.15365436  
29.11096731  
35.02602471  
37.40198828  
35.09486877  
27.90791387  
16.97277229  
4.710045769  
-5.706399704  
-11.27541419  
-10.20646204  
-2.699369579  
8.868604529  
20.50831365  
27.83268086  
27.55065923  
18.71695421  
3.245164163  
-14.57640572  
-29.46677493  
-36.97447849  
-35.07875692  
-24.95183965  
-10.56158445  
2.765326514  
10.28669989  
9.550761177  
1.208267564  
-11.36985547  
-23.48869412  
-30.95389497  
-31.58391034  
-25.82561937  
-16.28875687  
-6.475899118  
0.6916161848  
3.908134997  
3.677350358  
1.673954163  
-0.336174746  
-1.448711399  
-1.980105196  
-3.088613145  
-5.893802381  
-10.58338745  
-15.99961394  
-19.95363208  
-20.14795692  
-15.27574719  
-5.764765541  
6.210405045  
17.48487214  
25.10913508  
27.47729532  
24.89135853  
19.3352255  
13.58704872  
10.07927647  
9.99815255  
12.97149906  
17.40923939  
21.27493225  
22.91228929  
21.58388345  
17.56346475  
11.84800062  
5.708033421  
0.3087890748  
-3.474622036  
-5.074267042  
-4.202367478  
-0.8947543715  
4.363184738  
10.53250068  
16.09396002  
19.38767375  
19.15636476  
15.07530303  
7.995749703  
-0.2782026833  
-7.646351712  
-12.53921882  
-14.53114932  
-14.4237715  
-13.72452192  
-13.75073209  
-14.80265348  
-15.85088322  
-14.95495201  
-10.26942723  
-1.175777328  
11.03030231  
23.29734155  
31.84068035  
33.62996837  
27.69108888  
15.62191088  
1.056302951  
-11.71522312  
-19.37453522  
-20.74699161  
-17.02271622  
-10.97955697  
-5.617771108  
-2.869865673  
-2.97863411  
-4.780734812  
-6.674641569  
-7.715405734  
-8.23574302  
-9.657038147  
-13.59075122  
-20.71620685  
-30.05503331  
-39.07634387  
-44.64945017  
-44.42136018  
-37.95966434  
-27.08674903  
-15.20765205  
-5.913110153  
-1.491033985  
-2.028543419  
-5.508175051  
-8.832087456  
-9.275487359  
-5.683498835  
1.12927545  
8.917776678  
15.17134034  
18.30578497  
18.30050347  
16.50183671  
14.74311295  
14.27254073  
15.06168766  
15.85739269  
