22.69850954  
22.17516621  
20.37924808  
16.99667795  
11.03313356  
1.86697093  
-9.800436921  
-21.66802205  
-30.43181036  
-32.99583748  
-27.72525027  
-15.1582941  
2.131755958  
20.42433142  
36.06052096  
46.45199389  
50.53410854  
48.62121583  
41.90200536  
31.91807943  
20.26432635  
8.523874524  
-1.740316174  
-9.152996417  
-12.92182368  
-13.30031957  
-11.7982769  
-10.85364988  
-12.92506559  
-19.30159508  
-29.17347331  
-39.49945849  
-45.90664072  
-44.38721736  
-33.13086153  
-13.68138462  
9.17222141  
28.84054  
39.19754205  
36.76736578  
21.95006437  
-1.190454035  
-26.43665989  
-47.55021774  
-60.13637397  
-62.54941976  
-55.64616436  
-41.73605912  
-23.39535424  
-2.761261141  
18.44708726  
38.41132997  
54.74527883  
64.59858868  
65.50364605  
56.64208019  
39.85059367  
19.67796773  
2.193710211  
-7.143963873  
-5.718633183  
4.929485443  
19.40969699  
30.43681324  
31.71593977  
20.57153657  
-0.8166253588  
-26.14249449  
-47.40293905  
-58.02310931  
-55.36868453  
-41.60369486  
-22.57173701  
-5.229860482  
5.234356014  
7.374920799  
3.760265143  
-0.4807295771  
-0.1284840493  
7.749010293  
22.51369397  
40.25078272  
55.42177216  
63.10754276  
60.88578803  
49.61708808  
32.92426777  
15.69612642  
2.296004905  
-4.815088043  
-5.591758919  
-2.006594873  
2.95257675  
6.41547045  
6.470583295  
2.499896184  
-4.965144049  
-14.6705237  
-25.11163558  
-34.87901285  
-42.82227524  
-48.07320302  
-50.01309072  
-48.25770391  
-42.69614469  
-33.58083412  
-21.63950631  
-8.163083476  
4.992154445  
15.55660884  
21.20666328  
20.12433504  
11.6523817  
-3.165743355  
-21.42347527  
-38.77233877  
-50.4544335  
-52.71904335  
-44.17281571  
-26.5316434  
-4.381674109  
16.10858749  
29.16753396  
31.40885789  
23.07526287  
8.014764651  
-7.661575302  
-17.77262873  
-18.2889343  
-8.734908808  
7.756068098  
25.72377294  
39.45849907  
45.03608065  
41.528114  
30.98460238  
17.31142414  
4.606570764  
-4.310033127  
-8.598389256  
-9.152391536  
-7.668107016  
-5.568830148  
-3.333934402  
-0.5215558855  
3.604414886  
9.244480789  
15.52959367  
20.62100616  
22.4496436  
19.75996744  
12.9411362  
4.194775409  
-3.124790119  
-5.782932339  
-2.038658325  
7.47234961  
19.75964536  
30.45587483  
35.40521308  
32.25194129  
21.40027496  
5.949526786  
-9.392817935  
-20.01829326  
-23.09690586  
-18.58666341  
-9.189249663  
0.7251739818  
6.800870412  
6.330266295  
-0.7931286833  
-12.15893261  
-23.89789116  
-32.25818105  
-35.038346  
-32.28571695  
-25.99101257  
-18.95078034  
-13.33983057  
-9.670366293  
-6.643562549  
-1.987442664  
6.097427468  
17.58370129  
30.05899126  
39.33867749  
41.09113092  
32.81607934  
15.28680278  
-7.265468755  
-28.4322623  
-41.93346321  
-44.02088956  
-34.95442514  
-18.88480503  
-2.149366148  
9.320244204  
12.37797175  
7.8110883  
-0.2289487213  
-6.241259741  
-5.927693502  
1.855171536  
14.6001972  
27.30188415  
34.70826264  
33.64279145  
24.36105839  
10.36799112  
-3.171692811  
-11.67368739  
-13.01160329  
-8.228941784  
-0.846990627  
4.830250474  
5.593039772  
0.5462606643  
-8.799302702  
-19.48220125  
-28.53998747  
-34.23010015  
-36.48461205  
-36.48665885  
-35.69500611  
-34.88256124  
-33.6913911  
-30.89839187  
-25.20318416  
-16.09137327  
-4.312604032  
8.267378054  
19.3531106  
27.09449958  
30.72874505  
30.708634  
28.30465453  
24.91963163  
21.4685745  
18.10945043  
14.41414599  
9.851463468  
4.319816218  
-1.529188548  
-6.320904542  
-8.327514393  
-6.038369251  
1.257407889  
13.04703422  
27.44600322  
41.39047713  
51.18500788  
53.35769355  
45.68240566  
28.11374907  
3.30412571  
-23.60343405  
-46.03657264  
-57.74131889  
-54.73230648  
-36.77381668  
-7.785718422  
25.09913364  
53.5982215  
70.77985734  
73.10772867  
61.29120035  
39.67272722  
14.46775524  
-8.386063891  
-24.91769909  
-33.77902281  
-35.81644587  
-32.99805114  
-27.36299946  
-20.51970835  
-13.8040137  
-8.761066727  
-7.389832483  
-11.72874664  
-22.79677388  
-39.3978659  
-57.55509996  
-71.17647466  
-74.00260756  
-62.1962811  
-36.46353393  
-2.620720487  
29.90571688  
51.26813097  
54.88651196  
40.11911507  
12.73436365  
-17.10824611  
-38.60666648  
-44.28799327  
-32.6000745  
-8.12050952  
20.59794647  
44.54276052  
57.60682617  
58.46235987  
50.33914999  
39.04097088  
30.23796445  
27.24853423  
30.14239188  
36.29712378  
41.88435034  
43.45695318  
38.95089818  
27.86660414  
10.87462112  
-10.67115386  
-34.92895601  
-59.43451359  
-80.94041291  
-95.6489646  
-100.0543261  
-92.19839409  
-72.77496537  
-45.42898523  
-15.89156817  
9.854531448  
27.65035374  
36.53368809  
38.7210596  
38.14549137  
38.21363865  
39.87738459  
41.02149154  
37.56127533  
25.79799353  
4.909903736  
-21.69737651  
-46.98641854  
-62.74223158  
-62.89749997  
-46.26500684  
-17.40546954  
14.85261289  
40.69189285  
53.02943344  
50.12288894  
35.98064969  
18.44930147  
5.841586726  
3.556586828  
12.08669447  
27.15415629  
41.78518879  
49.33497156  
46.1521794  
32.82698299  
13.64133608  
-5.386486476  
-18.93805242  
-24.29540837  
-22.02635761  
-15.34798227  
-8.600220387  
-5.545879292  
-8.165897418  
-16.30923967  
-28.16078438  
-41.1811835  
-53.06210313  
-62.33090741  
-68.45348965  
-71.51305105  
-71.6938699  
-68.83800797  
-62.27755244  
-51.02145422  
-34.23909248  
-11.87117939  
14.86200742  
43.28030739  
69.5362786  
89.3839861  
99.25368563  
97.31819317  
84.18439385  
62.92310091  
38.35778392  
15.79415661  
-0.4075944201  
-7.943165613  
-6.991043181  
0.1521919434  
10.03835514  
19.23648788  
25.26937385  
27.033415  
24.66973164  
19.08757198  
11.44605875  
2.83938459  
-5.74418173  
-13.30394139  
-18.75246742  
-21.03848265  
-19.4679557  
-14.06695195  
-5.765335939  
3.747954144  
12.47711272  
18.68869341  
21.33927569  
20.18135426  
15.55048087  
8.017851892  
-1.837646051  
-13.37805122  
-25.62157794  
-36.97003093  
-45.25508971  
-48.27178363  
-44.68499077  
-34.91438046  
-21.49593297  
-8.575737543  
-0.5716477633  
-0.4691850521  
-8.475137881  
-21.6826039  
-35.00090307  
-43.04190603  
-42.19524581  
-32.00057186  
-15.21479938  
3.444877407  
19.29957107  
29.53066234  
34.01074622  
34.81858228  
34.75432995  
35.64729219  
37.3243974  
37.75000795  
34.2375605  
25.08242762  
10.75145972  
-6.006466508  
-21.20874723  
-31.3338448  
-34.81992802  
-32.6280574  
-27.60791915  
-23.01054168  
-20.91355122  
-21.34734485  
-22.52988361  
-22.03478377  
-18.24180577  
-11.2925725  
-3.061545605  
3.809686891  
7.265501643  
6.832151712  
3.725186109  
0.03834298244  
-2.499599945  
-3.470176449  
-3.84883516  
-5.156327526  
-8.158984537  
-11.90131011  
-13.72458428  
-10.41062262  
0.04695116935  
16.95840096  
36.60685196  
53.41575995  
62.20794882  
60.54498789  
50.00358749  
35.68267309  
24.05500426  
20.08714847  
24.95176702  
35.42971858  
45.33705487  
48.36573701  
41.04909394  
24.48247845  
3.990645002  
-13.12454084  
-20.7441359  
-16.58325988  
-3.167410122  
13.25590281  
25.33254003  
27.55940821  
18.31683644  
0.1958680964  
-21.35993699  
-40.35864603  
-52.45097465  
-56.14058799  
-52.70226607  
-45.11181678  
-36.66457231  
-29.93812742  
-26.41393224  
-26.63468717  
-30.50352598  
-37.3601226  
-45.75503756  
-53.18496997  
-56.21546998  
-51.28003228  
-36.05402217  
-10.87833156  
20.50000822  
51.43363954  
74.18413039  
82.47602313  
73.81211255  
50.56934797  
19.34927944  
-11.22081672  
-33.38258508  
-42.69349129  
-39.09498224  
-26.28717784  
-9.8209105  
5.174710969  
15.64938108  
21.07510951  
