-40.76674201  
-34.0761492  
-32.66288056  
-36.77073063  
-42.31248338  
-42.77826677  
-32.13129135  
-7.4369739  
29.79875788  
73.97641485  
117.1208312  
151.1765461  
170.0055867  
170.5025498  
152.7025999  
119.1620215  
74.06484848  
22.42780986  
-30.45561654  
-79.41427849  
-119.810959  
-148.0590041  
-162.1705394  
-162.1236094  
-149.8293117  
-128.6146785  
-102.3505411  
-74.52690312  
-47.61500228  
-22.93083827  
-0.9855916591  
17.91247334  
33.14458529  
43.64048271  
48.19970985  
46.13472017  
37.92936629  
25.58045965  
12.40914786  
2.335717717  
-1.179250005  
3.80490934  
16.99101207  
35.7136599  
55.47011693  
71.00341011  
77.67326648  
72.76445543  
56.37507989  
31.61064401  
3.974181241  
-19.94483469  
-34.1636383  
-34.92024599  
-21.73218279  
2.430347707  
31.91761527  
59.87586524  
79.95256222  
87.71075147  
81.37441462  
61.8130751  
31.96217987  
-3.957480303  
-41.08984085  
-74.3375581  
-98.62520098  
-109.3136152  
-102.9871571  
-78.58227082  
-38.49061905  
10.94754918  
60.08614177  
97.91874367  
114.9395582  
106.0458432  
72.41745299  
21.56455466  
-34.63534119  
-83.32509472  
-114.3199262  
-122.7457738  
-109.7855751  
-81.4165694  
-45.80873076  
-10.52663835  
19.36586176  
41.72197337  
56.41018468  
63.85633315  
63.96989537  
56.08244442  
39.89884363  
16.8413271  
-9.111504729  
-31.7856965  
-44.47189877  
-42.29278116  
-24.25765968  
5.960825179  
40.95958377  
71.92001279  
91.36255552  
95.21658804  
83.43758387  
59.09956014  
26.59742978  
-10.05089132  
-47.97324149  
-85.03864484  
-118.737693  
-145.2447918  
-159.5018791  
-156.6127223  
-134.0756658  
-93.79812598  
-42.75611276  
8.333208666  
48.08320964  
68.1638827  
66.19717923  
46.59010432  
18.89642104  
-5.678958513  
-18.25330899  
-15.16713147  
1.238888902  
24.10509196  
45.00073266  
57.0345877  
56.9115221  
45.32456588  
25.86734896  
3.248553579  
-18.26718963  
-35.60249249  
-46.77660078  
-50.45452313  
-45.74211831  
-32.56095382  
-12.43584136  
10.9004009  
31.74958795  
43.85016726  
42.61722773  
27.32845805  
2.174010936  
-24.56640799  
-43.18186151  
-46.13387515  
-31.17764555  
-2.645098859  
29.78431711  
54.47835368  
62.14529936  
49.3539779  
19.89269803  
-16.55494427  
-47.87568113  
-63.7725381  
-59.19055422  
-35.73163041  
-0.7112634138  
35.58456154  
63.29809224  
75.83673405  
71.33164106  
52.53774945  
25.5573795  
-1.958310831  
-22.54360155  
-30.28040438  
-21.76098209  
3.257695006  
41.50001537  
86.28393133  
128.3594548  
157.6133912  
165.4465858  
147.2310521  
104.0084138  
42.68677415  
-25.55049354  
-88.2383947  
-135.0492769  
-160.4247799  
-164.470104  
-151.8431465  
-129.1855515  
-102.239981  
-73.89881715  
-43.97904015  
-10.71720513  
26.82758522  
66.69799272  
103.3876166  
129.0567189  
136.1872318  
120.5633035  
83.27505158  
30.84652014  
-26.6048205  
-78.42359775  
-116.436199  
-136.7583088  
-139.8120407  
-128.8111353  
-107.6441309  
-79.28248301  
-45.46950755  
-7.704730192  
31.20697122  
66.14033409  
90.05472319  
96.00350319  
80.05830021  
43.85088323  
-4.592004273  
-52.43238384  
-85.72765114  
-94.00334962  
-73.96119518  
-30.83701577  
23.19323412  
73.00763588  
105.4476941  
113.3347925  
97.19929212  
64.27714391  
25.39557021  
-8.896322725  
-31.47589254  
-40.08046412  
-36.85095723  
-26.57019082  
-14.55983474  
-5.087879601  
-0.670930381  
-2.124858634  
-8.908009396  
-19.3470139  
-30.65393189  
-39.00038265  
-40.05488893  
-30.19568626  
-8.165929129  
23.50597326  
58.15650572  
86.25907397  
98.21351616  
87.80155091  
54.98693464  
6.811117727  
-44.21835638  
-83.87396144  
-100.8242112  
-90.43844924  
-56.36159907  
-9.274998327  
36.67546356  
68.45164993  
78.06582287  
64.60254057  
33.82825001  
-4.209984067  
-38.56230184  
-60.5363841  
-65.73840352  
-54.63460583  
-31.7981019  
-4.316092862  
20.11622334  
35.01147122  
36.5542262  
24.52590115  
2.499609976  
-22.86447659  
-43.45275718  
-52.00358534  
-44.48910302  
-21.77058221  
10.19376177  
41.88246942  
63.14313999  
66.58214542  
50.19833405  
18.25120052  
-20.01372732  
-53.34766927  
-72.11074687  
-71.22078898  
-51.45478838  
-18.78873587  
17.80208623  
49.16853217  
68.4529901  
72.51900984  
62.16839627  
41.39627451  
16.12982986  
-7.16338567  
-22.79192274  
-27.012796  
-18.9755958  
-1.226120343  
20.54405679  
38.73508058  
45.97501866  
37.61905541  
13.7288554  
-20.35809176  
-55.33333057  
-80.82818028  
-88.93404124  
-76.97400564  
-48.38596219  
-11.33169909  
24.38667471  
50.78550834  
64.07024011  
64.98814193  
57.19883317  
44.63817431  
29.30001411  
10.5950197  
-13.40725352  
-43.5655961  
-77.45937536  
-108.7318184  
-128.5947326  
-129.0259673  
-106.2926142  
-63.16867429  
-8.733436214  
44.31223375  
83.77480975  
101.887613  
97.49651495  
75.78827525  
45.90022704  
17.57161295  
-1.777688435  
-8.57616164  
-3.046067944  
11.90567388  
32.02878187  
52.68656839  
69.32551431  
77.81475277  
75.10803744  
60.35647818  
36.05339243  
8.410733673  
-13.74981935  
-21.6969222  
-10.31151802  
19.01098534  
57.57796677  
91.52442011  
106.4177434  
92.72064922  
49.91847333  
-12.51013909  
-77.88081403  
-127.8961561  
-148.9025685  
-136.3771053  
-95.96956619  
-40.87568109  
13.18714931  
53.25364202  
72.59310065  
71.32544617  
54.4418085  
28.56224456  
-0.9022726102  
-31.00256884  
-60.71779349  
-89.37335338  
-115.1870845  
-134.8787631  
-144.5633538  
-141.3737852  
-124.862424  
-97.39375555  
-63.34141035  
-27.57751109  
5.902675284  
34.52768926  
56.73710796  
71.10367687  
75.80037201  
69.02419585  
50.36323719  
22.4011904  
-8.507088099  
-33.12351173  
-41.95830267  
-28.80099738  
6.306606092  
56.07031363  
107.5971327  
146.272754  
160.458369  
145.220868  
103.7064062  
45.75200177  
-15.5553759  
-67.92052908  
-102.9690483  
-117.5349645  
-113.0789087  
-93.97156339  
-65.66058399  
-33.48037278  
-2.275674488  
23.53844019  
40.06354192  
44.51147866  
36.18185831  
17.27477271  
-7.101899172  
-30.05273648  
-44.89605054  
-47.30036035  
-36.66324446  
-16.14386432  
8.630903549  
31.57212852  
47.95946316  
55.39191467  
53.68030075  
44.06138792  
28.40558277  
8.940583948  
-11.45930037  
-28.87805553  
-38.52972637  
-35.91450693  
-18.76479211  
11.05819826  
46.83010233  
78.18849935  
94.27738366  
87.79247461  
58.28352738  
13.1577585  
-34.32303747  
-69.50439793  
-81.60068658  
-67.6678873  
-33.67060115  
7.788706069  
42.13333037  
57.97793563  
50.78811198  
23.7713133  
-14.04419352  
-51.45233162  
-78.80659427  
-90.45453146  
-85.28204599  
-65.71302357  
-36.09345013  
-1.390988681  
33.36672921  
63.13628852  
83.00306468  
88.9424376  
79.19500599  
55.64303877  
24.26693533  
-5.992940349  
-25.92343705  
-29.37492865  
-15.83478596  
9.032282724  
35.34287941  
52.79949195  
54.79270458  
41.02427842  
17.47594004  
-6.292119038  
-21.32559698  
-23.09144662  
-13.25147918  
1.336891706  
11.86000415  
11.51248302  
-1.593617056  
-23.79228598  
-47.63184101  
-65.09906042  
-70.77618404  
-63.58478777  
-46.54851749  
-24.97772204  
-4.14636827  
12.395811  
23.24183731  
28.41113378  
28.23400175  
22.69151258  
11.66468955  
-4.11538391  
-22.15856368  
-38.16647211  
-47.22089254  
-45.8514954  
-34.004329  
-15.79155867  
1.629177975  
10.81433088  
7.332772756  
-7.902891753  
-28.47236716  
-44.73825874  
-47.75764315  
-33.18438896  
-3.446589714  
32.82081519  
63.93070377  
79.60113726  
74.85627825  
51.76123138  
18.3244852  
-14.87963487  
-38.87246877  
-49.45647159  
-48.16856232  
