-107.0283702  
-153.4230191  
-195.7307493  
-221.0291858  
-219.226723  
-187.3131182  
-131.1236763  
-63.70593375  
-0.8190023234  
44.6425098  
67.02137746  
69.29020823  
60.97372389  
53.59194598  
55.64528745  
69.27941887  
89.95297534  
109.0625427  
118.1931143  
113.0175093  
95.13275406  
71.13105742  
49.47689567  
36.70935431  
34.71194489  
40.21093739  
46.6035775  
47.15928397  
38.07878547  
20.04832077  
-2.308900832  
-22.69049134  
-35.93258681  
-40.05585121  
-36.64644134  
-29.52074429  
-22.43977272  
-17.07120878  
-12.23244044  
-4.795473325  
8.207512218  
27.35447198  
49.66257744  
69.18987056  
79.29261585  
75.59692016  
58.32739295  
32.81842287  
7.784136574  
-8.088226292  
-9.845150004  
1.345212668  
18.29160406  
30.52626664  
28.71933452  
8.984260022  
-24.78154363  
-61.67202321  
-87.56518617  
-90.56657527  
-65.96392716  
-18.64646295  
38.11553456  
87.19270182  
113.7335403  
110.5352552  
80.53480666  
35.43659572  
-8.956988898  
-38.83907195  
-47.49137617  
-37.40832928  
-18.72185923  
-4.706183527  
-6.276414306  
-27.70536036  
-65.16437098  
-108.4587089  
-145.0197781  
-164.4036289  
-161.5215148  
-137.5548486  
-98.5858768  
-52.90605413  
-8.337479161  
29.38245864  
56.84600541  
72.30715596  
74.96653032  
64.91637975  
43.86839433  
16.10472194  
-11.26064863  
-29.43618968  
-30.55035281  
-10.8660907  
26.78700608  
72.70507094  
112.7258568  
132.8195378  
124.2612329  
87.33696027  
31.94403348  
-25.41088322  
-67.26940959  
-81.46856777  
-65.57942283  
-27.78469915  
16.19641349  
48.98617632  
57.98670287  
39.93163714  
1.862003429  
-41.76529386  
-74.64086251  
-84.67802025  
-68.32215644  
-31.586336  
12.40569653  
48.28535994  
63.82204435  
53.88315942  
21.70321279  
-22.73441805  
-66.3606065  
-97.27490123  
-108.1165296  
-97.5936765  
-69.97998584  
-33.10161139  
4.278461627  
34.77862093  
53.84768312  
60.20585748  
55.48486968  
43.41088602  
28.82007192  
16.64922173  
10.94550264  
13.948417  
25.40904541  
42.40759319  
59.91213956  
72.11617202  
74.27223762  
64.4315551  
44.39586984  
19.37591598  
-3.683655908  
-18.59728491  
-22.32094058  
-16.24547897  
-5.789436472  
1.648861591  
-0.3639454023  
-14.61537985  
-38.91930205  
-66.70613642  
-89.3114919  
-99.0573182  
-91.91339186  
-68.73966058  
-34.73314074  
2.547800641  
35.67461671  
59.34317676  
71.21486038  
71.54582214  
62.10183293  
45.08570636  
22.64266484  
-2.944361869  
-28.72561555  
-50.80869537  
-64.78686343  
-66.90213843  
-55.49807291  
-32.06287576  
-1.267984631  
30.15141592  
55.29657708  
69.03580794  
69.22215321  
56.81202012  
35.03119535  
8.14696422  
-19.51100415  
-43.92491254  
-61.27096373  
-67.79942325  
-60.24178732  
-36.93282737  
0.7219938014  
47.23496106  
93.32318083  
127.8707055  
141.1649431  
128.2799862  
91.20295326  
38.66426348  
-16.46611083  
-61.32069614  
-87.11787096  
-91.59359668  
-78.89130934  
-57.13142712  
-34.86065553  
-17.98834793  
-8.460783293  
-5.001562065  
-5.225573534  
-7.818393846  
-13.55142345  
-24.62057185  
-42.74453345  
-67.16079497  
-93.72559968  
-115.7534607  
-126.3083831  
-120.8877327  
-99.21305864  
-65.28031659  
-25.68852438  
12.89466733  
45.90183949  
71.70594369  
90.93096325  
104.8412717  
113.8647325  
117.1312748  
113.24436  
101.728592  
84.15995167  
64.14653146  
46.00771998  
32.80491181  
24.8527456  
19.65685872  
13.47548095  
3.751513733  
-8.92951463  
-20.57474807  
-25.58545271  
-19.85225471  
-3.538526867  
18.07411668  
36.42615282  
43.56548944  
36.25842538  
18.17147467  
-1.242344426  
-10.94871066  
-3.804109781  
19.34078594  
49.08948928  
71.08227121  
72.29811619  
47.23031988  
0.9802774687  
-52.36081415  
-95.49055136  
-115.2888506  
-108.4395804  
-82.6589813  
-52.93840639  
-34.54751906  
-36.06797741  
-55.69507789  
-82.46482703  
-101.7145697  
-102.0798941  
-80.67492348  
-44.05932216  
-4.708644232  
25.10492845  
38.91138742  
38.38153594  
31.3918114  
27.0026488  
30.09109198  
38.51549847  
44.34018152  
38.51533593  
16.56628901  
-17.75127592  
-52.92554156  
-74.34045945  
-71.03748778  
-41.36686243  
5.276704345  
51.66458865  
79.61479821  
77.54538424  
45.36736438  
-5.415717017  
-56.38655219  
-89.5669387  
-94.26896875  
-70.63823723  
-28.6693749  
16.52863503  
50.93595791  
66.63808867  
63.79799541  
49.23020189  
32.66665077  
22.57244285  
23.21137853  
33.82093401  
49.72213907  
64.48882073  
72.16048313  
68.83087898  
53.44343743  
27.96234675  
-2.900006447  
-32.40171548  
-53.08322237  
-58.70068096  
-46.4251371  
-18.52154798  
17.41949042  
50.266438  
68.89944852  
66.37081656  
42.96959762  
6.701278887  
-29.34245734  
-51.89350874  
-52.75739009  
-32.15990241  
1.33291439  
34.38108733  
54.41963917  
54.77343845  
37.09142574  
10.07272687  
-14.85779495  
-28.87955181  
-29.65252972  
-22.01039337  
-15.26567383  
-18.50227102  
-36.11856531  
-65.67435196  
-98.92804051  
-125.4087968  
-136.7264394  
-129.5874349  
-106.2632203  
-72.58676336  
-34.76972846  
3.180722799  
40.12831303  
76.37456951  
111.1454392  
140.6556133  
158.1360278  
156.1734135  
130.4187285  
82.85908277  
22.85019798  
-34.96598578  
-75.32538914  
-87.80476409  
-70.82064051  
-32.42372795  
12.54851669  
47.88887131  
61.87844801  
51.31397229  
22.21776986  
-12.88278509  
-39.88180156  
-48.22940242  
-34.35575892  
-2.290119366  
38.4433678  
76.5584501  
102.7951967  
112.3920781  
105.5639041  
86.17721956  
59.46977543  
29.8913769  
-0.09345190566  
-29.93441243  
-59.92898188  
-89.82101328  
-117.7977513  
-140.3757324  
-153.2549432  
-152.7962822  
-137.5261201  
-109.051218  
-71.99436447  
-32.92202319  
1.39437393  
25.80413396  
38.0841924  
39.31468342  
33.24022349  
24.8848447  
18.91346394  
18.27839897  
23.52894584  
32.90022955  
43.03105523  
50.00690089  
50.41151348  
42.17100732  
25.09369395  
1.083932827  
-26.0009057  
-50.91533606  
-68.06648104  
-72.95026237  
-63.68306784  
-42.10788504  
-13.90587688  
12.63754093  
29.08049515  
29.78780334  
14.3149031  
-11.85808833  
-38.79930712  
-55.49537453  
-53.96152742  
-32.47809413  
3.438421875  
42.8689117  
73.50194184  
86.23167245  
78.44433272  
54.62256204  
24.05526127  
-3.277557071  
-20.76763049  
-27.35888319  
-26.92811659  
-25.29199278  
-26.42452501  
-29.85213637  
-30.62829807  
-21.99743672  
0.5147551825  
35.65038955  
75.47929874  
107.7112676  
120.4528267  
107.3660012  
70.86718033  
21.78791312  
-24.5398606  
-54.19817375  
-60.10031033  
-44.58723646  
-18.10258596  
5.458605414  
14.70664176  
5.48002133  
-17.61286661  
-43.37436058  
-58.88009391  
-54.91415452  
-29.74566492  
10.18537085  
52.76892717  
84.75792359  
96.49134517  
85.07822887  
55.0562058  
16.54943008  
-18.21099113  
-38.73914202  
-39.34277396  
-20.60788458  
10.91470372  
44.60830746  
68.75398356  
73.85796867  
55.54278688  
16.21556178  
-35.09979088  
-84.96595052  
-119.3680433  
-128.1358967  
-108.5127822  
-66.50565842  
-15.30107586  
28.93778712  
52.53307037  
49.05811553  
21.6014727  
-18.37756361  
-55.20416664  
-74.57514378  
-68.45914251  
-37.51188609  
9.737151877  
60.36784637  
101.6619592  
124.9734143  
127.5580149  
112.0593154  
84.35164675  
50.9937  
17.4282436  
-12.56750069  
-36.4476813  
-52.22785832  
-58.30009391  
-53.97034434  
-40.34692477  
-20.84400531  
-0.688641541  
14.63635184  
21.40077922  
19.08247954  
10.40604967  
-0.2358105781  
-9.318593501  
-16.41416237  
-24.85786441  
-40.27765565  
