0.30209471  
0.3246451552  
-1.158552504  
-2.250998341  
-1.160921226  
2.945824856  
9.54368244  
16.97039837  
23.16296804  
26.560507  
26.75631235  
24.60154275  
21.72169214  
19.6817482  
19.1999629  
19.78494315  
19.96830231  
18.02168265  
12.8160658  
4.416075166  
-5.869364539  
-15.99559705  
-23.99905986  
-28.73125964  
-30.17200674  
-29.20489436  
-27.01009126  
-24.41699463  
-21.56251842  
-18.02128116  
-13.3057147  
-7.421549005  
-1.126379366  
4.299208434  
7.676407779  
8.609529629  
7.811515705  
6.82017519  
7.174052447  
9.438423552  
12.61635915  
14.34609135  
11.91868142  
3.715066148  
-9.61600054  
-24.88046158  
-37.23693407  
-42.00191018  
-36.62942556  
-21.97817484  
-2.235431218  
16.56359832  
28.85066799  
31.70278775  
25.94078078  
15.65978268  
6.388460908  
2.676861686  
6.160720901  
14.92913707  
24.43708717  
29.52518265  
26.64228342  
15.31744669  
-1.7013337  
-19.61760639  
-33.48593  
-40.0004272  
-38.46138096  
-30.63653969  
-19.7364288  
-9.064269646  
-0.9442816795  
3.706346287  
5.160650772  
4.315873253  
2.162800608  
-0.4568387703  
-2.799200078  
-4.072692143  
-3.440921867  
-0.2845909985  
5.385724886  
12.63472505  
19.68972353  
24.4919491  
25.52802177  
22.56065144  
16.86873229  
10.81224444  
6.862091955  
6.515917994  
9.608741862  
14.36307873  
18.18234676  
18.83416152  
15.47684132  
9.049715142  
1.845989185  
-3.527754193  
-5.317389905  
-3.376309849  
0.8199061219  
4.87173146  
6.512210609  
4.521357916  
-0.9003532611  
-8.413867119  
-16.27237569  
-23.09831414  
-28.32017604  
-32.09200552  
-34.80404786  
-36.50565161  
-36.59666472  
-33.98880498  
-27.6803622  
-17.45883656  
-4.362906431  
9.364340917  
20.86631531  
27.59261186  
28.18130446  
22.9509584  
13.81449698  
3.660452538  
-4.553302144  
-8.663567441  
-7.843765396  
-2.689914126  
5.111828613  
13.37259348  
20.03354175  
23.66477023  
23.72731922  
20.57657642  
15.24934211  
9.113070199  
3.472556142  
-0.7692687558  
-3.312952748  
-4.47403032  
-5.003433327  
-5.774778489  
-7.444539073  
-10.20373999  
-13.70696474  
-17.19722281  
-19.76960318  
-20.66897785  
-19.51516015  
-16.39237272  
-11.80200255  
-6.525624059  
-1.45895557  
2.544328275  
4.811232709  
4.979292742  
3.110801485  
-0.2487018259  
-4.130333469  
-7.363182617  
-8.932104462  
-8.358646199  
-5.934145676  
-2.656160726  
0.1691360877  
1.532263238  
1.272649498  
0.2910359013  
0.2541815321  
2.853158904  
8.912120076  
17.76818666  
27.27121687  
34.49540976  
36.9178605  
33.56016037  
25.54770253  
15.76055261  
7.649960363  
3.698359174  
4.212880258  
7.045714554  
8.44972769  
4.766909342  
-5.758972036  
-21.85969675  
-39.3642645  
-52.59585503  
-56.51568408  
-48.74118496  
-30.59598394  
-6.746117718  
16.43249367  
33.08573315  
39.81258999  
36.55586009  
26.17906235  
13.01614581  
1.084617228  
-7.268876959  
-11.78264911  
-13.71003079  
-14.66667679  
-15.5222625  
-15.88364281  
-14.38640557  
-9.602203978  
-1.073763354  
10.06005559  
21.18110171  
29.03001464  
30.9127043  
25.76153661  
14.60809146  
0.2829685846  
-13.52093368  
-23.44250788  
-27.45536987  
-25.34595312  
-18.5634646  
-9.57737235  
-1.028073794  
5.025172273  
7.551019752  
6.627230946  
3.224864956  
-1.170379381  
-4.970123865  
-6.84397508  
-5.991939451  
-2.314789465  
3.535423641  
10.25186836  
16.13581893  
19.50580998  
19.17283308  
14.84854681  
7.340405616  
-1.567414217  
-9.553393694  
-14.41121897  
-14.72145102  
-10.32465874  
-2.431459252  
6.68142351  
14.30578434  
18.07613651  
16.64928777  
10.08814485  
-0.1551435098  
-11.63798835  
-21.5800519  
-27.57818629  
-28.19055213  
-23.24832874  
-13.83759614  
-1.982023138  
9.874297425  
19.44742149  
25.11892112  
26.25353515  
23.26340939  
17.41205882  
10.41276723  
3.930135028  
-0.8742702551  
-3.614898958  
-4.683205425  
-4.971092562  
-5.410791959  
-6.50375048  
-8.033397244  
-9.10088872  
-8.502043997  
-5.317506004  
0.5214058063  
7.948628402  
14.92734684  
19.05336644  
18.39881943  
12.27456964  
1.596588797  
-11.3157235  
-23.45536234  
-32.09107515  
-35.60656522  
-33.89692838  
-28.19425093  
-20.4380928  
-12.49264992  
-5.556402399  
0.006871947436  
4.404716392  
7.921700766  
10.49780202  
11.62638446  
10.63453784  
7.192060103  
1.759727113  
-4.296771877  
-9.039675007  
-10.62567037  
-8.019216055  
-1.431952391  
7.708323407  
17.23764516  
24.96254513  
29.28853863  
29.53663007  
25.89407328  
19.13067267  
10.30067007  
0.5979045809  
-8.624300024  
-15.81377437  
-19.36144015  
-18.02835939  
-11.55858598  
-1.184357831  
10.32787625  
19.29729476  
22.31940739  
17.61165641  
5.931796956  
-9.41329144  
-23.59772077  
-32.01440631  
-32.036503  
-24.05443051  
-11.31791311  
1.379104033  
9.621516592  
11.08168098  
6.288810896  
-1.836141444  
-9.415034951  
-13.32362098  
-12.39274144  
-7.593133531  
-1.207615897  
4.516347706  
8.514889189  
11.27692315  
14.28377133  
18.86356893  
25.11281763  
31.50263093  
35.4284785  
34.46399752  
27.69611356  
16.44743436  
3.972267604  
-5.793074117  
-9.879995994  
-7.585458237  
-0.8181527725  
6.67134484  
10.83451141  
8.962866903  
0.7235760387  
-11.80720708  
-25.0553481  
-35.35033359  
-40.2036293  
-38.97600197  
-32.77038777  
-23.73432564  
-14.16520387  
-5.806422088  
0.4559567498  
4.516122503  
6.76790722  
7.814214674  
8.266089342  
8.612123614  
9.086936366  
9.514160676  
9.201543283  
7.033928697  
1.867670712  
-6.82667323  
-18.32224187  
-30.35276158  
-39.47634019  
-42.11579891  
-35.96364635  
-21.18440305  
-0.8274712286  
19.86978506  
35.15279111  
40.80759934  
35.79172294  
22.74214764  
7.096564705  
-4.869462176  
-8.336436487  
-1.674900056  
13.03462365  
30.84952114  
45.792277  
52.91552938  
49.83700815  
37.25645702  
18.40776797  
-2.203649086  
-20.23163275  
-32.5931145  
-37.98013687  
-36.78673053  
-30.64603776  
-21.82148874  
-12.63161242  
-4.990112881  
-0.08104922066  
1.81184262  
1.277323574  
-0.4896172967  
-2.164113602  
-2.838107294  
-2.411966933  
-1.619681061  
-1.616269422  
-3.274212511  
-6.520743575  
-10.08730704  
-11.8854951  
-9.92402056  
-3.379525539  
6.707118189  
17.52200272  
25.42687389  
27.4176543  
22.45834991  
12.05772677  
-0.2321219955  
-10.22757312  
-14.83293009  
-13.29937148  
-7.450204767  
-0.7712814425  
3.20812592  
2.491549813  
-2.572291969  
-9.587467114  
-15.3327414  
-17.29043776  
-14.74568041  
-8.961507288  
-2.410004425  
2.497482132  
4.516237922  
3.971361988  
2.312685409  
1.127501327  
1.188603946  
2.067440764  
2.511142394  
1.345865769  
-1.63098628  
-5.31092123  
-7.729705026  
-7.116089488  
-2.984930978  
3.339607512  
9.116694801  
11.37797507  
8.365604988  
0.5086456594  
-9.577820985  
-18.12278045  
-21.80423322  
-19.1820574  
-11.28081072  
-1.048202987  
8.045953182  
13.59370893  
15.25785542  
14.73622286  
14.72411555  
17.40487971  
23.21928877  
30.51926559  
36.27302712  
37.47759191  
32.59863952  
22.35366893  
9.477894696  
-2.40362379  
-10.26310269  
-12.83771094  
-10.97779243  
-7.076517392  
-3.905405024  
-3.423213866  
-6.087422618  
-10.9143087  
-16.16046352  
-20.22093668  
-22.28466508  
-22.46435049  
-21.41946596  
-19.75512503  
-17.57422393  
-14.44610348  
-9.802795549  
-3.522194226  
3.659818216  
10.18736433  
14.2185452  
14.432598  
10.7229559  
4.414055613  
-2.151937288  
-6.518113231  
-7.126269511  
-3.991311876  
1.275696667  
6.125749185  
8.139625852  
6.049304082  
0.2748873979  
-7.252250139  
-13.89825468  
-17.41464034  
-16.83564283  
-12.80610056  
-7.214370003  
-2.308798864  
