-2.910846986  
-5.778593438  
-11.72019395  
-19.06885013  
-23.71505116  
-20.697181  
-6.602137346  
18.35614177  
49.64336231  
79.56537194  
99.91359762  
105.0321745  
94.01736586  
71.11088329  
44.11116425  
21.46224185  
9.210893781  
9.032941105  
18.0356739  
30.2796439  
39.28080864  
40.42830308  
32.40009064  
17.16604733  
-1.215416134  
-18.34742994  
-31.01978066  
-37.96094658  
-39.69021026  
-37.7438315  
-33.75435853  
-28.82036561  
-23.366304  
-17.41556214  
-11.01450945  
-4.529532792  
1.332446732  
5.745675541  
8.060408286  
7.983937654  
5.548217404  
0.9034044814  
-5.916534914  
-15.09076494  
-26.87638597  
-41.26967564  
-57.60328846  
-74.26971183  
-88.73052852  
-97.88068159  
-98.71757287  
-89.162534  
-68.81617502  
-39.41769272  
-4.822921346  
29.5866792  
58.00540147  
75.59330094  
79.79209709  
71.14868362  
53.30815591  
32.06020054  
13.64038958  
2.788162206  
1.223454957  
7.123831424  
15.86330486  
21.80976466  
20.54749615  
10.68403354  
-5.480135127  
-22.71642341  
-34.79901602  
-36.85672448  
-27.22345069  
-8.067560599  
15.41826547  
36.89644613  
51.04666248  
55.15439073  
49.56849571  
36.99108408  
21.0629175  
4.956778381  
-9.408837615  
-21.3063538  
-30.51894979  
-36.58042074  
-38.47069107  
-35.00437389  
-25.71556812  
-11.7110503  
4.083864185  
17.58769185  
24.96528429  
24.18134651  
15.96493694  
3.659636707  
-8.066270306  
-15.13232229  
-15.73607599  
-11.04283775  
-4.535623603  
-0.3029785587  
-1.045978634  
-6.728942831  
-14.51392776  
-20.02749279  
-19.39110137  
-11.09200194  
3.15606213  
18.94866103  
30.87881602  
34.62754578  
28.56172303  
14.20810225  
-4.497117087  
-22.7472289  
-36.46897955  
-43.34437107  
-42.9721361  
-36.34236749  
-25.09189464  
-11.00372523  
4.059093558  
17.95600234  
28.20681388  
32.40559626  
29.13122371  
18.96985376  
5.023351129  
-7.618743638  
-13.52198289  
-9.147058474  
5.267212556  
25.15179311  
42.8876541  
50.62372194  
43.578082  
22.41106744  
-6.473507311  
-33.02424244  
-47.32743523  
-43.58303945  
-22.60387517  
8.270661455  
37.88866685  
55.55517606  
55.11504595  
37.18340765  
8.654437533  
-20.22387563  
-39.90990181  
-45.04391556  
-35.96183714  
-17.79024283  
2.259668438  
18.04979466  
26.69590209  
28.91640203  
27.62635573  
25.67966811  
24.00683918  
21.11032834  
14.13354131  
0.8945285252  
-18.2240691  
-39.57173886  
-57.17243105  
-64.95986841  
-59.31543456  
-40.75460815  
-13.99070641  
13.6594422  
34.8331866  
44.55616168  
41.58930548  
28.2681012  
9.104713236  
-11.07444987  
-28.59262694  
-41.45060459  
-48.9331005  
-50.782392  
-46.59113391  
-35.85160148  
-18.63873124  
3.534520982  
27.32644993  
48.0824076  
61.22850077  
64.0117474  
56.78450489  
43.1549344  
28.79886752  
19.3393909  
18.1565151  
25.06148782  
36.42081948  
46.6876955  
50.68708307  
45.6792449  
32.33744371  
14.26707501  
-3.666741435  
-17.43256789  
-25.43135091  
-28.94278841  
-31.29199498  
-36.16706674  
-45.85115822  
-60.12004955  
-76.22363768  
-89.88873072  
-96.8718912  
-94.4201139  
-82.10944467  
-61.84411456  
-37.14938241  
-12.12481642  
9.53794277  
25.20413971  
33.55347868  
34.55264351  
29.29982053  
19.83559601  
8.90283087  
-0.4304683183  
-5.34339836  
-3.972134953  
3.941626527  
16.7364604  
31.07190055  
42.76356958  
48.01345429  
44.64379863  
32.88865891  
15.42606239  
-3.403551346  
-18.94316024  
-27.66177765  
-28.18446763  
-21.55238461  
-10.64787582  
0.9673723081  
10.33641435  
16.02027141  
18.31238928  
18.71929839  
18.97714913  
20.06223909  
21.65114618  
22.28522178  
20.17835942  
14.30455679  
5.244820961  
-4.657864192  
-12.01006866  
-13.73430174  
-8.54990792  
2.09555901  
14.14997677  
22.23848532  
21.71296684  
10.69719911  
-8.734644585  
-30.84055492  
-48.00206703  
-53.45226264  
-43.93582237  
-21.23995564  
8.084727333  
34.81804208  
50.26732861  
49.39347042  
32.68417497  
6.050464208  
-21.22456473  
-39.71641247  
-43.06554134  
-29.99914607  
-4.500790879  
25.81433202  
52.39833804  
68.49138712  
70.91558005  
60.45464525  
40.92886751  
17.5411146  
-4.767272252  
-22.3860707  
-33.34502342  
-37.05431348  
-33.8700525  
-24.82272675  
-11.61277163  
3.2890698  
16.72893981  
25.35655511  
26.47895661  
18.97985358  
3.873915348  
-15.83698516  
-36.04337049  
-52.82902292  
-63.65566622  
-67.92031831  
-66.65815294  
-61.57421492  
-53.92048225  
-43.82217825  
-30.43583117  
-12.89187537  
8.459148438  
31.19581285  
50.94379166  
62.60772785  
62.31499838  
49.26672981  
26.63249896  
0.9657647239  
-19.77717089  
-28.92164323  
-23.42862194  
-4.978666557  
20.65815535  
45.71516657  
63.14268533  
68.86844132  
62.7531972  
47.96917693  
29.20170491  
10.54811539  
-5.942257063  
-20.49567427  
-34.62275255  
-49.49860469  
-64.58859554  
-77.25933112  
-83.63016315  
-80.3064718  
-66.18706046  
-43.45898755  
-17.23003626  
6.145255431  
21.38896287  
26.29144207  
22.49914057  
14.72608543  
8.697115808  
8.689785344  
15.73047173  
27.23116778  
38.23102186  
43.70849173  
40.95146982  
30.93264442  
18.0571084  
8.350960624  
6.84331077  
15.26114599  
31.04530036  
48.14927718  
59.3327758  
59.02639769  
45.59545407  
22.07482056  
-4.923967672  
-27.68234766  
-40.21825373  
-40.37359067  
-30.3555386  
-15.59606823  
-2.477583387  
4.100107612  
2.332083105  
-6.274443975  
-18.0344821  
-28.96412756  
-36.52717097  
-40.49620367  
-42.61539715  
-45.30513691  
-50.06953474  
-56.37921127  
-61.57187716  
-61.8503911  
-53.97177969  
-36.91057183  
-12.77369834  
13.46702606  
35.39820986  
47.26614652  
46.00963619  
32.48216062  
11.39226363  
-10.07322306  
-24.52886518  
-26.83947222  
-15.92179808  
4.737330683  
28.0878843  
45.79502803  
51.0925156  
41.2679506  
18.89249471  
-8.727890531  
-31.81951448  
-41.44415271  
-32.72808343  
-6.843190427  
29.06066434  
64.06589802  
87.13879128  
90.93840757  
74.38341516  
43.00004668  
6.901619664  
-22.83918469  
-38.03951526  
-36.01600408  
-20.01640532  
2.566857689  
23.33935282  
36.03161091  
38.33467029  
31.81821981  
20.20983541  
7.047546006  
-6.054280281  
-19.66574995  
-35.26896919  
-53.21874875  
-71.14480961  
-83.83198812  
-84.8962104  
-69.64360961  
-37.81751674  
5.155073804  
49.22352977  
82.8787101  
97.244055  
89.42029465  
63.65341151  
29.77605653  
-0.4857193483  
-17.85489489  
-18.7568582  
-6.232362915  
11.73877949  
25.68912398  
28.41089718  
17.51582184  
-4.064706086  
-29.59781591  
-51.25092378  
-62.79875546  
-61.35246943  
-47.70092139  
-25.48469074  
0.1868844973  
24.04933962  
41.58899746  
49.56204143  
46.35274789  
32.33868144  
10.18252825  
-15.26339086  
-37.77135769  
-51.32926948  
-52.11754237  
-40.10888923  
-19.47945933  
2.59497523  
18.49687522  
23.13906587  
16.08864495  
1.828814171  
-12.09678436  
-18.36392357  
-13.1788644  
1.868366724  
20.30743388  
33.51182005  
34.49420272  
21.10288949  
-2.81804649  
-28.851464  
-47.41037077  
-51.6386507  
-40.12156489  
-17.27614836  
8.653942055  
29.01875679  
38.04585352  
34.59638141  
21.7923338  
4.930204279  
-11.1487819  
-23.91922365  
-33.45761774  
-41.22124374  
-48.1746743  
-53.42408082  
-54.20071709  
-47.2708762  
-31.04178284  
-7.204844897  
19.06821391  
40.66269076  
51.20466845  
47.69532597  
31.86473919  
9.578255774  
-11.47625904  
-24.79957991  
-27.46254512  
-20.84819745  
-9.528673569  
1.084074071  
7.148516606  
7.74844499  
4.663166022  
0.8373027192  
-1.531451424  
