10.48169512  
0.7289128948  
-13.92071291  
-29.04592394  
-40.15766317  
-44.41096952  
-41.46059187  
-33.1942096  
-22.60591616  
-12.43106415  
-4.191083169  
1.984019284  
6.818318257  
11.04791989  
14.78640968  
17.43361092  
18.12569454  
16.4167496  
12.76521456  
8.525395424  
5.431775002  
4.845879716  
7.161727306  
11.667936  
16.91259708  
21.34883411  
23.90889824  
24.22640762  
22.45224599  
18.85561486  
13.52096738  
6.374908548  
-2.450568878  
-12.15942481  
-21.08855639  
-27.01172187  
-27.92650136  
-23.00070043  
-13.19692237  
-1.187786476  
9.508151988  
15.84832455  
16.46175898  
12.14738053  
5.4090432  
-0.7837896547  
-4.43239823  
-5.448580242  
-5.624793495  
-7.625234427  
-13.47205245  
-23.26599393  
-34.79092233  
-44.24316957  
-47.79065574  
-43.26297475  
-31.19362536  
-14.7249817  
1.597915077  
13.61488394  
19.13619313  
18.65000911  
14.88507898  
11.47392749  
11.3400858  
15.51101708  
22.82243753  
30.55546085  
35.6466321  
35.90550519  
30.74239896  
21.18464218  
9.295327662  
-2.658659752  
-12.90237266  
-20.46712003  
-25.10302481  
-26.95626954  
-26.24234233  
-23.08326801  
-17.54429354  
-9.78990036  
-0.2365977011  
10.38114024  
21.04500738  
30.54726932  
37.60921558  
41.02605817  
39.87370346  
33.79382319  
23.29918827  
9.953311065  
-3.752024069  
-14.92227883  
-21.11311425  
-21.23539655  
-16.12146077  
-8.422071029  
-1.745254241  
0.7139017918  
-2.473483276  
-10.23040019  
-19.2425312  
-25.22146421  
-24.70137573  
-16.631901  
-3.062154204  
11.4374171  
21.44246228  
22.7835427  
14.23958454  
-1.885907315  
-20.55129705  
-35.81238786  
-42.9707429  
-40.19349532  
-29.00636288  
-13.53816096  
1.109473857  
10.68529632  
13.11564102  
8.911781381  
0.6361420488  
-8.240431394  
-14.58664413  
-16.51531194  
-13.71132486  
-7.208247174  
1.176774293  
9.485121719  
16.13288788  
20.20991992  
21.5666711  
20.73424564  
18.72042482  
16.71033363  
15.71218693  
16.22500634  
18.04050099  
20.28260752  
21.71733127  
21.24799276  
18.40597693  
13.6137287  
8.07116028  
3.276000821  
0.3655382456  
-0.4299143298  
0.04225630493  
0.1692484601  
-1.741399358  
-6.689205571  
-14.45670946  
-23.56696248  
-31.74381643  
-36.68104786  
-36.80120391  
-31.71089447  
-22.21166124  
-9.927663495  
3.236485004  
15.56158811  
25.74518506  
32.89219019  
36.38923779  
35.8249959  
31.05575756  
22.39009153  
10.76148851  
-2.268508324  
-14.75877459  
-24.83894044  
-31.19380907  
-33.37833848  
-31.82880855  
-27.57559701  
-21.79998347  
-15.44346785  
-9.033831391  
-2.771160358  
3.223113075  
8.668482927  
13.05333033  
15.77731381  
16.42646382  
15.01797915  
12.06351634  
8.398405661  
4.855161539  
1.947871484  
-0.2672190526  
-2.085387302  
-3.86460712  
-5.720542019  
-7.381265962  
-8.291996944  
-7.919722544  
-6.092190415  
-3.177127558  
0.015031595  
2.576506123  
3.930327407  
4.122423875  
3.81633562  
3.975218417  
5.372353801  
8.162568782  
11.72230627  
14.84026775  
16.17484789  
14.77308138  
10.42562745  
3.721458168  
-4.187867304  
-11.97357561  
-18.47817843  
-22.89130371  
-24.73574397  
-23.75827395  
-19.86492117  
-13.19256019  
-4.295881171  
5.680468559  
15.01461525  
21.71391397  
24.08065219  
21.35103795  
14.13577807  
4.428493337  
-4.899109567  
-10.98601693  
-11.95140873  
-7.580889683  
0.5466821927  
9.566224756  
16.30147517  
18.363435  
14.97617297  
7.233317562  
-2.304301002  
-10.52103908  
-14.83955371  
-14.10491851  
-8.949869968  
-1.518319319  
5.346730808  
9.154335429  
8.67248671  
4.358424442  
-1.851005159  
-7.315225963  
-9.744185607  
-8.124760696  
-3.148976831  
3.045673937  
7.744954113  
8.802451102  
5.593996696  
-0.6333617107  
-7.203549748  
-11.10433734  
-10.30413585  
-4.739284732  
3.475667143  
10.75863613  
13.45067068  
9.342889899  
-1.289204065  
-15.59502013  
-29.07771762  
-37.19987983  
-37.04346353  
-28.37382423  
-13.7029241  
2.649091766  
16.09898782  
23.33978954  
23.30347066  
17.24693666  
8.02976094  
-1.043434585  
-7.326874824  
-9.494408446  
-7.614417001  
-2.759383203  
3.568258293  
9.914761173  
15.11004273  
18.28773261  
18.83388736  
16.40985248  
11.09376331  
3.555414191  
-4.895140634  
-12.51187991  
-17.57021806  
-18.92555209  
-16.43266034  
-11.01508823  
-4.319140943  
1.92432338  
6.563326549  
9.42619863  
11.28578843  
13.4061838  
16.87493982  
22.01330803  
28.11239791  
33.5956136  
36.5271673  
35.25784802  
28.96987277  
17.95127308  
3.54932168  
-12.13816075  
-26.71856505  
-37.99179769  
-44.38454984  
-45.27200588  
-41.13406201  
-33.48723964  
-24.55307285  
-16.68482465  
-11.67459502  
-10.154695  
-11.3342464  
-13.23001115  
-13.37324102  
-9.766051432  
-1.721771397  
9.769042242  
22.32928797  
33.05034023  
39.56252379  
40.86278175  
37.53923961  
31.30494844  
24.07635163  
17.05149262  
10.24627027  
2.725293093  
-6.583790894  
-17.90666076  
-29.99290396  
-40.21460053  
-45.4255485  
-43.23681671  
-33.14118184  
-16.95515827  
1.65957907  
18.42275323  
29.9001375  
34.58970785  
33.18988343  
27.9836104  
21.66513581  
16.16681642  
12.00588996  
8.396886989  
3.998633199  
-2.126130237  
-9.836016948  
-17.84709013  
-24.28654582  
-27.56203156  
-27.10015133  
-23.58872325  
-18.61719234  
-13.91034931  
-10.54583003  
-8.538692404  
-6.982879675  
-4.656296288  
-0.7691559545  
4.527154668  
10.12730905  
14.46251689  
16.25406574  
15.16393516  
12.02536595  
8.535568429  
6.539120232  
7.215891025  
10.52475812  
15.14029583  
18.90870246  
19.6383821  
15.91763909  
7.657627737  
-3.822266069  
-16.17303306  
-26.7077671  
-33.16550575  
-34.3088134  
-30.19133085  
-22.04731484  
-11.86786447  
-1.811541331  
6.368899953  
11.71911308  
14.19247282  
14.46418853  
13.53444102  
12.27390422  
11.08569  
9.811447028  
7.912441445  
4.840968815  
0.4332030201  
-4.86055995  
-10.02360333  
-13.79177097  
-15.11162741  
-13.53986048  
-9.409712986  
-3.697591769  
2.340161489  
7.588062242  
11.36380241  
13.47383263  
14.05514106  
13.33638679  
11.48448064  
8.635430931  
5.08030602  
1.458279883  
-1.225293978  
-1.861516462  
0.272433059  
5.008048685  
11.04369493  
16.16975114  
17.96717258  
14.7512258  
6.377153346  
-5.466346849  
-17.66310893  
-26.67243848  
-29.76014141  
-25.97341664  
-16.46559703  
-4.044239979  
7.863227893  
16.39443517  
20.11212756  
19.22659142  
15.1606622  
9.72286394  
4.3030809  
-0.5454269504  
-4.990442625  
-9.399400739  
-13.73786109  
-17.24482857  
-18.59174712  
-16.47981909  
-10.39528029  
-1.141053231  
9.157744064  
17.64770799  
21.74153025  
20.11762171  
13.30091975  
3.553984438  
-5.916909127  
-12.15460103  
-13.58178898  
-10.61767812  
-5.516417869  
-1.463818359  
-1.26266391  
-6.112767433  
-14.97603127  
-24.81107452  
-31.63431155  
-32.03932273  
-24.60480087  
-10.63147178  
6.122822768  
20.66772835  
28.54424537  
27.47095041  
18.22894076  
4.411170288  
-8.901910284  
-17.04854699  
-17.53112779  
-10.90567472  
-0.453515406  
9.232175489  
14.16267405  
12.58016779  
5.624535751  
-3.2197678  
-9.635406595  
-10.27970864  
-4.115717432  
7.26996527  
20.43591355  
31.53351723  
37.7520058  
38.13296878  
33.47182596  
25.485377  
15.77149865  
5.147675061  
-6.292507342  
-18.49346652  
-30.58759634  
-40.47257515  
-45.202565  
-42.14253205  
-30.38348059  
-11.69405701  
9.577047549  
27.77501441  
37.95190326  
37.78213321  
28.52067087  
14.5269646  
1.503060258  
-5.825266807  
-5.592195154  
0.5658222125  
8.367415772  
