33.63042795  
32.82604567  
27.76794197  
20.04802799  
11.7902944  
4.981870541  
0.9447916335  
0.1272820071  
2.226538115  
6.499142778  
12.05289423  
17.97252199  
23.2723003  
26.80622373  
27.31567976  
23.72156995  
15.60708614  
3.678283018  
-10.07214077  
-22.68696961  
-31.0368504  
-32.8364796  
-27.49706631  
-16.45444286  
-2.804963337  
9.641592235  
17.54669177  
19.0315003  
14.13049441  
4.601371265  
-6.763498797  
-17.01497854  
-23.79277175  
-25.74279119  
-22.59041251  
-14.99248915  
-4.32363754  
7.518236369  
18.31032238  
25.79638937  
28.12870671  
24.40273244  
15.09737561  
2.179859909  
-11.28582364  
-21.9928079  
-27.44572473  
-26.81370364  
-21.21128247  
-13.24765736  
-5.991641892  
-1.762770573  
-1.253350716  
-3.354811206  
-5.760654433  
-6.077337139  
-2.951674812  
3.279590869  
10.69587688  
16.59412827  
18.62374838  
15.76002226  
8.711474072  
-0.3802937367  
-8.781986471  
-14.17031493  
-15.38213439  
-12.64961139  
-7.302844617  
-1.143237677  
4.20808404  
7.732217288  
9.104375  
8.523994696  
6.451041389  
3.407221154  
-0.09085417509  
-3.510143986  
-6.294383453  
-7.952293337  
-8.235633278  
-7.311013177  
-5.795486923  
-4.575525347  
-4.442646856  
-5.694019122  
-7.897015097  
-9.966125716  
-10.56522543  
-8.690273039  
-4.18502457  
2.049547364  
8.271701542  
12.47898274  
13.1307922  
9.726688567  
3.012185124  
-5.261279167  
-12.9150525  
-18.02590104  
-19.4562287  
-17.06099927  
-11.54826194  
-4.110107302  
3.987155  
11.6852126  
18.21280564  
23.00013593  
25.54685016  
25.37072305  
22.10520996  
15.71850754  
6.744821403  
-3.610119938  
-13.58908673  
-21.23877405  
-24.90956639  
-23.73810905  
-17.94230359  
-8.814378301  
1.601679671  
11.05462873  
17.68408993  
20.48659105  
19.51146354  
15.73952546  
10.70286567  
5.983906313  
2.761745767  
1.544349456  
2.148775777  
3.900443409  
5.947528215  
7.559275738  
8.301815776  
8.051187709  
6.880278332  
4.909015574  
2.215021654  
-1.14053979  
-4.986722941  
-8.895904869  
-12.12258904  
-13.70627389  
-12.74467269  
-8.755566913  
-1.984996691  
6.485683642  
14.91940668  
21.36918709  
24.25873605  
22.89749955  
17.73550559  
10.24417802  
2.443109167  
-3.774628056  
-7.281448082  
-8.082719368  
-7.267616431  
-6.547537399  
-7.543501266  
-11.08653998  
-16.80401922  
-23.16903228  
-28.0196575  
-29.37178222  
-26.22200195  
-19.02185314  
-9.613682601  
-0.6197637616  
5.505648791  
7.403148378  
5.342625935  
1.132763253  
-2.585151246  
-3.397115456  
-0.1107369064  
6.72490352  
15.00051061  
21.86996169  
24.88571656  
22.97768902  
16.86501058  
8.727272085  
1.277846984  
-3.359237352  
-4.481735648  
-2.992847921  
-0.8660356996  
-0.1422285743  
-1.919363213  
-5.796946901  
-10.03173876  
-12.33843596  
-10.97685781  
-5.63647179  
2.281599193  
10.11876229  
14.9603014  
14.76202925  
9.135741611  
-0.5148427427  
-11.53439854  
-20.98303672  
-26.62781267  
-27.58454379  
-24.41426347  
-18.71665117  
-12.45033218  
-7.273415979  
-4.1301326  
-3.161937978  
-3.876584285  
-5.431390301  
-6.896941357  
-7.438013874  
-6.423786766  
-3.514366457  
1.249126416  
7.373706904  
13.92392  
19.66575308  
23.34504708  
24.02777588  
21.38285579  
15.79771107  
8.282373416  
0.205732535  
-7.028092733  
-12.24820642  
-14.66462797  
-13.90374584  
-9.993196243  
-3.357897854  
5.159472121  
14.3039262  
22.52029629  
28.22167986  
30.18043384  
27.91673267  
21.91838594  
13.5678205  
4.767377536  
-2.610820685  
-7.241732922  
-8.63751502  
-7.127258526  
-3.590153189  
0.8890085667  
5.267704137  
8.618614402  
10.08793626  
8.891921911  
4.487162571  
-3.080256996  
-12.81194405  
-22.64886751  
-29.83630577  
-31.77332581  
-27.08183942  
-16.4308848  
-2.65959009  
10.00750849  
17.45523731  
17.3132943  
10.01745631  
-1.235994796  
-11.71592722  
-17.09798249  
-15.29472962  
-7.349286971  
3.042019229  
11.19719514  
13.56756255  
9.341031385  
0.782445492  
-7.855778646  
-12.34898868  
-10.49564741  
-3.150033789  
6.195813789  
13.07871401  
14.18033617  
8.880987909  
-0.4853852879  
-9.78139202  
-15.04988795  
-14.36398141  
-8.653368087  
-1.128361047  
4.38860868  
5.385057028  
1.884693052  
-3.613665058  
-7.434868361  
-6.60598266  
-0.3840623941  
9.309450018  
18.74113383  
24.06804205  
23.05443098  
15.98893054  
5.409066963  
-5.164428794  
-12.81043991  
-16.32191287  
-16.35205174  
-14.6172878  
-12.6684642  
-10.93900224  
-8.595722923  
-4.257095929  
2.844486111  
11.93753488  
20.59671265  
25.59190559  
24.34240624  
16.27568173  
3.398922816  
-10.25204649  
-20.09162953  
-22.75563317  
-17.3904794  
-5.913779652  
7.826910632  
19.58227832  
26.22983351  
26.67683825  
21.85033584  
13.9234919  
5.243890154  
-2.513032897  
-8.641985756  
-13.16337876  
-16.31610625  
-18.1522863  
-18.46948882  
-17.069175  
-14.11597931  
-10.31366994  
-6.736544333  
-4.378767757  
-3.673090405  
-4.269270382  
-5.226334199  
-5.537067658  
-4.703930225  
-3.039742083  
-1.506619903  
-1.160027216  
-2.491999915  
-5.040359416  
-7.501564793  
-8.318620974  
-6.453134048  
-1.937499139  
4.094831648  
9.933229187  
14.10422284  
16.05021844  
16.30876578  
16.09055739  
16.4786137  
17.68757474  
18.8071683  
18.20929389  
14.44443174  
7.174519544  
-2.361647225  
-11.6433778  
-17.8397504  
-19.02399257  
-15.0517362  
-7.666903419  
0.2343393917  
5.842175043  
7.586520053  
5.660345125  
1.681314851  
-2.307652714  
-4.967451556  
-6.327172461  
-7.630755579  
-10.44157773  
-15.47776037  
-21.81781931  
-26.95591502  
-27.77314981  
-22.02175199  
-9.626584892  
6.855540448  
22.92062302  
33.72744417  
35.97621378  
29.24919971  
16.22175294  
1.636728948  
-9.529918214  
-13.93978042  
-11.02646313  
-2.958044813  
6.490589965  
13.61178097  
16.2373537  
14.3947175  
9.930583768  
5.357670806  
2.512815702  
1.665379148  
1.475298325  
-0.2090472854  
-5.111249186  
-13.43787331  
-23.45664071  
-31.9553086  
-35.40786665  
-31.37231842  
-19.55104637  
-2.089078844  
17.00627701  
33.10125483  
42.37066557  
42.92872475  
35.29315716  
22.07711679  
7.070397982  
-5.946382862  
-14.26500786  
-16.88468788  
-14.57997422  
-9.445712359  
-4.106667404  
-0.8506069961  
-0.9381191741  
-4.272877856  
-9.507446494  
-14.53745473  
-17.22810034  
-16.14733074  
-11.07135543  
-3.09079849  
5.730013907  
13.0367558  
16.97882269  
16.82776134  
13.18672628  
7.705379947  
2.407004576  
-1.105248606  
-2.238467677  
-1.550049916  
-0.3792094439  
-0.133346653  
-1.552020046  
-4.290928975  
-7.033729424  
-8.102314201  
-6.301095134  
-1.605666076  
4.644244885  
10.17819092  
12.70339977  
10.90942981  
5.12427392  
-2.690679706  
-9.640202754  
-13.01887214  
-11.39469411  
-5.195651596  
3.451009459  
11.55949061  
16.45126806  
16.7607227  
12.8755299  
6.660286815  
0.6188339788  
-3.12345738  
-3.5887726  
-1.179370048  
2.660595795  
6.14289928  
7.855527949  
7.206477088  
4.460000642  
0.4384490119  
-3.900092762  
-7.786055955  
-10.74628864  
-12.52657918  
-12.966178  
-11.96776021  
-9.613490958  
-6.349007473  
-3.072837839  
-0.989203684  
-1.203705642  
-4.202263758  
-9.462737862  
-15.43420696  
-19.9746145  
-21.12265517  
-17.9015232  
-10.80220576  
-1.70902629  
6.735859228  
12.08616597  
12.97550982  
9.572585159  
3.434452628  
-3.155389371  
-8.066396411  
-10.05083095  
-9.05249733  
-6.029461449  
-2.437515625  
0.3587003572  
1.498874655  
0.7473126537  
-1.634388217  
-5.109368307  
-9.028042931  
-12.66654108  
-15.19472126  
-15.69645557  
-13.34041219  
-7.6956447  
0.9363055287  
11.36245727  
21.65923849  
29.6622724  
