19.06899405  
7.539148802  
-7.467505497  
-21.01010768  
-29.34708253  
-31.29129849  
-28.31888975  
-23.47354108  
-19.66609599  
-18.22476623  
-18.38747665  
-17.9375232  
-14.6072237  
-7.500229711  
2.214223694  
11.7041058  
17.78610469  
18.49438634  
14.11740281  
7.167086338  
1.266313393  
-0.5284457721  
2.831532201  
9.876635959  
17.2935224  
21.47317183  
20.20522604  
13.72196528  
4.604145701  
-3.402364709  
-7.100723375  
-5.289378922  
0.7248439139  
7.769140251  
12.29053057  
11.9919854  
6.873691859  
-0.7782915671  
-7.42613394  
-9.852314707  
-6.563622659  
1.574712633  
11.71295236  
20.18760733  
23.95175303  
21.65614541  
13.97306668  
3.112686264  
-8.170496103  
-17.6027929  
-24.01727407  
-27.38397261  
-28.34350094  
-27.56066582  
-25.25946577  
-21.17115963  
-14.89270407  
-6.43656897  
3.350091743  
12.76004418  
19.67261754  
22.3226006  
20.0754032  
13.85945143  
6.024945034  
-0.3804881376  
-2.688463659  
0.3509141478  
7.97485164  
17.52265949  
25.27203099  
27.73412828  
22.95401394  
11.33080027  
-4.375222993  
-19.89238704  
-30.86464175  
-34.34298246  
-29.78338263  
-19.16675003  
-6.188966468  
5.164211107  
12.09401886  
13.92804858  
12.15453224  
9.559747496  
8.856780284  
11.40700508  
16.59069923  
22.09324498  
24.96570788  
22.9757382  
15.64070572  
4.486175493  
-7.568852564  
-17.40364166  
-22.91372665  
-23.71386301  
-21.04299563  
-16.97314417  
-13.3457646  
-10.96661853  
-9.434066459  
-7.641525279  
-4.647773963  
-0.4278672754  
3.913630421  
6.598868849  
6.081418413  
1.935370188  
-4.740597191  
-11.64049356  
-16.1692938  
-16.54267142  
-12.55467677  
-5.660576987  
1.649240593  
6.873448029  
8.439996009  
6.150330284  
0.9864018358  
-5.539121585  
-12.09828803  
-17.94937026  
-22.85800656  
-26.66776561  
-28.85969105  
-28.4468021  
-24.3456268  
-16.0645771  
-4.318288701  
8.841746165  
20.57214513  
28.2943526  
30.79485253  
28.8137725  
24.76885212  
21.66534758  
21.65845119  
24.94655858  
29.56191714  
32.22256737  
29.90206299  
21.40286393  
8.177293857  
-6.042092829  
-16.69810826  
-20.33451854  
-16.13450412  
-6.368431144  
4.474809197  
11.51100528  
11.45325173  
3.919648742  
-8.483163184  
-21.29591549  
-30.03127197  
-31.89013177  
-26.66809632  
-16.54888745  
-4.982117697  
4.785453071  
10.87041468  
13.16287475  
12.93045851  
11.9220081  
11.45350424  
11.88562522  
12.65324968  
12.71934847  
11.15214477  
7.529376812  
2.029548773  
-4.73150129  
-11.93679837  
-18.70718283  
-24.0963394  
-27.04182758  
-26.43589695  
-21.41916448  
-11.83926969  
1.341319827  
15.95922054  
29.05201383  
37.69003983  
39.94398888  
35.57773657  
26.13424492  
14.33619882  
3.036437943  
-5.825918056  
-11.79866833  
-15.76719941  
-19.17581641  
-23.01763803  
-27.11033305  
-30.038044  
-29.81367389  
-24.95206286  
-15.42392056  
-2.994012894  
9.273640416  
18.16853233  
21.64515833  
19.69959788  
14.39589073  
9.002622996  
6.597200945  
8.734834518  
14.75228526  
21.99970167  
26.8955847  
26.35876576  
19.03160053  
5.823456359  
-10.39790513  
-25.79073261  
-36.78254067  
-41.10451961  
-38.29342899  
-29.58324299  
-17.34167663  
-4.330397583  
6.948644171  
14.67429208  
17.88487218  
16.49172688  
11.20852288  
3.424902437  
-5.005680593  
-12.10324697  
-16.21123809  
-16.45772537  
-13.06181971  
-7.326250083  
-1.254606806  
3.117999714  
4.453155426  
2.615386165  
-1.259667122  
-5.185373463  
-7.084453468  
-5.594820085  
-0.6008035568  
6.724898601  
14.38448569  
20.33452849  
23.26406287  
23.05802885  
20.76257636  
18.07490659  
16.57179266  
16.99690257  
18.90143009  
20.79117966  
20.73078958  
17.17297194  
9.686897413  
-0.7081587599  
-11.75489725  
-20.66130835  
-25.0551434  
-23.84575586  
-17.67338969  
-8.766672362  
-0.2405280256  
4.929293204  
4.897132055  
-0.4473355014  
-9.474187842  
-19.4050587  
-27.28186411  
-30.95584909  
-29.74226022  
-24.51894439  
-17.26558157  
-10.25107304  
-5.201601375  
-2.767854145  
-2.470813066  
-3.099655088  
-3.353607945  
-2.435237511  
-0.3490692388  
2.193183889  
4.178706149  
4.799752563  
3.821788598  
1.661343965  
-0.832827424  
-2.763661064  
-3.540304402  
-3.044313071  
-1.558705793  
0.4665223904  
2.663582234  
4.874684808  
7.105645236  
9.362871297  
11.50151109  
13.20639597  
14.14390625  
14.21040916  
13.72391435  
13.41006236  
14.12696301  
16.41605263  
20.0807203  
24.02215933  
26.4714097  
25.58514227  
20.19379622  
10.39249157  
-2.299179404  
-15.31881439  
-25.87042107  
-31.85868144  
-32.58247162  
-28.91023024  
-22.87137916  
-16.83517945  
-12.61453337  
-10.8519783  
-10.91567447  
-11.31137814  
-10.40318086  
-7.120338201  
-1.357418028  
6.07148814  
13.85857677  
20.78131412  
26.15561571  
29.96453728  
32.62658802  
34.54342381  
35.66883537  
35.33049018  
32.41783595  
25.87967094  
15.32878693  
1.49055268  
-13.71855492  
-27.55604011  
-37.16734396  
-40.41721772  
-36.55943956  
-26.5161292  
-12.66997824  
1.768186022  
13.61872895  
20.55635782  
21.65442286  
17.50345589  
9.892978217  
1.179688786  
-6.446563871  
-11.56669504  
-13.82946253  
-13.87257611  
-12.92703165  
-12.26683221  
-12.71094378  
-14.35322076  
-16.60310101  
-18.49624412  
-19.13245881  
-18.0534784  
-15.40919982  
-11.85688102  
-8.257232766  
-5.317335028  
-3.347161405  
-2.233184362  
-1.620912298  
-1.190621061  
-0.8618462301  
-0.7988688128  
-1.199707681  
-1.97797951  
-2.530830058  
-1.771083853  
1.510332479  
8.05399432  
17.55797645  
28.40924123  
37.91853992  
43.05976564  
41.48925198  
32.47026025  
17.32439294  
-0.806847993  
-17.84618419  
-30.00723503  
-34.92137339  
-32.2587349  
-23.64142872  
-11.92663682  
-0.1764454877  
9.273385984  
15.31502611  
18.02384656  
18.19350417  
16.73853117  
14.26248288  
10.95998933  
6.821573605  
1.950682843  
-3.240900798  
-8.09987855  
-12.0300074  
-14.83643988  
-16.88316219  
-18.91938369  
-21.61821071  
-25.0513872  
-28.40166152  
-30.12982839  
-28.59874321  
-22.91045703  
-13.56177937  
-2.555974174  
7.172358867  
12.84843534  
13.02821174  
8.330793882  
1.364966659  
-4.18383614  
-4.972589167  
0.6473102818  
11.91091775  
25.86535126  
38.45503335  
46.02112723  
46.60102441  
40.51425319  
30.03924053  
18.37695959  
8.386096953  
1.635077836  
-1.868320617  
-3.240798154  
-3.875389034  
-4.636533603  
-5.490807567  
-5.715855357  
-4.527937519  
-1.757496494  
1.812079059  
4.648503821  
5.140122496  
2.40971078  
-3.135274659  
-9.81035064  
-15.25621687  
-17.39161348  
-15.30323261  
-9.675789478  
-2.563330352  
3.414254165  
6.117743356  
4.747162963  
0.163348123  
-5.451878996  
-9.455415812  
-9.7808416  
-5.757953858  
1.587257147  
9.849960957  
16.05598108  
17.67404066  
13.48700068  
4.039676974  
-8.472857455  
-20.83548911  
-29.76271034  
-32.8768258  
-29.41460711  
-20.44343246  
-8.514681528  
3.141223309  
11.62175523  
15.22764559  
13.90965272  
9.132914083  
3.217665047  
-1.587274263  
-3.933787216  
-3.78150272  
-2.231502658  
-0.8801942983  
-0.9941761503  
-2.883549858  
-5.757193489  
-8.117934564  
-8.500318008  
-6.192538659  
-1.592655183  
3.968463253  
8.841887465  
11.79850917  
12.51768363  
11.58627271  
10.02781437  
8.635182132  
7.492462121  
5.974824018  
3.25426669  
-0.958053867  
-5.869864708  
-9.64280042  
-10.10116601  
-5.84469604  
2.771838379  
13.34250352  
22.07531642  
25.24544541  
20.84961764  
9.704865915  
-4.580985332  
-16.8657643  
-22.49507503  
-19.24756519  
-8.346082569  
5.942216851  
17.98292576  
