56.00047072  
54.03223282  
35.97526802  
7.510633211  
-22.67383052  
-46.11366044  
-57.52457459  
-56.33267438  
-46.26562236  
-33.32207026  
-23.0865263  
-18.5545488  
-19.31504095  
-22.27779803  
-23.44773097  
-19.84433405  
-10.70306246  
2.478036694  
16.89961856  
29.83058736  
39.66759683  
46.21204272  
50.14895087  
52.13595564  
52.0867418  
49.08488164  
41.98530431  
30.35925994  
15.23019203  
-0.860840712  
-14.57813734  
-23.00784238  
-24.80296512  
-20.70935522  
-13.21714016  
-5.504492859  
-0.1769122671  
1.613835428  
0.2963456007  
-2.731024678  
-6.063144356  
-9.060754859  
-12.02134077  
-15.68616465  
-20.3984495  
-25.43675315  
-28.96866131  
-28.74325022  
-23.2305406  
-12.63864384  
0.7526605816  
13.20311017  
20.87457282  
21.37043748  
14.7589486  
3.60181303  
-8.042982139  
-16.20726444  
-18.4860268  
-14.76512121  
-6.931758369  
2.222587445  
10.33386033  
16.38443254  
20.80299502  
24.77045663  
29.15702782  
33.68921575  
36.80933973  
36.32186123  
30.5092008  
19.15276671  
3.934943513  
-12.00131668  
-25.14894339  
-32.89186091  
-34.35648804  
-30.50662233  
-23.49751001  
-15.64712084  
-8.533366663  
-2.618146907  
2.494749339  
7.387404774  
12.14955734  
16.07021278  
17.8499779  
16.19754408  
10.47780974  
1.072627788  
-10.71023688  
-23.09349432  
-34.38021317  
-43.30678358  
-49.05784466  
-51.029264  
-48.59211646  
-41.11474735  
-28.33228801  
-10.90417087  
9.183316012  
28.71317177  
43.9692004  
51.91611017  
51.36509331  
43.5860627  
32.0142596  
21.07795663  
14.5754685  
14.25868415  
19.22128759  
26.35618919  
31.68802023  
32.01208632  
26.14996704  
15.31924902  
2.516100795  
-8.762250046  
-15.86949903  
-17.86889509  
-15.60075446  
-11.03991569  
-6.327520742  
-2.95525919  
-1.43646823  
-1.512903126  
-2.670681214  
-4.613654337  
-7.416658013  
-11.30098337  
-16.21100594  
-21.49335605  
-25.92620092  
-28.14459153  
-27.27459964  
-23.4462896  
-17.88712313  
-12.48919596  
-9.00266863  
-8.205351701  
-9.434261157  
-10.72094442  
-9.512977313  
-3.708831243  
7.403529192  
22.67743372  
39.29385303  
53.53818143  
61.89183475  
62.07109695  
53.68971714  
38.36850026  
19.29442992  
0.3835292508  
-14.71230758  
-23.49833225  
-25.21142972  
-20.93484229  
-13.21401311  
-5.256078315  
0.08257990725  
1.226313789  
-1.583225806  
-6.363934163  
-10.11487118  
-9.97637225  
-4.428471769  
5.932362889  
18.37701274  
28.85210856  
33.34960183  
29.33192691  
16.66107567  
-2.336212022  
-23.68978335  
-43.15528569  
-57.57217084  
-65.67263127  
-68.05719065  
-66.42637364  
-62.48214747  
-57.03999076  
-49.76801092  
-39.65249473  
-25.93114497  
-9.003303451  
9.170354882  
25.43014706  
36.4354136  
39.91802568  
35.62670696  
25.53831078  
13.22201565  
2.601787738  
-3.388611755  
-3.729733832  
0.5214132758  
6.851175678  
12.4009214  
15.10633372  
14.42611322  
11.41855677  
8.196334753  
7.02263041  
9.414801947  
15.57680944  
24.32407619  
33.47399356  
40.52527853  
43.38634724  
40.93719601  
33.29199165  
21.72943117  
8.341554415  
-4.492571005  
-14.67667895  
-20.87626876  
-22.79231622  
-21.15924905  
-17.46363736  
-13.46048112  
-10.63129175  
-9.756850215  
-10.74602646  
-12.77432914  
-14.67202966  
-15.4058483  
-14.46420234  
-11.99886631  
-8.681444059  
-5.353775522  
-2.634632815  
-0.6563314774  
0.9629466309  
2.912526878  
5.851736921  
10.0926638  
15.43139003  
21.18134637  
26.37330938  
30.02939391  
31.41152208  
30.18260939  
26.47147639  
20.86386404  
14.33937913  
8.145984839  
3.581969828  
1.670145223  
2.768526645  
6.241422005  
10.3653009  
12.61749759  
10.37774202  
1.891839283  
-12.81829034  
-31.48080899  
-49.82900386  
-62.64130014  
-65.31625565  
-55.48050051  
-34.0462134  
-5.275891011  
24.25383928  
47.49920422  
59.00350722  
56.46176233  
41.26876  
17.89247636  
-7.658931052  
-29.69816322  
-44.39085814  
-50.47824562  
-49.05851085  
-42.65891394  
-34.06548496  
-25.39275202  
-17.69122484  
-11.1053155  
-5.349826957  
-0.1753342376  
4.426977476  
8.333300032  
11.55812759  
14.44206716  
17.5684568  
21.39842351  
25.81108178  
29.83857109  
31.82804305  
30.06110772  
23.61112164  
13.04826499  
0.6094347743  
-10.35031855  
-16.49431472  
-15.81149526  
-8.554268463  
2.62454329  
13.46089131  
19.54370243  
17.91623367  
8.205111034  
-7.158183666  
-23.71022064  
-36.43398439  
-41.40234695  
-37.01136879  
-24.41061916  
-7.047288212  
10.4516687  
23.64437592  
29.44953614  
26.82170028  
16.81588559  
2.118817706  
-13.75451209  
-27.36357229  
-36.13216245  
-38.86631042  
-35.90409885  
-28.87058594  
-20.09681827  
-11.85587388  
-5.647237764  
-1.778614249  
0.5821484566  
2.877771498  
6.351774811  
11.30439828  
16.77486343  
20.85422703  
21.5564398  
17.89381185  
10.65536444  
2.463050639  
-3.029138278  
-2.538238215  
5.406464259  
19.62427479  
36.46926658  
51.03749648  
58.93888205  
57.90750848  
48.57637165  
34.09683545  
18.78895476  
6.429313834  
-1.074432939  
-4.077900082  
-4.568898477  
-4.896262855  
-6.522229315  
-9.406865252  
-12.28219677  
-13.60451538  
-12.62896896  
-10.00109624  
-7.530769448  
-7.260533679  
-10.32895424  
-16.25561465  
-23.06416197  
-28.22261166  
-29.93588565  
-28.11570648  
-24.49145409  
-21.75455092  
-22.13379583  
-26.11705474  
-31.99625399  
-36.51986987  
-36.38289745  
-29.84501374  
-17.67307013  
-2.914428646  
10.42303787  
19.15997336  
22.33138577  
21.48195168  
19.71921589  
19.99761665  
23.50532985  
28.99162771  
33.4115353  
33.59704238  
28.12244481  
18.3920711  
8.3261625  
2.69662603  
4.845671968  
14.86880949  
29.17821891  
41.74719446  
46.5539353  
40.16435936  
23.29612959  
0.6437900978  
-20.98116849  
-35.38796803  
-39.42805809  
-34.0620041  
-23.65156156  
-13.85065342  
-9.073010545  
-10.66321078  
-16.53938009  
-22.39045527  
-23.81948132  
-18.43684582  
-6.979424436  
6.992210552  
18.62287253  
23.80265364  
20.82782973  
11.01199017  
-1.937016057  
-13.43496196  
-19.76173537  
-19.32743699  
-13.02828351  
-3.659623614  
5.284087633  
10.90724134  
11.83426758  
8.486029638  
2.710607463  
-3.016288123  
-6.503393538  
-6.568083808  
-3.371967634  
1.699201603  
6.55143212  
9.131339662  
8.18168016  
3.760577115  
-2.67049127  
-8.667605324  
-11.6432026  
-9.860943467  
-3.224112496  
6.478106089  
16.02981379  
21.84918956  
21.2883308  
13.67356244  
0.6516944352  
-14.33905196  
-27.30352104  
-35.16166965  
-36.87398973  
-33.76429298  
-28.90537999  
-25.81600496  
-26.99805365  
-32.90065061  
-41.7146375  
-50.05544731  
-54.23868318  
-51.63398087  
-41.58296977  
-25.56988776  
-6.639148472  
11.66584362  
26.4244581  
36.12967311  
40.92173957  
42.25780287  
42.19734029  
42.57990057  
44.3676969  
47.34476731  
50.24730123  
51.27570112  
48.83401847  
42.26633461  
32.33383578  
21.22017192  
11.97874368  
7.527404693  
9.497553935  
17.37192289  
28.32006557  
37.93020064  
41.69587521  
36.76751617  
23.28347979  
4.66742929  
-13.36805748  
-24.85557335  
-25.91813255  
-16.48980968  
-0.6494612217  
14.67765649  
22.23320293  
17.2077944  
-0.8121832013  
-27.53472812  
-55.44192256  
-76.48497312  
-84.92668215  
-79.21910749  
-62.22514639  
-39.7953269  
-18.38172881  
-2.7205653  
5.497390736  
7.55389868  
6.460135704  
5.264089805  
5.742195427  
8.018097852  
11.12413865  
14.03139375  
16.46959719  
19.03176014  
22.509054  
26.88330569  
30.65242568  
31.03604064  
25.15031723  
11.68458109  
-7.755147814  
-28.43443963  
-43.75203784  
-47.63336187  
-37.12101157  
-14.02597413  
15.18777424  
41.39783921  
