-10.06653536  
-29.41576623  
-49.24572532  
-63.07992994  
-65.67757792  
-55.18438234  
-34.04059056  
-8.152374239  
15.41017043  
31.23717593  
37.69518863  
37.3797799  
35.68110627  
38.09270911  
47.48159005  
62.57431115  
78.37351922  
88.34127827  
87.37523783  
74.23122208  
52.28921251  
28.30241214  
9.676420863  
1.47336823  
4.443411616  
14.90383841  
26.45479837  
32.72047326  
29.89885401  
18.05714581  
0.7308190471  
-16.83931764  
-29.92467451  
-35.9639264  
-35.00394641  
-28.92370148  
-20.0267621  
-9.844864124  
1.20164718  
13.16442997  
25.40404351  
35.68617455  
40.22475853  
34.88193145  
17.10723129  
-12.26783209  
-48.31926121  
-82.94510734  
-107.248625  
-114.5567009  
-102.8869368  
-75.83056035  
-41.418699  
-9.347838149  
12.39062533  
20.1843169  
15.76245922  
5.116775974  
-4.139132905  
-5.894117134  
2.087198837  
17.43626472  
34.31380847  
45.88175129  
47.09251915  
36.69393439  
17.7032732  
-3.773952551  
-20.86202721  
-28.44601091  
-24.95617727  
-12.77728246  
2.799489277  
15.62124284  
20.91505255  
16.90529436  
5.266338591  
-9.674692823  
-22.61334419  
-29.16958564  
-27.33282161  
-17.990222  
-4.440215671  
8.843750186  
17.70577301  
19.53664938  
13.8831505  
2.346771523  
-12.06385666  
-25.82074652  
-35.69851983  
-39.3503471  
-35.61394766  
-24.63631022  
-7.912647549  
11.74962685  
30.44008215  
43.67450739  
47.31965835  
38.79992515  
18.25213327  
-10.84526451  
-41.98789105  
-67.05703414  
-78.56215813  
-72.05679063  
-47.87264635  
-11.44655254  
28.04159777  
60.38763312  
77.55912633  
76.24574586  
58.8251261  
32.36770952  
6.041653694  
-12.1138366  
-17.83897565  
-11.76623251  
1.343538597  
14.83322947  
22.88248325  
22.63160241  
14.90762907  
3.392898859  
-7.263649594  
-13.49443324  
-14.13593848  
-10.54347825  
-5.592336989  
-2.146954854  
-1.75442121  
-4.130928398  
-7.571104538  
-9.955860315  
-9.783836571  
-6.71676426  
-1.446555278  
4.916292092  
11.48863114  
17.87520942  
23.90041429  
29.02943938  
31.93474146  
30.62557642  
23.25301057  
9.278050167  
-9.60769107  
-29.41578287  
-44.90453972  
-51.4451545  
-46.95019382  
-32.9609115  
-14.2814918  
2.825027718  
13.18822785  
14.93404026  
10.33152976  
4.834603671  
4.67237672  
14.00825068  
32.91322555  
57.05757476  
79.27096297  
92.29559021  
91.54249275  
76.68990276  
51.5177556  
22.17735366  
-5.223939898  
-26.61157593  
-40.6955746  
-48.34291051  
-51.12072509  
-49.93072753  
-44.5249277  
-34.15182633  
-18.91009765  
-0.9516402934  
15.30098495  
24.26855283  
21.30648451  
4.857533196  
-22.3732592  
-53.87105251  
-81.31473354  
-97.34316117  
-97.94231695  
-83.49045515  
-58.11516775  
-27.77679095  
1.977793049  
27.58625618  
47.7875231  
62.77882196  
72.88668111  
77.61777964  
75.67673357  
65.9459874  
48.83949394  
27.17387933  
5.902501114  
-9.376042843  
-14.56818858  
-8.930688716  
4.291007867  
18.82239112  
27.59372137  
25.34265098  
10.51066563  
-14.32598958  
-43.60195617  
-70.92598887  
-91.31143891  
-102.5792494  
-105.4748817  
-102.6385768  
-97.03573601  
-90.59781627  
-83.61536292  
-75.00610324  
-63.17651192  
-46.99124194  
-26.41761551  
-2.655224783  
22.17691689  
45.56468684  
65.11481945  
78.95569814  
86.03471683  
86.3488583  
81.07768534  
72.49557789  
63.52930069  
56.95107432  
54.41638215  
55.74005921  
58.82019779  
60.39506633  
57.43293538  
48.58810382  
35.02237197  
20.1055262  
8.011954485  
1.794547892  
1.852213815  
5.603829604  
8.649017986  
6.957758524  
-0.9401242798  
-12.89602272  
-23.87036958  
-28.25237607  
-22.74739984  
-8.426990238  
9.168754332  
22.11190381  
23.52973514  
10.86022946  
-12.64170015  
-38.96786471  
-58.62834995  
-64.71070015  
-55.88182434  
-36.93133545  
-16.57370742  
-3.502813524  
-2.514993818  
-12.48602499  
-27.10935635  
-38.00067661  
-38.6628391  
-27.43361223  
-8.06372045  
12.25584458  
26.3709783  
30.40970877  
25.23965402  
15.52408516  
6.984845875  
3.359842171  
4.647574556  
7.512275292  
7.564655773  
2.231938699  
-7.391005029  
-16.79084135  
-20.35228157  
-14.58483123  
-0.5466067837  
15.92467348  
26.50527587  
24.25343062  
7.243324482  
-19.84222174  
-47.07405611  
-63.14227677  
-60.08208101  
-36.77648743  
0.3290363834  
39.62408376  
68.79527944  
79.42986167  
69.85362124  
45.1539119  
14.61363297  
-12.13754095  
-28.53434132  
-32.72346312  
-27.06425406  
-16.09972543  
-4.196325773  
6.017159685  
13.88591533  
19.88210244  
24.44084023  
27.26833525  
27.49271354  
24.43914472  
18.41502041  
10.90763308  
3.999755688  
-0.6631629665  
-2.692032696  
-2.987601627  
-2.885730261  
-2.897664594  
-1.870108116  
2.743024709  
13.39341028  
30.37776534  
50.33583436  
66.35602563  
70.05270868  
54.98488356  
19.97927075  
-29.26271794  
-81.28377531  
-122.5591186  
-142.3910453  
-136.9880846  
-110.9405298  
-75.37149117  
-43.4774984  
-25.32535441  
-24.10158745  
-35.36203621  
-49.48846266  
-56.15295486  
-48.75169624  
-26.88219855  
4.082389384  
35.89906189  
61.30819913  
76.9657836  
84.15034441  
87.09757319  
89.99238451  
94.2644888  
97.61533612  
95.27333218  
82.81690604  
59.08723945  
27.64802144  
-4.048183746  
-27.499376  
-36.71585024  
-30.84010813  
-14.57773839  
3.798285229  
15.9811494  
17.11291031  
7.662810745  
-7.099984506  
-19.74131187  
-24.1691229  
-18.42677467  
-5.560086419  
7.753399829  
14.12808192  
8.617089765  
-9.268068668  
-35.44811904  
-62.98850328  
-84.78761185  
-96.06267623  
-95.66637471  
-85.86572476  
-70.89961836  
-55.08936733  
-41.33543955  
-30.52183885  
-21.86607411  
-13.84074363  
-5.135826937  
4.751847628  
15.42913624  
25.87367207  
34.79575021  
40.90388242  
43.05614285  
40.4241291  
32.79851876  
21.02321254  
7.343607378  
-4.652483173  
-10.73845499  
-7.351930625  
6.900882716  
30.17671861  
57.36255781  
81.33203804  
95.20256256  
94.81010262  
80.40865136  
56.81629936  
31.81057869  
13.30309356  
6.371468679  
11.3486998  
23.77914259  
36.29549185  
41.6653399  
35.75133557  
19.15064471  
-3.165022558  
-24.03870702  
-37.19232784  
-39.84302669  
-33.75368702  
-24.29111712  
-17.9369275  
-19.36507003  
-29.37111788  
-44.54190196  
-58.77394137  
-65.9355997  
-62.48343597  
-48.90251258  
-29.39165905  
-10.01319032  
3.810334257  
9.324870533  
7.153006426  
0.4841084411  
-6.741110029  
-11.70979081  
-13.7769585  
-14.23548532  
-15.0481245  
-17.29580153  
-20.22028594  
-21.41318745  
-18.0862684  
-8.773509147  
5.451837036  
20.9559944  
32.85520518  
37.12022441  
32.50020679  
21.31752167  
8.675252907  
0.3508473588  
0.2796864915  
8.754660592  
22.17468233  
34.4885105  
39.7254027  
34.51809787  
19.53805111  
-0.7467390241  
-19.83756882  
-31.6988877  
-32.91999477  
-23.7037687  
-7.412000051  
10.96603403  
26.64824727  
36.41468114  
39.05271657  
34.96414993  
25.39378739  
11.82087919  
-4.175141039  
-20.65424337  
-35.04918654  
-44.32729874  
-45.76016004  
-38.07314354  
-22.41383124  
-2.535242681  
16.11227009  
28.17031067  
30.35673447  
22.77421153  
8.90325162  
-5.80166395  
-16.15710616  
-19.37617277  
-16.13728918  
-10.12171308  
-6.229179216  
-8.277162619  
-17.21197181  
-30.61536524  
-43.69197365  
-51.26173053  
-49.85763234  
-39.03399371  
-21.39414765  
-1.443460249  
16.13172952  
27.98231721  
32.83745402  
31.33335315  
25.2345652  
16.56805291  
7.101933099  
-1.713704509  
-8.557233511  
-12.16487713  
-11.62904748  
-7.007281  
0.1292851353  
6.682862976  
8.831138919  
