-27.84846024  
-43.76562958  
-57.54994721  
-64.37307968  
-60.88631838  
-46.83877684  
-25.44499701  
-2.256514116  
17.00815505  
28.71261529  
32.61292597  
31.63711123  
30.25673359  
32.22963845  
38.77980046  
48.05820478  
56.1093267  
58.85017707  
54.09982541  
42.69392695  
28.17627002  
15.24303819  
7.69803041  
6.876353924  
11.23641033  
17.24016409  
21.03746262  
20.12838291  
14.25135503  
5.172436586  
-4.396685944  
-12.1278418  
-16.97221911  
-19.2367028  
-19.9192248  
-19.77731503  
-18.71518558  
-15.86594516  
-10.32849936  
-2.129432309  
7.176568727  
14.6910449  
17.16379215  
12.3845472  
0.3259322207  
-16.53544558  
-33.93147298  
-47.29146874  
-53.39207101  
-51.48080222  
-43.41875129  
-32.82009131  
-23.58436651  
-18.44367715  
-18.09068496  
-21.16518943  
-25.00362204  
-26.76979499  
-24.49330941  
-17.65751656  
-7.212920515  
4.874686761  
16.29914389  
25.06325176  
29.94049304  
30.69057922  
28.04137773  
23.46758898  
18.79955345  
15.71155223  
15.19314872  
17.16581958  
20.42190726  
22.98885331  
22.86230447  
18.86716877  
11.29276067  
1.981460383  
-6.24981226  
-10.68932388  
-9.891645726  
-4.416121422  
3.221743479  
9.428156473  
10.91816014  
6.050984219  
-4.444728565  
-17.66501288  
-29.56360225  
-36.39459709  
-35.9782993  
-28.31296678  
-15.36190504  
-0.2055402401  
14.01324421  
24.90427516  
31.15192238  
32.37596048  
28.78865606  
20.9519297  
9.799213628  
-3.153346133  
-15.66755882  
-24.99877548  
-28.57217743  
-24.94499286  
-14.64122894  
-0.3983145789  
13.44071578  
22.29210242  
22.98585086  
15.0498258  
1.057732478  
-14.17263876  
-25.27075566  
-28.25928749  
-21.99869515  
-8.573051913  
7.514698783  
20.99923396  
27.70490495  
25.89768394  
16.68105945  
3.375578897  
-9.793369915  
-19.16143499  
-22.71935737  
-20.51866155  
-14.35914929  
-6.974065209  
-1.047202527  
1.620401031  
0.587972599  
-3.176596581  
-7.641091643  
-10.34251282  
-9.161937807  
-3.059528701  
7.435984347  
20.17249437  
31.85918305  
39.03205669  
39.24485995  
32.07633112  
19.53029542  
5.567385666  
-5.177709353  
-9.093805549  
-5.074119315  
4.842691309  
16.01831468  
22.84032022  
20.86916445  
8.691250512  
-11.26963297  
-33.35546951  
-50.51930747  
-56.75125802  
-49.18888233  
-29.1376531  
-1.648222199  
26.15325482  
47.33651373  
57.2159928  
54.501397  
41.26200069  
21.87287746  
1.444399275  
-15.6632103  
-26.78314849  
-31.17176533  
-29.64489088  
-23.91656521  
-15.9507311  
-7.521370243  
-0.02111749397  
5.559968039  
8.593697997  
8.782673449  
6.145422034  
0.9912301746  
-6.133394986  
-14.50609664  
-23.25460967  
-31.32364686  
-37.42072475  
-40.03954305  
-37.67044639  
-29.23504153  
-14.64879788  
4.716306901  
25.94110946  
45.02396694  
57.87115045  
61.5337358  
55.24490072  
40.82283264  
22.21454446  
4.290768895  
-8.68480675  
-14.33777713  
-12.73925679  
-6.057993463  
2.487388175  
9.892211182  
14.30374146  
15.28562594  
13.40475154  
9.462419926  
3.839334714  
-3.677116016  
-13.50705228  
-25.58357903  
-38.79155107  
-50.92673449  
-59.29400421  
-61.70994406  
-57.43245719  
-47.5376841  
-34.51786009  
-21.26129141  
-9.896894571  
-1.069275858  
5.99618722  
12.68600427  
19.88852779  
27.20135963  
32.92637206  
34.91571214  
31.86081349  
24.33450731  
14.96284889  
7.510299908  
5.219587347  
9.177267098  
17.54099082  
26.11002454  
30.08802386  
26.28445967  
14.72845385  
-1.116353398  
-15.7208506  
-23.8772594  
-23.02469642  
-14.41834029  
-2.560800192  
6.877857212  
9.696229095  
5.114531615  
-3.894660363  
-12.07470751  
-14.46950382  
-8.893638609  
2.903944248  
15.96193896  
24.39238027  
24.15208919  
14.97628948  
0.544143478  
-13.21383163  
-20.8646817  
-19.9709851  
-12.15033946  
-2.201206289  
4.273006459  
3.59422823  
-4.211905191  
-15.4267931  
-24.4086226  
-26.25509299  
-19.08128726  
-4.851320259  
11.58248303  
24.71334361  
30.78170911  
29.20866929  
22.44804277  
14.4455832  
8.569202405  
6.086744306  
5.930293924  
5.779055403  
3.792263371  
-0.01272813339  
-3.540502913  
-3.730337408  
1.557573014  
11.89290679  
23.80958829  
31.90738381  
31.12267055  
19.15465765  
-2.102350668  
-26.85440341  
-47.38930637  
-56.93802776  
-52.21397309  
-34.58319029  
-9.432899014  
15.91152602  
34.79177207  
43.28004788  
40.97933425  
30.4534646  
15.76294521  
0.8658966262  
-11.46000596  
-19.90477831  
-24.28435247  
-24.98468513  
-22.57856425  
-17.75927093  
-11.45414287  
-4.850359489  
0.8495290468  
4.8810405  
7.298244247  
8.957724693  
10.978427  
13.88298349  
16.89959107  
17.9255623  
14.36835206  
4.600698566  
-10.65289848  
-27.79627412  
-41.19659306  
-45.24095948  
-36.82994118  
-17.18187924  
8.000531351  
30.28467026  
41.59958808  
37.41502869  
18.63262636  
-8.682987725  
-35.67436885  
-54.17272213  
-59.79678967  
-53.3491151  
-39.96191907  
-26.46322247  
-18.21874996  
-16.89532251  
-20.10594496  
-22.98029659  
-20.79763743  
-11.36176013  
4.013178681  
21.30391665  
35.86632414  
44.69273122  
47.68035199  
47.29759592  
46.88170794  
48.51198959  
51.62579365  
53.15930973  
49.20342138  
37.35934851  
18.5733888  
-2.569687439  
-19.38890506  
-25.8816994  
-19.48782892  
-2.537415129  
18.36728754  
34.86441741  
40.20556725  
32.04621291  
13.44703498  
-8.354425364  
-24.8861664  
-29.86490747  
-21.68956128  
-4.017974061  
15.74225389  
29.3473241  
30.83020059  
18.6011293  
-4.195259214  
-31.0704842  
-54.66661287  
-69.3088663  
-72.70385286  
-66.26928778  
-54.13783985  
-41.34663417  
-31.94699687  
-27.7023951  
-27.75327191  
-29.25485571  
-28.66804363  
-23.20652876  
-11.93833441  
3.809502964  
20.85391578  
35.21565907  
43.47763838  
43.98381294  
37.46496624  
26.85634249  
16.34378557  
9.946507968  
10.12701505  
16.92782723  
27.95930009  
39.25475351  
46.68473032  
47.40825116  
40.82768157  
28.70855428  
14.45412978  
1.844809349  
-6.259089316  
-8.774537407  
-6.540297907  
-1.772816894  
2.885976769  
5.331905312  
4.629084758  
1.14180713  
-3.785856629  
-8.40865098  
-11.17752757  
-11.17720093  
-8.32646609  
-3.355605967  
2.382185356  
7.211315467  
9.505460153  
8.084985011  
2.56592918  
-6.445995954  
-17.41683532  
-28.23858281  
-36.80087945  
-41.59905622  
-42.14992748  
-39.04650206  
-33.6256446  
-27.39557253  
-21.47911274  
-16.31924812  
-11.7586342  
-7.412081809  
-3.097282268  
0.9387824055  
4.143072111  
6.066116283  
6.811427583  
7.219984077  
8.602732323  
12.07353045  
17.78394719  
24.47419252  
29.66294422  
30.51914591  
25.1173181  
13.54004017  
-1.713504675  
-16.30181576  
-25.47384629  
-25.8449311  
-16.80636416  
-0.9667501408  
16.61231146  
30.14236367  
35.16495882  
30.16755378  
17.15446573  
0.96445192  
-12.40946367  
-17.89232627  
-13.07153979  
0.9627157639  
19.92949598  
37.68741404  
48.14183419  
47.13668759  
33.77055558  
10.75566054  
-16.28720862  
-40.41138541  
-55.36462286  
-57.46125802  
-46.72459219  
-26.90107907  
-4.277136349  
14.37204094  
24.04158443  
23.17286647  
14.1094344  
2.112277201  
-6.741930973  
-7.998864708  
-0.6455972814  
12.43257851  
25.57118494  
32.58914932  
29.28168835  
15.12342049  
-6.508593088  
-29.65562935  
-48.05322798  
-57.38900713  
-56.61673592  
-47.85767179  
-35.06357917  
-22.14993607  
-11.48276302  
-3.359228759  
3.412057725  
10.2708587  
17.73742216  
24.94899916  
30.11204466  
31.56447386  
28.80824649  
22.89413554  
15.9068127  
9.809071151  
5.287888508  
1.281719853  
-4.467508153  
