-4.319175433  
-16.92179162  
-30.53851459  
-41.4861462  
-46.85626281  
-45.49831556  
-38.2850519  
-27.6159803  
-16.41961455  
-7.092448049  
-0.7922649066  
2.683234334  
4.46842955  
5.908968718  
7.895577007  
10.53102215  
13.22898547  
15.1404628  
15.66900728  
14.82059008  
13.23435195  
11.89737208  
11.69086938  
12.97939496  
15.42455984  
18.09702626  
19.83196198  
19.67620271  
17.24764049  
12.87266452  
7.461041341  
2.177987337  
-1.954431881  
-4.378723961  
-5.132889884  
-4.754676435  
-4.005827009  
-3.530361785  
-3.584084011  
-3.946908002  
-4.059193346  
-3.333381764  
-1.514012967  
1.072831141  
3.509285306  
4.55164318  
3.093390091  
-1.352034514  
-8.354613783  
-16.60532656  
-24.30299939  
-29.75469505  
-31.94899998  
-30.85943195  
-27.34283252  
-22.67704726  
-17.94916071  
-13.58436099  
-9.245803448  
-4.162726361  
2.270045246  
9.926131637  
17.7269936  
23.92709835  
26.82155118  
25.5687237  
20.73076288  
14.23167899  
8.687134335  
6.353930974  
8.1485856  
13.18386435  
19.06455729  
22.85124615  
22.29671313  
16.82374642  
7.815089419  
-1.917368639  
-9.25743183  
-12.01976997  
-9.770911352  
-3.906197395  
3.013612006  
8.34123851  
10.35480945  
8.784206333  
4.683963473  
-0.2111198962  
-4.295248278  
-6.684142005  
-7.362967877  
-6.909572752  
-6.021074251  
-5.138374455  
-4.362111999  
-3.655065636  
-3.14164179  
-3.255637381  
-4.582098745  
-7.439342183  
-11.43483675  
-15.29554467  
-17.16565745  
-15.33094498  
-9.081149467  
0.7016898928  
11.56818078  
20.22383742  
23.71243107  
20.58819766  
11.57410096  
-0.5996919382  
-12.13971384  
-19.54605935  
-20.83828789  
-16.17278886  
-7.640473303  
1.618789665  
8.582064899  
11.31128923  
9.383189741  
3.708829515  
-4.061966025  
-12.21592443  
-19.43093896  
-24.88335002  
-28.08756325  
-28.67849707  
-26.3381558  
-20.93998718  
-12.81557092  
-2.943649755  
7.121889928  
15.6328175  
21.207015  
23.31687125  
22.46058976  
19.90808858  
17.11820629  
15.08981335  
13.95383544  
13.00433122  
11.15872871  
7.626579897  
2.458958829  
-3.302239292  
-7.970791969  
-9.922838684  
-8.353290354  
-3.739319961  
2.211647125  
7.13123313  
8.860553839  
6.279812964  
-0.2241114812  
-8.826680931  
-16.83728479  
-21.55933894  
-21.13669007  
-15.1133884  
-4.551184714  
8.296719272  
20.6262679  
29.83397328  
34.17051188  
33.13360699  
27.51624529  
19.11237783  
10.16642929  
2.716604  
-1.981326924  
-3.775277974  
-3.572494631  
-2.9302485  
-3.409174975  
-5.914651216  
-10.27454028  
-15.23126553  
-18.87443772  
-19.36828362  
-15.6995659  
-8.151393585  
1.693922352  
11.43541109  
18.63766201  
21.61812073  
19.94104029  
14.44688466  
6.838460505  
-0.9816880149  
-7.543631248  
-12.17375737  
-14.98552869  
-16.56153255  
-17.5115119  
-18.12029167  
-18.22859341  
-17.36603928  
-15.0378254  
-11.01125045  
-5.470199151  
1.013033471  
7.648622551  
13.64538329  
18.37636734  
21.44443508  
22.66131698  
21.99193798  
19.51629054  
15.42649974  
10.03792936  
3.775753872  
-2.883714262  
-9.4982725  
-15.7181485  
-21.26602907  
-25.82835152  
-28.9146956  
-29.78997038  
-27.58177672  
-21.59412486  
-11.74674689  
1.043575841  
14.75614806  
26.58195904  
33.64951663  
33.96064922  
27.19945873  
15.06911316  
0.9486422118  
-11.08977989  
-17.60287091  
-16.96995857  
-10.00000109  
0.3141136663  
9.845460886  
14.82524147  
13.22695235  
5.51436889  
-5.545058567  
-15.94283934  
-21.96726354  
-21.62167966  
-15.36886359  
-5.906487658  
2.937839165  
7.751575147  
6.900860055  
1.161895164  
-6.63846988  
-12.82652941  
-14.43703832  
-10.47623224  
-2.364465802  
6.634545997  
12.76997978  
13.3860101  
8.067842197  
-1.135781191  
-10.52156075  
-16.24667794  
-15.92648812  
-9.648344855  
0.02611434177  
9.079968044  
13.66664674  
11.67624343  
3.603350462  
-7.631121605  
-17.82148322  
-23.1085503  
-21.44392081  
-13.31683632  
-1.491753731  
10.09323839  
17.79644845  
19.53127147  
15.36326449  
7.29269646  
-1.605055174  
-8.289591809  
-10.69054723  
-8.179064741  
-1.514248262  
7.594450125  
17.06833415  
24.97138766  
29.84710557  
30.889801  
28.01576759  
21.8819799  
13.83707763  
5.742286071  
-0.387293103  
-2.889565356  
-0.9750347143  
4.942121518  
13.27373898  
21.69789661  
27.88620892  
30.25831212  
28.47047603  
23.44459422  
16.93162502  
10.79913835  
6.341451077  
3.886674122  
2.828441538  
2.018590723  
0.3082301805  
-3.010509975  
-8.026868023  
-14.31127566  
-21.17187916  
-27.89572168  
-33.85605128  
-38.48170533  
-41.1901301  
-41.41241675  
-38.77361838  
-33.36728014  
-25.96208056  
-17.96475852  
-11.06299483  
-6.638258866  
-5.18854469  
-6.042371679  
-7.545781301  
-7.696298049  
-4.980797054  
0.9436279604  
9.03649208  
17.23897616  
23.2641053  
25.4645668  
23.39613153  
17.84480195  
10.34350972  
2.446218675  
-4.869476345  
-11.38437279  
-17.34745801  
-22.91105385  
-27.63916411  
-30.40069202  
-29.75632562  
-24.67687851  
-15.23757293  
-2.912840652  
9.727986365  
19.84013034  
25.30058983  
25.44898893  
21.24764057  
14.8011472  
8.464463979  
3.945513746  
1.786512892  
1.410423272  
1.642222124  
1.402263937  
0.2181433017  
-1.669895685  
-3.604429957  
-4.99167811  
-5.673652894  
-5.981373369  
-6.457287823  
-7.429226403  
-8.707074956  
-9.601731706  
-9.279326453  
-7.262102524  
-3.786819326  
0.2086455111  
3.505406896  
5.238249557  
5.413837046  
5.015549237  
5.590994508  
8.484101232  
14.07062942  
21.38433401  
28.35313451  
32.5806441  
32.34185525  
27.34632946  
18.91678393  
9.494186811  
1.686010694  
-2.719878372  
-3.348230878  
-1.198549999  
1.964833768  
4.481522973  
5.509025762  
5.268658601  
4.749211729  
5.056079647  
6.7491196  
9.495802782  
12.19376654  
13.48237255  
12.3798598  
8.739323451  
3.319501065  
-2.540265581  
-7.470520927  
-10.58900446  
-11.76826529  
-11.57057681  
-10.92409505  
-10.71317064  
-11.4627187  
-13.21931427  
-15.62646703  
-18.11120839  
-20.08143934  
-21.0692796  
-20.81106644  
-19.28840572  
-16.74924972  
-13.69461258  
-10.79237743  
-8.691276036  
-7.765173541  
-7.884114984  
-8.344357912  
-8.051541039  
-5.945220957  
-1.520269113  
4.786026795  
11.55808122  
16.80323353  
18.68069192  
16.27570464  
10.07859377  
1.92541265  
-5.619858918  
-10.21223912  
-10.60996086  
-7.116713298  
-1.387561505  
4.31319759  
8.068662242  
9.051319728  
7.727990974  
5.460769243  
3.725035164  
3.3427748  
4.112820523  
5.013949079  
4.863935509  
3.080933459  
0.1341762  
-2.580045996  
-3.410174191  
-1.35488819  
3.255942941  
8.680730668  
12.38953912  
12.15324335  
7.116212235  
-1.656904488  
-11.45437437  
-18.94256688  
-21.52597831  
-18.45624743  
-11.1929784  
-2.836764098  
3.142485372  
4.347448534  
0.4524673774  
-6.66492456  
-13.7112915  
-17.34341237  
-15.5325199  
-8.360687497  
2.062140731  
12.49117446  
19.84613972  
22.36303444  
20.13969015  
14.89827558  
9.129921952  
5.031033696  
3.693877137  
4.860109017  
7.27379793  
9.405160008  
10.17888028  
9.381199641  
7.604583782  
5.819747129  
4.830779915  
4.893937039  
5.668085405  
6.475612929  
6.693632991  
6.041002035  
4.605265188  
2.615416476  
0.1244623688  
-3.169304708  
-7.800364618  
-14.12230258  
-21.79590044  
-29.475636  
-34.94200759  
-35.73992333  
-30.13256136  
-17.98927804  
-1.192017242  
16.69634761  
31.46423653  
39.63804215  
39.69569721  
32.61150984  
21.48451888  
10.36638251  
2.735418442  
0.2155026606  
2.04716373  
5.513455764  
7.137277712  
