13.15226536  
8.57062627  
-5.267649595  
-23.45048297  
-39.47804142  
-47.38590929  
-43.59114138  
-27.88299104  
-3.316274007  
24.84892672  
50.73063185  
69.3929309  
77.94140307  
75.90584135  
64.92492827  
47.95632682  
28.33509397  
8.982944212  
-8.044667734  
-21.63996586  
-31.45417175  
-37.60829648  
-40.45927577  
-40.499969  
-38.36843923  
-34.87007704  
-30.9058985  
-27.26232947  
-24.31671423  
-21.79810939  
-18.76021894  
-13.8538374  
-5.851111466  
5.762899417  
20.38348212  
36.27156798  
50.98397891  
62.10878885  
68.01830223  
68.32990931  
63.88649441  
56.27800128  
47.13524429  
37.52138226  
27.6925791  
17.30957885  
5.958440852  
-6.307352101  
-18.6894863  
-29.76494094  
-37.92281444  
-41.87140122  
-40.95004912  
-35.11365171  
-24.67215619  
-10.0364804  
8.265026496  
29.19879187  
50.6377381  
68.96603798  
79.30700474  
76.59231823  
57.29460293  
21.24723549  
-27.23060731  
-79.55553428  
-124.6514953  
-151.8693537  
-154.1411459  
-130.2736505  
-85.52816639  
-30.22556064  
23.17633049  
63.54502874  
83.92696418  
82.91911713  
64.26665141  
35.03773586  
3.172999465  
-24.69613355  
-44.51940662  
-55.00273326  
-56.94056991  
-52.20968618  
-42.91207615  
-30.93272555  
-17.89002719  
-5.255509535  
5.608858942  
13.61700369  
18.25655645  
19.80870887  
19.2857863  
18.02065008  
17.04804697  
16.56696419  
15.781439  
13.26671688  
7.756563722  
-0.9796456953  
-11.59704365  
-21.30026717  
-26.69508015  
-25.10804885  
-15.86874725  
-1.002472115  
15.03913717  
26.62728843  
28.81194285  
19.13867275  
-1.254155676  
-27.70876833  
-53.32710455  
-71.04255396  
-75.7697189  
-65.88162643  
-43.51720638  
-13.66538132  
17.56991291  
44.83196929  
64.81031119  
76.56897736  
80.93641961  
79.38925304  
73.04455876  
62.2601789  
46.99114962  
27.6319986  
5.799129958  
-15.48424804  
-32.44310402  
-41.84130879  
-42.33384364  
-35.20212104  
-24.03269577  
-13.38085686  
-6.957146514  
-6.1436252  
-9.534042263  
-13.73673737  
-15.08551468  
-11.45654557  
-3.318138378  
6.508887193  
14.28270729  
17.27692486  
15.26499492  
10.79038933  
8.036984636  
10.79851368  
20.50649744  
35.27668934  
50.47086224  
60.55388556  
61.40978354  
52.0582071  
34.99691788  
15.04815672  
-2.716184255  
-14.98569851  
-21.25215846  
-23.48078345  
-24.69289443  
-27.24674907  
-31.69001725  
-36.69998072  
-40.02482334  
-39.81856308  
-35.59125436  
-28.25818453  
-19.31292022  
-9.666087535  
1.102006165  
14.55190923  
32.27389159  
54.42813585  
78.77342072  
100.8295155  
115.2522662  
117.8495317  
107.279051  
85.57068762  
57.17341274  
26.97210811  
-1.73757514  
-28.27908312  
-54.08520414  
-80.90602775  
-108.6931386  
-134.3522664  
-152.176645  
-155.9471043  
-141.8157962  
-110.6134324  
-68.39706946  
-24.81886627  
10.10378406  
29.4808136  
31.82271837  
21.14939777  
4.957503234  
-8.992695211  
-15.63731686  
-14.08070247  
-7.097096978  
0.8930928698  
6.270346405  
7.890621662  
7.270256838  
7.346376647  
10.56713915  
17.33533853  
25.57944025  
31.62016582  
31.860466  
24.46642045  
10.27369787  
-7.427802375  
-24.04962012  
-35.24574561  
-38.21920693  
-32.39290923  
-19.38026919  
-2.448943608  
14.25956245  
26.58425318  
31.22682805  
26.63689118  
13.75698479  
-3.684325359  
-19.69483895  
-27.5280416  
-21.92984923  
-1.402758905  
30.4814066  
65.50897594  
93.1596973  
104.1845863  
94.10104788  
65.14709177  
25.7623293  
-12.33299197  
-38.34764639  
-46.2122119  
-36.41044511  
-15.16915681  
8.500681337  
26.48983718  
34.34502993  
31.99211073  
22.39709908  
9.162867849  
-5.478943018  
-21.15949539  
-38.17981327  
-55.51315778  
-69.44426451  
-74.02193732  
-63.51054527  
-35.81339362  
4.934857858  
48.27316874  
80.41887783  
89.44901758  
70.50593582  
28.59469185  
-22.56576548  
-65.45990541  
-85.53246982  
-76.91102825  
-44.57670333  
-2.001386954  
34.70570454  
53.52713853  
51.15844531  
33.5461176  
12.2828804  
-1.290932152  
-1.430885807  
9.701056966  
23.69714791  
30.53309891  
23.76599082  
3.719223423  
-22.83877234  
-46.22003242  
-58.65111656  
-57.92051236  
-48.01717959  
-36.52639712  
-30.22995292  
-31.27662811  
-35.97984043  
-36.92211535  
-27.30987374  
-5.309979003  
23.95843129  
49.96971495  
61.30002855  
51.00822356  
20.29779412  
-21.36044116  
-59.79522308  
-81.79345725  
-80.28041274  
-56.72230624  
-19.8125516  
18.73001653  
49.12213867  
66.89555116  
73.29288312  
72.86125025  
69.82683895  
65.3520123  
57.1712933  
41.71927592  
17.44596008  
-12.68664582  
-41.1401853  
-58.49975424  
-57.75694066  
-38.05446671  
-5.900435112  
26.96873413  
48.26513752  
50.27532989  
33.06587303  
4.280300571  
-24.35722051  
-42.1663792  
-43.87275356  
-31.25221112  
-11.47088988  
6.859766995  
17.84948726  
20.6674888  
19.04416734  
18.42541326  
22.45986923  
30.76952185  
39.19267061  
42.31325807  
36.82880957  
23.84329057  
8.730167905  
-1.476218497  
-1.842431934  
7.560283945  
21.25823492  
30.8727503  
29.38635998  
15.05403982  
-7.099736425  
-27.1355691  
-34.6947251  
-24.07098028  
2.581956696  
35.53613067  
61.27056313  
68.09869487  
51.10830651  
14.1992238  
-31.64202339  
-72.95366285  
-99.14038669  
-106.162194  
-97.08279443  
-79.53960624  
-61.6183876  
-48.23458903  
-39.67711532  
-32.74596846  
-23.56901806  
-10.40426304  
5.109419489  
18.83351721  
26.50588231  
26.16599025  
19.20255256  
9.420535787  
0.6830038891  
-5.468553787  
-10.75118442  
-18.95750373  
-33.18696245  
-53.01427897  
-73.31036213  
-85.67930004  
-82.12165998  
-59.26777684  
-21.02690799  
21.92076024  
55.92090365  
69.94636435  
60.51982252  
33.62637524  
2.563085982  
-17.4943503  
-15.89435748  
8.925379867  
48.7300163  
88.93590408  
114.6624702  
116.7076146  
94.87041789  
57.31409244  
16.47684849  
-16.44705102  
-35.90956986  
-43.41154381  
-45.51562452  
-49.66829423  
-59.97157117  
-74.93583799  
-88.19281334  
-91.6980911  
-79.80414013  
-52.25624972  
-14.75496155  
23.09473032  
51.4482041  
63.86103118  
59.4055897  
42.55259453  
21.11189541  
3.276801413  
-4.990235743  
-1.359553124  
12.88479449  
33.89328195  
56.66688834  
76.29112803  
88.77181503  
91.56255284  
83.96430142  
67.43528821  
45.62013136  
23.7995956  
7.611289496  
1.258779235  
5.820071978  
18.4321931  
32.91481094  
41.83513717  
39.35047967  
23.71345133  
-1.66025851  
-29.138648  
-49.587498  
-55.83491917  
-45.50980333  
-22.0967781  
6.233887104  
29.56323985  
39.7689195  
33.31236075  
12.25430261  
-16.77924243  
-45.15903039  
-65.29355311  
-73.01971543  
-68.5731689  
-55.96884491  
-41.20105614  
-30.02383204  
-26.09520325  
-30.0297123  
-39.52693211  
-50.39221557  
-58.03478047  
-58.95338289  
-51.78174099  
-37.61843133  
-19.57221743  
-1.67503134  
12.48917771  
20.97917113  
24.07945079  
24.02439129  
23.93186598  
26.3454079  
31.991814  
39.32270568  
45.10984393  
45.90356966  
39.74163949  
27.32028528  
12.01865606  
-1.342661266  
-8.539254288  
-7.889670671  
-1.194943374  
6.841880799  
10.55793781  
5.833774098  
-7.946193564  
-27.38815121  
-46.32922629  
-58.33699225  
-59.40370032  
-49.66111922  
-33.36075761  
-17.12288143  
-7.213972004  
-7.023210227  
-15.79290445  
-29.08323597  
-40.68572622  
-45.09827822  
-39.49907708  
-24.46037227  
-3.263331985  
19.70031901  
40.60854147  
57.216007  
68.86063808  
75.68416434  
77.66717894  
74.11949232  
63.96605677  
46.69058352  
23.3974143  
-2.666008827  
-26.55928844  
-43.04209497  
-48.40850874  
-42.00005937  
-26.71764166  
-8.240168556  
6.819032402  
