15.54157646  
14.25666322  
11.26864384  
9.42307928  
11.02564412  
16.44292284  
23.61437896  
28.78069022  
28.14346847  
19.70517984  
4.42146391  
-13.9047782  
-29.98468898  
-39.08139906  
-38.83627014  
-30.09766891  
-16.42603936  
-2.544103846  
7.546645747  
11.95802651  
11.26612961  
7.77982123  
4.177039096  
2.203772554  
2.03150182  
2.494732029  
1.983396186  
-0.5358933314  
-4.912351668  
-9.903989501  
-13.87627375  
-15.70155389  
-15.36948974  
-13.98893557  
-13.18803604  
-14.22973927  
-17.29913494  
-21.32299777  
-24.40981215  
-24.69286988  
-21.1701415  
-14.1515479  
-5.125905607  
3.861432717  
11.01135511  
15.38769723  
17.09976905  
17.02396236  
16.249312  
15.53506914  
15.02620179  
14.32342193  
12.82843082  
10.1700985  
6.504413834  
2.560545581  
-0.5733703558  
-1.830306352  
-0.5687267635  
3.128619949  
8.347970393  
13.46676454  
16.4990097  
15.61708213  
9.75176658  
-0.8845463069  
-14.5446137  
-28.1346597  
-37.90827552  
-40.55087874  
-34.34643651  
-20.00547901  
-0.7748863258  
18.33360748  
32.03107607  
36.47926994  
30.62984637  
16.64083865  
-0.8383182375  
-16.28473331  
-25.22713926  
-25.74619029  
-18.98034369  
-8.466954479  
1.383471486  
7.042283668  
7.142502018  
2.805804552  
-3.046410988  
-7.042407614  
-6.77204845  
-1.687290681  
6.821083975  
16.11505578  
23.40842468  
26.79130445  
25.79377958  
21.34355264  
15.23609804  
9.403009733  
5.281435139  
3.476715684  
3.750098516  
5.239530634  
6.779589974  
7.219715473  
5.699428424  
1.872654946  
-3.93898415  
-10.72116864  
-16.94093311  
-20.94480952  
-21.50411272  
-18.32300585  
-12.27946098  
-5.237406872  
0.5618605504  
3.318890288  
2.365022616  
-1.597951779  
-6.843563784  
-11.41706044  
-14.02039149  
-14.5600354  
-14.0777687  
-14.08301114  
-15.61337157  
-18.51052575  
-21.31620037  
-21.89518285  
-18.51764069  
-10.8683557  
-0.4438190006  
9.932067603  
17.3119998  
20.00532626  
18.45640888  
15.14034214  
13.44974559  
16.04486617  
23.43894488  
33.52829071  
42.36209834  
45.86469182  
41.745147  
30.69730841  
16.28455592  
3.497670674  
-3.400821419  
-2.775336794  
3.624230792  
11.42229177  
15.58054167  
12.68808429  
2.541627909  
-11.70433561  
-24.88539141  
-32.05882207  
-30.60866747  
-21.2883368  
-7.770381127  
5.035135876  
13.07869319  
14.7157164  
11.03222808  
4.894181571  
-0.7264070071  
-4.276060948  
-6.241385979  
-8.599939164  
-13.43694362  
-21.48408599  
-31.36609857  
-39.97144909  
-43.78553586  
-40.53222212  
-30.30817383  
-15.64467329  
-0.4640599153  
11.55774137  
18.42622935  
20.38414323  
19.36755477  
17.70145537  
16.75198885  
16.25311205  
14.65314112  
10.27259532  
2.619207132  
-6.895757665  
-15.29541992  
-19.33018265  
-17.1026948  
-9.186472575  
1.386413038  
10.34237882  
14.04994641  
11.16858818  
3.244282244  
-6.066454443  
-12.78508391  
-14.5385744  
-11.66446335  
-6.930296247  
-3.996063999  
-5.393265152  
-11.06163187  
-18.22611129  
-22.73158123  
-21.20248497  
-12.94292255  
-0.5764759177  
10.97710374  
16.76334293  
14.22130161  
4.572091575  
-7.573459862  
-16.27681827  
-17.06214092  
-9.101323938  
4.28818164  
17.12268636  
23.54193837  
20.58877557  
9.634024952  
-4.264281301  
-14.78450276  
-17.3924288  
-11.53894509  
-0.9189675259  
8.361525453  
10.84199205  
4.503863683  
-8.073798057  
-20.80342899  
-26.94231056  
-22.36047243  
-7.648548199  
11.9774702  
28.97422084  
36.91722674  
33.48236396  
21.55684946  
7.949854334  
0.29997815  
3.616418726  
18.04646455  
38.8671357  
58.64527159  
70.50708067  
70.97905769  
61.12414593  
45.55346409  
29.91820803  
18.18136848  
11.00674763  
5.98877754  
-0.5015367275  
-10.88431214  
-24.64971299  
-38.25702518  
-46.7236394  
-46.10867182  
-35.63801664  
-18.38693114  
-0.1443786549  
13.02629141  
17.38172242  
13.0280857  
3.684238858  
-5.176771536  
-8.903372518  
-5.744915608  
2.503942396  
11.52210197  
16.58470168  
14.74319648  
6.050247045  
-6.670333871  
-19.28933394  
-28.28535743  
-32.16789347  
-31.78652748  
-29.49880566  
-27.73322347  
-27.73678291  
-29.13185402  
-30.43323653  
-30.15512294  
-27.84235365  
-24.43386561  
-21.75668494  
-21.43854076  
-23.8535258  
-27.70733408  
-30.53287794  
-29.88105919  
-24.61141394  
-15.61027421  
-5.533072939  
2.350791042  
5.681238026  
4.173032967  
-0.1473308851  
-3.772111703  
-3.251639412  
3.24322125  
15.0270811  
29.05949797  
41.07402911  
47.18358715  
45.29652815  
35.80187986  
21.32187086  
5.717098646  
-7.207933254  
-14.80635067  
-16.16203911  
-12.05439709  
-4.460823972  
4.146811624  
11.47454078  
15.90500337  
16.77705541  
14.4509474  
10.1675414  
5.705727677  
2.872003594  
2.926049789  
6.121807058  
11.5613228  
17.47819946  
21.89828377  
23.43675491  
21.88767247  
18.31112391  
14.53310493  
12.25153266  
12.15863853  
13.52264528  
14.48156648  
12.96687434  
7.845806923  
-0.2787429212  
-9.05582223  
-15.25712046  
-16.19911452  
-11.0870072  
-1.632273132  
8.411280238  
14.66781674  
13.94254514  
5.627014572  
-7.928864693  
-22.27573639  
-32.61390953  
-35.69555135  
-31.073509  
-21.17589035  
-10.20042938  
-2.331371489  
-0.05775205613  
-3.299892941  
-9.671148542  
-15.69620289  
-18.40336286  
-16.58114522  
-11.18007743  
-4.745785727  
-0.1971861266  
0.4765698625  
-2.963596657  
-8.979893339  
-14.97013601  
-18.35878553  
-17.58466062  
-12.60068647  
-4.748188082  
3.861385064  
11.14972072  
15.73355121  
17.23669696  
16.22099511  
13.85195511  
11.4738573  
10.23813534  
10.85190984  
13.44591982  
17.54013666  
22.10517977  
25.74622899  
27.02996492  
24.92121793  
19.21503719  
10.79121588  
1.53328126  
-6.142965731  
-10.04526035  
-8.991515251  
-3.316834335  
5.134938966  
13.58026464  
19.23963449  
20.3002096  
16.51576143  
9.200466557  
0.6226343895  
-6.940800996  
-12.08314335  
-14.70572747  
-15.83932909  
-16.9529651  
-19.08821685  
-22.23828903  
-25.27795305  
-26.49285096  
-24.46813544  
-18.91391547  
-11.01459808  
-3.096108826  
2.281386663  
3.418737677  
0.2630168651  
-5.499234584  
-11.12233249  
-13.98283708  
-12.74261961  
-7.957658815  
-1.826682946  
2.84082439  
3.988891392  
1.383421391  
-3.140554609  
-6.424319843  
-5.44049285  
1.176001806  
12.2331354  
24.19052474  
32.46472669  
33.32559942  
25.58084378  
11.29353844  
-4.834085572  
-17.21038511  
-21.53749628  
-16.52093114  
-4.382418978  
10.04499671  
21.25763952  
25.23800139  
20.92694812  
10.42233634  
-2.123225575  
-12.37279217  
-17.60072973  
-17.64309846  
-14.6414529  
-11.77301489  
-11.60173396  
-14.82146747  
-19.94394999  
-24.02734999  
-24.06660841  
-18.39034422  
-7.447436073  
6.321373182  
19.40690978  
28.49764802  
31.54093032  
28.21384588  
19.73132524  
8.216664074  
-4.002364727  
-14.87632538  
-22.80569872  
-26.62313888  
-25.59759641  
-19.59659879  
-9.359389945  
3.333829121  
15.84344325  
25.30571673  
29.57051911  
28.06440825  
22.14638488  
14.69487676  
9.003550295  
7.409769183  
10.25340525  
15.66154992  
20.30463158  
20.82722181  
15.33440935  
4.271764289  
-9.695929577  
-22.747724  
-31.4251418  
-33.92517473  
-30.61431115  
-23.59491207  
-15.60299057  
-8.809347026  
-4.094823931  
-1.086561083  
1.16842317  
3.339235973  
5.274063721  
6.094679581  
4.851956102  
1.339325804  
-3.445993543  
-7.524590914  
-8.794262143  
-6.112454727  
-0.02536097688  
7.289381754  
12.91240419  
14.51629755  
11.49859028  
5.335498412  
-1.05554383  
-4.66508868  
-3.806034063  
1.105003395  
7.797903861  
