42.68520861  
45.1451746  
40.90871906  
31.8444601  
20.88940873  
10.93044717  
3.8344301  
-0.01372765308  
-1.538650061  
-2.310249215  
-3.718804646  
-6.355407103  
-9.840181745  
-13.123379  
-15.07352318  
-15.05482935  
-13.22571553  
-10.43891322  
-7.81736147  
-6.227499162  
-5.908035175  
-6.425564785  
-6.964165992  
-6.795129596  
-5.689260019  
-4.066924041  
-2.811214792  
-2.833307547  
-4.598890839  
-7.842933496  
-11.61071043  
-14.60934073  
-15.70961813  
-14.37262635  
-10.81673451  
-5.868311127  
-0.5885934881  
4.132634697  
7.825032718  
10.43073612  
12.08522006  
12.840948  
12.51496304  
10.76748257  
7.382791343  
2.596573059  
-2.733977873  
-7.260531787  
-9.572037667  
-8.759562078  
-4.863477844  
1.024197728  
7.087683526  
11.43833185  
12.82548475  
11.10473284  
7.2583414  
2.956793997  
-0.1472122544  
-1.085120745  
0.08582027856  
2.398877995  
4.47785397  
5.17901102  
4.081397711  
1.617447379  
-1.188316626  
-3.223235625  
-3.783395806  
-2.836652693  
-0.9539392469  
1.02298962  
2.388705484  
2.849199476  
2.544670147  
1.841268099  
1.034537049  
0.1458006638  
-1.068077712  
-2.896875378  
-5.379070396  
-8.104936523  
-10.25771879  
-10.908439  
-9.444067107  
-5.92728706  
-1.201775321  
3.334327962  
6.214275839  
6.454128442  
3.940901315  
-0.5047175487  
-5.416260877  
-9.200619376  
-10.68032074  
-9.453465461  
-5.952924841  
-1.213686832  
3.531335542  
7.257335163  
9.410018499  
9.957503711  
9.257579139  
7.830154434  
6.142416508  
4.483230927  
2.949601066  
1.517330238  
0.141361364  
-1.166092691  
-2.308711676  
-3.131089009  
-3.474833494  
-3.237966271  
-2.413494744  
-1.09444981  
0.5545504392  
2.347717513  
4.130883997  
5.814278897  
7.367958113  
8.77651881  
9.969775256  
10.76399073  
10.85401588  
9.882329739  
7.578228928  
3.920962904  
-0.745450828  
-5.714340595  
-10.06501728  
-12.92576852  
-13.76137949  
-12.57013281  
-9.900102786  
-6.663192395  
-3.810338457  
-1.994500237  
-1.358142379  
-1.532109767  
-1.842934019  
-1.636091051  
-0.5743684392  
1.21516717  
3.201965568  
4.684916127  
5.089626964  
4.202139524  
2.24805151  
-0.2012790124  
-2.441288666  
-3.872049023  
-4.173544301  
-3.371953898  
-1.799843662  
0.01305260958  
1.475822038  
2.070954089  
1.475095916  
-0.3431555782  
-3.070182318  
-6.0732803  
-8.534468201  
-9.685479005  
-9.082873835  
-6.817220783  
-3.54604336  
-0.2959232578  
1.922373475  
2.541434253  
1.715970638  
0.3019841971  
-0.4917101437  
0.3477090566  
3.127777712  
7.228988045  
11.3049951  
13.84773061  
13.87809347  
11.44131414  
7.654240899  
4.248047483  
2.788843877  
3.924257075  
7.014614563  
10.34532449  
11.85359247  
10.05857205  
4.776560854  
-2.711815308  
-10.13304824  
-15.13254013  
-16.22793621  
-13.38873431  
-7.999474004  
-2.244782057  
1.790513703  
2.902723096  
1.109015922  
-2.552601079  
-6.606652436  
-9.791414371  
-11.47008765  
-11.65360895  
-10.70660131  
-8.968949229  
-6.544629181  
-3.38249536  
0.4235379969  
4.340815989  
7.355072506  
8.289844729  
6.383274182  
1.836855752  
-3.987746358  
-8.908946491  
-10.7295749  
-8.182785057  
-1.586457806  
7.129462652  
15.08762364  
19.56494215  
19.06154043  
13.86725763  
5.876807449  
-2.253853731  
-8.218360369  
-10.93248823  
-10.78918471  
-9.220535137  
-7.823536735  
-7.504752833  
-8.069431948  
-8.43961752  
-7.359986205  
-4.201598174  
0.5712488823  
5.526584407  
8.928258378  
9.599896116  
7.542363485  
3.977740535  
0.782565248  
-0.4145283632  
0.9792949245  
4.24496165  
7.728179245  
9.679587609  
9.132019827  
6.367299776  
2.732792453  
-0.09884451246  
-1.043133801  
-0.2099644684  
1.12914297  
1.220051844  
-1.178939  
-5.994854556  
-11.6644824  
-15.72038084  
-15.89534948  
-11.23176003  
-2.655863191  
7.283331187  
15.42135587  
19.28596573  
18.11194316  
13.10332978  
6.834147567  
2.079323937  
0.6239137908  
2.591872984  
6.571727219  
10.42921277  
12.37656974  
11.76835701  
9.257527047  
6.283391091  
4.202178667  
3.539334428  
3.759985516  
3.666089357  
2.18824562  
-0.875694179  
-4.601119163  
-7.331430214  
-7.55119072  
-4.792143856  
-0.081574472  
4.347588089  
6.000348417  
3.29341719  
-3.604355633  
-12.69299841  
-20.90088933  
-25.36081687  
-24.6287878  
-19.29087007  
-11.68596486  
-4.882694498  
-1.387911534  
-2.171838267  
-6.422476615  
-12.08229986  
-16.85173254  
-19.14888588  
-18.58132148  
-15.76919762  
-11.70664624  
-7.077202453  
-1.933353102  
4.082054683  
11.12454059  
18.54488447  
24.7165116  
27.49663456  
25.17256701  
17.44475739  
5.917471525  
-6.235862482  
-15.37734228  
-18.83213096  
-15.99705608  
-8.600175235  
0.04184352319  
6.454612196  
8.48019847  
6.120595432  
1.369657724  
-2.86857691  
-4.243476744  
-2.093974213  
2.286155966  
6.367889086  
7.721987993  
5.29958632  
0.0181846598  
-5.642210891  
-8.838108568  
-7.767893596  
-2.591033089  
4.595208073  
10.71740376  
13.16474411  
11.01287412  
5.448165251  
-0.802067333  
-4.748058273  
-4.504401892  
-0.09621632357  
6.658758538  
13.09972407  
17.01263967  
17.61948093  
15.79449431  
13.43137898  
12.30927449  
13.0488053  
14.69481973  
15.14362024  
12.2101521  
4.813432444  
-6.3005025  
-18.65774929  
-28.94700857  
-34.30385392  
-33.41889523  
-26.99670626  
-17.39952838  
-7.673916322  
-0.4083787381  
3.100455759  
3.079835081  
0.9098271328  
-1.598573756  
-2.921799921  
-2.25926417  
0.4046323754  
4.512981809  
9.229762199  
13.654279  
16.91484355  
18.21571661  
16.94798665  
12.90951566  
6.557947449  
-0.8723270253  
-7.550660232  
-11.5657339  
-11.62994799  
-7.682101683  
-1.0831343  
5.756666165  
10.233082  
10.5633661  
6.532891483  
-0.3685873108  
-7.510695332  
-12.16962581  
-12.62339041  
-8.831564227  
-2.415508541  
4.039905708  
8.049277114  
8.193883612  
4.593796613  
-1.279760657  
-7.320698093  
-11.68212422  
-13.44834322  
-12.8187009  
-10.78085657  
-8.48478543  
-6.646418669  
-5.264332242  
-3.758283923  
-1.425300868  
2.039620193  
6.229942644  
10.08140242  
12.27191044  
11.78302902  
8.367447817  
2.71425919  
-3.758487968  
-9.39325243  
-12.86037378  
-13.57781757  
-11.83061125  
-8.565881519  
-4.967792424  
-1.99364206  
-0.05271388855  
1.059571858  
1.966889311  
3.352983134  
5.594781788  
8.541982149  
11.53667265  
13.66966462  
14.17307492  
12.78775753  
9.944865318  
6.667306608  
4.207729089  
3.55317861  
4.995381383  
7.95501704  
11.154986  
13.09416259  
12.63869349  
9.484168832  
4.284078594  
-1.622521742  
-6.774932552  
-10.20106096  
-11.79962106  
-12.3173305  
-12.92873398  
-14.61395106  
-17.63009342  
-21.33322612  
-24.44299862  
-25.62806853  
-24.13068753  
-20.12478467  
-14.62968574  
-9.021576775  
-4.388494164  
-1.058106639  
1.456695007  
4.063191276  
7.452495162  
11.5679406  
15.48735835  
17.82384204  
17.47517582  
14.34653058  
9.646263436  
5.53694716  
4.23498126  
6.94379665  
13.1298234  
20.53208674  
25.97792972  
26.69932412  
21.58610934  
11.80301159  
0.4537076062  
-8.610341946  
-12.35279779  
-9.823106583  
-2.583424043  
5.901311563  
11.65779127  
11.79682695  
5.642116981  
-5.054596818  
-16.86293353  
-26.03474939  
-29.89038299  
-27.67667928  
-20.60909348  
-11.17769366  
-2.094417702  
4.639983452  
8.1925916  
8.789422217  
7.223708031  
4.3112547  
0.5860064907  
-3.655118752  
-8.071277691  
-12.01340765  
-14.51389353  
-14.60902281  
-11.85985126  
-6.786672999  
-0.9314500678  
3.579610361  
4.855507238  
2.112007207  
-3.804934255  
-10.52802203  
-14.93430532  
-14.30337499  
-7.41492341  
4.866183212  
19.77412223  
33.54350901  
