-12.47134716  
-14.65549434  
-14.4541407  
-11.26248367  
-6.073869296  
-1.129275771  
1.099747632  
-0.8746672434  
-6.719568767  
-14.23005561  
-20.11697708  
-21.30818501  
-16.20742709  
-5.376261293  
8.641907397  
22.26868968  
32.20440633  
36.57235887  
35.45429758  
30.64933179  
24.80900448  
20.33542829  
18.49058342  
19.04520138  
20.5582873  
21.12841743  
19.290358  
14.69813733  
8.336408672  
2.18803144  
-1.514665675  
-1.179139348  
3.445323676  
11.02123222  
18.95146581  
24.20376111  
24.36896748  
18.58424604  
7.969440932  
-4.626650088  
-15.53139284  
-21.51327707  
-20.95218315  
-14.46350858  
-4.710599231  
4.549336247  
9.82990372  
9.155202421  
2.680304979  
-7.545493511  
-18.54350546  
-27.65252816  
-33.49481796  
-36.23976759  
-37.08698401  
-37.27472888  
-37.15732619  
-35.86594939  
-31.77072109  
-23.53928833  
-11.24545154  
3.098592327  
15.97135115  
23.65458087  
23.88445581  
17.06192462  
6.375901627  
-3.343283662  
-7.628792522  
-4.387787628  
5.005834625  
16.09923056  
23.14801211  
21.58246603  
10.0932678  
-8.59126274  
-28.61185927  
-43.21146092  
-47.35679561  
-39.64484183  
-22.71454373  
-2.046369011  
16.27111674  
27.81376136  
31.18596864  
27.99487315  
21.60779817  
15.39423138  
11.31686906  
9.477879653  
8.696203874  
7.666092859  
5.9861858  
4.472982838  
4.601840436  
7.419808226  
12.58282073  
18.12186731  
21.16201812  
19.30099588  
11.96933015  
1.047601388  
-9.657228016  
-15.92796698  
-14.99679468  
-6.897818055  
5.339064094  
16.78956744  
22.58130966  
19.85240962  
8.888302772  
-7.021916596  
-22.9010321  
-33.96897204  
-37.29760594  
-32.60569697  
-21.99463645  
-8.897270203  
3.201128212  
11.72269751  
15.35709413  
13.89514662  
7.853553204  
-1.778049374  
-13.53335931  
-25.34385585  
-34.5897755  
-38.56880829  
-35.36683984  
-24.80176028  
-8.934947827  
8.260767271  
22.13401523  
29.08913841  
28.09790347  
21.2620297  
13.06076193  
8.498750483  
10.90419701  
20.34969875  
33.44788348  
44.68698859  
48.77612291  
42.98748338  
28.44781606  
9.774672114  
-6.817108792  
-16.12738158  
-16.16135154  
-8.940850006  
0.4119352687  
5.906953382  
3.256691446  
-8.317753876  
-25.78279748  
-43.55731181  
-55.7415031  
-58.3348996  
-50.54316262  
-34.73283066  
-15.20511301  
3.563041594  
18.41706612  
28.19254201  
33.43220992  
35.47520416  
35.47372433  
33.82686339  
30.23087196  
24.19602919  
15.66022713  
5.330834342  
-5.415625238  
-14.97991007  
-22.05611695  
-25.93562108  
-26.47788706  
-23.84567441  
-18.24437813  
-9.887630884  
0.75886693  
12.61833828  
23.82290911  
31.95850142  
34.76594918  
31.05501238  
21.40413168  
8.244706567  
-4.828366285  
-14.31838454  
-18.15936655  
-16.53516917  
-11.78919932  
-7.420282831  
-6.571508966  
-10.66084025  
-18.7529963  
-27.94835677  
-34.61512993  
-35.91812874  
-30.97652618  
-21.16336285  
-9.452154655  
0.8602049239  
7.468397774  
9.84198098  
9.179511484  
7.624577426  
7.155105078  
8.670401186  
11.66400017  
14.57242376  
15.57613743  
13.44809407  
8.070770456  
0.4364613054  
-7.795375448  
-14.92376589  
-19.71662108  
-21.62119594  
-20.67564021  
-17.27251515  
-11.96618222  
-5.432438539  
1.45312479  
7.562255506  
11.64007821  
12.65651715  
10.27034183  
5.17183859  
-0.9308452933  
-5.780343575  
-7.374672175  
-4.796525738  
1.306264711  
8.848932602  
15.05621531  
17.555671  
15.36980143  
9.37388753  
1.997399232  
-3.731097996  
-5.405303489  
-2.212084234  
4.767671872  
13.06317713  
19.90713781  
23.44155237  
23.5035827  
21.63609501  
20.30571049  
21.66191807  
26.38459685  
33.14535224  
38.95760245  
40.31294151  
34.65612166  
21.58752491  
3.271612221  
-16.15780051  
-31.99631752  
-40.63761548  
-40.85580505  
-34.1911579  
-24.28556097  
-15.43628764  
-10.95036097  
-11.95633432  
-17.13411071  
-23.43896461  
-27.48416004  
-26.98238431  
-21.64003946  
-13.15170476  
-4.340604802  
2.137718894  
4.933973746  
4.481067621  
2.619472578  
1.57991055  
2.825445559  
6.311438913  
10.51484938  
13.21155643  
12.61754844  
8.331493488  
1.608300595  
-5.183886697  
-9.670009601  
-10.60094515  
-8.44883555  
-5.151563196  
-3.10647563  
-3.891196693  
-7.345444444  
-11.49754201  
-13.42351051  
-10.67158723  
-2.585399676  
9.129073222  
20.92039357  
28.82021189  
30.16979512  
24.86120706  
15.49706413  
6.345154915  
1.508061072  
3.094022404  
10.19831842  
19.16259119  
25.02877008  
23.58613547  
13.15456565  
-4.636561716  
-25.38476897  
-43.52632182  
-54.35297342  
-55.62876793  
-48.20558638  
-35.47135377  
-21.93270508  
-11.54078637  
-6.403748821  
-6.308868766  
-9.120734228  
-11.79181294  
-11.54173488  
-6.778308918  
2.498377751  
14.84474559  
27.92780153  
39.24879816  
46.80867262  
49.55301728  
47.51881298  
41.67884404  
33.5435452  
24.63609527  
16.00164807  
7.926046414  
-0.008893336502  
-8.519848608  
-18.006138  
-27.99101188  
-36.91495902  
-42.4641677  
-42.38832741  
-35.51339821  
-22.50365482  
-5.972519002  
10.21007416  
22.21084295  
27.61852203  
26.3200458  
20.44852566  
13.38265111  
8.21697628  
6.389876611  
7.11314028  
7.89027086  
5.898034606  
-0.4226491077  
-10.34993976  
-20.97439114  
-28.41698192  
-29.63353095  
-23.95283066  
-13.58425138  
-2.793061667  
3.928886391  
3.876664318  
-2.607174907  
-12.23263861  
-20.20334444  
-22.34891845  
-16.96602714  
-5.516856273  
8.131064252  
19.55116582  
25.80452272  
26.71093661  
24.7430339  
23.60570047  
26.19509168  
32.93248692  
41.29424268  
46.79395673  
44.98889004  
33.5996002  
13.7757723  
-10.06926136  
-31.78949601  
-45.73808084  
-48.75707006  
-41.12978007  
-26.18840246  
-8.853965133  
6.201860139  
16.01030633  
19.87755362  
19.0219781  
15.62106343  
11.78782729  
8.900697971  
7.439551415  
7.197895786  
7.599657654  
7.898830918  
7.218732279  
4.562734575  
-1.021249715  
-10.04869894  
-22.1042461  
-35.52958578  
-47.5775159  
-55.13086192  
-55.79340816  
-48.91773367  
-36.08443946  
-20.73922777  
-7.056375854  
1.542117373  
3.602366044  
0.0782457541  
-6.178151399  
-11.6294689  
-13.42261988  
-10.33137886  
-2.924015086  
7.00617019  
17.36988671  
26.56750546  
33.77036346  
38.65828712  
40.89591719  
39.77642926  
34.3492367  
24.04194342  
9.452349512  
-7.185056469  
-22.25331637  
-31.78802568  
-32.94093379  
-25.24743506  
-11.08617438  
4.964901544  
17.69380142  
23.13962115  
20.03423764  
10.21384007  
-2.153957382  
-12.1886797  
-16.09218675  
-12.42102688  
-2.400289097  
10.73519966  
23.00903263  
31.03899523  
32.97112169  
28.79034856  
20.06477704  
9.357159274  
-0.4481121643  
-6.755701481  
-7.779113774  
-2.983833132  
6.592478498  
18.28933769  
28.22924032  
32.26589188  
27.32541343  
12.7260493  
-9.081600703  
-32.80950375  
-51.76343585  
-60.03041652  
-54.64738589  
-36.87607302  
-11.986753  
12.47403858  
29.32571674  
34.2894788  
27.4103002  
12.79863819  
-3.181854589  
-14.51132077  
-17.81490032  
-13.44448399  
-4.965095211  
2.639512955  
5.204167707  
1.092103759  
-8.297516352  
-19.32990738  
-27.77773063  
-30.5269553  
-26.62543119  
-17.32969122  
-5.291460774  
6.614983813  
16.24768424  
22.56854002  
25.42513611  
25.04547039  
21.64673275  
15.41595714  
6.8357993  
-2.927665814  
-11.93254026  
-17.87044914  
-18.88824015  
-14.45818346  
-5.838228356  
4.185602778  
12.25071153  
15.69052436  
13.57163342  
7.018975357  
-1.329803063  
-8.496493622  
-12.42427579  
-12.75351493  
-10.77289983  
-8.60440501  
-8.045392058  
