7.680214762  
-1.851417257  
-11.56185447  
-17.46169411  
-17.26921017  
-11.21916941  
-1.751384491  
7.722933858  
14.36094606  
17.00149886  
16.35908246  
14.27882501  
12.50441533  
11.64270698  
10.88670137  
8.643671837  
3.722196151  
-3.587061039  
-11.17511437  
-15.79581547  
-14.51129159  
-6.227250695  
7.452694912  
22.53788576  
34.06960369  
38.05889674  
33.08960703  
20.87156798  
5.50730519  
-8.177384128  
-16.47121933  
-17.97158833  
-13.66112328  
-5.945906867  
2.774986136  
11.24845858  
19.64999601  
28.92062465  
39.57670463  
50.69581606  
59.69682716  
63.12426817  
58.12082469  
43.8924007  
22.43355493  
-1.8951787  
-23.81295746  
-38.98159747  
-45.48061172  
-44.26670838  
-38.45627045  
-31.7977725  
-27.04608162  
-24.95427892  
-24.2764167  
-22.68942396  
-18.1313251  
-9.902450753  
0.9600349606  
12.14391721  
21.07072261  
25.93407944  
26.28897851  
22.97811309  
17.52223127  
11.34581523  
5.242922935  
-0.6862229795  
-6.673439353  
-12.76684032  
-18.49444074  
-22.91577107  
-25.0370968  
-24.35514974  
-21.21776581  
-16.7856556  
-12.591188  
-9.903023033  
-9.207590796  
-10.05921338  
-11.36448804  
-11.95295541  
-11.15317898  
-9.105042425  
-6.680466213  
-5.077555405  
-5.298325615  
-7.748654588  
-12.11143794  
-17.49597775  
-22.74431802  
-26.73857261  
-28.60621846  
-27.81985786  
-24.25686226  
-18.28195145  
-10.842097  
-3.47425558  
1.904183068  
3.484133458  
0.2424279023  
-7.439492087  
-17.53060239  
-26.70643548  
-31.30405087  
-28.59488345  
-17.89906153  
-1.06272127  
17.9647707  
34.36085501  
44.03207458  
44.9806073  
37.90932829  
25.8477197  
12.97993666  
3.169794518  
-1.232784295  
0.1160375505  
5.850377553  
13.72643145  
21.54804906  
27.78028294  
31.670933  
32.9827927  
31.63101148  
27.52350856  
20.72959416  
11.85657354  
2.34176342  
-5.629360619  
-9.682983915  
-8.125491766  
-0.7424096368  
10.87890476  
23.72167452  
34.31070124  
39.89600384  
39.34802901  
33.38925514  
24.09392503  
13.92771437  
4.800215267  
-2.434196798  
-7.846823983  
-11.83583108  
-14.46206806  
-15.14481924  
-12.92590663  
-7.172974979  
1.685763095  
11.86278473  
20.61489752  
25.24712563  
24.26946981  
18.12686782  
9.087888071  
0.2764717555  
-5.732689129  
-8.083772321  
-7.980839374  
-7.993419398  
-10.63454899  
-16.90825505  
-25.57858326  
-33.58976755  
-37.50551461  
-35.30702399  
-27.65912053  
-17.95490482  
-11.00404808  
-10.88549192  
-18.92530895  
-32.76376575  
-47.01888761  
-55.34014546  
-53.00138335  
-38.91154538  
-16.15970915  
9.147915734  
30.24767992  
42.24513506  
43.73180448  
36.85366677  
25.90898621  
15.20714083  
7.214946586  
1.823719778  
-3.003515592  
-9.61805083  
-18.9704298  
-29.6819169  
-38.38614988  
-41.195866  
-35.60038837  
-21.88836872  
-3.406600393  
14.50105437  
26.43593006  
28.94671405  
21.76413675  
7.795442253  
-8.055795218  
-20.7064009  
-26.60005584  
-24.67949973  
-16.36421065  
-4.694669353  
6.905410016  
15.74013728  
20.47598001  
21.2123112  
19.12699882  
15.93661629  
13.3730044  
12.7720273  
14.77884295  
19.15635637  
24.72910497  
29.54442372  
31.32004772  
28.1441509  
19.24329771  
5.520340241  
-10.42428445  
-24.90902407  
-34.28244196  
-36.14178212  
-30.17514349  
-18.26101198  
-3.757273988  
9.738800551  
19.64034817  
25.10403996  
26.95761882  
26.90667612  
26.44202646  
26.00343534  
24.81974931  
21.50145392  
15.07442469  
5.903650125  
-4.014834568  
-11.62285314  
-14.03805228  
-9.921126957  
-0.3280860994  
11.3992165  
20.73507101  
23.64861171  
18.17172238  
5.197939972  
-11.82558202  
-28.18246993  
-39.60918164  
-43.74701665  
-40.75572677  
-32.89869076  
-23.35265709  
-14.80800798  
-8.475472327  
-3.894051218  
0.4470273001  
6.025777475  
13.28540275  
21.19002621  
27.53921929  
29.88721761  
26.64087436  
17.8375565  
5.2567371  
-8.181154926  
-19.46401761  
-26.53505618  
-28.90386916  
-27.59029879  
-24.46509578  
-21.30762374  
-19.00846274  
-17.26389455  
-14.87841587  
-10.51750543  
-3.552605619  
5.398187973  
14.49551147  
21.28184977  
23.6190302  
20.56697945  
12.82897817  
2.569833938  
-7.323974018  
-14.23921222  
-16.68063115  
-14.63463029  
-9.334637669  
-2.576567743  
4.077379156  
9.832331521  
14.69894597  
19.05435855  
22.98906545  
25.82443766  
26.11641282  
22.22764106  
13.25239564  
-0.1392521839  
-15.39898891  
-28.60497404  
-35.69276421  
-33.98432496  
-23.39692621  
-6.785235515  
10.81315032  
23.81535617  
28.02144429  
22.09284364  
7.998357954  
-9.748485149  
-25.75165967  
-35.62631808  
-37.37983558  
-31.77302949  
-21.60028582  
-10.28295281  
-0.4353763973  
6.974968905  
12.56775697  
17.72453007  
23.4884182  
29.7846863  
35.36795909  
38.51140837  
38.0572993  
34.24367809  
28.81767522  
24.30075396  
22.71698033  
24.41013685  
27.59093438  
28.94560705  
25.13132379  
14.52026832  
-1.638499237  
-19.27530808  
-32.8925532  
-37.79351402  
-32.21187422  
-18.37152427  
-1.913869951  
10.17856661  
12.35872667  
2.835115459  
-15.57595936  
-36.47933699  
-52.42283763  
-57.86960512  
-51.36740287  
-35.99622554  
-17.91846239  
-3.680449024  
2.544996176  
0.5730411859  
-6.001024407  
-11.68852173  
-11.77754057  
-4.552682056  
7.943823199  
20.93234035  
29.19412466  
29.55777176  
22.40832239  
11.52014997  
2.302243325  
-0.7147141622  
4.024076938  
14.38329758  
25.51657718  
32.05593316  
30.47621  
20.54371561  
5.221717254  
-10.84628153  
-23.48285989  
-30.69025928  
-33.12645026  
-33.18710664  
-33.25222762  
-34.07700732  
-34.22273837  
-30.8735376  
-21.64324585  
-6.420640246  
11.78179604  
27.55848422  
35.22839174  
31.42235915  
16.91491606  
-3.247032703  
-21.51324794  
-30.80866927  
-27.4409091  
-12.6415507  
7.966969706  
26.76381589  
37.33147755  
37.05470675  
27.98651787  
15.64063519  
6.305077516  
4.119842814  
9.235240173  
17.84530178  
24.02595556  
22.50481934  
11.10614404  
-8.191182291  
-29.99071911  
-47.61997812  
-55.70816141  
-52.11595942  
-38.49352803  
-19.37967311  
-0.3594723214  
13.88970524  
20.91709649  
20.8181343  
15.65824797  
8.430971546  
2.043123915  
-1.35128808  
-0.6144361173  
4.372561722  
12.79130362  
22.98677227  
32.66455625  
39.31493869  
40.89796347  
36.62600809  
27.51015519  
16.32198912  
6.817231662  
2.402283065  
4.736239682  
12.87909921  
23.42660713  
31.67187419  
33.37321313  
26.41072482  
11.6317454  
-7.478179881  
-26.1523997  
-40.13880512  
-47.16971687  
-47.51680347  
-43.47477275  
-38.09923037  
-33.82710684  
-31.59866379  
-30.80398546  
-29.95322823  
-27.63807339  
-23.26422917  
-17.2204814  
-10.48816457  
-3.999906458  
1.834001143  
7.149023833  
12.20918831  
16.84233963  
20.12898902  
20.61804754  
17.04298453  
9.203145356  
-1.469744273  
-12.03408621  
-18.90738143  
-19.16934425  
-11.74778442  
2.044836567  
18.88303953  
34.56786602  
45.45893026  
49.61051213  
47.17871809  
40.00800572  
30.66447092  
21.39185139  
13.43819542  
6.970760421  
1.491828464  
-3.555044754  
-8.340624849  
-12.57791102  
-15.79860368  
-17.76082686  
-18.71345925  
-19.34433375  
-20.43113383  
-22.38754953  
-24.95917777  
-27.24527022  
-28.0535969  
-26.42631598  
-22.09429022  
-15.65856996  
-8.430749589  
-2.014467464  
2.195082662  
3.413761143  
1.664891299  
-2.24658183  
-6.93367744  
-10.73936461  
-12.1154157  
-10.03117772  
-4.349545671  
3.943117421  
12.79365816  
19.52421761  
21.62554763  
17.68920152  
8.1273226  
-4.675655732  
-16.96323644  
-24.84225465  
-25.72890805  
-19.42312006  
-8.316802877  
3.428465578  
11.46023229  
12.94361319  
