36.94300174  
36.60084609  
26.18390594  
7.886404602  
-13.35777822  
-31.57497799  
-41.86352903  
-42.08844002  
-33.49250533  
-20.00460145  
-6.566400674  
2.803711111  
6.40803912  
5.193527617  
1.95657835  
-0.1285801073  
1.051615551  
5.783852052  
12.71203409  
19.7764052  
25.3591989  
29.02198777  
31.46604718  
33.77734111  
36.41019016  
38.51779369  
38.06962216  
32.78494118  
21.46333458  
5.036840382  
-13.25452365  
-28.77490937  
-37.18284165  
-36.18873842  
-26.58791281  
-12.06908613  
2.163771455  
11.38359478  
13.09245311  
7.788812756  
-1.547358799  
-10.96978487  
-17.36051626  
-19.68741865  
-19.18997182  
-18.48014122  
-20.04980932  
-24.9295823  
-32.13264445  
-39.11085728  
-42.95486578  
-41.72748012  
-35.28974742  
-25.26004361  
-14.18743937  
-4.39537858  
2.919070738  
7.914710946  
11.61534352  
15.01909593  
18.31504097  
20.63062705  
20.43749941  
16.39356517  
8.17903412  
-3.102244686  
-15.15617879  
-25.24990383  
-31.12755691  
-31.68973318  
-27.18958855  
-18.95141118  
-8.829415503  
1.31155951  
9.911065369  
15.82061679  
18.33983525  
17.32379094  
13.38039841  
8.009893027  
3.456456993  
2.127120675  
5.667430593  
14.04559051  
25.12456664  
35.08402082  
39.70311871  
36.08261595  
24.08694779  
6.803062865  
-10.32158216  
-21.42735945  
-22.52084265  
-13.12073359  
3.46667606  
21.39988903  
34.56614261  
38.88909818  
33.69973657  
21.63003023  
7.171174974  
-5.362602256  
-13.49498798  
-17.14990046  
-17.97796688  
-17.93809819  
-17.97254715  
-17.51135293  
-15.04860403  
-9.415726209  
-0.9673868827  
8.081623036  
14.47536587  
15.54821402  
10.82382176  
2.668136523  
-4.491010331  
-6.140335899  
0.04254338365  
12.75064428  
27.25699627  
37.31572597  
37.95762  
27.88699364  
10.30141954  
-8.344670911  
-21.14441397  
-23.85144334  
-16.84722848  
-5.005008141  
4.538251132  
5.702953497  
-3.655474728  
-20.66629879  
-38.69252103  
-50.35474481  
-50.93722917  
-40.59086769  
-24.29396362  
-9.567900869  
-2.986448306  
-7.082890794  
-19.08557809  
-32.08036387  
-38.09535329  
-31.73027443  
-12.70726762  
13.79720873  
39.19304948  
55.00294782  
56.35259309  
43.94239691  
23.69575413  
4.280041909  
-6.419590016  
-4.399124172  
9.030707934  
27.97580605  
44.4527835  
51.55863457  
46.02788219  
29.22033001  
6.271145469  
-16.12236579  
-32.30756469  
-39.63339006  
-39.05525661  
-34.27172702  
-29.85852884  
-29.21919582  
-33.18108772  
-39.7551936  
-45.09052552  
-45.18630957  
-37.65018033  
-22.80131552  
-3.694742698  
14.92888698  
28.34912671  
33.56436027  
30.33429606  
21.18128592  
10.37447338  
2.31306628  
-0.05047113962  
3.856835414  
12.2667157  
22.00025361  
29.85099614  
33.81488058  
33.66095967  
30.65472053  
26.63736997  
22.9515862  
19.75518964  
16.05750728  
10.44604803  
2.120501333  
-8.314479993  
-18.74255859  
-26.23280741  
-28.26232872  
-23.91074176  
-14.45667876  
-3.060325205  
6.372426727  
10.67324782  
8.607964251  
1.277961546  
-8.426294277  
-17.05385283  
-21.95061127  
-22.16377661  
-18.54729012  
-13.10102989  
-7.916698116  
-4.248820372  
-2.122821483  
-0.6009315989  
1.499543737  
4.842608722  
9.159683993  
13.37475842  
16.17303321  
16.69755408  
15.00953669  
12.08407744  
9.354249221  
8.039212175  
8.585194591  
10.47702385  
12.48640385  
13.21540718  
11.67105638  
7.620369129  
1.605127216  
-5.335148131  
-12.06194611  
-17.66753914  
-21.62029856  
-23.72718043  
-24.00492598  
-22.57054434  
-19.61017533  
-15.40815248  
-10.36717483  
-4.9591963  
0.3935127458  
5.440141003  
10.13254509  
14.51257631  
18.49064575  
21.6362791  
23.12792053  
21.94943968  
17.29740553  
9.035867036  
-2.022126989  
-14.17742027  
-25.27789278  
-33.37429518  
-37.33485103  
-37.15574423  
-33.83258659  
-28.85074056  
-23.52454383  
-18.48103723  
-13.51267045  
-7.850072866  
-0.7112481218  
8.138869798  
18.08208344  
27.73423326  
35.38466643  
39.59312225  
39.68980541  
35.98122085  
29.60017621  
22.08737299  
14.8878313  
8.953398453  
4.573365384  
1.450878191  
-1.048251338  
-3.588984485  
-6.608313641  
-10.1680369  
-13.93633265  
-17.28272353  
-19.45472847  
-19.79540216  
-17.95124779  
-14.01177991  
-8.525971238  
-2.370925073  
3.499616453  
8.340887874  
11.82024423  
14.04222237  
15.37412792  
16.15032968  
16.40617644  
15.79581984  
13.76778749  
9.938330501  
4.481674192  
-1.685032282  
-7.071353456  
-10.12400174  
-9.883992179  
-6.49266592  
-1.282415857  
3.641612905  
6.189131146  
5.115891764  
0.530030812  
-6.162456753  
-12.85798991  
-17.63116562  
-19.48454162  
-18.62906169  
-16.17987278  
-13.43925977  
-11.14413429  
-9.075086623  
-6.241382433  
-1.559815418  
5.319712541  
13.48501536  
20.84627991  
24.85694515  
23.57346055  
16.56827738  
5.254308069  
-7.560082216  
-18.71029237  
-25.8511123  
-28.2441222  
-26.812792  
-23.46839972  
-20.05431808  
-17.43292385  
-15.16115216  
-11.90419807  
-6.366922835  
1.742507053  
11.2296466  
19.69958043  
24.52659064  
24.08019735  
18.63219326  
10.48995526  
3.237638304  
0.3668485064  
3.857527763  
13.30442492  
25.95856883  
37.67168948  
44.36259893  
43.42698076  
34.56209775  
19.73968029  
2.410880994  
-13.68813445  
-25.65309492  
-32.0689297  
-33.06012447  
-29.84307782  
-24.05897657  
-17.1882313  
-10.24028078  
-3.745675637  
2.062318125  
7.041759474  
11.03581042  
13.89391406  
15.55906232  
16.12517058  
15.80077903  
14.78791461  
13.15021184  
10.76392806  
7.405978321  
2.955694093  
-2.384283204  
-7.971177684  
-12.79820689  
-15.77117725  
-16.09985093  
-13.65651078  
-9.15164891  
-4.034409686  
-0.1219290043  
0.9408708668  
-1.774091056  
-8.103943688  
-16.72011911  
-25.39678803  
-31.56615773  
-33.01785923  
-28.54852007  
-18.36880145  
-4.131267306  
11.45421576  
25.32637662  
34.89850865  
38.74771086  
36.93788578  
30.85904759  
22.63227448  
14.29328968  
7.061292751  
0.9799645159  
-4.922038764  
-12.01206313  
-21.2335069  
-32.44129168  
-44.19838023  
-54.15369926  
-59.87159622  
-59.77770141  
-53.81815398  
-43.53488852  
-31.50419231  
-20.359067  
-11.80334625  
-6.035435692  
-1.82449277  
2.803398766  
9.580895932  
19.15832719  
30.77713184  
42.59009738  
52.46039387  
58.8534017  
61.39828245  
60.86230697  
58.56984417  
55.57368688  
52.01300402  
47.0069494  
39.16965113  
27.51770672  
12.32410253  
-4.532772637  
-19.96113397  
-30.68280041  
-34.47725064  
-31.09599228  
-22.42038896  
-11.75979158  
-2.569312543  
2.86838728  
4.22789959  
3.05736877  
1.877728639  
2.881723798  
6.826041243  
12.61620118  
17.76472257  
19.50401547  
16.04207233  
7.391828839  
-4.58970421  
-16.95122795  
-26.82797852  
-32.51307267  
-33.95117722  
-32.47137312  
-29.93652497  
-27.74922252  
-26.19948262  
-24.45128843  
-21.14016509  
-15.25323277  
-6.830100447  
2.87873568  
11.88355843  
18.326762  
21.32100121  
21.33320738  
19.91332544  
18.8891922  
19.41367843  
21.33219369  
23.19187819  
22.90997696  
18.80103365  
10.4827598  
-0.7740609173  
-12.4356194  
-21.67910236  
-26.5247662  
-26.62384973  
-23.35464421  
-19.18981146  
-16.62208961  
-17.12550863  
-20.60025242  
-25.52112839  
-29.69030501  
-31.23257093  
-29.38329557  
-24.73631903  
-18.8810905  
-13.63548425  
-10.24761243  
-8.923791048  
-8.861293729  
-8.716673378  
-7.246304374  
-3.804945946  
1.505757065  
8.04565455  
15.02391707  
21.81442081  
28.01973542  
33.27987463  
36.99942588  
38.24312547  
35.97310962  
29.60261031  
19.62091492  
7.927538562  
-2.42012483  
-8.098975758  
-6.787591186  
1.696593882  
14.92916205  
28.39939752  
