-33.94627397  
-42.35080347  
-48.15593069  
-48.24829168  
-41.00248639  
-27.31223626  
-10.52614279  
4.733107928  
14.36739712  
16.43259253  
11.88706743  
4.142994429  
-2.366230627  
-3.973513961  
0.8329808661  
10.96226838  
23.32700892  
34.16964101  
40.5079259  
41.11382519  
36.69997157  
29.35415001  
21.56254965  
15.27400841  
11.36168904  
9.606080463  
9.084474638  
8.710416804  
7.669793254  
5.614652598  
2.62388559  
-0.9583256558  
-4.679142877  
-8.058847436  
-10.60698881  
-11.8350988  
-11.32224591  
-8.842993239  
-4.509848001  
1.145149049  
7.209371696  
12.56005625  
16.12395298  
17.15227523  
15.43669117  
11.41173125  
6.11618889  
1.004693684  
-2.379126358  
-2.827517016  
0.09529985153  
5.740449418  
12.33879209  
17.34976969  
18.18212484  
13.11059538  
2.075462378  
-12.98188348  
-28.47484541  
-40.19972406  
-44.72885017  
-40.66368059  
-29.23830826  
-13.98321535  
0.4745608859  
10.03560687  
12.54272549  
8.421712501  
0.3032419936  
-8.191620841  
-13.96752426  
-15.62533716  
-13.81523541  
-10.68110068  
-8.711605103  
-9.557564331  
-13.34793208  
-18.76392326  
-23.75323397  
-26.47569469  
-26.00276865  
-22.47251474  
-16.71850955  
-9.674396807  
-1.950991707  
6.155685801  
14.26109458  
21.40634281  
25.90204487  
25.76131306  
19.64533336  
7.898771085  
-6.905946544  
-20.35729116  
-27.56504727  
-25.04590481  
-12.35563515  
7.304779284  
27.90907875  
42.65544884  
46.49271762  
38.10877216  
20.53727941  
0.08224689292  
-16.0490021  
-22.47526911  
-17.64741829  
-4.342366748  
11.52505999  
23.26602452  
25.99869165  
18.43961104  
3.2545494  
-14.08848283  
-27.44149253  
-32.22098048  
-26.94149157  
-13.54365642  
3.492582672  
18.82379071  
28.05582351  
29.07706692  
22.53761697  
11.42766882  
-0.006606178294  
-7.614409809  
-8.550877407  
-2.040267242  
10.46240338  
25.70666203  
39.54390464  
48.05636928  
48.63585315  
40.73080624  
26.0457037  
8.108649709  
-8.699486478  
-20.38930824  
-24.50778892  
-20.82262601  
-11.32049145  
0.4803331499  
10.67023347  
16.15443466  
15.52463337  
9.32665173  
-0.3210703422  
-10.57487075  
-18.84863274  
-23.58642441  
-24.59005388  
-22.85083454  
-20.01273516  
-17.70439366  
-16.98358345  
-18.05917744  
-20.33115903  
-22.67724064  
-23.84992495  
-22.84623757  
-19.15691295  
-12.86367904  
-4.604673865  
4.548583213  
13.26305726  
20.14167248  
23.93896574  
23.78638373  
19.40408677  
11.25206871  
0.5603523018  
-10.81429141  
-20.71999584  
-27.18489423  
-28.92653353  
-25.74501892  
-18.65390163  
-9.665627579  
-1.254348597  
4.360654192  
5.885886699  
3.344031582  
-1.967010425  
-7.946917873  
-12.43224835  
-13.92667277  
-12.04378084  
-7.498485586  
-1.671505287  
4.044772538  
8.816071931  
12.59005307  
15.8800169  
19.22883421  
22.64077818  
25.29889112  
25.7591802  
22.58114004  
15.12495281  
4.130989943  
-8.236631376  
-18.97685967  
-25.27419664  
-25.54733346  
-20.07309609  
-10.90089453  
-1.073163954  
6.529531263  
10.23282239  
10.06567944  
7.51726741  
4.68865334  
3.241254733  
3.622555087  
4.914514484  
5.35766451  
3.296351581  
-1.898027328  
-9.35347392  
-16.89515413  
-21.83780465  
-22.03746674  
-16.7624795  
-7.028535355  
4.729363806  
15.50422074  
22.74688471  
25.18979496  
23.18082179  
18.44204267  
13.37976562  
10.21563465  
10.24399652  
13.45119998  
18.59633804  
23.70010814  
26.76617914  
26.49405037  
22.74919152  
16.6292054  
10.09065733  
5.246577198  
3.570597631  
5.299245539  
9.27892825  
13.35674261  
15.20476601  
13.27716544  
7.512552434  
-0.5376182918  
-8.255355692  
-12.99573184  
-13.20612529  
-9.147481368  
-2.881156252  
2.50993499  
4.161962517  
0.6127362327  
-7.58494635  
-18.08934018  
-27.73768708  
-33.83066737  
-35.17008197  
-32.40776928  
-27.5850183  
-23.11262553  
-20.68537357  
-20.62947088  
-21.94778515  
-22.98117865  
-22.31043203  
-19.43403245  
-14.90281532  
-9.895132062  
-5.511768095  
-2.204576644  
0.3423868356  
2.82909585  
5.699238855  
8.64670097  
10.60303025  
10.27232098  
6.958079413  
1.224319435  
-5.027658113  
-9.211148259  
-9.198845196  
-4.435743179  
3.547811276  
11.54570746  
15.90809115  
14.09179427  
5.844844742  
-6.524556772  
-18.94706503  
-27.13675566  
-28.22855335  
-21.82272104  
-10.02368304  
3.491270697  
14.92970352  
21.73675815  
23.31627466  
20.91761885  
16.86146525  
13.52452325  
12.52576533  
14.37475747  
18.58037767  
24.01879482  
29.3175285  
33.11622656  
34.22422768  
31.78975846  
25.56289047  
16.19429332  
5.373011248  
-4.420404747  
-10.62698812  
-11.61090327  
-7.534099663  
-0.6267208745  
5.432350386  
6.918984789  
1.730763084  
-9.426792686  
-22.96086392  
-33.60462903  
-36.52009992  
-29.42934354  
-13.81788978  
5.397648309  
21.68892607  
29.49812906  
26.48145639  
14.42499225  
-1.586665817  
-15.39465779  
-22.39948359  
-21.43545117  
-15.06314747  
-8.179932922  
-5.61380735  
-9.81936853  
-19.72814211  
-31.25522274  
-39.19037056  
-39.57117978  
-31.43387098  
-17.15704422  
-1.286845062  
11.55912639  
18.70220032  
20.3954473  
19.37622219  
19.25024464  
22.52586326  
29.26219619  
36.98111388  
41.87593696  
40.73112356  
32.62907549  
19.62320246  
6.0358502  
-3.326269108  
-5.252833199  
0.4133308468  
10.58897456  
20.12510033  
23.85553641  
18.67571282  
4.81359869  
-14.19218833  
-32.76344143  
-45.27540284  
-47.99982678  
-40.29669028  
-24.68295091  
-5.844519917  
10.9736484  
21.59529112  
24.01884827  
18.70970691  
8.097837018  
-4.43890208  
-15.70090432  
-23.52768795  
-27.16775961  
-27.13170671  
-24.6781016  
-21.17837954  
-17.60676603  
-14.314876  
-11.12212682  
-7.626259133  
-3.563580204  
0.953583982  
5.42616361  
9.177589295  
11.67285585  
12.78414147  
12.86221553  
12.56427578  
12.50630067  
12.90293688  
13.3767811  
13.05453066  
10.93895564  
6.41346916  
-0.3400960195  
-8.210153645  
-15.39895181  
-19.97265372  
-20.51621277  
-16.6408002  
-9.148241103  
0.2076605276  
9.263675799  
16.08500883  
19.4697324  
19.1657433  
15.77284769  
10.42425727  
4.404375316  
-1.15359796  
-5.420137024  
-7.8882955  
-8.333658791  
-6.791267627  
-3.580687379  
0.6513034563  
4.939554507  
8.123848224  
9.099104591  
7.136207191  
2.16674054  
-5.082907703  
-13.18099889  
-20.30061896  
-24.67235889  
-25.05008185  
-21.05607655  
-13.30601038  
-3.278999836  
7.034338587  
15.61515985  
20.90873138  
22.20108992  
19.7815502  
14.84384214  
9.145912499  
4.51553538  
2.338714678  
3.180426252  
6.65445982  
11.58380769  
16.40193563  
19.66427138  
20.5032004  
18.87976064  
15.55535463  
11.80031152  
8.939668164  
7.881893147  
8.774878455  
10.89072254  
12.77828127  
12.65497533  
8.953340566  
0.892734923  
-11.07860801  
-25.12635089  
-38.27127264  
-47.05199124  
-48.49739832  
-41.15741401  
-25.84954697  
-5.796968862  
14.01367234  
28.16688873  
32.47798189  
25.42539219  
8.812754722  
-12.65314137  
-32.79703178  
-45.9571091  
-48.8087015  
-41.35788358  
-26.73812891  
-9.910406518  
4.201963027  
12.40094076  
14.08303753  
11.02002302  
6.253669445  
2.667275358  
1.886496755  
3.946537742  
7.758855896  
12.01646405  
15.98950651  
19.76777141  
23.84443592  
28.326016  
32.28870233  
33.74909155  
30.3987133  
20.82123756  
5.59695725  
-12.32667288  
-28.31972473  
-37.63998534  
-37.26744917  
-27.20203039  
-10.61525959  
7.262572253  
21.07473842  
27.27093745  
25.22175613  
17.07060323  
6.456896203  
-3.248783587  
-10.35856493  
-15.29325449  
-19.88166776  
