-68.32197253  
-134.4035325  
-190.3609729  
-220.7614284  
-216.9661806  
-178.4611028  
-112.2453444  
-30.83140776  
50.5953242  
117.4118601  
158.7539156  
170.084958  
154.4160542  
121.5556954  
85.27917735  
59.08733198  
51.94166862  
65.59358843  
94.62814162  
129.2416013  
159.5444344  
179.4236206  
188.1767856  
189.2007641  
186.5315973  
181.2036752  
169.598977  
144.9944068  
101.8191321  
40.53004625  
-29.61600664  
-91.86675877  
-127.4466443  
-123.1670346  
-77.81830343  
-4.226470947  
74.37809388  
132.4816647  
151.5826717  
126.6944156  
67.28659651  
-7.599609375  
-77.67635981  
-129.2835659  
-159.28169  
-173.5012868  
-181.016816  
-187.5725928  
-191.8055725  
-186.3449198  
-163.1876263  
-120.3405117  
-65.83856074  
-16.42536333  
9.123104519  
-0.8519524468  
-43.75785107  
-101.5472126  
-146.7595978  
-153.6840286  
-109.8863653  
-22.85122554  
81.56400299  
168.582272  
208.039828  
186.285319  
111.4159478  
9.749660704  
-84.74108971  
-143.357154  
-152.504637  
-116.6659889  
-53.99742889  
12.70422067  
65.1911282  
95.11571587  
103.86333  
98.05543264  
83.89799923  
63.69586934  
36.24303775  
0.3648939133  
-40.99345271  
-79.07487954  
-101.557643  
-97.96142409  
-65.43839984  
-11.66372723  
47.16937764  
92.75462723  
112.6027514  
105.609442  
82.35798984  
59.78734631  
52.71150907  
66.36806912  
93.80125915  
119.5398498  
127.857157  
111.4771932  
76.19028219  
38.74106471  
18.68393623  
28.02270805  
63.80602646  
107.6583277  
133.0135854  
117.0714561  
52.05019787  
-49.61100727  
-158.801317  
-240.7558339  
-268.7877765  
-234.7081723  
-151.414644  
-46.73581865  
48.41716109  
112.0674956  
138.0169033  
134.8553107  
118.3275969  
101.3715138  
87.05846151  
67.95567958  
32.01115884  
-28.36090257  
-109.0083389  
-192.7371657  
-255.1273838  
-274.978903  
-244.4190716  
-173.6523387  
-87.74071418  
-16.56416109  
17.62038676  
9.376698812  
-28.1602656  
-69.77016746  
-89.86502033  
-74.06636153  
-25.40258235  
37.549661  
89.51894421  
110.1536132  
93.02466583  
48.00164541  
-3.843232897  
-40.2123714  
-47.71067874  
-27.51633284  
5.805698077  
31.5322575  
32.54941559  
3.182233598  
-48.29492527  
-103.3011093  
-140.8217316  
-145.8875334  
-115.0507266  
-56.86694866  
12.29209773  
74.82896847  
117.9401593  
136.7690993  
134.005884  
116.8970981  
93.57104323  
70.44914712  
51.55043454  
39.29760488  
35.66904979  
42.55975469  
60.93449063  
89.28886329  
122.5491829  
152.4454134  
169.6676744  
167.1193911  
142.8806474  
101.4574863  
52.59032525  
7.972412745  
-22.8070844  
-35.42353651  
-31.80847454  
-18.67625766  
-4.368408627  
4.513974508  
5.237346649  
-0.9604348077  
-10.57108476  
-20.27808592  
-28.84268528  
-37.45352512  
-48.40931447  
-62.89025879  
-79.07417594  
-91.74261432  
-93.82971022  
-79.42712741  
-46.98036745  
-1.190725962  
47.43721814  
85.515968  
101.2270906  
88.64453973  
50.20765601  
-3.733760834  
-58.2595751  
-98.92382431  
-116.6178877  
-110.4129764  
-87.32281621  
-59.1506229  
-37.73076354  
-30.49571864  
-38.10056898  
-54.93767929  
-72.13238356  
-81.5855289  
-79.25826348  
-66.33714888  
-47.94487466  
-30.21352217  
-17.23910862  
-9.405048794  
-3.789170371  
3.712254842  
15.78001997  
32.01569833  
49.1010632  
62.6093093  
69.37267431  
68.98809984  
63.53747474  
55.65898683  
46.16622204  
32.83074194  
11.42959362  
-21.11620543  
-63.05473582  
-105.8109275  
-135.4345754  
-137.6524378  
-104.7048206  
-40.80250729  
36.87440533  
102.9982834  
133.4457787  
115.4908142  
54.26409891  
-27.87316068  
-99.43255022  
-132.3509047  
-113.6853065  
-51.19971402  
29.90123834  
97.89289644  
128.3546893  
114.6509416  
70.22142198  
21.54911635  
-4.966675017  
3.938373778  
41.66932636  
84.72597928  
104.1188287  
79.94174216  
12.15786531  
-77.71297794  
-155.1000977  
-187.393408  
-158.633475  
-77.11809201  
27.62014156  
117.1241608  
160.0354674  
144.6495616  
82.56897142  
2.231481128  
-64.26376618  
-94.74181112  
-84.8430055  
-47.16581048  
-2.906143612  
29.30543709  
41.72794851  
39.23085954  
34.2741428  
38.46190537  
55.52376853  
79.48622089  
98.76270803  
103.5722377  
92.28488583  
72.92542903  
58.80118646  
60.54718314  
79.032101  
103.3038928  
115.1957639  
98.6338662  
48.99325222  
-22.51264275  
-92.15423372  
-133.6532584  
-130.2783852  
-83.24356376  
-12.14188851  
53.11491013  
85.29760149  
71.79807748  
19.94805145  
-46.73614099  
-99.53913053  
-117.5526551  
-96.63480716  
-50.31466039  
-2.539785597  
23.99670664  
18.2871613  
-14.61246151  
-56.96124352  
-87.4131084  
-91.15066062  
-66.24415419  
-23.53743702  
19.32576031  
46.35579215  
49.87582186  
32.39042473  
3.349245707  
-26.89998669  
-52.4665095  
-73.78041501  
-95.31801499  
-120.874922  
-149.3750381  
-173.7778632  
-183.8375532  
-171.272956  
-134.5521384  
-80.67594359  
-22.92991511  
24.31779247  
51.20954174  
55.71916792  
43.31842295  
23.53812408  
5.471623739  
-5.423487769  
-7.876500448  
-3.011911392  
8.128762351  
25.84974331  
50.89862993  
82.02327686  
113.8278978  
136.8504295  
140.5979428  
118.4620866  
72.0251965  
12.16816139  
-44.21822209  
-80.85607147  
-89.05796072  
-71.57168918  
-41.14033339  
-14.19164191  
-2.622499678  
-7.795094384  
-19.93551143  
-23.47920566  
-5.838288837  
34.85624377  
87.18955782  
130.777732  
145.7026333  
122.5968954  
68.32612864  
4.182181676  
-42.92888472  
-52.35204146  
-19.04841275  
44.01193174  
111.6182755  
157.5451047  
165.9499749  
137.6439022  
88.48582374  
40.99915017  
13.51932568  
12.20786497  
29.62088945  
50.11347834  
58.91325929  
49.98795319  
28.65241877  
7.758571201  
-0.2636140188  
8.930167092  
28.48034668  
43.56141747  
39.37405777  
9.713906606  
-38.48604711  
-87.2485004  
-115.5234862  
-109.239243  
-68.49963972  
-8.326928775  
47.49583181  
76.57412508  
67.23335139  
22.72945362  
-41.36608124  
-104.9504022  
-152.2786009  
-177.6037055  
-185.1298044  
-183.8995438  
-180.8430252  
-176.0145599  
-162.6868969  
-132.2026064  
-80.80631171  
-14.49816471  
51.09227265  
96.22823758  
105.5284822  
75.25991906  
15.77751605  
-52.25605986  
-106.2178824  
-130.5673328  
-122.4253182  
-91.27465767  
-53.26291148  
-23.14462958  
-7.880263435  
-4.846682866  
-5.134812673  
0.2025417752  
14.48842367  
33.40757306  
47.6387736  
48.61089325  
34.17646048  
11.0309338  
-7.605043199  
-8.048948924  
16.98221376  
64.13382361  
119.959382  
166.1006215  
186.7341588  
174.8968616  
134.9244029  
80.14125146  
27.13122898  
-10.65688621  
-27.19912126  
-24.57849884  
-10.38910166  
6.385572645  
18.8873664  
23.90570068  
21.33411535  
12.61405097  
-0.4725288815  
-15.87388441  
-30.4569575  
-39.37094116  
-36.69195218  
-17.67278798  
18.22747379  
65.19077725  
111.34741  
142.1020338  
145.4999246  
117.4323336  
64.24018097  
1.248593224  
-52.46311357  
-81.01084307  
-77.4885949  
-46.16490343  
-0.268257565  
43.52972497  
71.44109005  
77.02989663  
62.19328944  
34.73490185  
4.111469269  
-22.4600686  
-41.87166553  
-54.57351028  
-62.51086171  
-67.09195752  
-68.43393877  
-66.13420614  
-60.75318909  
-54.6961174  
-51.55590481  
-53.99788941  
-61.3458608  
-68.48102739  
-67.18397522  
-49.79271952  
-13.68407991  
35.66792467  
84.92894681  
116.925594  
117.1427095  
80.05573357  
12.47481834  
-67.79934692  
-137.7639745  
-177.2832286  
-176.2846472  
-138.266059  
-78.8339564  
-19.98512734  
17.5470083  
21.00515366  
