-21.00738885  
-36.38718444  
-48.76497383  
-54.98711874  
-53.19807689  
-43.47939937  
-27.84198582  
-9.551105887  
7.962882025  
22.17753406  
32.11467176  
38.31181516  
42.19474908  
45.17743142  
47.92241833  
50.09898522  
50.72248684  
48.86693106  
44.35780134  
38.05915587  
31.57634738  
26.49719489  
23.54868871  
22.1197834  
20.44825863  
16.45260865  
8.857423113  
-1.925321703  
-13.63238604  
-22.8750755  
-26.51266309  
-23.09986448  
-13.74111903  
-1.900739302  
7.844493616  
11.64194171  
8.021295913  
-1.369294719  
-12.33176625  
-19.82362373  
-20.12453329  
-12.5534339  
0.02308254602  
12.16283347  
17.95061536  
13.39013281  
-1.897896576  
-24.38391029  
-47.87683166  
-65.80750411  
-73.61532327  
-70.27560209  
-58.37578479  
-42.7674782  
-28.41465574  
-18.3758499  
-12.76819121  
-9.110770461  
-3.83480232  
5.751772992  
19.93948628  
36.21304338  
50.14825421  
57.22099763  
54.74974041  
43.14269765  
25.92298725  
8.51801748  
-3.694757523  
-7.310092119  
-2.047297684  
9.271689251  
21.85218256  
30.68398708  
32.24910359  
25.58056893  
12.3695695  
-3.809233262  
-18.78299936  
-29.08503437  
-32.85892113  
-30.15304971  
-22.63342244  
-12.91822312  
-3.796332492  
2.450201909  
4.498393444  
2.181881973  
-3.542440544  
-10.82648508  
-17.33311418  
-20.77102572  
-19.48500564  
-12.97160858  
-2.158082545  
10.69251311  
22.49371746  
30.1679501  
31.56842322  
26.18914426  
15.40246482  
2.103167875  
-10.15526955  
-18.2604341  
-20.50451631  
-17.07542321  
-9.900971245  
-1.903680204  
4.059810109  
6.185369269  
4.274708563  
-0.3368962918  
-5.427875114  
-8.843616869  
-9.368864828  
-7.175534729  
-3.677022745  
-0.8669998889  
-0.4310704492  
-3.009956012  
-7.923021128  
-13.4596906  
-17.60010104  
-18.8430739  
-16.77705577  
-12.15470387  
-6.459287111  
-1.188075059  
2.796192164  
5.53227198  
7.725471021  
10.14420742  
12.97575092  
15.50403594  
16.32302936  
14.02929706  
8.079385065  
-0.62510885  
-9.768066951  
-16.33994986  
-17.79047397  
-13.12215736  
-3.419390308  
8.465172837  
18.97396137  
25.21563111  
26.04666459  
22.38328253  
16.61107035  
11.37632893  
8.336393974  
7.466701726  
7.258003366  
5.703733928  
1.584592133  
-4.605865961  
-10.59622268  
-13.22934034  
-9.938032865  
-0.1268666447  
14.21188984  
28.98992686  
39.46632178  
42.04592531  
35.66480138  
22.16986659  
5.545874406  
-9.652778042  
-19.97408903  
-24.1416734  
-23.13165746  
-19.32482109  
-15.21257185  
-12.29491029  
-10.65491268  
-9.326088749  
-7.167177887  
-3.732685242  
0.3314240591  
3.556637167  
4.415571866  
2.155964948  
-2.74160907  
-8.717074009  
-13.80209962  
-16.45176556  
-16.10926318  
-13.23845581  
-8.855027952  
-3.857662607  
1.442520248  
7.321958105  
14.18375006  
21.923328  
29.53126926  
35.23351872  
37.18131653  
34.38295162  
27.39682073  
18.37501388  
10.34437863  
5.988552471  
6.465975191  
10.81706781  
16.2650005  
19.30662102  
17.12460925  
8.701424852  
-4.8425031  
-20.80204569  
-36.03916047  
-48.18302417  
-56.3397626  
-61.0402547  
-63.53458875  
-64.85041599  
-65.11529728  
-63.47799036  
-58.63681282  
-49.6721927  
-36.73595765  
-21.23950713  
-5.44714591  
8.318715054  
18.47484713  
24.61258864  
27.40907501  
28.11618563  
27.92066385  
27.49075721  
26.88537131  
25.78619225  
23.84942926  
20.9437281  
17.1548224  
12.61102957  
7.311525834  
1.135479611  
-5.920159211  
-13.40634562  
-20.2343476  
-24.84111137  
-25.73050233  
-22.18113425  
-14.76043861  
-5.323424488  
3.600326964  
9.811619049  
12.38247327  
12.05437356  
10.84524116  
10.99942841  
13.76451983  
18.6070606  
23.30428784  
24.93389802  
21.33029819  
12.30645546  
0.01308149707  
-11.80402406  
-19.35226603  
-20.43703146  
-15.4122098  
-6.95510445  
1.255103154  
6.332274292  
7.574595715  
6.747817298  
7.087428366  
11.48030637  
20.72027099  
32.73208885  
43.22106713  
47.52042457  
42.81039904  
29.6610848  
12.1270755  
-3.725360954  
-12.25026488  
-10.547886  
0.3499024409  
15.95810425  
30.25523885  
38.16976679  
37.53491118  
29.68312322  
18.49771788  
8.443713912  
2.53801816  
1.191087779  
2.391879021  
3.047750531  
0.7533986433  
-4.904991273  
-12.13276624  
-17.86573405  
-19.36641055  
-15.68126346  
-8.255567305  
-0.4304703962  
3.916134618  
1.939281476  
-7.094910004  
-21.64846606  
-38.63906404  
-54.63112575  
-66.91180972  
-74.02059236  
-75.64010619  
-72.09885321  
-63.89652472  
-51.56957025  
-35.93783583  
-18.48295935  
-1.478407031  
12.39259443  
20.8952594  
23.21737296  
20.54507347  
15.84362821  
12.80313806  
14.33137367  
21.2509737  
31.82589867  
42.39930588  
48.91636412  
48.67710476  
41.52541142  
29.91458509  
17.79712909  
8.834472528  
4.748844507  
4.587145516  
5.247747366  
3.035148124  
-4.479541633  
-17.16276606  
-32.20379966  
-45.24935817  
-52.27610755  
-51.34394956  
-43.42609676  
-31.93679508  
-21.17691425  
-14.4118708  
-12.46154931  
-13.43910802  
-13.74935909  
-9.88212544  
-0.1826094623  
14.20033333  
29.60999692  
41.28773231  
45.27310244  
39.98720037  
26.85188363  
9.735583205  
-6.483953887  
-17.60399795  
-21.34920853  
-17.76060639  
-8.701839488  
3.164670786  
15.40610889  
26.41451521  
35.41157428  
42.02678256  
45.81272392  
46.05328954  
42.01737695  
33.53153533  
21.53179424  
8.223056604  
-3.360409447  
-10.3121845  
-10.97750852  
-5.767162525  
2.727552408  
10.44616596  
13.19093224  
8.11631862  
-5.168256336  
-24.29490159  
-44.76060368  
-61.27509296  
-69.38353127  
-66.82996333  
-54.22993861  
-34.85692837  
-13.63540145  
4.32862397  
15.22194114  
17.5657619  
12.52861522  
3.438202338  
-5.344723982  
-9.839391727  
-7.708180298  
1.026683403  
14.04450696  
27.55288046  
37.61011531  
41.4948591  
38.63848183  
30.77510602  
21.23846352  
13.65566921  
10.52780057  
12.25151927  
16.97796278  
21.38196798  
22.04527466  
16.89799151  
6.125218951  
-7.841697305  
-21.25182537  
-30.49278725  
-33.46675082  
-30.30472136  
-23.12904519  
-14.99191023  
-8.483078577  
-4.642957301  
-2.676589944  
-0.5910952615  
3.549929378  
10.36010199  
18.47731204  
24.88208002  
26.10251179  
19.8042364  
6.061398424  
-12.28566697  
-30.40350077  
-43.10306745  
-46.70088362  
-40.35649585  
-26.35280071  
-9.217751595  
5.943680228  
15.23669977  
17.19366544  
12.9973875  
5.706420272  
-1.128178236  
-4.861726577  
-4.629949198  
-1.42439803  
2.559902435  
4.955993469  
4.188154074  
0.01086142153  
-6.512571474  
-13.49376554  
-18.9143887  
-21.26014087  
-19.90498375  
-15.18895143  
-8.241397998  
-0.650947291  
5.924056511  
10.13745316  
11.27970857  
9.48490678  
5.748105347  
1.693948834  
-0.8955116083  
-0.6855370742  
2.678490377  
8.338787737  
14.44488434  
18.80525054  
19.75533466  
16.89693818  
11.3753332  
5.527588958  
1.998693954  
2.665118909  
7.818097443  
15.97055089  
24.39803183  
30.20441254  
31.46661693  
27.9678464  
21.20460109  
13.6711823  
7.748496594  
4.69714699  
4.203354085  
4.666923829  
4.077634702  
1.055017493  
-4.444277142  
-11.08732904  
-16.81132734  
-19.84893891  
-19.64304246  
-17.20982937  
-14.76097073  
-14.73791072  
-18.68225843  
-26.44623736  
-36.09776137  
-44.57173489  
-48.79631394  
-46.82941828  
-38.55069297  
-25.66038971  
-11.03117917  
2.285729367  
11.99465033  
17.09842193  
17.9228655  
15.72046387  
12.09691331  
8.513078529  
6.009441362  
5.148001841  
6.060130171  
8.475627239  
11.68887756  
14.52612781  
15.44468884  
12.86226621  
5.69512313  
