0.2316834165  
-8.257425538  
-16.31839753  
-21.4011942  
-22.42024777  
-19.90400416  
-15.49474978  
-11.05721868  
-7.795914958  
-5.755362483  
-3.898309273  
-0.703598322  
4.998508834  
13.33464227  
23.1572867  
32.39009272  
38.81286687  
40.95419403  
38.704964  
33.37877393  
27.17850496  
22.28395645  
19.94330516  
19.95559027  
20.76998621  
20.16585837  
16.22940382  
8.21578996  
-3.064674371  
-15.49290888  
-26.40727872  
-33.56241156  
-35.88502299  
-33.73832387  
-28.63148708  
-22.55125897  
-17.2369302  
-13.70655789  
-12.18863877  
-12.39919118  
-13.94140827  
-16.5706591  
-20.17555601  
-24.51381295  
-28.90469468  
-32.12901109  
-32.68781336  
-29.37274295  
-21.90429949  
-11.30912992  
0.2109671144  
9.946465193  
15.65208071  
16.42405589  
13.09051498  
7.917553743  
3.728907077  
2.797739343  
5.975324196  
12.4175403  
20.00796725  
26.27254739  
29.37726116  
28.78564195  
25.32597796  
20.6927102  
16.6494332  
14.30542898  
13.7646563  
14.24652414  
14.55594367  
13.64363664  
11.00133702  
6.760127406  
1.52654262  
-3.892733077  
-8.712714051  
-12.25670931  
-13.94218481  
-13.27422277  
-9.94130807  
-4.015786134  
3.84647283  
12.36381294  
19.85163292  
24.6862502  
25.840689  
23.25059643  
17.8193378  
11.03235302  
4.343581743  
-1.379432882  
-6.082816716  
-10.31656431  
-14.70209648  
-19.36675782  
-23.66350199  
-26.35538139  
-26.20230688  
-22.66492938  
-16.35631235  
-8.976068176  
-2.710572778  
0.6472151254  
0.4497745369  
-2.545186374  
-6.543498343  
-9.547180385  
-10.25949833  
-8.634564268  
-5.814881609  
-3.498375896  
-3.051497286  
-4.803094293  
-7.858214904  
-10.51133137  
-11.04753621  
-8.539984891  
-3.269446098  
3.410829284  
9.668207977  
13.93575764  
15.45779147  
14.41540702  
11.64045806  
8.127971976  
4.629489788  
1.52253986  
-1.034534085  
-2.828928128  
-3.432384952  
-2.302827116  
0.8772603121  
5.821567508  
11.47315096  
16.21303093  
18.41048975  
17.08465331  
12.36167281  
5.489050026  
-1.623830331  
-7.139045836  
-9.963017778  
-10.05830251  
-8.278552535  
-5.848812848  
-3.780067395  
-2.514633013  
-1.949036789  
-1.758405803  
-1.777704286  
-2.175263722  
-3.294672552  
-5.262270712  
-7.628430711  
-9.326349316  
-9.068921086  
-6.043977989  
-0.5540939708  
5.791098814  
10.54000601  
11.4062879  
7.392731221  
-0.5164455331  
-9.498797944  
-15.9094354  
-16.78516966  
-11.18434152  
-0.7356179664  
10.90261527  
19.48434325  
21.91214412  
17.50863267  
8.261169183  
-2.065882188  
-9.548887732  
-11.72879032  
-8.529866832  
-2.099096312  
4.308468735  
7.84753596  
7.296110294  
3.433723027  
-1.532274816  
-5.160788545  
-5.989661731  
-4.191440447  
-1.392667343  
0.211485295  
-1.010973387  
-5.300488006  
-11.35791713  
-16.91458999  
-19.72279435  
-18.49544969  
-13.38123959  
-5.80461306  
2.199647867  
8.816974458  
13.07451537  
15.02080198  
15.45924143  
15.42930887  
15.70894905  
16.55087259  
17.71733298  
18.72730752  
19.1511338  
18.80554573  
17.78751271  
16.37838649  
14.89972517  
13.59140965  
12.53666392  
11.61841882  
10.48913407  
8.569730335  
5.128503276  
-0.5115770124  
-8.647793269  
-18.85803885  
-29.81975258  
-39.45218024  
-45.43573916  
-45.98648862  
-40.60306065  
-30.44985445  
-18.14342517  
-6.943024345  
0.3841174744  
2.575292803  
0.3264990038  
-4.035970727  
-7.558437937  
-7.927398435  
-4.458500579  
1.628803143  
7.779190665  
11.26815107  
10.45464918  
5.566552571  
-1.327249471  
-7.143475316  
-9.044038792  
-5.582603636  
2.742503564  
13.73292912  
24.38243451  
31.99817647  
35.06776424  
33.54501858  
28.51875707  
21.51087762  
13.79014914  
6.030185054  
-1.574430042  
-8.874995428  
-15.32522933  
-19.83068782  
-21.0295592  
-17.90420654  
-10.43282107  
0.05718881004  
11.05249771  
19.52534955  
22.87721975  
19.79581265  
10.70143362  
-2.373103063  
-16.40240883  
-28.24554267  
-35.47451934  
-36.9100722  
-32.76048894  
-24.40464192  
-13.9513298  
-3.721130815  
4.242336384  
8.574833106  
8.873080058  
5.811390285  
1.033104417  
-3.227214221  
-4.763894527  
-2.126855125  
4.777336901  
14.46258611  
24.17936077  
30.74129735  
31.61808098  
25.90436375  
14.77732888  
1.223855965  
-10.90487734  
-18.18202093  
-18.75978024  
-12.95818548  
-3.079189036  
7.45620436  
15.29196702  
18.1870016  
15.56957844  
8.469718944  
-1.036246283  
-10.56739117  
-18.05749625  
-22.07977468  
-21.8968443  
-17.39357715  
-9.060532099  
1.918203086  
13.57886344  
23.29686065  
28.2698551  
26.34200799  
16.91235184  
1.519281447  
-16.26877991  
-31.77953456  
-40.7403154  
-40.80927365  
-32.49118468  
-18.99386898  
-5.010618126  
5.108742457  
9.033564312  
7.241019088  
2.556737019  
-1.353007368  
-1.844922555  
1.363055552  
6.0382036  
8.577806213  
5.941192758  
-2.549905585  
-14.44741801  
-24.90487665  
-28.66178786  
-22.43503793  
-6.623942336  
14.50599369  
34.33711286  
46.52020419  
47.58638427  
38.40305225  
23.81291798  
10.58852528  
4.57762948  
8.273027448  
19.84863857  
34.05212278  
44.52743427  
46.5271833  
38.83598998  
24.11046724  
7.564291372  
-5.349723036  
-11.20596024  
-9.85144213  
-4.170235518  
1.412600629  
2.931881318  
-1.524203737  
-11.27503213  
-23.67555215  
-35.48868957  
-44.28997529  
-49.26310987  
-51.10897053  
-51.24744783  
-50.81259894  
-49.98313414  
-47.95903084  
-43.53012907  
-35.88096721  
-25.18423257  
-12.68283178  
-0.2509069764  
10.3058932  
17.84137722  
22.07874754  
23.40235509  
22.42849794  
19.65385226  
15.39863334  
10.04937293  
4.39288685  
-0.2536348251  
-2.313364237  
-0.5825243715  
5.057634418  
13.24427382  
21.34873196  
26.32764234  
25.9117974  
19.62996498  
9.18881802  
-2.015080894  
-10.09894111  
-12.13904868  
-7.266061618  
3.036335517  
15.53591608  
26.48601091  
32.96651953  
33.79674715  
29.70091785  
22.74278884  
15.34322009  
9.327378508  
5.375620485  
3.029488177  
1.151089547  
-1.434950788  
-5.408866932  
-10.71678393  
-16.64734967  
-22.11644396  
-26.00920239  
-27.46705077  
-26.08047409  
-21.9979822  
-15.96056785  
-9.234315921  
-3.388634663  
0.1032994998  
0.3762195805  
-2.375659374  
-6.733127589  
-10.34255506  
-10.66338497  
-5.954531136  
3.882150192  
16.99289454  
30.01442199  
39.17915022  
41.69062935  
36.81736532  
26.22915836  
13.39645153  
2.268864828  
-4.230970289  
-5.26758658  
-2.261181599  
1.895175606  
4.2094215  
2.935175995  
-1.714133315  
-7.790225262  
-12.64896741  
-14.30316288  
-12.44531518  
-8.652243714  
-5.666747761  
-6.0859467  
-11.06887312  
-19.67665215  
-29.17296784  
-36.17183069  
-38.12478194  
-34.4724815  
-26.92573967  
-18.72608429  
-13.1964962  
-12.21946861  
-15.32681902  
-19.82839964  
-21.9561375  
-18.55239531  
-8.581372192  
6.199788289  
21.73186057  
33.14507968  
36.66928107  
31.19726098  
18.86367948  
4.38823523  
-6.583947462  
-9.521694093  
-2.662526148  
12.32751438  
30.91706221  
47.26816881  
56.21012193  
54.92314958  
43.76522539  
26.00692148  
6.631773749  
-9.333959061  
-18.3788249  
-19.45749002  
-14.08922511  
-5.655454248  
1.806317627  
4.897252623  
1.852243506  
-7.015874944  
-19.48810422  
-32.12194996  
-41.22596201  
-43.86437238  
-38.64847736  
-26.13283712  
-8.72319869  
9.893228256  
25.67507031  
35.29310606  
37.05600539  
31.42039606  
20.89761526  
9.333643326  
0.7361527785  
-2.007449046  
1.893547498  
10.81085022  
21.1789548  
28.65966293  
29.62008347  
22.42237935  
8.068394625  
-10.04581134  
-27.19985816  
-38.88206152  
-42.25533561  
-37.04620681  
-25.55581074  
-11.80716607  
-0.1515774533  
6.159358974  
5.935392005  
