16.0928025  
8.834510848  
-0.348704569  
-8.544591402  
-13.0219585  
-12.23401132  
-6.458331744  
2.217806244  
10.61860023  
15.66643578  
15.57505639  
10.55656725  
2.732398927  
-4.730593898  
-8.902233035  
-8.248147589  
-3.179630001  
4.216968392  
11.11575268  
15.10868318  
15.06825074  
11.36984399  
5.452273192  
-0.9905488056  
-6.745762508  
-11.38960475  
-15.07592027  
-18.01084965  
-19.98769549  
-20.30581629  
-18.15757352  
-13.27266422  
-6.425276866  
0.5520619767  
5.355787521  
6.174695607  
2.5672615  
-4.212626371  
-11.66106034  
-17.07897294  
-18.75366621  
-16.69429506  
-12.54751564  
-8.718008477  
-7.118303986  
-8.169345991  
-10.5606453  
-11.90571298  
-9.97921804  
-3.922375407  
5.191753379  
14.73054823  
21.64514833  
23.83407197  
21.0655722  
15.01616842  
8.421223374  
3.770425608  
2.197007143  
3.098248226  
4.646129772  
4.895277417  
2.901217296  
-0.7307956351  
-4.142583698  
-5.204793594  
-2.674257593  
3.066213417  
10.06088146  
15.60043203  
17.40171106  
14.57761044  
7.950988237  
-0.3927422826  
-8.045563817  
-13.22381205  
-15.2786193  
-14.59225856  
-12.01780125  
-8.244933397  
-3.47332965  
2.439968398  
9.49152922  
17.04862571  
23.72413632  
27.75860984  
27.75755955  
23.40660207  
15.76431945  
6.933847024  
-0.7644980521  
-5.729632973  
-7.664297355  
-7.520736022  
-6.845683129  
-6.874388607  
-7.852261696  
-8.940348718  
-8.75078696  
-6.220617263  
-1.349726736  
4.605362632  
9.605488138  
11.74158464  
10.12281833  
5.28279638  
-1.105157372  
-7.055717212  
-11.21180897  
-13.41036519  
-14.58507268  
-16.06789756  
-18.67211394  
-22.0594601  
-24.75280857  
-24.82036636  
-20.90301921  
-13.06384828  
-3.009112211  
6.469997147  
12.60574619  
13.81075559  
10.35170924  
4.230877194  
-1.667597036  
-4.779482611  
-3.881565401  
0.4923348253  
6.376034305  
11.24480011  
13.03118822  
10.85975973  
5.245781295  
-2.242726358  
-9.643436578  
-15.27473198  
-18.17834447  
-18.22671543  
-15.94325687  
-12.17336072  
-7.751186959  
-3.258698561  
1.085250477  
5.404231574  
10.02288707  
15.22733848  
20.98051896  
26.69264679  
31.17619121  
32.8858418  
30.43902638  
23.26400458  
12.10266236  
-0.9139013228  
-12.76148847  
-20.48823366  
-22.29954839  
-18.29630469  
-10.49652842  
-2.063536814  
3.970514864  
5.935779347  
4.144872612  
0.5989350809  
-2.095086135  
-2.079100256  
0.8002587921  
4.927005955  
7.79861258  
7.424387556  
3.518260587  
-2.166531233  
-6.601551866  
-7.02376083  
-2.499822151  
5.308602339  
12.65079741  
15.32101114  
10.69316777  
-0.8253593726  
-15.68082127  
-28.54872457  
-34.62669197  
-31.79911985  
-21.64118956  
-8.744363959  
1.37188481  
4.816012392  
1.153836676  
-6.367654565  
-12.3420238  
-11.79102088  
-2.627088899  
13.16017962  
30.16652915  
41.81148953  
43.15943991  
33.06759782  
14.71733969  
-5.682054898  
-21.41699418  
-27.90243198  
-24.30408174  
-13.52498306  
-0.6759021875  
9.203849225  
13.14261109  
11.12706256  
5.62079999  
0.0716550611  
-2.821349799  
-2.28168936  
0.3990436929  
2.704808095  
2.251296705  
-2.003281645  
-9.221265593  
-17.00543556  
-22.37450264  
-22.94219378  
-17.81851766  
-7.920733622  
4.354468957  
15.91351869  
23.89923831  
26.48181013  
23.31182832  
15.56174146  
5.582771401  
-3.728517533  
-9.712590402  
-10.69882952  
-6.525468129  
1.352894486  
10.25957882  
17.12653624  
19.52206516  
16.52100821  
9.074960721  
-0.2988842924  
-8.431029576  
-12.68189402  
-11.92882803  
-6.95580656  
-0.08402286015  
5.800862388  
8.413858402  
6.941401898  
2.268291037  
-3.50101575  
-7.984115291  
-9.499016292  
-7.667350723  
-3.427304965  
1.483559665  
5.291707611  
6.841522895  
5.882890825  
2.940762275  
-1.084178883  
-5.336197831  
-9.2405235  
-12.49098967  
-14.88283505  
-16.16467828  
-16.05043989  
-14.40904167  
-11.51350542  
-8.16504402  
-5.552718504  
-4.846656132  
-6.678337374  
-10.75037138  
-15.78778991  
-19.90005928  
-21.23614369  
-18.67302311  
-12.25150482  
-3.176190166  
6.618337681  
15.15117422  
21.04679069  
23.90018755  
24.23422215  
23.10456861  
21.54867306  
20.12345888  
18.72050595  
16.71738358  
13.38083919  
8.33720721  
1.904237659  
-4.863103164  
-10.44860889  
-13.38535555  
-12.82124823  
-8.927158881  
-2.975412156  
2.980810099  
6.757302633  
6.816786007  
2.898424566  
-3.760030006  
-10.74364842  
-15.26731772  
-15.20856296  
-9.982582061  
-0.8943589806  
9.223581026  
17.00360483  
19.81237986  
16.79944644  
9.283607826  
0.2867079824  
-6.626629816  
-8.745391202  
-5.272220415  
2.394292902  
11.27035269  
18.02523196  
20.31475159  
17.64789393  
11.44207276  
4.289334234  
-1.201123017  
-3.454411745  
-2.431056329  
0.5822458776  
3.713230703  
5.369179199  
4.80762068  
2.190137075  
-1.809975873  
-6.545225324  
-11.72582331  
-17.34810419  
-23.2861044  
-28.83765058  
-32.57260672  
-32.67847545  
-27.71647963  
-17.44117711  
-3.247013108  
12.05069636  
25.07974135  
33.07109575  
34.79918639  
30.87442779  
23.27013571  
14.34297622  
5.855769411  
-1.502396083  
-7.882025665  
-13.51030419  
-17.8981273  
-19.56308003  
-16.55386423  
-7.611590365  
6.604635553  
22.94144326  
36.30903124  
41.34111  
34.55848437  
16.10313228  
-9.804503229  
-36.03387445  
-54.98317902  
-61.34519803  
-54.06311749  
-36.64777141  
-15.71327727  
1.653255597  
10.57964845  
10.04505109  
2.839245646  
-6.03325528  
-11.71566105  
-11.55038396  
-5.948049235  
2.209733392  
9.23502579  
12.50680742  
11.65907822  
8.572362025  
6.256647825  
7.234256195  
12.23260043  
19.80072202  
26.98711887  
30.70355668  
29.09797511  
22.30064724  
12.24928035  
1.753535822  
-6.698254042  
-11.81894921  
-13.73158  
-13.51812101  
-12.44191387  
-11.29527867  
-10.19321203  
-8.844024431  
-7.047750432  
-5.058112  
-3.549552353  
-3.191687697  
-4.094724625  
-5.498586115  
-5.965407996  
-4.056223256  
0.8233462988  
7.867301544  
14.96356185  
19.4902324  
19.49853218  
14.7306457  
6.946708959  
-0.6695177737  
-4.826191591  
-3.597845977  
2.614731093  
11.10890375  
17.92652684  
19.49475053  
14.15604558  
2.919542319  
-10.89459328  
-22.96093739  
-29.63855401  
-29.32684197  
-22.93818811  
-13.33923612  
-4.059394395  
2.14297219  
4.249400716  
3.125266871  
0.8625453036  
-0.3152068038  
0.9287044414  
4.528683662  
9.168824211  
12.96214828  
14.31013485  
12.56280172  
8.232421364  
2.730679936  
-2.207193212  
-5.153853317  
-5.445798445  
-3.341251478  
0.1174335976  
3.446431501  
5.148784204  
4.123578428  
-0.02139087104  
-6.811725078  
-14.94966501  
-22.58178596  
-27.76311647  
-29.01505357  
-25.80774258  
-18.78216121  
-9.592611473  
-0.385398397  
6.914838754  
11.23984694  
12.67273928  
12.27462498  
11.51597499  
11.56480714  
12.75466257  
14.47516059  
15.53182607  
14.79923002  
11.8503178  
7.255525131  
2.403867703  
-1.071205032  
-1.989725845  
-0.1196094722  
3.755275907  
8.20723247  
11.78153221  
13.55805827  
13.40572355  
11.84776391  
9.656790126  
7.423182908  
5.328978341  
3.22206786  
0.9036436476  
-1.582407706  
-3.866426796  
-5.453708432  
-6.103996988  
-6.152612835  
-6.537823835  
-8.44198544  
-12.66989259  
-19.06144201  
-26.26690062  
-32.07178116  
-34.20238218  
-31.29507928  
-23.5979689  
-13.05821763  
-2.70353528  
4.462872321  
6.609644319  
3.790717644  
-2.074747087  
-7.949360545  
-10.84583577  
-8.948624121  
-2.258837651  
7.457048466  
17.3517588  
24.51976154  
26.96856966  
24.21287422  
17.33776598  
8.573541469  
0.5689526609  
-4.395224435  
-5.036559542  
-1.40135624  
5.167078012  
12.40964867  
17.80011554  
19.31139918  
