30.37883361  
31.58187955  
27.23287656  
18.79156565  
8.902837804  
0.5163339688  
-4.128929386  
-4.257452913  
-0.7412551394  
4.359721471  
8.70214754  
10.61689567  
9.708430858  
6.851359241  
3.618820313  
1.440253052  
0.9062068872  
1.557886503  
2.253459162  
1.911356002  
0.2345951609  
-1.980788958  
-3.148248075  
-1.691477042  
3.035585344  
10.17718786  
17.47956797  
22.08800706  
21.71770264  
15.68143203  
5.295195167  
-6.549657301  
-16.48365862  
-21.95469491  
-22.15507586  
-18.18132106  
-12.37923324  
-7.199835402  
-4.109925103  
-3.061271785  
-2.746301807  
-1.486258196  
1.704722362  
6.416754443  
10.86054705  
12.61019664  
9.726878383  
1.732762678  
-10.02590039  
-22.79910802  
-33.4437923  
-39.56473391  
-40.28224093  
-36.3188316  
-29.42974677  
-21.50620128  
-13.808948  
-6.68599059  
0.1466880914  
6.984108995  
13.56592872  
18.91640939  
21.70911092  
20.97515379  
16.76732718  
10.38991283  
4.013365831  
-0.1903479232  
-0.9934071529  
1.329009886  
5.126627369  
8.160787404  
8.69250519  
6.350933678  
2.350006246  
-1.073342709  
-1.748244154  
1.330124733  
7.425435236  
14.30498983  
19.20905395  
20.09838867  
16.59153093  
10.1423871  
3.366879457  
-1.168675873  
-2.125580926  
0.02111598097  
3.26567889  
5.087734949  
3.714001314  
-0.9790560331  
-7.357238542  
-12.77247837  
-14.81068751  
-12.45484597  
-6.611914076  
0.2499927999  
5.192597662  
6.125811401  
2.748844214  
-3.314387224  
-9.242488536  
-12.27160373  
-10.91052685  
-5.577818667  
1.606058528  
7.756609361  
10.4603224  
8.762681443  
3.497780423  
-3.143817279  
-8.57754271  
-10.87474668  
-9.453881531  
-5.158889785  
0.2430142952  
4.866964743  
7.442707061  
7.674741805  
6.133482508  
3.801778245  
1.539845418  
-0.2683647621  
-1.747154731  
-3.274219662  
-5.11253957  
-7.141629541  
-8.832154264  
-9.472366613  
-8.525196467  
-5.932272267  
-2.211167942  
1.705568275  
4.818992459  
6.445373777  
6.466220228  
5.345653878  
3.917150972  
3.037597375  
3.254718  
4.618065269  
6.696203721  
8.776119186  
10.15043949  
10.37137936  
9.373283448  
7.425933822  
4.952465181  
2.301405562  
-0.4192208287  
-3.363747952  
-6.805301862  
-10.88031704  
-15.33289403  
-19.38823041  
-21.84868258  
-21.42292293  
-17.19886628  
-9.091606698  
1.921355789  
13.90841718  
24.44616645  
31.30530899  
33.12726759  
29.84112092  
22.65553798  
13.61893825  
4.911500027  
-1.85834431  
-6.083149859  
-8.158298847  
-9.087213346  
-9.889526925  
-11.09115296  
-12.52674718  
-13.53017426  
-13.40039231  
-11.89473177  
-9.487071192  
-7.242207457  
-6.346609726  
-7.512326822  
-10.54526694  
-14.3056988  
-17.11169168  
-17.4279426  
-14.54137934  
-8.918206991  
-2.07245495  
4.009588055  
7.647357829  
8.116177151  
5.899154503  
2.44786984  
-0.4266103284  
-1.259309467  
0.563866078  
4.690728797  
10.08041157  
15.50570495  
20.03020677  
23.25182066  
25.23871529  
26.2412251  
26.36607575  
25.40036823  
22.88032537  
18.36292971  
11.75120765  
3.49646573  
-5.434765216  
-13.82199795  
-20.56027256  
-24.96823818  
-26.90199826  
-26.64257081  
-24.63903721  
-21.25732545  
-16.67372626  
-10.96929942  
-4.366913274  
2.533619184  
8.68246084  
12.76253743  
13.6020661  
10.67076793  
4.449628691  
-3.512610515  
-10.93682488  
-15.47428573  
-15.48461594  
-10.65739004  
-2.23523166  
7.279286466  
14.87362437  
18.00399353  
15.47556359  
7.907516245  
-2.407326912  
-12.23459821  
-18.49247226  
-19.3302344  
-14.795066  
-6.819944419  
1.492262626  
7.043850921  
7.938076779  
4.22500855  
-2.117767359  
-7.989754809  
-10.45495419  
-7.994089045  
-1.192809716  
7.447145265  
14.52658502  
17.18897904  
14.37277092  
7.322453823  
-0.8943009144  
-6.688249338  
-7.525838351  
-3.095395455  
4.468586099  
11.43663268  
14.07384675  
10.2940703  
0.6575725905  
-11.74031174  
-22.4669215  
-27.54204439  
-25.06417469  
-15.98439348  
-3.705904345  
7.309183996  
13.3261984  
12.76667228  
6.706356283  
-1.714023276  
-8.656170445  
-11.11398408  
-7.968376322  
-0.1866665024  
9.812894935  
19.25571505  
26.03775014  
29.26288721  
29.15661095  
26.53833416  
22.22209665  
16.69118853  
10.18725386  
3.087569117  
-3.734532574  
-8.867625026  
-10.75667984  
-8.389527485  
-1.932804232  
7.047526501  
15.97027812  
22.12659215  
23.70811409  
20.51598207  
14.01397304  
6.680382741  
0.9359672778  
-1.875249111  
-1.996511033  
-1.038279453  
-1.141797806  
-3.922284339  
-9.681298981  
-17.24457561  
-24.4850237  
-29.27435895  
-30.4172326  
-28.14280795  
-23.9447999  
-19.86436385  
-17.55898164  
-17.58182532  
-19.1822715  
-20.69054365  
-20.28818127  
-16.80998083  
-10.23430283  
-1.679378002  
7.051741375  
14.14955966  
18.40588053  
19.52282929  
18.04880303  
15.02800354  
11.54759192  
8.36983668  
5.762397449  
3.538353398  
1.239991119  
-1.626245166  
-5.376871894  
-9.997969708  
-15.06465725  
-19.74614447  
-22.91837408  
-23.40170729  
-20.30516747  
-13.39865169  
-3.381295058  
8.093756597  
18.71750365  
26.10696824  
28.50364126  
25.34277915  
17.46759703  
6.883149889  
-3.877124504  
-12.54085357  
-17.74465852  
-19.30290667  
-18.02233873  
-15.1799733  
-11.91773139  
-8.823608648  
-5.862361044  
-2.641454883  
1.163286889  
5.46535825  
9.694695822  
13.03064851  
14.81139474  
14.89320388  
13.75528437  
12.27596497  
11.28047798  
11.08823933  
11.30324582  
10.98066282  
9.117373265  
5.244221483  
-0.1724480573  
-5.742114344  
-9.613465009  
-10.21609508  
-6.964124268  
-0.6018681512  
6.984922709  
13.43932052  
16.82002474  
16.33842728  
12.6381339  
7.501240043  
3.10846313  
1.167014564  
2.269732494  
5.742465009  
10.0217008  
13.37735206  
14.65428913  
13.71038593  
11.37342076  
8.956546668  
7.567466495  
7.533242775  
8.206151615  
8.243170799  
6.239172648  
1.43479116  
-5.817581732  
-14.04599989  
-21.13284188  
-25.08906781  
-24.81883235  
-20.56498356  
-13.85361926  
-6.957979334  
-2.092616719  
-0.6512911963  
-2.7752685  
-7.398566437  
-12.72245923  
-16.90695937  
-18.69677965  
-17.74945081  
-14.57601368  
-10.17403592  
-5.554709832  
-1.388040189  
2.09103815  
4.915314872  
7.091221758  
8.373781136  
8.265394972  
6.269065229  
2.280297772  
-3.094430999  
-8.497981639  
-12.15414783  
-12.48990024  
-8.813371066  
-1.752472073  
6.77233777  
14.08947921  
17.66625628  
16.02364764  
9.320225704  
-0.6347570662  
-10.96191239  
-18.67726943  
-21.68467457  
-19.43077612  
-12.99620157  
-4.619140348  
3.138140451  
8.249762876  
9.801508121  
8.10794769  
4.391920428  
0.2117598682  
-3.108346638  
-4.832502057  
-4.863855982  
-3.546407109  
-1.367979016  
1.273399452  
4.142811793  
7.086672912  
9.885665303  
12.15960871  
13.40344117  
13.15467794  
11.21537949  
7.816545138  
3.633446202  
-0.3731873372  
-3.237721101  
-4.286443608  
-3.33995072  
-0.7506533933  
2.729187282  
6.192291453  
8.845014458  
10.21405242  
10.2374879  
9.229248689  
7.742922871  
6.382290137  
5.612372207  
5.619716346  
6.258561369  
7.101899339  
7.589857287  
7.23740792  
5.834645128  
3.561248714  
0.954197576  
-1.284064633  
-2.5827717  
-2.794249358  
-2.348750343  
-2.178966908  
-3.406284532  
-6.883646839  
-12.76696318  
-20.29630919  
-27.90185951  
-33.62667095  
-35.73036566  
-33.26003749  
-26.38152133  
-16.355578  
-5.179181023  
4.96666305  
12.26454159  
15.63526174  
14.86302446  
10.50252108  
3.668473443  
-4.188697317  
-11.47095419  
-16.60382041  
-18.24610366  
-15.56934286  
-8.562795459  
1.759874016  
13.40358553  
