42.41494631  
38.84234002  
26.63886152  
10.76419807  
-2.991972113  
-9.997388186  
-8.194080586  
1.517809059  
15.95119666  
30.96579292  
42.86649433  
49.3398361  
49.68883952  
44.47485102  
34.91016708  
22.3717518  
8.236045068  
-6.01711722  
-18.66949041  
-27.85476389  
-31.97719205  
-30.32822273  
-23.59431089  
-13.93638298  
-4.489513041  
1.598328823  
2.234317313  
-2.87698533  
-12.12628439  
-22.56880871  
-30.92628578  
-34.61211315  
-32.39457689  
-24.50875605  
-12.28751722  
2.423329279  
17.76034819  
32.06392466  
43.84259136  
51.66272273  
54.18334972  
50.4457429  
40.33683257  
24.98310818  
6.799737236  
-10.95466329  
-25.03679014  
-33.18969221  
-34.83129889  
-31.15294104  
-24.5602819  
-17.6702638  
-12.27415718  
-8.694613011  
-5.797476711  
-1.643550554  
5.497755218  
16.18744821  
29.28851137  
42.06807655  
50.89051923  
52.26437719  
43.91385786  
25.57270976  
-0.6999608975  
-30.75321163  
-59.08715149  
-79.97811037  
-88.78572631  
-83.1744322  
-63.93636407  
-35.12044574  
-3.294784529  
23.99892061  
40.25234936  
41.87855527  
29.33867487  
7.046328147  
-18.01545814  
-38.55377109  
-49.32588508  
-48.74123974  
-39.10749201  
-25.44143126  
-13.33602149  
-6.751616466  
-6.616583681  
-10.76428438  
-15.15599379  
-15.79756089  
-10.49059028  
0.3178784364  
13.88141502  
26.43874131  
34.78373895  
37.40049183  
34.71953366  
28.51750458  
20.89350959  
13.40968189  
6.813654981  
1.375038442  
-2.511808885  
-3.96829628  
-1.869127047  
4.356222087  
13.79782475  
23.63863276  
29.68234322  
27.82770128  
15.94544929  
-4.706874618  
-29.31033302  
-50.83060855  
-62.47323575  
-60.2761837  
-44.725908  
-20.65501894  
4.586676541  
23.93198818  
33.17903757  
32.27396038  
24.81124318  
16.07801927  
10.60702761  
10.36848232  
14.35943702  
19.63558847  
23.13285823  
23.28914827  
20.65232313  
17.24356303  
15.12089909  
15.00257132  
15.75175941  
15.02841403  
10.75283348  
2.552562588  
-7.657386569  
-16.36258945  
-20.1186376  
-17.35126629  
-9.310175048  
0.4054570639  
7.599736063  
9.667904409  
7.088498979  
3.379306519  
3.422103851  
10.89766213  
26.07637545  
45.10800311  
61.27436611  
67.72780843  
60.49601334  
40.36063639  
12.71083574  
-14.59479864  
-34.40113922  
-43.03493393  
-41.46507038  
-34.39595169  
-27.81195269  
-26.17879022  
-30.5996017  
-38.69359179  
-46.09809473  
-48.72819034  
-44.63221682  
-34.58100139  
-21.23916201  
-7.508664331  
4.976322122  
16.37554599  
27.95034957  
40.6142895  
53.62008922  
64.21055354  
68.53443291  
63.42527525  
48.13797834  
25.10935034  
-0.7235341311  
-23.78564989  
-40.0355382  
-48.40077025  
-50.78934037  
-50.69975502  
-51.15450026  
-53.01847555  
-54.56261072  
-52.49600334  
-43.94015443  
-28.33331313  
-8.276266215  
11.15330088  
24.34117686  
27.44451757  
20.00511007  
5.141517003  
-11.7361906  
-25.07371982  
-31.2142061  
-29.47983012  
-21.93848477  
-12.11726523  
-3.359555479  
2.413195805  
5.07206089  
5.793220348  
6.119542908  
7.111368593  
8.970642079  
11.19820526  
13.05260362  
13.97179349  
13.72761007  
12.31101538  
9.732728324  
5.955584683  
1.03910745  
-4.620678808  
-10.18989161  
-14.609546  
-17.08635019  
-17.59301551  
-17.01540059  
-16.7235354  
-17.66796756  
-19.44225111  
-19.89469313  
-15.69353891  
-3.795524928  
16.75295947  
43.5555993  
70.91074142  
91.39832967  
98.52493565  
89.3709257  
66.06298096  
35.32691513  
6.188573587  
-13.28192907  
-18.83891497  
-11.3562326  
3.939478156  
19.86939459  
30.20926077  
31.82009037  
25.17145494  
13.24717571  
-0.4035249043  
-13.36223428  
-24.92478561  
-35.39932351  
-44.70188337  
-51.24723955  
-51.976935  
-43.71697673  
-25.25396251  
1.00187724  
28.83354959  
49.92699428  
56.94337473  
46.66686562  
21.76254011  
-9.791489329  
-37.52038653  
-52.41147034  
-50.35490004  
-33.59908861  
-9.615257757  
12.10060278  
23.8744084  
22.7039723  
10.97449873  
-5.104992904  
-18.48527917  
-24.26668582  
-21.40323238  
-12.52870371  
-2.2206568  
5.303868507  
7.924552577  
6.062408028  
1.829431976  
-2.475176738  
-5.62979657  
-7.859319852  
-10.21699363  
-13.45830213  
-17.15661669  
-19.646457  
-18.88257323  
-13.75615222  
-5.109489998  
4.189748156  
10.27640246  
9.991458254  
2.446884139  
-10.34058929  
-24.11085761  
-34.05459643  
-36.77051048  
-31.58203446  
-20.61939332  
-7.671483065  
3.59868097  
11.19156058  
15.33241052  
17.838168  
20.68549911  
24.57839355  
28.30641177  
29.27149199  
24.94777407  
14.5363792  
-0.06432013668  
-14.55124977  
-23.75204874  
-23.77017737  
-13.78002565  
3.370590768  
22.07808988  
36.07413265  
40.82014193  
35.19959362  
21.81490022  
5.80337847  
-7.282381705  
-13.61575012  
-12.38467677  
-5.766848151  
2.285622544  
7.842738758  
8.578195464  
4.514525099  
-2.268762985  
-8.701772066  
-12.01404902  
-10.68728796  
-4.752159845  
4.539779748  
15.36781559  
25.93667759  
34.76854616  
40.68791703  
42.70018167  
40.01468593  
32.33337148  
20.30009292  
5.81781767  
-8.082179018  
-17.9606126  
-21.12174912  
-16.76393169  
-6.599750848  
5.429138096  
14.35868387  
15.93916543  
8.239987004  
-7.532022342  
-27.36318212  
-45.80968343  
-57.88875703  
-60.74489467  
-54.45795348  
-41.73268608  
-26.67560513  
-13.22193405  
-3.868571822  
0.8259126918  
1.890859788  
1.034806075  
-0.3251551009  
-1.646146117  
-3.256005264  
-5.877107489  
-10.00782721  
-15.51122434  
-21.59668094  
-27.13810842  
-31.09114788  
-32.75414573  
-31.75497013  
-27.85461909  
-20.79844343  
-10.42578666  
2.931495596  
17.97142992  
32.22361378  
42.43537512  
45.58315205  
40.19216567  
27.38290595  
11.05579838  
-3.075535028  
-9.39489613  
-4.554982028  
10.98706349  
32.79050426  
53.80499703  
66.84061528  
67.184445  
54.31315656  
32.0057247  
6.821158793  
-14.41343519  
-27.06102785  
-30.09387929  
-25.96740169  
-19.12075231  
-13.84492673  
-12.47353588  
-14.63435742  
-17.77595788  
-18.60922623  
-14.73989629  
-5.761567071  
6.602739365  
19.25645988  
28.94780102  
33.38212723  
31.80567364  
24.94901288  
14.52002934  
2.579812917  
-8.923677967  
-18.37653148  
-24.57001534  
-26.7813157  
-24.94054551  
-19.8032052  
-12.93611163  
-6.356997936  
-1.846896878  
-0.1843419041  
-0.6878482552  
-1.386800007  
0.1283341086  
5.481618802  
14.47147371  
24.7715357  
32.63534423  
34.40087287  
28.17206911  
14.9003703  
-1.69664854  
-16.44032115  
-24.71301502  
-24.33156591  
-16.43701198  
-4.985836254  
4.948145107  
9.316348989  
6.739530398  
-1.054338496  
-10.15261845  
-16.28249079  
-16.69483795  
-11.27835817  
-2.464757242  
5.94595437  
10.44126846  
9.171196565  
2.483932412  
-7.497501189  
-17.92835505  
-26.35608381  
-31.39101137  
-32.73237412  
-30.71161392  
-25.73894683  
-18.02286548  
-7.704139318  
4.744082604  
18.17855584  
30.80697873  
40.64215089  
46.18740267  
46.98557604  
43.71336788  
37.74631922  
30.42330647  
22.42775051  
13.65700704  
3.683612365  
-7.441483897  
-18.53462054  
-27.2461525  
-30.82647241  
-27.43516812  
-17.38576373  
-3.64672772  
8.806217344  
14.67794537  
10.45762787  
-3.951661341  
-24.83651296  
-45.78183823  
-59.91993984  
-62.45591596  
-52.46763615  
-33.26617083  
-11.18805077  
6.686373121  
14.99449098  
11.82330411  
-0.8546385141  
-18.07573134  
-33.65986494  
-42.16979047  
-40.41104046  
-28.10543793  
-7.712692263  
16.37146609  
38.92036296  
55.01623662  
61.05725367  
55.53212844  
39.45944897  
16.35672189  
-8.380065794  
-28.68680161  
-39.41654739  
-37.86905805  
-24.73442447  
-4.034405881  
18.0358185  
35.04856884  
