59.35965269  
53.11063015  
39.68495934  
24.39823745  
13.24226143  
10.44466618  
16.66568218  
28.59835179  
40.17238853  
44.90206813  
38.44326638  
20.33641388  
-5.752389576  
-33.36716042  
-55.61585304  
-67.59502653  
-67.94619389  
-58.99327351  
-45.50401227  
-32.66320625  
-24.11875073  
-20.86791932  
-21.3459285  
-22.55492241  
-21.6500205  
-17.25672582  
-9.969418911  
-1.883528682  
4.544532802  
7.730242606  
7.695085521  
5.968026339  
4.722689645  
5.580403536  
8.669063255  
12.41005353  
14.16954288  
11.50276068  
3.430516129  
-8.852434498  
-22.19979761  
-32.61935313  
-36.81087152  
-33.47452739  
-23.81190619  
-10.9898361  
1.201750249  
9.899864229  
14.22964262  
15.39974252  
15.80311416  
17.56419038  
21.24815779  
25.3872769  
27.1019092  
23.56614753  
13.63636487  
-1.164500613  
-16.85693247  
-28.42472922  
-31.88618207  
-26.11526177  
-13.56675121  
0.4913947955  
9.987265437  
10.48584013  
1.038857062  
-15.34386845  
-32.80690357  
-44.88051215  
-46.90365033  
-37.66137909  
-19.62822689  
2.17863816  
22.15968375  
36.04838268  
42.03762935  
40.80016475  
34.60319259  
26.07564825  
17.23640881  
9.14346347  
2.136922287  
-3.660285817  
-7.994516994  
-10.51996448  
-11.14884814  
-10.39617471  
-9.373294534  
-9.29667467  
-10.70947433  
-12.86549674  
-13.73052684  
-10.7783435  
-2.321366371  
11.2469759  
26.99854095  
40.20876822  
46.13592213  
42.1329781  
29.11590731  
11.60139027  
-3.875231771  
-11.39913684  
-8.261140958  
3.689121444  
18.61810094  
29.06783589  
29.13927321  
17.12019737  
-3.624046074  
-25.9379844  
-41.82085497  
-45.76073307  
-37.00378394  
-19.7704915  
-1.343101677  
11.10544844  
13.52264366  
6.503303322  
-5.297883557  
-15.53320847  
-19.17439612  
-14.77266029  
-4.948348762  
5.066205686  
10.10006013  
7.648484728  
-0.8260799245  
-10.50898864  
-15.47697564  
-11.52371708  
1.749246652  
20.55367392  
38.43984343  
49.0473232  
48.847824  
38.65366234  
23.22668888  
9.176608382  
2.098761511  
4.224025135  
13.60617708  
25.1681519  
33.09428191  
33.464988  
25.94379103  
13.7749157  
2.12428389  
-4.453316417  
-4.247761297  
0.7038368232  
5.475059748  
4.50210724  
-5.765581318  
-24.99953743  
-48.75890334  
-70.02867529  
-81.900244  
-80.27385049  
-65.45749534  
-42.01605404  
-16.96972925  
2.873055932  
13.33296395  
14.06670564  
8.162205975  
0.4214770003  
-4.835320975  
-5.473213078  
-2.077205142  
2.782508847  
6.079499651  
5.862109203  
2.07025537  
-3.672130676  
-9.073969466  
-12.40637368  
-13.28863265  
-12.65274624  
-11.96846018  
-12.20901337  
-13.16895516  
-13.54252836  
-11.74181774  
-7.006793878  
-0.1649369508  
6.450679952  
9.986323365  
8.521316893  
2.258817754  
-6.213053807  
-12.8360373  
-13.8405992  
-7.562372751  
4.559778593  
18.34475903  
28.50938827  
30.89727755  
24.30066875  
11.03749363  
-3.996619355  
-15.38173304  
-19.40518429  
-15.46826202  
-6.06108444  
4.625166123  
12.7470132  
16.5289051  
16.85603637  
16.5089134  
18.47255001  
24.19151618  
32.64421543  
40.68746333  
44.48981096  
41.34385854  
30.97762433  
15.74711459  
-0.3563455733  
-13.38496945  
-20.99862769  
-23.20660935  
-22.00720788  
-20.17954976  
-19.86005538  
-21.58319908  
-24.18502448  
-25.52136606  
-23.57534901  
-17.39866942  
-7.488548912  
4.46841175  
16.24361375  
25.7331704  
31.36753484  
32.22113032  
27.98596482  
19.02176631  
6.555340727  
-7.122678127  
-18.76228491  
-24.7966449  
-22.485651  
-11.171982  
6.956300834  
27.12224035  
43.36309818  
50.65653541  
46.91399833  
33.92206559  
16.69930097  
1.432031161  
-7.16235524  
-7.862930733  
-3.397125728  
0.9527266544  
-0.01088892996  
-8.738168187  
-23.53367357  
-39.14936874  
-49.16287683  
-49.06017476  
-38.55845428  
-22.01191463  
-6.618944733  
0.8116871531  
-2.931946008  
-15.78730147  
-31.10121437  
-40.43306605  
-37.25949081  
-19.93645849  
7.400828923  
36.39761734  
57.80634286  
65.12740743  
57.01867153  
37.52182247  
14.13904873  
-5.290302435  
-15.52662987  
-15.49544276  
-8.003861701  
2.023760403  
9.831030923  
12.58533862  
9.952653796  
3.483475203  
-4.643687496  
-12.76611073  
-20.2126061  
-27.00949706  
-33.16181425  
-38.05572991  
-40.40152586  
-38.77742344  
-32.46050584  
-22.04963217  
-9.491921432  
2.550822329  
11.70198115  
16.74748456  
17.97066064  
16.81295642  
15.07274283  
14.07018324  
14.18378095  
14.9307821  
15.45640044  
15.09229953  
13.6486399  
11.30546044  
8.239060928  
4.295214008  
-1.006652827  
-8.071454571  
-16.64148778  
-25.41010805  
-32.16942609  
-34.55696712  
-31.117984  
-22.16628057  
-9.952590513  
2.051822969  
10.51079084  
13.62190565  
11.88608845  
7.839267742  
4.824716813  
5.362400728  
9.89601958  
16.54427274  
22.00960046  
23.23274437  
18.99786866  
10.69325433  
1.821493738  
-3.544748791  
-2.646739815  
4.634172389  
15.65474837  
26.16933934  
32.23432882  
31.95779952  
26.26470288  
18.31705286  
11.87415825  
9.392639699  
10.79451095  
13.51643297  
13.83723819  
8.860453988  
-1.802735281  
-15.48601813  
-27.37682774  
-32.52765713  
-28.09569959  
-14.80693225  
3.033776438  
19.03807403  
27.13528854  
23.89361413  
9.817754072  
-10.87987686  
-31.89970304  
-47.17709934  
-52.97333148  
-48.95522224  
-37.94462177  
-24.56897603  
-13.45109121  
-7.679755226  
-8.091645895  
-13.49145037  
-21.53440245  
-29.77017723  
-36.37546082  
-40.34078847  
-41.19203912  
-38.55578428  
-31.92100154  
-20.79450611  
-5.189559628  
13.83986905  
33.98017804  
51.9935672  
64.58420048  
69.49364726  
66.3667574  
56.98126044  
44.68061026  
33.19018022  
25.27763149  
21.80894401  
21.59956194  
22.12694233  
20.79522055  
16.1953768  
8.798473424  
0.7654853045  
-5.048149852  
-6.447961328  
-2.997827972  
3.656381212  
10.41095009  
14.0229638  
12.54706026  
6.246151641  
-2.447162466  
-9.925050166  
-12.93700175  
-10.00097479  
-2.083425302  
7.741685532  
15.50086226  
17.87371888  
13.43662761  
3.102974113  
-10.36808813  
-23.52098341  
-33.48248732  
-38.83763201  
-39.80276357  
-37.73681217  
-34.31747  
-30.80616747  
-27.71321422  
-24.92339363  
-22.09916292  
-19.06408849  
-15.93286021  
-12.94492875  
-10.15834437  
-7.252503853  
-3.621115643  
1.250682474  
7.325401315  
13.75684627  
19.04486811  
21.5953846  
20.4470282  
15.80370961  
9.077888099  
2.378654127  
-2.341477338  
-4.080815981  
-3.13893755  
-0.8507314597  
1.159121186  
1.818012467  
1.108316293  
-0.02881220289  
-0.3327731702  
0.9438193435  
3.474901164  
5.908540538  
6.540153541  
4.28875633  
-0.5363890414  
-6.116971473  
-9.786247335  
-9.20681409  
-3.521228449  
6.088723327  
16.73879007  
24.95866395  
28.09512961  
25.36479529  
18.07850201  
8.951685051  
0.8443792897  
-4.463417057  
-6.891727864  
-7.815046569  
-9.119414554  
-12.06468696  
-16.53224904  
-21.02723504  
-23.41632371  
-22.01280817  
-16.4566345  
-7.951828747  
1.244716821  
8.814449988  
13.3490138  
14.8301516  
14.40647786  
13.61559729  
13.47285287  
13.90066893  
13.78399375  
11.61186039  
6.367910489  
-1.785683311  
-11.37702606  
-20.11370276  
-25.76179879  
-27.00881741  
-23.93380408  
-17.91094396  
-11.03804864  
-5.377006276  
-2.328731934  
-2.34804004  
-5.011909918  
-9.299449898  
-13.90161126  
-17.45053255  
-18.682265  
-16.62242369  
-10.86081391  
-1.865964053  
8.835530855  
18.8268643  
25.42284227  
26.62897205  
22.08997386  
13.57536653  
4.660353281  
-0.4262445703  
1.573178635  
11.49015873  
27.10577707  
43.7307656  
