0.02240597574  
-45.65045297  
-80.38158218  
-88.49860204  
-62.92910565  
-8.594838343  
58.83933554  
118.5436408  
152.262468  
151.0791522  
118.4440483  
68.27461433  
19.033566  
-13.62618522  
-22.52453741  
-10.65450159  
11.5219753  
31.65571391  
41.2422395  
38.86912154  
29.66468736  
21.51436745  
20.16285165  
25.78577383  
32.80192666  
33.00535186  
20.37779427  
-4.960390844  
-35.82164719  
-60.72815243  
-69.19780796  
-57.01743337  
-28.85318634  
3.255052416  
25.01868737  
26.36072218  
6.185556863  
-26.87478728  
-58.23398206  
-74.01449014  
-67.55346399  
-42.70120087  
-12.28655818  
7.649324191  
5.275506107  
-21.33921827  
-62.90441036  
-102.6145472  
-123.255059  
-114.5392004  
-77.41311565  
-23.47087688  
30.15906914  
68.06612921  
82.67124733  
76.54333428  
60.08045404  
45.85731498  
42.41523052  
50.40748382  
62.80138552  
68.87470746  
59.97316436  
34.22750046  
-2.002989995  
-36.61237416  
-56.96352793  
-55.41976768  
-32.69108687  
2.443019051  
36.81115371  
58.21726438  
60.14503093  
43.87703947  
17.3501081  
-8.500279878  
-24.17320781  
-24.95547352  
-12.01493845  
8.842287791  
29.86320529  
44.17106583  
47.63041311  
39.32202751  
20.90446058  
-4.464839885  
-33.01329231  
-60.7808322  
-83.74846524  
-98.04107751  
-100.4691306  
-89.35366229  
-65.26643251  
-31.23604591  
7.823279845  
46.308315  
79.26230596  
103.277803  
116.6413562  
118.8194092  
109.7632293  
89.59596513  
58.98302899  
20.00534223  
-23.06506553  
-63.7905669  
-94.77146681  
-109.8026997  
-106.1653128  
-86.00368926  
-56.01061957  
-25.35101281  
-2.549763654  
7.416303961  
4.628489068  
-6.257970822  
-18.21595674  
-24.75997565  
-22.31391696  
-11.12446933  
5.459379899  
22.75875478  
36.61891347  
44.5030046  
45.53363574  
39.82031072  
27.76997034  
9.967459729  
-12.27553905  
-36.17023553  
-57.23695429  
-70.15713677  
-70.60140949  
-57.27070024  
-33.05375115  
-4.476470853  
20.59384188  
36.08695646  
40.24182608  
36.17346102  
30.05622648  
27.68580324  
31.10798831  
37.11887941  
38.62037986  
28.39141093  
3.512140927  
-31.85636074  
-67.02124033  
-88.78410248  
-87.32695209  
-61.24250155  
-19.14808899  
23.22568801  
49.47854078  
49.74667431  
25.35224479  
-11.41031551  
-42.48609498  
-52.0628308  
-33.76263009  
6.320593031  
52.24119334  
85.3687446  
92.85121845  
73.45374805  
38.03135947  
4.369481262  
-11.22820429  
-1.681190039  
27.43999804  
60.44089112  
78.84513574  
70.15191716  
33.93942795  
-17.52812008  
-64.48203413  
-88.24905293  
-79.35179093  
-41.48169625  
10.34178253  
56.43861138  
80.83761331  
77.58453601  
52.33517934  
18.84253412  
-7.727191774  
-17.42303735  
-9.127603525  
10.15442587  
29.54290674  
39.68859725  
36.65938558  
22.64270798  
3.552552826  
-14.81351519  
-29.82600976  
-42.66554014  
-56.38259711  
-72.68281934  
-89.46209896  
-100.7106636  
-99.08832871  
-79.9646366  
-44.80006627  
-1.937155335  
35.92173054  
56.62365728  
53.69190372  
29.28183054  
-6.481118742  
-39.57397248  
-57.78002373  
-55.50477345  
-35.62212913  
-7.661873309  
16.6891348  
28.63366094  
25.60511112  
11.56164586  
-5.620178298  
-18.18989249  
-21.99434072  
-17.80585043  
-10.08394834  
-4.018846832  
-2.470348659  
-4.355387688  
-5.224930487  
0.3412739227  
15.75982734  
40.34172623  
69.03404386  
94.07296634  
107.763114  
105.1719598  
85.69820098  
53.05925696  
13.94385961  
-23.97298667  
-53.89589766  
-71.17531492  
-73.88393265  
-62.87632207  
-41.52621868  
-15.19150611  
9.69187478  
26.94972508  
32.28006576  
24.65815252  
6.906020196  
-15.03854159  
-34.12414073  
-44.81479798  
-45.27730839  
-38.10086953  
-29.08125089  
-24.47368593  
-27.88389605  
-38.25364816  
-49.98722915  
-55.32269298  
-47.97770304  
-26.42031589  
4.822488433  
36.57754331  
58.68459744  
64.34797382  
53.2284767  
31.805426  
10.73464077  
0.2748604197  
5.763742748  
25.15022378  
49.71592173  
67.72407503  
69.44575731  
51.40045325  
17.98753036  
-20.1905016  
-50.58954849  
-63.76661341  
-57.09909926  
-35.6801542  
-10.09064866  
7.965379138  
10.35358522  
-4.331687225  
-30.30595787  
-56.8868745  
-72.54005144  
-69.09342899  
-44.58721997  
-3.848812756  
43.24217184  
85.03364096  
111.7285219  
118.1788302  
105.0666033  
78.27446611  
46.80794134  
19.99713988  
4.826053619  
4.10991606  
15.95638649  
34.57352996  
52.13957418  
61.17673738  
56.75635845  
37.9187015  
7.918984545  
-26.74902482  
-58.24045814  
-79.58833288  
-86.61126398  
-78.96468528  
-60.07289382  
-36.02493339  
-13.80565508  
0.6129121655  
3.805907312  
-4.3153357  
-20.6102446  
-39.64358021  
-55.19367082  
-61.96317211  
-57.06637508  
-40.89929177  
-17.11565788  
8.35127365  
29.00854638  
39.78410359  
38.6421571  
27.25209367  
10.4159314  
-5.614231913  
-15.3584081  
-16.05579047  
-8.583814746  
3.024368136  
13.28296049  
17.49175116  
13.6017776  
2.951417045  
-10.39809646  
-21.40949252  
-26.13255511  
-23.22376859  
-14.3382389  
-3.328742002  
5.310263132  
8.05101768  
3.371345244  
-8.053015307  
-23.86148607  
-40.82715145  
-55.57802963  
-65.05430741  
-66.80456945  
-59.36190492  
-42.82095489  
-19.44501855  
6.146728528  
27.68974672  
39.04296288  
36.60792963  
21.45395504  
0.02832301039  
-17.28791224  
-19.66259575  
-0.2173509096  
40.40814889  
93.02814401  
142.2342064  
171.5247677  
169.4069842  
134.0472663  
74.46771039  
7.619457697  
-47.64110972  
-77.31756213  
-77.07544608  
-53.17692327  
-19.2751495  
9.471339527  
22.42277016  
17.12822354  
-0.7208435912  
-20.73268583  
-32.88155049  
-31.83986543  
-18.73862294  
0.1662823652  
16.97722911  
25.93421361  
25.6720331  
19.05446053  
10.95966703  
5.392037994  
3.508241515  
3.530337334  
2.415760749  
-1.816252106  
-8.535390477  
-14.6783369  
-16.58669974  
-12.4413717  
-3.817471554  
4.700083206  
7.84374729  
2.803940811  
-8.547349353  
-19.76621851  
-22.5856161  
-11.20942675  
13.89014846  
44.70727848  
67.952449  
70.17213452  
43.64695307  
-9.559790279  
-77.35620038  
-141.5094531  
-184.1652555  
-194.2967914  
-171.3987087  
-124.9555867  
-70.08784884  
-21.42052679  
12.10795264  
29.37283413  
35.53603755  
38.00215421  
42.07564402  
48.49382619  
53.89568038  
53.70925844  
45.69053369  
32.05916119  
18.96850647  
13.50488362  
19.76548451  
36.12918628  
55.2881796  
67.23822282  
63.89835666  
43.14259406  
10.224748  
-24.19895486  
-48.6015048  
-55.56156217  
-44.83884691  
-23.10727158  
-0.5335516553  
14.08279256  
17.20198707  
11.57748851  
3.997951834  
0.9957030572  
4.838603672  
12.01175537  
15.13185684  
7.439050803  
-12.43239322  
-38.03017313  
-56.63458367  
-54.50076678  
-23.60866971  
33.24149834  
101.6448495  
159.9677627  
187.3931956  
172.3570714  
117.71526  
40.24170917  
-35.55400291  
-86.82823728  
-101.1191884  
-80.7134951  
-40.85816373  
-2.655750682  
16.22671213  
9.000621193  
-17.82843299  
-48.00946546  
-63.37804437  
-52.43844484  
-15.89351619  
33.29201312  
75.28241288  
91.83533719  
74.16355196  
26.84342506  
-33.83303326  
-86.27887902  
-112.0572044  
-102.8624736  
-63.31014421  
-8.651017289  
41.37420345  
69.87815084  
68.46021999  
39.18885772  
-7.357233173  
-56.70405907  
-95.63053016  
-115.8802269  
-115.4204423  
-97.42533182  
-68.03905269  
-34.16432133  
-2.079187192  
23.06098755  
37.35120816  
38.49981935  
26.62627236  
5.091714655  
-19.4288051  
-38.2886989  
-43.62482626  
-31.65076321  
-5.026066579  
27.08523893  
51.80975303  
57.48137261  
