21.85824817  
18.16974304  
12.5348558  
7.183145439  
4.398370114  
5.634534814  
10.9095483  
18.72753909  
26.57354155  
31.79796615  
32.55643147  
28.45189897  
20.64707304  
11.42009332  
3.344623007  
-1.595243269  
-2.638940143  
-0.4258227516  
3.316194622  
6.427656556  
7.072972935  
4.336514639  
-1.519092628  
-9.184024239  
-16.74447591  
-22.27501279  
-24.39236816  
-22.61687612  
-17.46017796  
-10.24113586  
-2.702295088  
3.457382494  
7.008186063  
7.468116391  
5.171931707  
1.123034772  
-3.32408489  
-6.861257459  
-8.594505034  
-8.282049147  
-6.378362202  
-3.874161771  
-1.97932174  
-1.740612078  
-3.704706013  
-7.724864874  
-12.96971164  
-18.13528931  
-21.80291976  
-22.84206489  
-20.7403476  
-15.76140003  
-8.878695534  
-1.50073483  
4.931434751  
9.349150084  
11.33437614  
11.18132947  
9.724258672  
7.996699759  
6.847837933  
6.656525553  
7.245019768  
8.01504495  
8.241562853  
7.398021731  
5.379830273  
2.540264651  
-0.4636723871  
-2.938064829  
-4.410897776  
-4.774762833  
-4.265437782  
-3.305056892  
-2.296455412  
-1.468282808  
-0.8346797252  
-0.2721907008  
0.3403701704  
0.9962590804  
1.509845488  
1.556641366  
0.7775402637  
-1.100709572  
-4.166750059  
-8.259462239  
-12.92909679  
-17.42049882  
-20.70015521  
-21.57421558  
-18.93919444  
-12.15670797  
-1.45893536  
11.78436617  
25.12179436  
35.50392607  
40.13635917  
37.45667173  
27.8685729  
13.88565508  
-0.4798764787  
-10.95912642  
-14.4917799  
-10.36355569  
-0.5402000592  
10.99039912  
19.66422169  
22.03757248  
17.07071444  
6.483953987  
-5.95808345  
-15.9402732  
-20.25582881  
-17.95947779  
-10.57045952  
-1.293791941  
6.358217618  
9.92877882  
8.793544493  
4.076087566  
-2.171174819  
-8.071838385  
-12.7687439  
-16.62054559  
-20.70219995  
-25.90452557  
-32.11800932  
-37.93637576  
-41.05637819  
-39.21153624  
-31.2189421  
-17.66097726  
-0.8861793322  
15.68485951  
28.66460742  
35.76936971  
36.44828421  
31.86995061  
24.33794533  
16.41950327  
10.142126  
6.528183104  
5.557658697  
6.466523101  
8.182179106  
9.699733938  
10.28951094  
9.536394751  
7.288699834  
3.605759214  
-1.247214863  
-6.769007618  
-12.20782865  
-16.61321532  
-18.97370579  
-18.41834191  
-14.43469744  
-7.052235414  
3.049385062  
14.53654034  
25.54809025  
33.97093423  
37.860235  
35.9469036  
28.10761247  
15.62289678  
1.061375806  
-12.27696871  
-21.26178241  
-23.91391488  
-20.1123471  
-11.71901481  
-2.006516152  
5.454942189  
8.057367866  
5.076975567  
-2.11440944  
-10.64133085  
-17.28069094  
-19.70535328  
-17.30563414  
-11.27031176  
-3.936928649  
2.262440624  
5.775163322  
6.405494829  
5.135676001  
3.446879435  
2.517737133  
2.701900415  
3.511766908  
4.057701696  
3.660384581  
2.282389795  
0.5469563303  
-0.6471277384  
-0.6770568956  
0.4143132664  
1.924047508  
2.896380187  
2.704967277  
1.47331433  
0.07469568323  
-0.3204606013  
1.072900357  
4.107683348  
7.607602817  
9.808770127  
9.146084768  
4.999153405  
-1.979725124  
-10.12702558  
-17.48946716  
-22.63865281  
-25.16574912  
-25.6165633  
-24.93023579  
-23.71790249  
-21.80881816  
-18.34889019  
-12.42682628  
-3.892144864  
6.113382095  
15.27572644  
20.92054469  
21.18399578  
15.98249459  
7.268869764  
-1.622264829  
-7.303196731  
-7.756627098  
-3.203010484  
3.999758829  
10.39240503  
12.91951816  
10.22426055  
3.16025718  
-5.675370802  
-13.12706192  
-16.80699808  
-15.95672177  
-11.50089433  
-5.358633457  
0.5730357253  
5.232749493  
8.6322958  
11.48028254  
14.48131248  
17.74780994  
20.66037497  
22.23161889  
21.72956152  
19.16909434  
15.36357873  
11.49355851  
8.441648248  
6.294497291  
4.329571592  
1.528960172  
-2.655764535  
-7.740197258  
-12.22302927  
-14.25589461  
-12.66740188  
-7.799536875  
-1.652677245  
2.844837242  
3.173903399  
-1.453099781  
-9.466159075  
-17.39953477  
-21.32236412  
-18.62834783  
-9.355906153  
3.615191609  
15.64449108  
22.2476561  
21.00520891  
12.60375283  
0.5378746559  
-10.39017802  
-16.09478811  
-14.85380223  
-7.874551771  
1.412132647  
8.943117569  
11.741803  
9.007834053  
2.16930637  
-6.001736595  
-12.69496576  
-16.14483095  
-16.04112177  
-13.2099964  
-8.878911577  
-4.001749872  
0.9938392745  
5.978379492  
10.66224262  
14.29347772  
15.78695636  
14.27070901  
9.740748911  
3.393780113  
-2.656792312  
-6.245799091  
-6.2161408  
-3.119150802  
0.8761968449  
2.923118958  
0.9000193309  
-5.391690935  
-13.86393717  
-20.87789655  
-22.81813967  
-17.8123631  
-6.78502889  
6.697549855  
17.79131412  
22.38434749  
18.87188758  
8.900582012  
-3.262609154  
-12.46960574  
-14.78292494  
-9.02223613  
2.870102695  
16.743588  
27.97549681  
33.24389184  
31.59604075  
24.43962273  
14.59162205  
4.920450058  
-2.761634415  
-8.094588146  
-11.78517639  
-14.75644953  
-17.34367162  
-18.97358799  
-18.47561354  
-14.82973524  
-7.929729154  
1.061856126  
9.97897435  
16.43726855  
18.78282643  
16.76812193  
11.64623155  
5.641530357  
1.0313275  
-0.764683637  
0.2919479021  
2.921580598  
5.12565263  
5.055795205  
1.795247289  
-4.251488  
-11.49667603  
-17.76593403  
-21.11868836  
-20.58570424  
-16.55559038  
-10.66853772  
-5.247070312  
-2.45514433  
-3.478662987  
-8.02972436  
-14.37987535  
-19.95054947  
-22.2793388  
-20.01642924  
-13.55659418  
-5.015060395  
2.506348037  
6.126909263  
4.407801507  
-1.928639326  
-10.13052532  
-16.4154361  
-17.47877018  
-11.90410827  
-0.8653763529  
12.22253435  
23.01052699  
27.96400311  
25.82113022  
18.12718651  
8.595348699  
1.551235807  
0.1250576819  
4.972453368  
14.07609819  
23.6999418  
30.0548608  
30.91959473  
26.49242676  
19.10987365  
11.99518209  
7.645473821  
6.626341557  
7.344146669  
6.901594408  
2.630928175  
-6.421388133  
-18.76684489  
-30.86607199  
-38.4906705  
-38.46579686  
-30.03499515  
-15.2593805  
1.707766556  
16.14495411  
24.43438545  
25.20307886  
19.51983087  
10.15833357  
0.3230532768  
-7.583416052  
-12.65694965  
-15.44516671  
-17.29517625  
-19.47434635  
-22.48678806  
-25.85831453  
-28.41363614  
-28.84709335  
-26.29114817  
-20.64171803  
-12.55329724  
-3.18047201  
6.167044587  
14.30261661  
20.30951944  
23.59072962  
23.90164345  
21.4179155  
16.81320708  
11.25570695  
6.228656516  
3.154124461  
2.916957777  
5.479414579  
9.786277209  
14.0634282  
16.44492614  
15.70289174  
11.78011682  
5.88533189  
0.08412001961  
-3.467042925  
-3.338171493  
0.6378149555  
7.32419005  
14.73865009  
20.80500457  
24.07858856  
24.15466641  
21.62443959  
17.64772109  
13.37247835  
9.476266757  
6.020871632  
2.644815329  
-1.046528968  
-5.119062936  
-9.171136431  
-12.48620322  
-14.38949392  
-14.61482193  
-13.4820139  
-11.78271463  
-10.42055004  
-9.979620663  
-10.43693734  
-11.16979196  
-11.26891904  
-10.01876169  
-7.319872523  
-3.846934709  
-0.8514295357  
0.3210062658  
-1.201540399  
-5.407656659  
-11.32865212  
-17.33584207  
-21.68903213  
-23.11731131  
-21.20993633  
-16.48612258  
-10.15099159  
-3.667283641  
1.672718699  
5.022264406  
6.043634265  
4.806267275  
1.63039631  
-3.017477135  
-8.534853608  
-14.1393092  
-18.86364612  
-21.67393104  
-21.72505765  
-18.67588135  
-12.92120232  
-5.602782813  
1.659044777  
7.247735729  
10.07354655  
9.925824729  
7.501063547  
4.086113173  
1.026815154  
-0.7900323996  
-1.216488281  
-0.7671870184  
-0.2337296764  
-0.1825439156  
-0.5871975162  
-0.7863709842  
0.1960891683  
3.110047062  
7.976491293  
13.8825216  
19.20932101  
