-15.08621121  
-35.17642638  
-54.7457261  
-66.15497874  
-63.63907582  
-45.5919  
-15.31979557  
20.03519156  
51.95433535  
73.3909839  
80.91329776  
75.39733684  
61.16393003  
44.0734174  
29.4362172  
20.53938693  
18.2036619  
21.28321501  
27.64754942  
35.09157157  
41.81346444  
46.43059109  
47.78608717  
44.87591127  
37.08273568  
24.63535963  
8.992296066  
-7.190232342  
-20.66695375  
-28.64689197  
-29.86060441  
-25.16153152  
-17.33229058  
-10.10755068  
-6.778559778  
-8.949629107  
-15.96336096  
-25.23217247  
-33.32680617  
-37.36055545  
-36.10039215  
-30.37406866  
-22.64962332  
-16.00127994  
-12.89803291  
-14.28290952  
-19.2567394  
-25.43195922  
-29.78011206  
-29.65846369  
-23.68200589  
-12.19656545  
2.756954175  
17.95960441  
29.8763169  
35.64847387  
33.9624999  
25.54072545  
13.06730209  
0.4976713384  
-8.105080161  
-9.877165014  
-4.164149586  
7.159817824  
20.24820272  
30.57966326  
34.55897017  
30.82608283  
20.75682745  
7.935050849  
-3.213302516  
-9.090651971  
-8.236403705  
-1.758440829  
7.260137919  
15.09435893  
18.86513988  
17.5539613  
12.14894884  
4.924546498  
-1.761765924  
-6.580484152  
-9.744348827  
-12.72119269  
-17.31239208  
-24.54908012  
-33.92436719  
-43.31405551  
-49.62886439  
-49.93002058  
-42.56160276  
-27.86969145  
-8.259066788  
12.40506173  
29.83019051  
40.43343796  
42.26812881  
35.52058392  
22.48126863  
7.002959236  
-6.451175712  
-13.9872717  
-13.42544804  
-5.093051124  
8.036868534  
21.03367455  
28.45299323  
26.16651355  
12.98019589  
-8.594667857  
-32.82975959  
-52.50415185  
-61.34249654  
-56.30000362  
-38.80090667  
-14.38877651  
9.14987105  
24.50574704  
27.36411689  
17.73520073  
-0.4009401692  
-20.93105945  
-38.10085185  
-48.58178162  
-52.25509091  
-51.46571926  
-49.21039606  
-47.21271302  
-44.86738843  
-39.59451447  
-28.43237602  
-10.06093397  
13.80807185  
38.47234528  
57.83910474  
66.94141397  
64.23273627  
52.54673439  
38.16941812  
28.31920078  
28.08379512  
38.15997961  
54.43345495  
69.63982494  
76.42174031  
70.45700108  
52.28251493  
27.00694816  
2.047061475  
-16.09074346  
-24.5278633  
-25.00331304  
-22.6914291  
-23.39940309  
-30.443879  
-42.67140603  
-54.58694104  
-58.61109205  
-48.51960798  
-22.56475631  
15.12052263  
55.51265565  
87.74241655  
102.9807289  
97.60057151  
74.36157945  
41.19402404  
8.137808678  
-16.29147519  
-27.87824807  
-27.62155178  
-20.59778311  
-13.40530397  
-11.3290393  
-16.35887782  
-26.73869348  
-38.04001475  
-45.15770159  
-44.34563473  
-34.52156042  
-17.46991524  
2.950524264  
22.14392209  
36.11092271  
42.36926465  
40.30527255  
31.03244983  
16.94315668  
1.125322714  
-13.26183114  
-23.61069964  
-28.42937526  
-27.72186504  
-23.01742141  
-16.92835712  
-12.27727358  
-11.04323948  
-13.52991379  
-18.14445952  
-21.96913867  
-21.96960326  
-16.37356681  
-5.619334839  
7.586011447  
19.19319958  
25.37320998  
24.05736476  
15.77433754  
3.39694016  
-9.104709511  
-18.35123163  
-22.92187567  
-23.78043301  
-23.57173099  
-25.1263733  
-29.88750724  
-37.01355211  
-43.6018697  
-45.95404167  
-41.31748552  
-29.30625637  
-12.3447095  
5.08848764  
18.10435966  
23.23983226  
19.72225427  
9.666529047  
-2.822580413  
-13.21768905  
-18.14350011  
-16.35947038  
-8.859464727  
1.811971519  
12.6323977  
21.09108334  
25.75684481  
26.34039826  
23.39589293  
17.91241456  
10.99934211  
3.735915686  
-2.874313746  
-7.947603948  
-10.82024088  
-11.1684057  
-9.055975182  
-4.839550849  
1.041301729  
8.261607362  
16.63984247  
25.92683144  
35.44531844  
43.81944305  
49.05996032  
49.1319099  
42.86735663  
30.83303132  
15.6649795  
1.538413642  
-7.194038754  
-7.732962965  
-0.1993986417  
12.04907086  
23.45195142  
28.34371604  
23.30999325  
8.795472721  
-10.79896622  
-28.67857926  
-38.30594651  
-36.05780534  
-22.75989344  
-3.419319888  
14.75990951  
25.25253122  
24.76839265  
14.425696  
-0.9112715027  
-14.78349848  
-21.80606518  
-19.70566837  
-9.918107477  
3.385386573  
15.2733629  
22.06937132  
22.51795306  
17.69516323  
9.892726489  
1.181849364  
-7.547422528  
-16.59394387  
-26.57658524  
-37.25770138  
-46.81294096  
-52.07474936  
-49.76340116  
-38.16972057  
-18.45806281  
5.133409745  
26.43755205  
39.46784382  
40.63873727  
30.15013173  
11.92580563  
-7.884601172  
-23.21637385  
-30.25053927  
-28.55591528  
-20.81063832  
-11.32844967  
-4.111589148  
-1.303826296  
-2.66880449  
-6.208107778  
-9.499535456  
-11.03600502  
-10.89856338  
-10.46993955  
-11.39120562  
-14.34733806  
-18.35106711  
-20.94433669  
-19.27615574  
-11.56596106  
1.761240515  
17.86263673  
32.37745972  
41.11048293  
41.78700991  
35.09105717  
24.48251047  
14.80898133  
10.26648507  
12.57201471  
20.15603188  
28.76759867  
33.28818207  
30.01722579  
18.46471508  
1.859773667  
-13.89647604  
-22.46055359  
-19.58070876  
-4.911514529  
17.63921576  
41.19033415  
58.30053097  
63.56931748  
55.42445288  
36.4438781  
12.16550268  
-11.06229811  
-28.29095822  
-37.39146592  
-39.22432096  
-36.65990507  
-33.01281318  
-30.63601035  
-30.25091894  
-31.18099014  
-32.21079145  
-32.52562422  
-32.21316406  
-32.09536971  
-33.04444015  
-35.2213312  
-37.70898335  
-38.79187151  
-36.76875853  
-30.88237643  
-21.86131852  
-11.75182118  
-3.07721493  
2.284941548  
3.957357852  
3.216985352  
2.360661094  
3.586152898  
7.940172301  
14.84790598  
22.44639004  
28.53330633  
31.63437834  
31.63964363  
29.69452608  
27.43073914  
25.97676953  
25.30675974  
24.30627037  
21.53868291  
16.301785  
9.373697077  
2.983701234  
-0.06553573307  
2.262624747  
10.10136432  
21.35470063  
32.41231453  
39.61621086  
40.79460228  
36.1160989  
27.8344191  
19.04275563  
12.06024165  
7.277687945  
3.071341993  
-3.142061919  
-13.23377587  
-26.94663052  
-41.52197063  
-52.66235141  
-56.45283186  
-51.34883609  
-39.24379888  
-25.01798877  
-14.67164103  
-12.82279745  
-20.68320335  
-35.43920536  
-51.34487588  
-62.06374687  
-63.23944753  
-54.182648  
-37.97838088  
-20.03074518  
-5.745176829  
1.617927806  
2.027517911  
-1.654428088  
-5.140666888  
-4.570063162  
2.078764073  
14.5264782  
30.69483803  
47.74936519  
63.09663057  
74.90987104  
82.10810148  
84.04996074  
80.32835978  
70.91668253  
56.61059936  
39.43150977  
22.58163982  
9.735387516  
3.81619759  
5.754089668  
13.83444734  
24.05475122  
31.46742291  
32.0159499  
24.10126683  
9.193559075  
-8.792261042  
-25.09148136  
-35.95942233  
-40.00521138  
-38.44123096  
-34.20221402  
-30.40221855  
-28.8734993  
-29.45501963  
-30.31285386  
-29.07792457  
-24.2119012  
-15.93453843  
-6.280974371  
1.714685931  
5.309093989  
3.212756078  
-3.884947825  
-13.62672843  
-22.95137592  
-29.25971329  
-31.28173833  
-29.3198055  
-24.83646126  
-19.63277028  
-15.00018334  
-11.19571193  
-7.417094507  
-2.243234039  
5.664266933  
16.86782227  
30.70960508  
45.25725771  
57.6643331  
64.86010146  
64.39836814  
55.23998414  
38.23236688  
16.09723497  
-7.140958091  
-27.17979107  
-40.63084361  
-45.9899244  
-44.0250183  
-37.40848667  
-29.69873375  
-24.04481603  
-22.11422549  
-23.66347091  
-26.90050253  
-29.4440747  
-29.42483457  
-26.22530214  
-20.54555455  
-13.82509661  
-7.372185967  
-1.693931618  
3.601678725  
9.282163291  
15.65600108  
21.93978576  
26.26645508  
26.44305329  
21.14414555  
10.9292836  
-1.520813685  
-12.2242324  
-17.52951509  
-15.86321979  
-8.745618885  
-0.4855000183  
3.466930597  
