-6.638825374  
-12.02145301  
-15.06196196  
-13.73303646  
-7.394187215  
2.73001234  
13.81322176  
22.4070448  
25.77746616  
23.03943327  
15.57764367  
6.529556448  
-0.4827289335  
-2.839810464  
0.01586802526  
6.418328406  
13.28505555  
17.52525131  
17.40781527  
13.26700028  
7.233581609  
2.134450976  
0.09254778692  
1.496637584  
4.831832859  
7.448928787  
6.901717415  
2.206879332  
-5.585061566  
-13.79417288  
-19.31253624  
-20.04166286  
-15.88594455  
-8.824951565  
-2.017440803  
1.653878928  
0.9211632098  
-3.274591562  
-8.220409567  
-10.70835829  
-8.569488154  
-1.756891404  
7.529957926  
15.75356422  
19.58469771  
17.39936138  
10.0568599  
0.6050561044  
-6.967770878  
-9.398194242  
-5.513474558  
3.28333081  
13.60704162  
21.49867881  
24.04523418  
20.53322454  
12.67265619  
3.829202076  
-2.384148705  
-3.55597332  
0.6243643114  
8.35306255  
16.54078501  
22.10085912  
23.15015604  
19.64586695  
13.24156747  
6.474848633  
1.661352718  
-0.04122822641  
0.9631441626  
2.959861758  
3.683788205  
1.256799701  
-5.068796933  
-14.62350001  
-25.55551427  
-35.45350659  
-42.10070221  
-44.09436464  
-41.15276141  
-34.06891698  
-24.39203688  
-13.98290154  
-4.585211024  
2.495755556  
6.577047353  
7.654824105  
6.353605881  
3.777147362  
1.264096151  
0.06689011927  
1.010201644  
4.222450834  
9.045768007  
14.1914932  
18.12656122  
19.57974593  
17.98977017  
13.71773988  
7.925714354  
2.152664016  
-2.252345549  
-4.613862068  
-5.131985536  
-4.721651143  
-4.563388657  
-5.565671402  
-7.976113375  
-11.30804704  
-14.6027016  
-16.89153686  
-17.63349183  
-16.92117236  
-15.36713313  
-13.74420896  
-12.57596073  
-11.89770882  
-11.31697872  
-10.34028652  
-8.781887823  
-7.009729587  
-5.852610052  
-6.164409567  
-8.234275592  
-11.3488329  
-13.78300221  
-13.32162804  
-8.162572878  
2.157538707  
16.23968344  
30.9992262  
42.56434629  
47.60459  
44.58535925  
34.43554308  
20.3261014  
6.605808304  
-2.714421157  
-5.347828784  
-1.452251088  
6.583920274  
15.181382  
20.99711745  
22.15742941  
18.81546408  
12.84862468  
6.874866492  
3.04252729  
2.120456408  
3.26257497  
4.5142835  
3.805641682  
-0.02435839039  
-6.62459419  
-14.20498592  
-20.24165584  
-22.50118505  
-19.9449533  
-13.1407378  
-4.028006116  
4.841690499  
11.25775794  
14.10320416  
13.61781876  
11.10044207  
8.212913888  
6.201374711  
5.365136052  
4.982044832  
3.70204851  
0.2297772457  
-5.991435526  
-14.37250853  
-23.21238549  
-30.16876082  
-33.00418113  
-30.35417814  
-22.26119648  
-10.29670049  
2.777876502  
13.72380352  
19.71622051  
19.16430678  
12.22278476  
0.8307569463  
-11.76220524  
-21.87853824  
-26.46837834  
-24.0280317  
-15.08498565  
-2.066672026  
11.44016696  
21.82250846  
26.59589869  
25.17784686  
18.99373928  
10.86459277  
3.898812767  
0.3101615503  
0.6264578847  
3.606113708  
6.89581755  
8.151650089  
6.14301714  
1.354101642  
-4.195587364  
-7.853999008  
-7.582508988  
-2.998354167  
4.263872606  
11.06665071  
13.97775216  
10.68182746  
1.004419755  
-12.88994211  
-27.21883329  
-37.93192471  
-42.14083238  
-39.06104958  
-30.11963487  
-18.24287993  
-6.674240032  
2.162353363  
7.306806402  
9.225220543  
9.217436908  
8.622153498  
8.213233598  
8.030433702  
7.639719695  
6.602021217  
4.851371639  
2.772684551  
0.9653788974  
-0.1330725051  
-0.5124849212  
-0.56928019  
-0.8046504267  
-1.427307004  
-2.118727478  
-2.137033744  
-0.7385344464  
2.306077679  
6.412690233  
10.32599931  
12.69621917  
12.82654007  
11.18844035  
9.370513993  
9.391456182  
12.64399838  
18.97408758  
26.39799882  
31.69808424  
31.72130264  
24.83414222  
11.85331002  
-4.038350055  
-18.43591709  
-27.46139003  
-29.34931268  
-25.13655936  
-18.11176036  
-12.24860999  
-10.33220406  
-12.65182402  
-16.88803223  
-19.2695021  
-16.47399304  
-7.38026103  
6.171272198  
20.00027571  
29.33618113  
30.90525735  
24.39397495  
12.60740172  
0.2422639441  
-8.163771054  
-10.16693901  
-6.356661615  
0.1092846676  
5.126529843  
5.643169628  
1.096896143  
-6.367430351  
-12.97353705  
-15.15171238  
-11.26323134  
-2.409440081  
8.032401796  
15.90607557  
18.0985931  
13.85513687  
5.017664959  
-4.870307759  
-12.13701914  
-14.50252231  
-11.88572738  
-6.206410265  
-0.3611373219  
3.096836794  
2.964754655  
-0.3178391716  
-5.126718217  
-9.551543664  
-12.26744866  
-12.99148532  
-12.38529095  
-11.54621101  
-11.39812795  
-12.28463559  
-13.91027823  
-15.57462337  
-16.50988956  
-16.13029294  
-14.10722573  
-10.32214325  
-4.82496878  
2.105419078  
9.81488888  
17.17453549  
22.69280939  
24.91600374  
23.02259612  
17.35610546  
9.595377779  
2.376183227  
-1.580365343  
-0.5234321896  
5.533410183  
14.65871658  
23.61610843  
29.03479765  
28.67171679  
22.24283427  
11.48069074  
-0.5906388412  
-10.83431386  
-17.12200662  
-18.9391587  
-17.27250452  
-13.91159798  
-10.54570271  
-8.089538578  
-6.514086083  
-5.180055297  
-3.421729846  
-1.027056606  
1.645682257  
3.947336867  
5.41275319  
6.1173823  
6.671886419  
7.823509947  
9.872617125  
12.24788466  
13.53120199  
12.00516389  
6.51540715  
-2.755843813  
-14.01441232  
-24.28422586  
-30.43061216  
-30.37545837  
-23.98587899  
-13.2339698  
-1.528055738  
7.530878272  
11.46733998  
9.795011236  
4.094135512  
-2.696400213  
-7.453205942  
-8.021850594  
-3.90811203  
3.710338055  
12.57623328  
20.24488814  
24.89583802  
25.77726631  
23.19385014  
18.15081536  
11.8807555  
5.470157014  
-0.3056994508  
-4.964837716  
-8.231234314  
-9.992086638  
-10.34159114  
-9.658126892  
-8.609009864  
-7.998387192  
-8.464691086  
-10.13956882  
-12.44177947  
-14.15233962  
-13.80490229  
-10.27565328  
-3.341669033  
6.042992868  
15.90945542  
23.85588393  
27.84796657  
26.93100747  
21.56506491  
13.43830631  
4.822899883  
-2.272552393  
-6.813810182  
-9.029059682  
-10.16403812  
-11.81649955  
-15.13913915  
-20.2547599  
-26.13607915  
-31.00282649  
-33.06612769  
-31.29948987  
-25.9033698  
-18.26167024  
-10.40824694  
-4.232889801  
-0.7679302057  
0.1424752076  
-0.3405946148  
-0.6490048493  
0.4587273035  
3.362282033  
7.476833901  
11.61001847  
14.58748583  
15.83109815  
15.6005176  
14.77842875  
14.31114306  
14.59704332  
15.15530272  
14.78059013  
12.1506609  
6.617124871  
-1.21025062  
-9.409269236  
-15.31849195  
-16.54304253  
-11.98082605  
-2.416867838  
9.601707423  
20.59503668  
27.36587435  
28.11322702  
23.0003027  
13.96877094  
3.911106038  
-4.425472117  
-9.345462823  
-10.58100579  
-9.056400462  
-6.232672993  
-3.383745797  
-1.138158495  
0.5528342877  
2.089994493  
3.782565555  
5.554190274  
6.950447456  
7.413836327  
6.637994565  
4.776919424  
2.379876564  
0.09219398115  
-1.693260332  
-3.01377286  
-4.221312201  
-5.628796103  
-7.131025258  
-8.05527763  
-7.39067436  
-4.336731081  
1.089641188  
7.729979791  
13.48591627  
16.04731224  
13.87290074  
6.984788318  
-2.82522341  
-12.53937729  
-19.03235527  
-20.30915591  
-16.32510847  
-9.012998674  
-1.48327369  
3.2709579  
3.610258724  
-0.1026296435  
-5.71090881  
-10.2201095  
-11.07451146  
-7.202873077  
0.5919184449  
10.02073814  
18.25642109  
23.00597344  
23.25971478  
19.45548637  
13.0749199  
5.926700858  
-0.5362780604  
-5.594746297  
-9.250707811  
-11.93107741  
-14.11718988  
-16.08957212  
-17.86709462  
-19.29380418  
-20.161098  
-20.2728826  
-19.44294344  
-17.48925597  
-14.30461089  
-10.02146705  
-5.189477374  
-0.8187753525  
1.832647146  
1.726917263  
