-33.92590653  
-56.78270686  
-76.06396559  
-85.81544637  
-81.75201145  
-62.81086976  
-31.79443254  
5.227842425  
40.64855526  
67.61872406  
82.09120603  
83.84880488  
76.13631299  
64.06965883  
52.49415985  
44.18526105  
39.12580609  
35.11225913  
29.35136892  
20.26638049  
8.64571243  
-2.428442322  
-8.863840521  
-7.480854431  
2.312416561  
17.88414547  
34.11893064  
45.25648772  
47.06091248  
38.403368  
21.60374037  
1.421753187  
-16.82758486  
-29.20856184  
-34.34668731  
-33.4393075  
-29.22133851  
-24.47003947  
-20.7876596  
-18.20203095  
-15.67813419  
-12.17143319  
-7.596908882  
-3.161783169  
-0.8634909611  
-2.409833001  
-8.13755192  
-16.5321496  
-24.66175369  
-29.38140687  
-28.75776718  
-23.02393042  
-14.56697868  
-6.901486032  
-3.06966848  
-4.204902236  
-8.945019756  
-14.00594344  
-15.68946426  
-11.65646245  
-2.15165289  
9.901541584  
20.01847439  
24.0174193  
19.8244282  
8.43018313  
-6.419466705  
-19.66798815  
-26.90679158  
-26.02424652  
-17.87511878  
-5.744405512  
6.103027055  
14.12723774  
16.75231633  
14.67180348  
10.19142596  
5.992832983  
3.914150742  
4.269628051  
5.936014885  
7.064975737  
6.019908515  
2.08585672  
-4.328558903  
-12.00069318  
-19.47158916  
-25.55936829  
-29.56660414  
-31.15445057  
-30.0601704  
-25.92246925  
-18.3983725  
-7.555804999  
5.68203511  
19.35690621  
30.79301169  
37.40799589  
37.74048801  
32.24178116  
23.41032067  
15.08502341  
11.07572492  
13.62599694  
22.33766158  
34.05157859  
43.82393424  
46.69455362  
39.60317588  
22.71316014  
-0.3960837167  
-23.78570656  
-41.10106628  
-47.70084725  
-42.19567748  
-26.85183314  
-6.745389087  
11.98093512  
24.09364754  
26.76573128  
20.11437995  
6.696386966  
-9.71741024  
-25.52854852  
-38.30241334  
-47.04874283  
-51.82404233  
-52.99384992  
-50.61473  
-44.29010627  
-33.57347783  
-18.68046028  
-1.07445116  
16.48118586  
30.57097229  
38.28820567  
38.431264  
32.17059391  
22.80565889  
14.61145167  
11.19489792  
14.03742349  
21.86662823  
31.16628681  
37.6414753  
38.01785504  
31.38516138  
19.47938126  
5.773952588  
-6.197678977  
-14.4900437  
-19.55856916  
-23.80732107  
-30.0477568  
-39.59408037  
-50.95504512  
-59.8614962  
-60.77976773  
-49.35222825  
-24.71531043  
9.39431562  
45.36840999  
74.13893756  
88.36946108  
85.14062735  
67.01166978  
41.00048641  
15.89095466  
-1.026956654  
-6.463536065  
-1.909352063  
7.524122418  
15.5970695  
17.63464025  
12.28265491  
1.672920367  
-9.912544534  
-18.14343737  
-20.50474583  
-17.12545632  
-10.32592161  
-3.254325986  
1.633260558  
3.503223296  
3.110225205  
1.942257528  
1.096228276  
0.5271243933  
-0.9297211321  
-4.803799073  
-11.94040423  
-21.75098305  
-32.19239809  
-40.52197536  
-44.46884385  
-43.24810995  
-37.91794726  
-30.90516743  
-24.92551091  
-21.80616733  
-21.74348532  
-23.30434066  
-24.12037506  
-21.92315388  
-15.45186261  
-4.881926827  
8.318897168  
21.93770198  
33.66485577  
41.58231029  
44.39298756  
41.46390864  
32.83366455  
19.2796387  
2.409936654  
-15.37024157  
-31.16704466  
-42.20806108  
-46.59105514  
-43.87409345  
-35.21925808  
-22.97727883  
-9.857014438  
1.966509782  
11.41468345  
18.50667152  
23.85681745  
27.98238111  
30.83064351  
31.79923553  
30.23337049  
26.09154227  
20.34608067  
14.80739156  
11.37838162  
11.08760806  
13.4291966  
16.4278417  
17.49691081  
14.72631623  
7.966391736  
-0.8831197184  
-8.60370408  
-12.11919026  
-9.994681531  
-3.212909413  
5.211394887  
11.64355894  
13.59938514  
10.98280187  
6.132042154  
2.597332331  
3.228695971  
8.539131221  
16.21781838  
22.11699782  
22.29013118  
15.08753833  
2.228261276  
-11.77516743  
-21.65492918  
-23.95078797  
-18.83481741  
-10.23151787  
-4.060898481  
-5.354051195  
-15.58812705  
-31.55459318  
-46.39954182  
-52.47147636  
-44.73851253  
-23.23336559  
6.613853449  
35.95156577  
55.95009737  
61.21856691  
51.73203138  
32.49827411  
11.21285576  
-4.981859147  
-12.19057737  
-10.81268724  
-4.659615685  
1.255406468  
3.116613433  
-0.2101285279  
-7.160814039  
-14.72191608  
-20.15545217  
-22.27680328  
-21.69591297  
-20.03839821  
-18.70104283  
-17.89956251  
-16.54669221  
-13.00152106  
-6.233970601  
3.277723184  
13.44765009  
21.36954889  
24.59923552  
22.27207354  
15.48676329  
6.771276612  
-1.076296236  
-6.173799856  
-8.183557449  
-8.121978116  
-7.531283992  
-7.520860801  
-8.219122472  
-8.912026445  
-8.73188237  
-7.439810432  
-5.789335339  
-5.209357588  
-6.951920727  
-11.19238288  
-16.6389166  
-20.95965111  
-21.88601036  
-18.44744  
-11.66010008  
-4.226381269  
0.7052440479  
1.158538503  
-2.485505229  
-7.395808828  
-9.442797155  
-5.128483926  
6.594861086  
23.51062234  
40.78892147  
52.88169754  
55.84504138  
49.04049373  
35.43068027  
20.31519869  
9.065707071  
4.87226631  
7.502353445  
13.60355375  
18.37838228  
17.84915506  
10.691915  
-1.157908954  
-13.35120527  
-21.00512797  
-20.77190234  
-12.22172753  
1.987915832  
17.13966419  
28.1794964  
31.41187221  
25.55048093  
11.8489141  
-6.564847316  
-25.7605215  
-42.04300205  
-52.6622394  
-56.12660503  
-52.2269352  
-41.92471006  
-27.18782125  
-10.7470097  
4.308334128  
15.13058227  
19.81573176  
17.9870739  
10.9997197  
1.604843843  
-6.886933706  
-11.68240018  
-11.434311  
-6.663588169  
0.4969256143  
7.146508163  
10.72591083  
9.973474726  
5.373105978  
-1.056887691  
-6.541422616  
-8.598895877  
-5.990245781  
0.7580660527  
9.429598572  
16.77048909  
19.52135686  
15.51810802  
4.523528057  
-11.48193143  
-28.68179749  
-42.41330933  
-48.50838647  
-44.58511565  
-30.86564607  
-10.21068153  
12.69230644  
32.75419566  
46.04843465  
50.96145498  
48.50846895  
41.70451719  
34.24596773  
29.03567072  
27.14051513  
27.58198274  
27.99681903  
25.83327354  
19.52810891  
9.147025591  
-3.759753767  
-16.95717732  
-28.55005199  
-37.71566245  
-44.79857838  
-50.75636036  
-56.28099026  
-61.08513792  
-63.75887076  
-62.30789155  
-55.13452639  
-41.98373173  
-24.37899497  
-5.304816828  
11.75009814  
23.97769903  
30.15043593  
30.86654715  
28.08093708  
24.18237618  
21.05476174  
19.52052072  
19.3377967  
19.64556671  
19.55569143  
18.57822161  
16.71442939  
14.27128998  
11.60414086  
9.002133558  
6.792479826  
5.553110342  
6.204127369  
9.789076634  
16.94031185  
27.25584624  
38.94919144  
49.07943852  
54.41483451  
52.65318481  
43.47965983  
28.93448957  
12.82165689  
-0.6841888837  
-8.682932374  
-10.72903013  
-8.99303484  
-7.28246873  
-9.316697164  
-17.00295977  
-29.4855768  
-43.40870372  
-54.29543246  
-58.44288471  
-54.50170114  
-44.04791272  
-30.90881835  
-19.55410791  
-13.26771194  
-12.8873622  
-16.62503749  
-20.99098932  
-22.37146181  
-18.55919674  
-9.606837424  
2.292624088  
13.76217702  
21.57062621  
23.77640717  
20.28009335  
12.67526377  
3.579325251  
-4.22224702  
-8.503296991  
-8.030660296  
-2.703647501  
6.503415865  
17.71053781  
28.40098209  
35.84021787  
37.67423715  
32.63036956  
21.10816805  
5.380013619  
-10.8104595  
-23.25336264  
-28.6139759  
-25.6399869  
-15.74441383  
-2.666894395  
8.734738471  
14.15735232  
11.37518546  
1.037104028  
-13.56525747  
-27.66382769  
-36.66853227  
-37.69436472  
-30.42747452  
-17.07162009  
-1.471022947  
12.21639586  
20.8088384  
22.94571986  
19.28258737  
12.06621877  
4.292362032  
-1.274219401  
-2.953739058  
-0.6798661522  
3.916487222  
7.909126483  
7.911885076  
1.18620961  
