-0.5040459885  
7.22716915  
11.55221787  
11.16338977  
6.551880642  
-0.2363497252  
-6.501408196  
-10.0214908  
-9.903898783  
-6.797507067  
-2.421219465  
1.324048276  
3.223979789  
3.209724217  
2.239737862  
1.717339898  
2.758806984  
5.662018363  
9.794831923  
13.90468597  
16.65938287  
17.15175083  
15.15928092  
11.09715196  
5.753604634  
-0.02363186991  
-5.540504286  
-10.31026213  
-13.98897348  
-16.28799452  
-16.94406745  
-15.7664227  
-12.71803882  
-7.966850119  
-1.870587877  
5.087037479  
12.35350393  
19.31123585  
25.2331103  
29.25560916  
30.45798305  
28.09414237  
21.92952711  
12.54010538  
1.394381813  
-9.400879987  
-17.66848915  
-21.86000192  
-21.60807475  
-17.88156241  
-12.64474072  
-8.133292954  
-6.034461952  
-6.907275227  
-10.07690802  
-14.02689261  
-17.09482131  
-18.15392812  
-16.98945629  
-14.23927485  
-10.97678478  
-8.170421967  
-6.283134944  
-5.174347595  
-4.297523764  
-3.041267698  
-1.01615201  
1.844267182  
5.366892993  
9.292522745  
13.35642162  
17.22647051  
20.35480564  
21.89380426  
20.82530199  
16.33870398  
8.329466464  
-2.233807503  
-13.32183059  
-22.33769818  
-26.96075896  
-26.01220101  
-19.95638209  
-10.78139912  
-1.270747557  
6.041513355  
9.783860117  
10.13404641  
8.527261759  
6.850289093  
6.522369919  
7.901034547  
10.27303464  
12.38691833  
13.21113465  
12.49866959  
10.85908372  
9.315470935  
8.611266454  
8.674418274  
8.565774429  
6.973853401  
3.007904578  
-3.145185506  
-10.09209623  
-15.76235428  
-18.37573581  
-17.37123914  
-13.79979741  
-9.92285621  
-8.148941202  
-9.790063887  
-14.2469408  
-19.06229568  
-20.88573015  
-16.95741268  
-6.452613205  
8.932646917  
25.44397041  
38.60041332  
44.82901016  
42.71052713  
33.33534084  
19.67908945  
5.341464973  
-6.756158335  
-15.15427724  
-19.85436846  
-21.66378508  
-21.32039207  
-18.89899632  
-13.81442907  
-5.398087296  
6.288930079  
19.87785918  
32.7146535  
41.55738677  
43.69363068  
38.01076502  
25.55426853  
9.31849348  
-6.669974501  
-18.63423823  
-24.22157808  
-23.15859518  
-17.18760632  
-9.351076131  
-2.906895331  
-0.254305236  
-2.212968322  
-7.859886198  
-14.94534615  
-20.73581431  
-23.0090635  
-20.87933649  
-15.17085049  
-8.184683585  
-2.895727163  
-1.824815132  
-5.98376954  
-14.31677796  
-23.91968268  
-31.03629397  
-32.50397697  
-27.087661  
-16.12419277  
-3.1375134  
7.495255699  
12.31730625  
10.25659567  
3.114552074  
-5.191340318  
-10.34978817  
-9.602528752  
-3.032373274  
6.428126768  
14.3196316  
16.74090301  
12.2444974  
2.644445725  
-7.682637113  
-13.72486155  
-12.12486055  
-2.771206865  
11.06617063  
24.14541105  
31.57224243  
30.96145814  
23.44018034  
13.03459976  
4.742511892  
2.209027249  
6.098655835  
13.90974056  
21.27854184  
24.11039898  
20.4983354  
11.52326288  
0.6004601032  
-8.244350704  
-12.2759334  
-11.18230922  
-6.916115123  
-2.395811173  
0.2008299926  
0.6257019341  
0.5970974788  
2.669167134  
8.547330522  
17.77306815  
27.52945345  
33.74904473  
33.02531646  
24.38717259  
10.02416039  
-5.457980685  
-16.95480144  
-21.07223371  
-17.5856368  
-9.455606628  
-1.395618398  
2.32311458  
-0.2116792765  
-7.805307193  
-16.89024056  
-23.33951092  
-24.45271195  
-20.15685546  
-12.87970064  
-6.218012575  
-3.105624552  
-4.401608167  
-8.57532026  
-12.59682526  
-13.54243325  
-10.09168809  
-3.179479984  
4.484838546  
9.748704454  
10.51057853  
6.645028758  
-0.0528646074  
-6.809617875  
-11.17867586  
-12.04771305  
-9.890118793  
-6.224882885  
-2.657591776  
-0.05798578158  
1.69579087  
3.326971631  
5.418141835  
7.802976667  
9.484961727  
9.157481165  
6.036309068  
0.5122775767  
-5.793078369  
-10.66886239  
-12.36281065  
-10.49635358  
-6.341086234  
-2.261316645  
-0.5587612286  
-2.282722702  
-6.61649093  
-11.18305655  
-13.15960589  
-10.67756331  
-3.824260379  
5.259612244  
13.26096523  
17.15282082  
15.54796855  
9.313749316  
1.168151939  
-5.538679948  
-8.277321643  
-6.355760188  
-1.061124621  
5.083060883  
9.540920448  
10.86917236  
9.204092536  
5.964739135  
2.994664977  
1.612988076  
2.043396173  
3.456368661  
4.531695745  
4.197663335  
2.152726851  
-1.068007128  
-4.454049706  
-7.058691916  
-8.401980441  
-8.539683277  
-7.818459233  
-6.524502068  
-4.682045373  
-2.143047017  
1.095439754  
4.580452305  
7.359181763  
8.320659659  
6.804308149  
3.158686364  
-1.10180079  
-3.730024389  
-2.661835916  
2.968597887  
12.20329658  
22.38009314  
30.02633901  
32.1901403  
27.64535507  
17.43757051  
4.519686765  
-7.369722268  
-15.09677272  
-17.19491199  
-14.172099  
-7.995538702  
-1.062625334  
4.821016949  
8.984010301  
11.75335263  
13.79722965  
15.36146735  
15.84935572  
13.9958892  
8.561870772  
-0.8110492806  
-13.04276546  
-25.67960854  
-35.60919767  
-40.13872049  
-37.9739303  
-29.67920406  
-17.43496342  
-4.220711132  
7.210579658  
15.1412786  
19.19125384  
20.07363918  
19.00439254  
17.08428143  
14.92645929  
12.63657287  
10.05977386  
7.09161437  
3.855944399  
0.6651105289  
-2.177283611  
-4.577248868  
-6.70662812  
-8.863327141  
-11.21078421  
-13.55560549  
-15.31331126  
-15.71574194  
-14.18145278  
-10.67404732  
-5.865733734  
-1.00801323  
2.452959562  
3.361706563  
1.242214552  
-3.557404593  
-9.99927199  
-16.68710221  
-22.24663385  
-25.61810217  
-26.1950829  
-23.82999524  
-18.77903402  
-11.65394348  
-3.395997147  
4.77198164  
11.48352636  
15.4921524  
16.01963902  
13.07097163  
7.565725967  
1.178851844  
-4.109665398  
-6.62933466  
-5.582130123  
-1.334458355  
4.693319012  
10.51969574  
14.30733412  
15.02222917  
12.79894834  
8.873140054  
5.104172675  
3.265892075  
4.369090834  
8.268160425  
13.69737353  
18.7242712  
21.45341363  
20.72103643  
16.52313147  
10.01455425  
3.075136523  
-2.400138427  
-5.220375915  
-5.349782087  
-3.906723906  
-2.696132578  
-3.445042665  
-7.036629595  
-13.05420323  
-19.83611925  
-25.04550342  
-26.54850806  
-23.25944591  
-15.61070356  
-5.446812666  
4.627699137  
12.19279215  
15.87271838  
15.76758098  
13.2914203  
10.49937909  
9.197430745  
10.21067886  
13.1066931  
16.46576393  
18.55431148  
18.09369701  
14.79522927  
9.453953297  
3.59754404  
-1.12450642  
-3.535170927  
-3.270590386  
-0.7696411095  
3.020919637  
7.048160614  
10.4729382  
12.79918082  
13.82146999  
13.49001004  
11.80999577  
8.838883252  
4.759970528  
-0.05017146031  
-5.043461515  
-9.634728933  
-13.39268493  
-16.18191425  
-18.16662555  
-19.66193359  
-20.91025517  
-21.91371138  
-22.43026939  
-22.15012831  
-20.95707312  
-19.11299645  
-17.2273164  
-15.98370721  
-15.73893631  
-16.2063281  
-16.42596115  
-15.09940427  
-11.1820209  
-4.473541196  
4.088031113  
12.6135447  
18.90141282  
21.28093598  
19.29930606  
13.94229729  
7.27678792  
1.658413571  
-1.159837337  
-0.6437702775  
2.424547612  
6.374494167  
9.379439355  
10.16132087  
8.381831232  
4.608567883  
-0.05254223964  
-4.434456838  
-7.66972498  
-9.319912396  
-9.309945991  
-7.803222834  
-5.147087553  
-1.919243431  
1.015645265  
2.586947034  
1.827670392  
-1.645437913  
-7.196900453  
-13.06072715  
-16.73701422  
-15.85479665  
-9.202094749  
2.527954755  
16.67251538  
29.3536098  
36.8266161  
36.89998194  
29.82382179  
18.23804748  
6.164879094  
-2.54968652  
-5.69076521  
-3.412014191  
2.03812632  
7.443138178  
10.06429981  
8.749041845  
4.228392871  
-1.471942828  
-6.163035724  
-8.58368869  
-8.918249166  
-8.517245498  
-9.004736093  
-11.26110086  
-14.82266289  
-18.01861134  
-18.78638446  
-15.75912288  
-9.076867985  
