-21.50229699  
-38.98638472  
-53.45345926  
-61.68880438  
-61.17761995  
-50.67935599  
-30.74451788  
-3.985868082  
25.11607981  
50.99558553  
68.29352356  
73.340438  
65.3579269  
46.91590866  
23.39260477  
1.520937415  
-12.55297702  
-15.06893769  
-5.7035793  
12.47748631  
34.12877944  
53.38095997  
65.61909878  
68.68437359  
63.15156276  
51.69554571  
37.88807651  
24.93007674  
14.77725657  
7.895680769  
3.60170088  
0.7185419089  
-1.78928603  
-4.45816955  
-7.31463112  
-10.10501627  
-12.566647  
-14.57629007  
-16.12675494  
-17.21384463  
-17.77355663  
-17.7685559  
-17.40465555  
-17.33602331  
-18.67416915  
-22.68704622  
-30.23636999  
-41.17582173  
-54.01519899  
-66.09395598  
-74.30013646  
-76.11683021  
-70.58706249  
-58.77313562  
-43.46619496  
-28.21255349  
-16.02866328  
-8.333318258  
-4.550562111  
-2.556587772  
0.2274923499  
5.583502817  
13.64957279  
22.86375818  
30.72764156  
35.04380446  
35.05883723  
31.97564028  
28.57571123  
28.08444258  
32.75465126  
42.77175959  
55.95475455  
68.39390244  
75.77989599  
74.90597679  
64.77437676  
46.91815344  
24.87092697  
3.032772802  
-14.62876735  
-25.60630723  
-29.33118382  
-27.05686656  
-21.29396299  
-15.03887302  
-11.01862884  
-11.09538856  
-15.89046466  
-24.6463842  
-35.34291391  
-45.08695539  
-50.76384267  
-49.85731333  
-41.24112959  
-25.68240142  
-5.825897542  
14.42393042  
30.98974895  
40.83717041  
42.8899026  
38.29153197  
29.89517425  
21.16106031  
14.88260806  
12.23270501  
12.49358064  
13.54854735  
12.90332827  
8.794032616  
0.9242565061  
-9.446494842  
-20.05094187  
-28.51764714  
-33.22097962  
-33.73190436  
-30.73703292  
-25.55302027  
-19.53654399  
-13.70533452  
-8.730102051  
-5.227626002  
-4.090352391  
-6.543844771  
-13.75706881  
-26.08678206  
-42.29097008  
-59.16351465  
-71.94012776  
-75.52857237  
-66.23362465  
-43.3562999  
-9.986209964  
27.45989821  
60.94607202  
83.25867226  
90.32600798  
82.53938264  
64.53407125  
43.46355751  
26.39559638  
17.81999593  
18.23381852  
24.34486534  
30.77905771  
32.55600468  
27.27709605  
16.09377913  
3.05024348  
-6.89693498  
-10.28992136  
-6.915877057  
-0.06734418509  
4.850995386  
2.797533661  
-8.430620744  
-26.84285743  
-46.68393278  
-60.54508557  
-62.31645531  
-49.75046653  
-25.54807146  
3.509066925  
29.03377736  
44.10156273  
45.66326107  
35.36099668  
18.5000558  
1.706359551  
-9.687319548  
-13.44002977  
-10.72765319  
-5.01776897  
-0.1386914253  
1.525870664  
-0.06610374186  
-2.919967646  
-4.234410087  
-1.885789721  
4.543947216  
13.61675875  
22.72963837  
29.22679605  
31.37522859  
28.79764243  
22.28552129  
13.23366916  
3.077630933  
-6.974437184  
-15.87353502  
-22.52486569  
-25.73872352  
-24.51339642  
-18.57694838  
-8.880587602  
2.323641107  
12.02591872  
17.50534327  
17.45798596  
12.66432918  
5.812321805  
0.4644657388  
-0.4261239314  
4.197224036  
12.99572097  
22.7661373  
29.77067999  
31.26227418  
26.51642573  
16.92530469  
5.16292669  
-6.130905661  
-15.48959359  
-23.04187607  
-30.05549665  
-37.88814924  
-46.91721761  
-56.01590154  
-62.85006947  
-64.85675391  
-60.43015102  
-49.75542359  
-34.91654393  
-19.25643367  
-6.298396059  
1.309503647  
2.447663  
-2.364544154  
-11.28735998  
-21.66908207  
-30.54551488  
-35.08222586  
-33.03620751  
-23.31254533  
-6.54557398  
14.55439656  
35.4324551  
50.70508973  
55.82782302  
48.88225203  
31.72017053  
9.813316247  
-9.372035406  
-19.00487535  
-15.51914066  
-0.1155920887  
21.59970026  
41.79446162  
53.54041111  
53.55385372  
43.33568357  
28.20193881  
14.66424673  
7.394734757  
7.214373373  
11.05372491  
13.87679233  
11.58392497  
3.406777175  
-7.46647268  
-15.42632694  
-15.43374137  
-5.980165899  
9.536861164  
23.86388201  
29.0395871  
20.24729338  
-1.456867143  
-28.93459782  
-51.54945206  
-59.51583222  
-48.12916353  
-19.98261376  
15.85611798  
47.38845938  
64.42283752  
62.46639471  
44.14042047  
17.62032362  
-7.077260099  
-22.23395872  
-25.18321601  
-18.59781793  
-8.418572369  
-0.5923670701  
1.752259449  
-0.6031366716  
-3.982840567  
-4.270577523  
0.5337373075  
8.975042177  
16.68975261  
18.55419305  
11.36668886  
-4.25160689  
-23.67239618  
-39.91597994  
-46.43133008  
-39.7923558  
-21.17111524  
3.994503197  
27.94674927  
43.3405307  
45.69047764  
34.67133771  
13.92908974  
-10.36147884  
-31.56002513  
-44.51196531  
-46.82834014  
-39.24600065  
-25.12263217  
-9.317439105  
3.213721271  
8.781839817  
5.98645842  
-3.855483085  
-17.03682566  
-28.53810262  
-33.61912523  
-29.45678121  
-16.25159215  
2.672915593  
21.92637968  
35.96159196  
41.14676661  
37.17373305  
27.18498919  
16.50387811  
10.4403473  
12.06291977  
20.87293585  
32.95714648  
42.56694438  
44.46377546  
36.04030684  
18.33657944  
-4.438974512  
-26.61948339  
-43.23886914  
-51.7041787  
-52.31431427  
-47.51323475  
-40.34316448  
-32.89627057  
-25.50927617  
-17.04228136  
-6.038365166  
7.875292471  
23.09720144  
36.17984165  
42.99497904  
40.45449429  
28.02211434  
8.312635001  
-13.55102584  
-31.62872439  
-41.26485794  
-40.77856176  
-32.07389966  
-19.91578116  
-10.13093748  
-7.398346764  
-13.44609954  
-26.31784054  
-40.98290385  
-51.08197266  
-51.20046372  
-38.87733353  
-15.64922917  
13.24231714  
40.39816682  
58.55763221  
62.88386535  
52.4835543  
30.66509966  
3.867138849  
-20.3658901  
-35.67191189  
-38.67103604  
-29.72079782  
-12.45682635  
7.630619845  
25.02663174  
35.79237841  
38.45393335  
34.00787291  
25.19938521  
15.44511739  
7.809039987  
4.316886117  
5.696168186  
11.46249723  
20.20326714  
29.94410525  
38.55636352  
44.21233398  
45.86105805  
43.6142039  
38.85718156  
33.92081006  
31.29420846  
32.58549978  
37.63075773  
44.1958319  
48.53959802  
46.758423  
36.44937302  
18.00576885  
-5.079382458  
-27.16107709  
-42.37681067  
-46.84393345  
-40.22603698  
-25.98839992  
-10.19028258  
0.7262550091  
2.262727433  
-6.624717888  
-23.39926053  
-43.17026971  
-60.67329059  
-72.12579058  
-76.2129959  
-73.91411215  
-67.4367574  
-58.90731356  
-49.50254346  
-39.39627698  
-28.41829445  
-16.92912013  
-6.311437233  
1.288254967  
3.893342884  
0.8231315373  
-6.626312349  
-15.3928074  
-21.75357331  
-22.85518017  
-17.94865071  
-8.714290495  
1.512867377  
9.274677008  
12.55685229  
11.64197325  
8.838992555  
7.227471976  
9.036117183  
14.4577543  
21.48960745  
26.886247  
27.76610376  
23.09176691  
14.30148543  
4.778015535  
-1.602631545  
-2.163237695  
3.425124916  
13.05595473  
23.17495275  
30.36058691  
32.76111766  
30.75052405  
26.55325398  
23.07001311  
22.48073905  
25.25967454  
30.00033251  
34.05730244  
34.65435983  
29.95370878  
19.67070668  
5.079739509  
-11.46301227  
-27.19043547  
-39.51464491  
-46.40721349  
-46.60640448  
-39.7657147  
-26.61027765  
-9.036794851  
10.00776378  
27.01900328  
38.79015747  
43.39544681  
40.90232287  
33.43173221  
24.41278288  
17.2380121  
13.84297594  
13.84378457  
14.68000953  
12.78858972  
5.354628197  
-8.124078803  
-25.20166702  
-41.15048802  
-50.73794906  
-50.40552562  
-39.92089215  
-22.75351363  
-4.945659504  
7.111021662  
9.108702857  
0.4764780326  
-15.4189569  
-32.59719748  
-44.7632295  
-47.6469067  
-40.46610318  
-25.98443033  
-9.225799259  
4.563290349  
11.85566489  
11.94732924  
6.877111465  
0.314484099  
-4.045750208  
-3.913649183  
0.8554198334  
8.390645193  
15.63015481  
19.44026431  
17.60147247  
9.380764934  
