6.621786037  
3.691458563  
-9.827287252  
-28.15587011  
-43.08022651  
-46.90802615  
-35.23455204  
-8.562471844  
27.74499805  
65.10738988  
94.36503247  
108.5105555  
104.63014  
84.48161126  
53.61774938  
19.44562158  
-11.06629953  
-33.26347938  
-45.70240727  
-49.89475745  
-49.13993878  
-46.97607697  
-45.84781335  
-46.42741525  
-47.72024139  
-47.77273452  
-44.60569482  
-36.98632107  
-24.79977841  
-8.999623291  
8.712465235  
26.27323031  
41.57454838  
52.69982887  
58.15934614  
57.19843432  
50.14895272  
38.66741143  
25.64332851  
14.63444279  
8.883881581  
10.20569942  
18.17177806  
29.9919348  
41.2449152  
47.27680996  
44.78589378  
33.0056177  
14.03507815  
-7.799670399  
-27.29129497  
-39.88449057  
-42.85333142  
-35.78361016  
-20.34466596  
0.3848287934  
22.66623156  
42.65218946  
56.69208992  
61.55456941  
54.79507358  
35.37664473  
4.408135588  
-34.35414034  
-74.65038444  
-108.7406508  
-129.1907244  
-130.9348046  
-112.9157363  
-78.67065387  
-35.56641823  
7.129870073  
40.73238171  
59.36323047  
61.22711733  
48.60508143  
26.70174098  
1.856012158  
-20.22671786  
-35.67488021  
-42.83435805  
-41.92798799  
-34.32706287  
-21.83557481  
-6.272567742  
10.5790465  
26.8008204  
40.20096248  
48.4390528  
49.49351207  
42.3541282  
27.66129752  
7.968096456  
-12.60465876  
-29.33457256  
-38.24315791  
-37.38199819  
-27.57254603  
-12.25935696  
3.557247328  
14.98163459  
18.87717678  
14.86781441  
5.258616073  
-6.121486625  
-15.68612387  
-21.69715212  
-24.96355078  
-28.25789328  
-34.65178762  
-45.50821329  
-59.10109034  
-70.62853042  
-73.7943309  
-63.40659672  
-37.90903617  
-0.6883890028  
40.53962926  
76.15739105  
97.96914979  
102.0769607  
90.11833666  
68.36455119  
45.09549633  
27.39470081  
18.71745468  
18.18158726  
21.71867768  
24.38740964  
22.68949326  
15.83992433  
5.54915057  
-5.349205302  
-14.54488557  
-21.23775115  
-25.98333835  
-29.60748854  
-31.95636495  
-31.35596688  
-25.25123803  
-11.79608326  
8.453218058  
31.765613  
52.02602336  
62.95027521  
60.80291365  
46.32604921  
24.84887878  
4.353785536  
-7.756738585  
-7.78304573  
2.681821246  
17.45742768  
28.49929629  
29.43618652  
18.34447749  
-1.464204037  
-22.95145548  
-38.43146021  
-42.81895548  
-35.62830993  
-20.93165483  
-5.42776938  
4.413068468  
4.848990963  
-3.983295647  
-18.56369232  
-33.67852759  
-44.41641064  
-47.6161903  
-42.3389624  
-29.48149755  
-11.01775385  
10.61764876  
32.76415063  
52.51489044  
66.78670409  
72.76102097  
68.67741567  
54.62816324  
32.85954897  
7.255427784  
-17.91175533  
-39.44409353  
-56.1837783  
-68.95308207  
-79.44043376  
-88.57673435  
-95.27952633  
-96.33724774  
-87.67662753  
-66.54368196  
-33.59318233  
6.199582617  
44.43166051  
71.80105376  
81.33018308  
70.96612566  
44.44988304  
10.05629314  
-22.29786988  
-44.40784671  
-52.27104128  
-46.80552915  
-32.67636093  
-15.8986661  
-1.336492331  
8.853415815  
15.29975438  
20.18720548  
25.45453406  
31.34357816  
35.98763086  
36.20407665  
29.10163372  
13.76016689  
-7.77646763  
-30.65954558  
-48.54934506  
-55.64306171  
-48.7117181  
-28.42798584  
0.5072366341  
30.55248532  
53.52138863  
63.14018966  
57.15946921  
38.2886468  
13.54368419  
-7.906260818  
-17.77651657  
-11.59388459  
9.542419194  
39.0920519  
67.17596828  
83.98715766  
83.29917613  
64.75733695  
34.05452636  
0.8954763362  
-24.47770189  
-34.85742292  
-28.37913634  
-8.75318944  
16.52053878  
39.0822651  
52.52111327  
53.98590157  
44.17405999  
26.0604894  
3.255456311  
-21.09611409  
-44.42788099  
-64.11540765  
-76.83853555  
-78.73685027  
-66.68148357  
-40.24244743  
-3.322920469  
35.66897673  
65.70784615  
76.7339291  
63.6284491  
28.85155371  
-17.62607808  
-61.40972821  
-88.78318858  
-91.85178494  
-71.5941996  
-37.47217614  
-3.659531763  
16.61295949  
16.28172517  
-2.906543917  
-31.3881571  
-55.93077119  
-65.14273502  
-54.03206809  
-25.78627414  
9.815069039  
40.5078499  
56.33115109  
53.10620631  
33.33141177  
4.419517894  
-24.67149818  
-46.8054622  
-58.63965736  
-60.62148351  
-55.41677198  
-45.84980946  
-33.50697328  
-18.64095351  
-1.216833246  
17.70773609  
35.25072083  
47.22547062  
49.79693983  
41.4799973  
24.41013829  
4.096769875  
-12.41903812  
-19.2864817  
-14.2484419  
0.3903397035  
18.72409673  
33.75123158  
40.31818363  
37.18160599  
27.2679767  
16.04335811  
8.785076542  
8.055415379  
12.57576775  
18.02900815  
19.39581331  
13.68886631  
1.742857294  
-11.85018882  
-20.70093811  
-19.61215754  
-7.220625334  
12.96367885  
33.66777727  
46.69261997  
46.27142645  
31.50042688  
6.803962572  
-19.74362192  
-39.49345319  
-46.38715487  
-38.93571766  
-20.3199888  
3.235972446  
24.96746869  
39.83730251  
45.72772987  
43.32057871  
35.05312853  
23.86698425  
12.37318659  
2.649285361  
-3.579277012  
-4.846290787  
-0.2860258781  
9.651580647  
22.58527651  
34.30073338  
39.90950901  
35.83356736  
21.79661102  
1.759407458  
-16.95440005  
-26.31528261  
-21.08962924  
-1.667690577  
25.2056584  
48.41914574  
56.62719287  
42.91095439  
7.975634906  
-39.59081947  
-86.25040551  
-118.5012793  
-127.8545039  
-113.7264323  
-83.08582302  
-47.13187073  
-16.56992779  
2.394956223  
9.65534534  
9.892382162  
9.234726255  
11.6619318  
16.93874117  
21.01585669  
18.55954358  
6.216370178  
-15.10585891  
-40.11716552  
-61.24218863  
-71.87820732  
-69.1996338  
-55.16562082  
-35.31991724  
-16.08313863  
-1.9551153  
5.987549084  
9.653342316  
11.96595067  
14.57519463  
16.60245629  
15.17995351  
7.528589435  
-6.574060725  
-23.38525831  
-35.82689894  
-36.11765945  
-19.31648315  
13.86975624  
56.42702421  
97.00529888  
123.8130742  
128.8482475  
110.7163238  
74.91389604  
31.5623977  
-8.356078786  
-36.66005372  
-50.11291812  
-50.4179322  
-42.40760875  
-31.48334647  
-21.51126422  
-13.97134421  
-8.442216355  
-3.864696505  
0.2461530146  
3.294918949  
3.984546192  
1.261733661  
-4.757229036  
-12.40148652  
-18.80438221  
-20.83254288  
-16.172167  
-4.147502463  
13.97864177  
35.24017087  
55.59652657  
70.77279452  
77.17323233  
72.76316353  
57.78439169  
35.08650608  
9.818870236  
-11.66704006  
-23.58377572  
-22.66830247  
-9.615556719  
10.7070569  
30.58111324  
42.00415142  
39.62803282  
22.91981636  
-3.392568527  
-30.88192235  
-50.45745002  
-55.70762248  
-45.23136206  
-23.05371977  
2.979984971  
24.11315975  
33.68915339  
29.12124387  
12.21467435  
-12.02504165  
-37.38043158  
-58.30687257  
-71.07110362  
-74.00155467  
-67.1621084  
-51.93250777  
-30.80722638  
-7.371683585  
13.8807107  
28.24135948  
32.04953717  
24.1472423  
6.834381128  
-14.32313076  
-32.04793181  
-39.83677783  
-34.41795696  
-17.10496578  
6.626876387  
29.25016168  
44.12195109  
47.98506021  
41.9562835  
30.61072019  
19.64905276  
13.27182411  
12.4816595  
15.04668644  
17.03233646  
15.05871994  
8.126208509  
-1.877921133  
-11.18278906  
-16.07336398  
-14.74674504  
-8.15467482  
0.5440964569  
7.57076865  
10.28890545  
8.231828096  
2.917361494  
-3.358520422  
-9.011791192  
-14.07347297  
-19.98027028  
-28.36413656  
-39.53472861  
-51.56194146  
-60.58463807  
-62.33309001  
-54.18543453  
-36.73127814  
-13.98687942  
7.975236502  
23.4461374  
29.46862333  
27.07402906  
20.74589369  
16.30227567  
18.12940186  
27.0235037  
39.64412351  
49.86654391  
51.46940588  
40.98858946  
19.48497838  
-7.565320142  
-32.24330786  
-47.21998124  
-48.60706939  
-37.46817777  
-19.39035574  
-2.297923681  
