16.52492646  
5.707049762  
-8.005106229  
-19.67260291  
-25.76612673  
-25.13102946  
-18.87983561  
-9.461487103  
0.5298859812  
9.23715079  
15.80880139  
20.11875461  
22.27608765  
22.30744729  
20.21417508  
16.31980465  
11.60736165  
7.723841196  
6.514107021  
9.233777608  
15.81587995  
24.598791  
32.73370888  
37.1680434  
35.81069166  
28.37444345  
16.52080849  
3.241760817  
-8.247605974  
-15.62578906  
-18.13146974  
-16.55002488  
-12.60707926  
-8.108636345  
-4.238009044  
-1.292420254  
1.103263333  
3.501721033  
6.159141189  
8.826213937  
10.87386539  
11.63760557  
10.7660888  
8.389312047  
5.048758028  
1.469745753  
-1.674116556  
-3.888684393  
-4.866680915  
-4.459534525  
-2.719312337  
-0.04138115547  
2.684014364  
4.087319225  
2.647482609  
-2.676784163  
-11.7320218  
-22.73588764  
-32.46218617  
-37.15815305  
-33.96040288  
-22.27213292  
-4.465301456  
14.53117654  
28.75865614  
33.37009732  
26.54835931  
10.37348768  
-9.807739522  
-27.34283179  
-36.81579941  
-36.13309606  
-27.26919926  
-15.33405757  
-6.335991702  
-4.580831159  
-10.81531096  
-21.91046538  
-32.21838602  
-36.0150195  
-29.9767067  
-14.63474898  
5.793276377  
25.08959315  
37.48823893  
39.84163762  
32.61562079  
19.37221761  
5.067444123  
-6.019070224  
-11.80480386  
-12.77330093  
-11.15590918  
-9.43752722  
-8.971530923  
-9.376028527  
-8.95529535  
-5.863971069  
0.6342472253  
9.49475782  
18.17978361  
23.78568564  
24.45682383  
20.3743656  
13.80039518  
8.110580555  
6.242825326  
9.285624682  
15.88364577  
22.7671061  
26.1895593  
23.63104401  
14.9920258  
2.731289062  
-9.11973917  
-16.62445428  
-17.54686158  
-12.19333578  
-3.148314839  
5.931968991  
11.88850883  
13.27716584  
10.72010378  
6.303934864  
2.386382861  
0.4283119334  
0.4169739623  
1.123213243  
1.006419559  
-0.7416802847  
-3.584150944  
-5.79904466  
-5.356257753  
-1.080329937  
6.494028228  
15.03937125  
21.23258696  
22.11769266  
16.43969623  
5.343948188  
-7.897269662  
-19.0484567  
-24.49782167  
-22.62183503  
-14.38305425  
-2.942344346  
7.530302153  
13.35814965  
12.59642218  
5.578146807  
-5.363174157  
-16.8096693  
-25.42565062  
-28.95683268  
-26.7696694  
-19.84326193  
-10.3145719  
-0.7875588935  
6.369974108  
9.573372648  
8.321117731  
3.22531162  
-4.205397448  
-11.9745124  
-18.11029434  
-21.16327592  
-20.5566328  
-16.68317788  
-10.71401917  
-4.182207574  
1.510088073  
5.482704469  
7.534850107  
8.039924302  
7.663455959  
7.05606318  
6.660586766  
6.688557266  
7.215019288  
8.274923693  
9.857088444  
11.77877029  
13.5315949  
14.24832515  
12.9046143  
8.744412415  
1.766700505  
-6.980074533  
-15.51270462  
-21.48903022  
-23.070445  
-19.72199985  
-12.57590626  
-4.140181344  
2.586589442  
5.258490172  
3.108232224  
-2.744895582  
-9.745238762  
-14.91832014  
-16.01753531  
-12.31661123  
-4.738699544  
4.675923802  
13.66829957  
20.59136235  
24.81614853  
26.60110406  
26.5900098  
25.27487594  
22.73764128  
18.79388298  
13.40999233  
7.097102814  
0.9916993249  
-3.487924235  
-5.266432076  
-4.19152925  
-1.234053833  
1.846050582  
3.244168219  
1.914580874  
-1.970193744  
-7.145017594  
-11.90918675  
-14.98233943  
-16.11559695  
-16.13344822  
-16.37702164  
-17.83894057  
-20.45645069  
-22.96409558  
-23.42669421  
-20.21647187  
-12.94965579  
-2.890572911  
7.423583084  
15.20233178  
18.60392189  
17.55112098  
13.76336401  
9.976585377  
8.706790436  
11.12797813  
16.57358948  
22.86989027  
27.31846264  
27.85626414  
23.86954105  
16.33528947  
7.300929511  
-0.9862633141  
-6.866908199  
-9.646585078  
-9.488994131  
-7.010255976  
-2.881324422  
2.32437918  
8.006040552  
13.31151101  
17.0760602  
18.08771636  
15.61946142  
9.950459764  
2.529695787  
-4.426652541  
-8.820348661  
-9.660852508  
-7.654766324  
-5.021992464  
-4.518239206  
-8.052399548  
-15.54359058  
-24.6191005  
-31.40232973  
-32.13204103  
-24.9275816  
-10.88645286  
6.0485441  
20.48300422  
27.67935888  
25.48418546  
15.2246662  
1.159280528  
-11.30032964  
-17.83584184  
-16.96686343  
-10.54630517  
-2.81016844  
1.580955142  
-0.3599061796  
-8.618752307  
-20.1796864  
-30.31839882  
-34.60563904  
-30.75523354  
-19.55244974  
-4.518899726  
9.488559908  
18.12235422  
19.07366569  
12.71619085  
1.700056484  
-10.23314184  
-19.66389467  
-24.56342049  
-24.65888674  
-21.0718275  
-15.50766866  
-9.418108987  
-3.503923296  
2.279259347  
8.299625593  
14.68121781  
20.90220356  
25.77216623  
27.81384441  
25.88661721  
19.77773096  
10.49563444  
0.1170367673  
-8.783676674  
-13.92906065  
-14.07208611  
-9.399891822  
-1.456957302  
7.388591508  
14.74260859  
18.9556861  
19.58568395  
17.38890263  
13.86044436  
10.52240263  
8.262467727  
7.004803491  
5.857609894  
3.676161213  
-0.2077642381  
-5.427672696  
-10.4784154  
-13.16595407  
-11.47025226  
-4.48509884  
6.966832033  
20.34169843  
32.06715883  
38.705429  
38.16682976  
30.50988191  
18.00259281  
4.392378134  
-6.36738674  
-11.47645978  
-10.23570236  
-4.238590174  
3.260114271  
8.561537  
8.877131068  
3.328642476  
-6.76069564  
-18.37318544  
-27.9007966  
-32.43345694  
-30.76240173  
-23.74434192  
-13.91375161  
-4.507959755  
1.719380047  
3.452131808  
1.187470655  
-3.085621793  
-6.755913185  
-7.651655728  
-4.874666513  
0.911502233  
7.828942066  
13.59734146  
16.45461341  
15.79797094  
12.29258334  
7.437208679  
2.818690677  
-0.5799815942  
-2.693339917  
-4.177135928  
-5.82926557  
-7.952871712  
-10.02424562  
-10.88057956  
-9.372818581  
-5.168789663  
0.7279910094  
6.082804573  
8.21657787  
5.192614569  
-3.118388629  
-14.62551072  
-25.5411911  
-31.71832235  
-30.29158489  
-20.92988182  
-6.126812434  
9.654706021  
21.67317573  
26.74180156  
24.42324219  
17.0607177  
8.620122825  
2.843631862  
1.531077795  
3.724458547  
6.180462236  
4.944990703  
-2.658163957  
-16.51746991  
-33.4075994  
-48.04719678  
-55.13570769  
-51.52558277  
-37.60694029  
-17.30054623  
3.363245078  
18.50731439  
24.58756405  
21.60444736  
12.87303165  
3.484165208  
-1.870668394  
-0.7913872339  
5.996010765  
15.16912755  
22.42560267  
24.45772708  
20.4259532  
12.31027732  
4.013288017  
-0.3744551481  
1.612252713  
9.698466979  
20.91846782  
30.79418702  
35.1347863  
31.70250606  
21.06698067  
6.327343453  
-8.140771711  
-18.36333762  
-22.17541615  
-19.81315087  
-13.51611997  
-6.38706071  
-1.046521199  
1.337209664  
1.270486118  
0.3898013713  
0.4665840627  
2.449379734  
5.975791991  
9.544194668  
11.2270482  
9.576495322  
4.314728969  
-3.473193891  
-11.68965504  
-17.9356274  
-20.27859903  
-17.79970629  
-10.77984843  
-0.5494888662  
10.86503427  
21.15498875  
28.12322236  
30.05547335  
26.09040725  
16.55916544  
3.177255955  
-11.08231331  
-22.55711833  
-27.86595013  
-25.02827572  
-14.32154964  
1.529388653  
18.03250232  
30.33651082  
34.88952753  
30.70496063  
19.69651491  
5.900895707  
-6.128037766  
-13.10211452  
-14.2133187  
-11.26947614  
-7.710344162  
-6.956825859  
-10.83707002  
-18.78491211  
-28.14063534  
-35.37335379  
-37.62987153  
-33.89172942  
-25.24169026  
-14.18990101  
-3.461858226  
5.116903116  
11.10114654  
15.10095763  
17.92311247  
19.73419901  
19.77493554  
16.83233243  
10.2267098  
0.7364022961  
-9.146276554  
-15.92423648  
-16.56211857  
-10.05753535  
1.680202865  
14.18932663  
22.04594704  
21.08271422  
10.28236324  
-7.528549101  
-26.56808784  
-40.26322324  
-43.80980689  
-36.05855447  
-19.93975269  
-1.267945417  
13.54364837  
19.88953037  
