-11.58085474  
-5.895973414  
2.74261327  
11.78783473  
18.18043301  
19.48529008  
14.95904337  
6.059122629  
-3.90892285  
-10.96124278  
-12.0141679  
-6.242029133  
4.380420823  
15.64827669  
22.6590178  
21.73964577  
11.99820852  
-4.157486919  
-21.79521073  
-35.2649771  
-40.33958449  
-35.83579877  
-24.05583221  
-9.862625418  
1.245091738  
5.284877881  
1.309141766  
-8.304691704  
-18.88423282  
-25.37254849  
-24.3418785  
-15.31810626  
-0.925886267  
14.1526845  
24.95478309  
28.04234  
22.66480472  
10.89663193  
-3.224144239  
-15.16876501  
-21.43059872  
-20.55129224  
-13.35914128  
-2.42557812  
8.988246183  
18.08202199  
23.36551095  
24.95373076  
24.26606637  
23.29119169  
23.71310316  
26.21996207  
30.23627568  
34.15770804  
35.98238199  
34.08733025  
27.84868792  
17.87224146  
5.76394041  
-6.436750941  
-16.89903918  
-24.4389533  
-28.58956863  
-29.33820665  
-26.74731749  
-20.74227963  
-11.25441336  
1.312753443  
15.55868432  
28.88024967  
37.87045384  
39.32719648  
31.53395248  
15.24738122  
-6.144581515  
-27.51837939  
-43.71386371  
-51.37259798  
-50.1124838  
-42.47553224  
-32.62160034  
-24.33322783  
-19.25907576  
-16.25345951  
-12.17555072  
-3.805457151  
10.04388804  
27.29614943  
42.96917342  
51.08360848  
47.31497005  
31.16327056  
6.571884514  
-19.38959732  
-39.26495939  
-48.17465864  
-45.66835607  
-35.62749014  
-24.27892674  
-17.2586609  
-17.10054934  
-22.30553024  
-28.3789342  
-30.27901851  
-25.05540223  
-13.39141938  
0.6787018118  
11.70827231  
15.46565499  
10.97535443  
1.013574702  
-9.132007582  
-13.99591074  
-10.23637982  
2.138695436  
20.08076401  
39.03813437  
54.86032771  
65.12856207  
69.37903136  
68.33185435  
62.76601123  
52.80991361  
38.09392231  
18.63797014  
-4.145055206  
-27.07321624  
-45.86561384  
-56.68008497  
-57.80042424  
-50.58257973  
-39.08191497  
-28.42959355  
-22.67749418  
-23.12990467  
-27.96396956  
-33.30545529  
-35.19806368  
-31.46468765  
-22.53934816  
-10.90964582  
0.4468942971  
9.719751868  
17.07336508  
24.15556809  
32.60289503  
42.43618553  
51.34852393  
55.43205657  
51.09729376  
37.23130755  
16.41337085  
-5.591008517  
-21.98490831  
-27.80041285  
-22.09351548  
-8.362337562  
7.077621263  
18.0126965  
21.13095764  
17.3240715  
10.85420691  
6.829594741  
8.307592941  
14.55360379  
21.40529037  
23.60319769  
17.89993956  
5.296665025  
-8.865414571  
-17.17439373  
-13.78044171  
2.365166508  
26.32472784  
48.77115338  
59.7695911  
53.0684856  
28.93323022  
-5.798841982  
-40.4817373  
-64.97990801  
-73.5847042  
-66.80494137  
-50.3509452  
-31.9639342  
-17.7178896  
-9.579597521  
-5.301755782  
-0.5203415708  
8.165211942  
20.79426151  
33.59259987  
40.700261  
37.19204923  
21.84480062  
-1.768599883  
-26.44706853  
-44.26927767  
-49.8790855  
-42.62317804  
-26.58858083  
-8.597761739  
4.833686092  
10.14562202  
7.822161518  
1.557641205  
-3.942576535  
-5.377148177  
-2.32626047  
2.815161469  
6.267475111  
4.848550935  
-2.483637996  
-14.20169798  
-26.95911352  
-37.01688905  
-41.59552886  
-39.56433201  
-31.31979231  
-18.15552564  
-1.637432947  
16.6254394  
34.77954579  
50.41748661  
60.61342656  
62.57105891  
54.74897861  
37.94303928  
15.6751763  
-6.526145457  
-22.85846057  
-29.3596448  
-25.49378274  
-14.44564663  
-1.892368617  
6.297919291  
6.483253563  
-1.262506261  
-13.24338427  
-23.78380451  
-27.70833053  
-22.58959262  
-9.814759089  
5.948778222  
18.61692222  
23.06945848  
17.07245196  
2.026265871  
-17.64461768  
-36.09367791  
-47.94902921  
-49.80985206  
-40.92810698  
-23.05035173  
0.3034017485  
24.74988324  
45.86962833  
59.87082514  
64.14886282  
57.8033229  
42.05028982  
20.32358222  
-2.181516461  
-19.63109813  
-27.16606494  
-22.53068336  
-7.088761807  
14.28677813  
34.59216655  
46.97857969  
47.16688239  
35.07440855  
14.96588328  
-6.024660622  
-20.51951945  
-23.70663974  
-15.24703018  
0.4995191451  
16.08234528  
23.83973593  
18.9702849  
1.602228523  
-22.98406788  
-46.13473449  
-58.98508496  
-55.83253725  
-36.42718042  
-6.267259986  
25.26816536  
48.2841639  
55.97015333  
47.05384326  
26.14759726  
1.838586405  
-16.73624881  
-23.47547725  
-17.62354846  
-3.873808119  
9.774552551  
15.51840727  
9.151193498  
-8.067530821  
-29.87055446  
-47.58631613  
-53.79147751  
-45.46371764  
-25.29474496  
-0.610638438  
19.62694396  
28.44669224  
23.57859679  
8.132432404  
-10.96735689  
-26.02396493  
-31.71100242  
-26.96322594  
-14.89236729  
-0.9339957433  
9.781241427  
14.55635904  
13.81712943  
10.19252432  
6.627775339  
4.619681246  
3.532913915  
1.327565455  
-3.766819053  
-11.63581236  
-19.7251773  
-23.99252618  
-20.98106518  
-9.9630534  
6.043602006  
21.09284349  
28.76678192  
25.20353286  
11.23792531  
-7.483276776  
-22.64029135  
-26.7813539  
-16.69204138  
4.977576111  
30.64075723  
50.90073702  
58.49321654  
51.27051751  
32.89699782  
10.99413093  
-6.33830243  
-13.96819517  
-11.55773866  
-3.017921197  
5.986001003  
11.11821743  
11.44887841  
9.502064367  
9.337454909  
13.76839029  
22.2767403  
30.82455321  
33.75896553  
26.87397335  
10.02048392  
-12.1960323  
-32.1632911  
-42.74050391  
-40.80631898  
-29.0730433  
-15.12897646  
-7.99772856  
-13.75182896  
-32.26457009  
-56.73485789  
-76.35978692  
-81.04537497  
-66.04481658  
-34.3852959  
4.082610315  
36.65039111  
52.99672027  
49.40064136  
30.08904813  
5.187779729  
-13.74295455  
-18.57981418  
-7.812879231  
13.22920656  
35.00942123  
47.94863694  
46.26144479  
29.91191213  
4.107465266  
-23.13984171  
-44.1194495  
-53.86046169  
-51.10622469  
-37.82686087  
-17.90331575  
4.209936274  
24.32368037  
38.83838733  
44.91990254  
40.91487934  
27.07162954  
6.191670063  
-16.39774648  
-33.98504319  
-40.62005347  
-33.5165226  
-14.60953631  
9.648612317  
30.4598104  
40.09797643  
35.16574575  
18.21477595  
-3.107471484  
-19.13850114  
-22.23436472  
-10.00609098  
13.6674311  
40.28847477  
60.29455846  
66.92311902  
58.69829138  
39.5393971  
16.61110086  
-2.952766357  
-14.89072477  
-18.99293282  
-18.28069877  
-16.83311065  
-17.49398633  
-20.61799605  
-24.35990147  
-26.15251485  
-24.41724103  
-19.50764154  
-13.39735754  
-8.378193674  
-5.608229782  
-4.419912221  
-2.833177607  
1.012881152  
7.37849886  
14.34224142  
18.59360722  
17.27545351  
9.884021663  
-0.9159855692  
-10.20878725  
-13.20735549  
-7.964343173  
3.047100612  
13.51091142  
16.00195914  
5.737297499  
-16.45216487  
-43.52690826  
-64.59517044  
-69.39920808  
-53.01066016  
-18.56433481  
23.3680094  
58.69092053  
75.40751459  
68.54061073  
42.19107732  
7.803525686  
-20.62303862  
-32.3045798  
-23.94009988  
-0.7011234843  
26.35854833  
45.2095717  
47.85699468  
33.31379782  
7.41237267  
-20.21444856  
-40.43827276  
-48.24202699  
-44.13200709  
-32.98270591  
-21.14016033  
-13.32176433  
-10.78087274  
-11.44934856  
-11.742021  
-8.921011735  
-2.736687662  
4.468747089  
9.162175406  
8.712853246  
3.034694159  
-5.100993623  
-11.26331106  
-11.4780313  
-4.21222601  
8.753669021  
22.99965592  
33.37110599  
36.22024803  
30.94589466  
20.14182549  
8.323187866  
-0.1492083862  
-2.983946978  
-0.8605680345  
3.04547522  
4.646813248  
0.8909993834  
-8.799963907  
-22.20056802  
-35.15560033  
-43.22950735  
-43.40740301  
-35.15666363  
-20.47953953  
-3.035756571  
13.21865094  
25.28710179  
31.81808832  
33.06017474  
30.25949945  
24.88491437  
18.07290504  
10.50851899  
2.695429459  
-4.642753594  
-10.35117505  
-13.02819503  
