33.24861734  
22.93580604  
10.5264078  
-0.5862221211  
-7.045305036  
-6.525420143  
1.496610131  
15.50542104  
32.37158063  
48.30460746  
59.98559739  
65.45584587  
64.44340145  
58.05580747  
48.03792175  
35.97032799  
22.78047282  
8.760606431  
-5.980337549  
-20.92962378  
-34.81960704  
-45.76611189  
-51.89487087  
-52.18756693  
-47.13119398  
-38.8058585  
-30.28224437  
-24.51534453  
-23.17243732  
-25.89823254  
-30.36297155  
-33.12226843  
-30.97648014  
-22.30219692  
-7.829017033  
9.447803242  
25.18998081  
35.12864809  
36.45163476  
28.68814362  
13.82533737  
-4.321205079  
-21.21578964  
-32.80826426  
-36.4882438  
-31.58095554  
-19.34674433  
-2.575267397  
15.07767071  
29.86728155  
38.73117418  
39.94820439  
33.56786439  
21.48816458  
7.093823779  
-5.539824366  
-12.72906149  
-12.26962998  
-4.186249953  
9.139117267  
23.56397009  
34.36791969  
37.66542533  
31.59734269  
16.91076892  
-3.255898799  
-24.29724993  
-41.45799522  
-51.11644838  
-51.65343165  
-43.6925955  
-29.71766712  
-13.25719551  
2.077565326  
13.42590777  
19.19580339  
19.19998887  
14.45074815  
6.722260955  
-1.981510781  
-9.918549972  
-15.94863547  
-19.65042287  
-21.20389144  
-21.09466034  
-19.76050656  
-17.3295917  
-13.57343841  
-8.113110751  
-0.8000173216  
7.904127001  
16.75186257  
23.87576737  
27.28794638  
25.54860378  
18.33977803  
6.697690632  
-7.210141302  
-20.6834444  
-31.22051728  
-37.08917228  
-37.53326593  
-32.60064816  
-22.77121182  
-8.658164946  
9.00387622  
29.06118023  
49.53354537  
67.43125074  
79.08398922  
81.04659226  
71.33821466  
50.5295244  
22.15181457  
-7.893311969  
-32.85827068  
-47.14018924  
-48.03143435  
-36.56920971  
-17.14736888  
3.974208258  
20.70594005  
28.96360965  
27.6693729  
18.64913547  
5.598699842  
-7.376286195  
-17.0540222  
-21.79891941  
-21.56697709  
-17.4177438  
-10.8897026  
-3.549191603  
3.175703881  
7.979492623  
9.696144347  
7.509833785  
1.342801621  
-7.782843902  
-17.69146163  
-25.49407621  
-28.47579278  
-25.12926341  
-15.89371719  
-3.225940541  
9.115344951  
17.35090726  
19.04620666  
14.01647676  
4.403089125  
-6.11207773  
-13.64139429  
-15.4544943  
-10.86475608  
-1.351689311  
10.05529151  
19.83949753  
25.09612108  
24.31406668  
17.66296055  
6.802414325  
-5.637304671  
-16.721802  
-23.88165907  
-25.49055412  
-21.27784727  
-12.48461581  
-1.663322867  
7.931029426  
13.28330777  
12.65118683  
6.322331485  
-3.259955082  
-12.17229883  
-16.34739365  
-13.12038347  
-2.378159182  
13.19872335  
28.97407196  
39.99706404  
42.80721274  
36.66514574  
23.69536086  
7.892685077  
-6.55927096  
-16.90631955  
-22.66633077  
-25.35304059  
-27.26645475  
-29.9775157  
-33.27618912  
-35.12467859  
-32.66399523  
-23.79969172  
-8.590652455  
10.26671998  
28.15544736  
40.19209535  
43.10684479  
36.51914411  
23.04255848  
7.178184428  
-6.502525032  
-15.07967167  
-18.17086025  
-17.6427242  
-16.35167165  
-16.54943912  
-18.71421147  
-21.33990794  
-21.75296549  
-17.54737469  
-7.954002733  
5.493344969  
19.30399008  
29.24394721  
31.90374555  
25.97794267  
12.76235764  
-4.284009865  
-20.69362681  
-32.39618618  
-36.87280085  
-33.71317682  
-24.48694302  
-12.07964203  
0.2220093556  
9.603837751  
14.34968361  
14.12587281  
9.923677325  
3.713066351  
-2.111320494  
-5.383562135  
-4.778724236  
-0.2216474867  
7.051130822  
14.83761059  
20.65549024  
22.56175479  
19.82726388  
13.21679329  
4.759539083  
-2.91300335  
-7.421776022  
-7.380503795  
-2.775078655  
5.10922887  
14.12879751  
21.89077545  
26.31832165  
26.04014154  
20.58532285  
10.44259056  
-2.957143932  
-17.33868259  
-29.83394978  
-37.46906064  
-37.88406796  
-30.13362161  
-15.28155616  
3.524146222  
21.67944991  
34.37860008  
38.13092455  
32.00050236  
18.06298523  
0.8341626173  
-14.18589829  
-22.34897536  
-21.4019027  
-12.16648985  
1.878908174  
15.91992823  
25.4965074  
27.92133156  
22.94370119  
12.51499082  
-0.1271146062  
-11.61198819  
-19.37629415  
-22.1228969  
-19.79314844  
-13.2497486  
-3.921061967  
6.439523929  
15.89184225  
22.47828202  
24.5542784  
21.28072924  
13.10568558  
1.958372584  
-9.072050222  
-16.59694956  
-18.08406052  
-12.86883861  
-2.572242364  
9.319095036  
18.61366898  
21.89607997  
17.7532678  
7.263868231  
-6.429098209  
-19.26532039  
-27.65896255  
-29.59771731  
-25.08363655  
-15.85876243  
-4.651697805  
5.677017566  
12.76982036  
15.0646806  
11.83701176  
3.185913963  
-9.895553798  
-25.39730858  
-40.31133648  
-51.02360256  
-54.1667462  
-47.75553334  
-32.18121247  
-10.56691055  
11.83724066  
29.15754791  
36.81873052  
33.14878621  
19.98941319  
2.008216079  
-15.05078014  
-26.47634935  
-30.18835413  
-27.1714608  
-20.60812458  
-14.15554398  
-10.18956311  
-8.831886106  
-8.18677846  
-5.624346549  
0.5627060637  
9.983715328  
20.07756702  
27.22220301  
28.513796  
23.3516723  
14.02255521  
4.93108663  
0.7579258902  
4.347908035  
15.28792742  
29.85060239  
42.38095642  
47.56203902  
42.6041313  
28.43305624  
9.389028703  
-8.417333355  
-19.39138539  
-20.45228243  
-11.98346426  
2.546561057  
18.02144073  
29.51610726  
33.80874893  
30.07665348  
19.68819605  
5.37249764  
-9.776361435  
-23.06616846  
-32.57243597  
-37.17609001  
-36.4755787  
-30.74933774  
-21.00112475  
-8.975187166  
3.019918309  
12.55583832  
17.70360209  
17.59032849  
12.62889909  
4.28637416  
-5.522174971  
-15.12883242  
-23.55204532  
-30.46450571  
-35.72918896  
-38.80212256  
-38.4091915  
-32.79592361  
-20.55380649  
-1.687410766  
21.61991789  
45.03647368  
63.09156317  
70.9043376  
65.99663677  
49.43628239  
25.76940044  
1.669023553  
-16.24393119  
-23.59674111  
-19.64356621  
-7.317400893  
8.021772403  
20.60848998  
26.25315644  
23.5435682  
13.8935389  
0.5591903021  
-12.85534977  
-23.73461906  
-31.11186717  
-35.48805124  
-38.030608  
-39.61894488  
-40.21571994  
-38.84032462  
-34.11600223  
-25.09900476  
-11.98912277  
3.604399671  
18.96169828  
31.00099163  
37.19721044  
36.35042223  
28.96189123  
17.12194329  
3.964507501  
-7.148015446  
-13.49552412  
-13.71293411  
-8.168071848  
1.106417928  
10.94446896  
17.93970914  
19.4777327  
14.60176566  
4.409124651  
-8.208006235  
-19.45263011  
-25.88080256  
-25.5956091  
-18.93165265  
-8.349515992  
2.44348333  
9.823399014  
11.51907448  
7.330309734  
-0.9666796092  
-10.44743813  
-18.2175  
-22.42854949  
-22.72247756  
-19.97920361  
-15.57537303  
-10.57991152  
-5.314038968  
0.5119936015  
7.19553349  
14.3496171  
20.57135705  
23.75210176  
21.9766811  
14.62308055  
3.10730339  
-9.182993756  
-17.88325234  
-19.2628189  
-11.81367956  
2.878315771  
20.4248494  
35.06832639  
41.75307907  
38.04020897  
25.10319754  
7.390140447  
-8.941730152  
-18.23254738  
-17.3383356  
-6.717035353  
9.792151803  
26.37263482  
37.26919369  
38.71558534  
30.09620692  
14.00167071  
-4.755806532  
-20.76317086  
-29.69677665  
-29.55733758  
-21.12614689  
-7.584685724  
6.51961078  
16.62775307  
19.46467533  
13.94457545  
1.466651754  
-14.47011927  
-29.24194024  
-38.42208444  
-39.0970324  
-30.79414019  
-15.71585218  
1.839442068  
16.73821965  
24.5851444  
23.1057361  
12.86905748  
-2.911491969  
-19.44547856  
-31.93818188  
-37.12284346  
-34.2258317  
-25.05262909  
-13.21011784  
-2.789964926  
2.991462113  
2.72740894  
-2.938077562  
-11.75010258  
-20.71127036  
-27.01860951  
-28.75893007  
-25.21320981  
-16.80305389  
-4.828322826  
8.844084435  
22.05792548  
32.6280347  
38.6510556  
38.90134409  
