25.81616269  
27.96397672  
25.68318742  
18.67331747  
7.937609801  
-4.303704663  
-15.20465575  
-22.18538948  
-23.75983819  
-19.94538866  
-12.0864765  
-2.198193855  
7.840260708  
16.85336445  
24.45081759  
30.64411281  
35.27621779  
37.64782194  
36.61533626  
31.16486245  
21.17389016  
7.919674209  
-6.02495529  
-17.57800493  
-24.32625665  
-25.56122983  
-22.64996608  
-18.49621606  
-16.2727889  
-17.97164975  
-23.44116431  
-30.38451949  
-35.36137775  
-35.36733934  
-29.28322035  
-18.53042471  
-6.621189452  
2.209851991  
4.695893286  
-0.1787538984  
-10.83087471  
-23.76405503  
-34.93350459  
-41.17268602  
-41.09853275  
-35.20786989  
-25.27193594  
-13.4319025  
-1.462386561  
9.506537065  
18.81733321  
25.92448232  
30.17789644  
30.94667637  
28.02651178  
22.05689204  
14.62541476  
7.887925825  
3.807359359  
3.354266898  
6.080758997  
10.32386581  
13.98560835  
15.53429245  
14.73439403  
12.72612479  
11.38953181  
12.29141341  
15.73985369  
20.44058252  
23.96894737  
23.8727482  
18.90062212  
9.767471478  
-0.9323557513  
-9.664516954  
-13.35218789  
-10.62433926  
-2.37407969  
8.60339774  
18.71706539  
24.94268754  
25.87029674  
22.03726329  
15.47872955  
8.75906228  
3.933699017  
1.862659405  
2.094619249  
3.273613689  
3.817519852  
2.556139699  
-0.9012662336  
-6.139468629  
-12.17367686  
-17.79767063  
-21.90707155  
-23.72677635  
-22.93603851  
-19.70997975  
-14.68503795  
-8.835980968  
-3.257771283  
1.112310517  
3.744352802  
4.625825221  
4.160136401  
2.878342209  
1.096968133  
-1.290558173  
-4.744765827  
-9.725556256  
-16.21043321  
-23.3495444  
-29.49674962  
-32.69302239  
-31.44760537  
-25.47751861  
-16.03322845  
-5.592813441  
3.010014729  
7.678616335  
7.886040521  
4.856547073  
0.9892355905  
-1.231115485  
-0.3418626724  
3.484001008  
8.6035754  
12.76214512  
14.22108882  
12.60019595  
9.018115438  
5.463587861  
3.717272062  
4.377742457  
6.504243264  
8.086934394  
7.137654728  
2.865689659  
-3.668594103  
-9.800944794  
-12.36364233  
-9.169272161  
-0.194975964  
12.11182891  
23.60520632  
30.00521436  
28.60557547  
19.39728053  
5.126141401  
-9.741267885  
-20.70690879  
-24.88561535  
-21.94753017  
-14.02132166  
-4.665788909  
2.610630406  
5.65698331  
4.314570701  
0.2015677061  
-4.166878662  
-6.4901627  
-5.552674441  
-1.540754048  
4.237215866  
10.02217428  
14.33291243  
16.44749707  
16.48447575  
15.1216891  
13.13613951  
10.99436987  
8.668865278  
5.737743052  
1.700903214  
-3.637764823  
-9.891654631  
-16.04183384  
-20.65892523  
-22.34145588  
-20.23517259  
-14.45444757  
-6.237452764  
2.264313387  
8.547476966  
10.52431857  
7.25263434  
-0.6400811803  
-11.02947891  
-20.89176451  
-27.25563172  
-28.18484152  
-23.42921671  
-14.48693059  
-4.039804954  
5.029565425  
10.6586975  
12.26594995  
10.80226199  
8.200755821  
6.482401095  
6.912006851  
9.559234749  
13.42361093  
17.02208787  
19.13416827  
19.34480759  
18.14172176  
16.55099488  
15.52005284  
15.37329124  
15.61663989  
15.18456258  
12.99710434  
8.541181036  
2.18290277  
-4.94238106  
-11.40114267  
-16.05396606  
-18.47500281  
-19.00139534  
-18.41078643  
-17.41771612  
-16.26998231  
-14.6672166  
-12.04690485  
-8.079139562  
-3.08830382  
1.857075659  
5.281792844  
5.942696907  
3.471680077  
-1.302072648  
-6.544494505  
-10.08329358  
-10.28222751  
-6.747514651  
-0.5503936673  
6.144862878  
10.903996  
11.96231047  
8.902730078  
2.812907858  
-4.119169395  
-9.389374672  
-11.03036214  
-8.228317528  
-1.522053163  
7.424701718  
16.34383303  
22.97933565  
25.62514629  
23.4816687  
16.80107109  
6.832474912  
-4.413609214  
-14.56197556  
-21.38999879  
-23.3767902  
-20.14160989  
-12.61257003  
-2.818912381  
6.676666889  
13.54270806  
16.37488047  
15.05924292  
10.66191423  
4.900263294  
-0.5661704689  
-4.710468864  
-7.335666231  
-8.843952073  
-9.745167245  
-10.20411663  
-9.899206273  
-8.28466047  
-5.108473016  
-0.8649555516  
3.139528  
5.242252039  
4.245238299  
0.2023367682  
-5.281743839  
-9.508133854  
-9.803448856  
-4.846838787  
4.429165193  
14.8748584  
22.21404247  
22.80893115  
15.35370028  
1.709455042  
-13.5789613  
-24.97243104  
-28.16468709  
-21.89614938  
-8.544950439  
6.798830695  
18.40387338  
22.22944386  
17.51449981  
6.951645242  
-4.593709247  
-12.21647384  
-12.99788715  
-7.053331653  
2.788713721  
12.42955695  
18.32788891  
18.85751558  
14.63306217  
7.783545052  
0.6648274885  
-5.267533418  
-9.858255946  
-13.79817126  
-17.67393739  
-21.14949344  
-22.81950839  
-20.88190311  
-14.28924135  
-3.727285435  
8.190873954  
17.74223667  
21.61382369  
18.41035577  
9.382425256  
-2.043825505  
-11.76987506  
-16.8640161  
-16.84127019  
-13.73642973  
-10.90948655  
-11.16159194  
-15.10777196  
-20.65559986  
-23.90796266  
-21.09911606  
-10.63384769  
5.792601622  
23.60397465  
37.16480981  
42.20510009  
37.72326804  
26.46314864  
13.71999731  
5.013819891  
3.69992067  
9.610868572  
19.33022553  
27.92645639  
31.29631343  
28.00413955  
19.77443179  
10.45938242  
4.033000023  
2.608213844  
5.427154002  
9.276348504  
10.08113831  
4.881093823  
-6.760214628  
-22.54706505  
-38.48090838  
-50.57829638  
-56.43943702  
-55.96206691  
-50.95820275  
-43.97941863  
-37.01166886  
-30.70015352  
-24.43105788  
-17.12133279  
-8.204117744  
1.772157238  
11.26542414  
18.49871753  
22.41307062  
23.26363189  
22.50587794  
22.01107332  
23.02585332  
25.44432081  
27.8102767  
28.08552138  
24.80878901  
18.0438027  
9.597474631  
2.344893504  
-1.051098322  
0.5817836856  
6.280084156  
13.2742345  
18.17158048  
18.45941132  
13.63521609  
5.440632124  
-2.908240091  
-8.138603756  
-8.340726283  
-3.75720172  
3.387588861  
9.904305358  
13.01648154  
11.47960398  
5.973938441  
-1.343957653  
-7.867192446  
-11.64716804  
-12.09940164  
-10.04732641  
-7.163849544  
-5.129862674  
-4.915334243  
-6.481950018  
-8.978394204  
-11.26727181  
-12.49625871  
-12.44748796  
-11.53972566  
-10.53476418  
-10.12448544  
-10.59989251  
-11.73171291  
-12.87708903  
-13.23015383  
-12.09763689  
-9.106828204  
-4.31069161  
1.797090466  
8.330962971  
14.11874975  
17.87813356  
18.47783049  
15.25833987  
8.329407965  
-1.278877167  
-11.72207252  
-20.73829597  
-26.25342034  
-27.00607728  
-22.96359661  
-15.35455474  
-6.27921793  
1.975641039  
7.668518236  
10.10723048  
9.739674935  
7.812621937  
5.75588004  
4.558705461  
4.399934913  
4.677799047  
4.406186336  
2.783020137  
-0.3386417336  
-4.300730532  
-7.888495483  
-9.870745042  
-9.585060676  
-7.28978462  
-4.097750192  
-1.490384105  
-0.6054435766  
-1.612000805  
-3.474403517  
-4.258559418  
-1.906214228  
4.811774158  
15.55845547  
28.25090289  
39.57460955  
46.05263261  
45.29270806  
36.93754021  
22.93350324  
6.981355312  
-6.655080535  
-14.55553494  
-15.2504948  
-9.626533306  
-0.4954081124  
8.491247858  
14.16046364  
14.87850529  
10.98219413  
4.464230255  
-1.920856488  
-5.76277853  
-5.897008186  
-2.793677502  
1.66620181  
4.904610688  
4.575348832  
-0.609470898  
-10.40722769  
-23.04625506  
-35.67479919  
-45.11509705  
-48.71508205  
-45.07835271  
-34.48533655  
-18.88847989  
-1.462324843  
14.1957656  
25.01059039  
29.25145175  
26.9736587  
19.92262413  
10.91486684  
2.894724346  
-2.008336767  
-3.089756654  
-1.137438308  
2.042037991  
4.42637823  
4.576076399  
2.116843993  
-2.250686376  
-7.15752767  
-11.15954667  
-13.23533248  
-12.99278486  
-10.56133016  
-6.313524492  
-0.6309230773  
6.12855055  
13.45674873  
20.46520788  
