17.92491249  
8.440159762  
-3.665494836  
-15.24147292  
-23.52036519  
-26.86837279  
-25.05901797  
-19.05666987  
-10.46927675  
-0.9187065012  
8.437287456  
17.09106909  
25.06745239  
32.60080631  
39.76523538  
46.21189076  
51.11391922  
53.33924237  
51.79342023  
45.81957628  
35.52192804  
21.89741065  
6.711172267  
-7.875622845  
-19.83830294  
-27.83262803  
-31.57752549  
-31.93335601  
-30.61496166  
-29.59607443  
-30.3775668  
-33.36439432  
-37.58881132  
-40.923808  
-40.76801465  
-35.00828844  
-22.94061974  
-5.808345408  
13.2793797  
30.08575216  
40.44431665  
41.54191737  
32.85811081  
16.43043554  
-3.661382436  
-22.43405934  
-35.39046103  
-39.7112277  
-34.88292715  
-22.60913036  
-6.104945618  
10.92811554  
25.28038446  
34.87678265  
38.96683874  
37.93296864  
32.9062306  
25.38574207  
16.97137219  
9.197876747  
3.381640268  
0.4000425417  
0.4142693149  
2.657504064  
5.464536741  
6.665157135  
4.305096249  
-2.530181687  
-13.1346518  
-25.15799085  
-35.25693753  
-40.24943908  
-38.34461073  
-29.93260425  
-17.55771037  
-5.024626997  
4.035506427  
7.556326917  
5.794321242  
1.121748677  
-3.060532257  
-3.81483755  
0.09249776129  
7.741360099  
16.5750204  
23.61727541  
26.80716212  
25.83060646  
22.08378261  
17.82749595  
14.9796415  
14.1554676  
14.42658479  
13.89996039  
10.80462076  
4.52049257  
-3.980925663  
-12.51309719  
-18.68077943  
-21.00916363  
-19.62771309  
-16.16661909  
-12.92385123  
-11.72799502  
-13.07309231  
-15.95837107  
-18.50261779  
-19.00737661  
-16.91537428  
-13.16735203  
-9.77002227  
-8.791185652  
-11.28739221  
-16.70073558  
-23.01986228  
-27.61607084  
-28.33623502  
-24.3266436  
-16.22472535  
-5.693508809  
5.394706206  
15.67016157  
24.52201049  
31.84010114  
37.49269104  
40.94195274  
41.30465324  
37.87767214  
30.8322504  
21.62312564  
12.76503323  
6.95689917  
5.91349433  
9.484075662  
15.55732774  
20.8920596  
22.54309439  
19.2174278  
11.88351621  
3.295413709  
-3.37242967  
-6.121495096  
-5.151607042  
-2.764001864  
-2.15189606  
-5.657571341  
-13.37474528  
-22.83758129  
-30.01605236  
-31.18418396  
-24.76973207  
-12.26947302  
2.251427638  
13.87269156  
18.94330299  
16.60622889  
9.002381473  
0.0809345488  
-6.371955071  
-8.496903416  
-7.050269302  
-4.709573  
-4.400102744  
-7.547523681  
-13.19448588  
-18.46197747  
-20.12360492  
-16.46109774  
-8.3961701  
0.7520632379  
6.827447132  
6.956311694  
1.137355846  
-7.561620235  
-14.3815616  
-15.20150485  
-8.678729893  
2.898278934  
14.54024334  
20.89136882  
18.86859297  
9.308988408  
-3.233712319  
-12.52617352  
-13.61249774  
-5.299253688  
9.043214247  
22.80756745  
29.05402943  
23.68935167  
7.465391868  
-14.13351626  
-33.08943514  
-42.1694419  
-37.90440438  
-21.94241303  
-0.2398171887  
19.48309549  
30.85755064  
31.20402213  
22.16635863  
8.523549944  
-4.137335569  
-11.76871419  
-13.2147524  
-10.10388056  
-5.525841776  
-2.264079997  
-1.46963766  
-2.352199628  
-2.914020371  
-1.246770975  
3.31285503  
9.735650488  
15.73051266  
18.78387943  
17.27274581  
11.13483951  
1.840764337  
-8.237149705  
-16.70787945  
-21.89342877  
-23.15382518  
-20.79118509  
-15.71218024  
-9.081255691  
-2.1057327  
4.058122302  
8.394134526  
10.21417789  
9.432207609  
6.77548604  
3.730844415  
2.113446471  
3.343780453  
7.722106297  
14.07113811  
20.00505939  
22.80840739  
20.5963778  
13.24370505  
2.622255699  
-8.022698705  
-15.32806471  
-17.15524596  
-13.4059097  
-5.927546701  
2.447033195  
9.25928818  
13.51161692  
15.93372993  
18.28684035  
22.05905692  
27.24078452  
31.87085631  
32.68974998  
26.6863507  
12.84325629  
-6.785125451  
-27.28317685  
-42.43177815  
-47.04288252  
-39.1006089  
-20.76856721  
2.220761926  
22.5896431  
34.13710569  
33.89166576  
22.94191118  
5.676484693  
-12.15337851  
-25.66415783  
-32.42196432  
-32.80106359  
-29.13918551  
-24.24799464  
-20.0656012  
-17.07022183  
-14.61725224  
-11.86276  
-8.651823983  
-5.817294159  
-4.706548879  
-6.221622869  
-9.966811427  
-14.07307097  
-15.91582617  
-13.44093396  
-6.430994095  
3.004131599  
11.09350514  
14.03923486  
9.906208885  
-0.1491429828  
-11.98798688  
-20.01900799  
-19.5558154  
-8.976191201  
9.312168262  
29.59601447  
45.02182592  
50.30152896  
43.8070361  
28.16733993  
9.143651405  
-6.693379332  
-14.46682361  
-12.63748332  
-3.190809686  
9.555195036  
20.85503734  
27.25839046  
27.46167407  
22.10540342  
12.86554846  
1.471214842  
-10.80245471  
-22.99604477  
-33.95133348  
-41.93685277  
-44.8421473  
-40.99742076  
-30.23513684  
-14.56150714  
2.084153476  
15.06958475  
20.85120305  
18.48057142  
10.06097797  
-0.1637059606  
-7.740423322  
-10.07201583  
-7.604427863  
-3.506308944  
-1.937204264  
-5.718465039  
-14.5672082  
-24.83235101  
-30.96635366  
-28.10816627  
-14.56387246  
7.042005413  
30.57994135  
48.90180226  
56.88884188  
53.64507235  
42.79090305  
30.69667423  
23.47388752  
24.14138564  
31.30897124  
39.99921613  
44.20357056  
39.93333758  
27.28519275  
10.51304119  
-3.942953518  
-10.53495717  
-7.322773195  
2.975819853  
14.1108209  
19.08383182  
13.29503717  
-3.397591409  
-26.63142797  
-49.48061452  
-65.44795837  
-71.12138117  
-67.3188054  
-58.29384157  
-49.48513996  
-44.93151271  
-45.55595876  
-49.0358721  
-51.18973079  
-48.1114784  
-38.00146898  
-21.87992786  
-2.972923649  
14.79144898  
28.36620139  
36.50047114  
39.66731363  
39.22694574  
36.41671221  
31.77099892  
25.2536993  
16.92747458  
7.652663794  
-0.7128951707  
-5.845347339  
-6.00358095  
-1.038545802  
7.236328499  
15.61723727  
20.84318887  
21.08604149  
16.86292832  
10.87952667  
6.818339697  
7.607595586  
13.97900993  
24.00800567  
33.87412335  
39.50463742  
38.34695057  
30.45661118  
18.41440205  
6.13547864  
-2.857841802  
-6.900411566  
-6.738356178  
-4.97168421  
-4.701938876  
-8.046402861  
-15.19923992  
-24.42371365  
-32.90808737  
-38.03181565  
-38.44414541  
-34.50107009  
-27.94360792  
-21.05458245  
-15.73107564  
-12.88096228  
-12.33533779  
-13.19656967  
-14.35663088  
-14.90263536  
-14.26095536  
-12.1194154  
-8.295760666  
-2.718243433  
4.43315398  
12.52865218  
20.41975614  
26.64098667  
29.87018976  
29.46092666  
25.77289695  
20.0885893  
14.09895678  
9.171332958  
5.75214407  
3.222783115  
0.3173906383  
-4.073902216  
-10.1111751  
-16.64651152  
-21.54089242  
-22.57091412  
-18.53224838  
-10.01142717  
0.5856108454  
9.833974715  
14.6167545  
13.40856162  
6.935023579  
-2.112938266  
-10.21233261  
-14.50344886  
-13.98830939  
-9.89497662  
-5.041706804  
-2.483324244  
-4.048122764  
-9.426135826  
-16.22317939  
-20.96352583  
-20.59965753  
-13.86294497  
-1.862154797  
12.32816777  
24.90290005  
32.84347691  
35.06420622  
32.7119201  
28.5208346  
25.53367877  
25.75917669  
29.33949215  
34.55803234  
38.64402987  
38.99602839  
34.29038865  
25.02296343  
13.2979645  
2.002410189  
-6.257079207  
-10.02058697  
-9.338560525  
-5.568209134  
-0.7716303263  
2.989302747  
4.189569044  
2.075556408  
-3.368299339  
-11.57765871  
-21.54693805  
-31.8949243  
-40.9204617  
-46.77483945  
-47.83905594  
-43.26736164  
-33.50918171  
-20.5397071  
-7.580076903  
1.730881868  
4.505131533  
-0.2906749915  
-11.24758744  
-24.7488208  
-36.0340243  
-40.76927162  
-36.56901184  
-23.89730045  
-5.98486467  
12.23818789  
25.81880459  
31.45688893  
28.5692185  
19.36577287  
7.93682211  
-1.282318456  
-5.086768393  
-2.547613394  
4.817324444  
13.7503575  
20.52288921  
22.27136834  
