-1.674552655  
14.11046509  
18.48384227  
8.673326003  
-12.23963438  
-36.14146624  
-52.887909  
-54.37172236  
-38.00944389  
-8.145542173  
25.32288117  
50.64771678  
58.79834546  
47.02115607  
19.89764252  
-12.5555317  
-38.94920695  
-51.03360142  
-46.76981423  
-30.71700791  
-11.67265778  
1.313343933  
2.770017254  
-7.150941215  
-23.18445507  
-37.61285713  
-43.75092474  
-38.6584979  
-23.95828081  
-4.595122752  
13.66963152  
26.72885739  
33.42771119  
35.25119759  
34.81483561  
34.13508111  
33.65670954  
32.49162974  
29.58360707  
24.9732583  
20.29264647  
18.08739896  
20.28294298  
26.67360025  
34.39113313  
38.83672907  
35.77286648  
23.58590139  
4.531847176  
-15.79812548  
-30.69451192  
-35.26250746  
-28.68169237  
-14.66126645  
0.19743314  
9.403390757  
9.527949755  
1.687642522  
-9.163918094  
-16.79362527  
-16.84817664  
-9.067410327  
2.536002202  
11.62353879  
12.65825539  
3.692801201  
-12.52954812  
-29.6839903  
-40.64020901  
-40.58062664  
-29.01302341  
-9.806157786  
10.6507009  
26.18947577  
33.17763969  
31.3964719  
23.26948123  
12.07149115  
0.2040818204  
-11.52733656  
-23.34927962  
-35.16380773  
-45.3717573  
-50.7611245  
-47.73292254  
-34.33327139  
-12.00304467  
14.03146587  
36.19388758  
47.37225255  
43.90618023  
27.34147906  
4.039151273  
-17.30722754  
-29.20177847  
-28.3599552  
-16.84901302  
-0.8529363802  
12.34029335  
17.70907521  
14.65302197  
6.949572708  
0.5831417156  
0.5271478183  
8.054035439  
19.88836332  
29.6370718  
30.84575404  
20.25323108  
-0.2894636686  
-24.1626074  
-42.47753664  
-47.6503773  
-36.49153785  
-11.4869994  
20.23408756  
49.73088327  
69.61091233  
76.4858323  
71.56822001  
59.33199134  
45.01879788  
32.22766771  
21.68829986  
11.67860717  
-0.2727929717  
-15.36981039  
-32.30855537  
-47.49001352  
-56.61880947  
-56.91134854  
-48.79623528  
-36.19089753  
-25.08845698  
-20.99566522  
-26.34752152  
-39.10657806  
-53.28257359  
-61.27299718  
-57.09850537  
-39.15973054  
-11.28684038  
18.45301259  
40.77582439  
48.81612693  
40.87284335  
21.10907096  
-2.103555679  
-19.51820263  
-24.64677038  
-16.20226051  
1.622364782  
21.08860988  
34.18602111  
35.8421491  
25.75248923  
8.15533629  
-10.22155214  
-23.05832436  
-26.90971865  
-22.24453147  
-12.75438604  
-3.401082212  
1.824728081  
1.432079713  
-3.332950965  
-9.476326441  
-13.85945609  
-14.59927979  
-11.64848987  
-6.411189221  
-0.7352709891  
4.115707448  
7.982736031  
11.62959695  
16.06429204  
21.81356673  
28.57294134  
35.39366433  
41.2343319  
45.49627349  
48.19258574  
49.64640764  
49.9274163  
48.4248187  
43.90492244  
35.1285053  
21.75647314  
5.050996637  
-12.08035604  
-25.85095713  
-32.91336451  
-31.66385755  
-22.93101336  
-9.714016973  
3.92367261  
14.30696136  
19.30549342  
18.72598532  
13.87040146  
6.60068687  
-1.54153063  
-9.707721935  
-17.4929872  
-24.33458575  
-29.04320031  
-29.87365229  
-25.21331176  
-14.57236492  
0.6748579896  
17.28026002  
30.98034258  
37.91147014  
35.96449673  
25.46582531  
8.892890723  
-10.19580695  
-28.46424854  
-43.71046117  
-55.02067137  
-62.2478636  
-65.27637689  
-63.63011311  
-56.73519647  
-44.69756446  
-29.06724241  
-12.97612757  
-0.3344223188  
5.688096751  
4.182899893  
-2.826595928  
-11.08268283  
-16.00312984  
-14.96440189  
-8.807995893  
-1.686005219  
0.8718853446  
-5.123999236  
-19.60987339  
-37.68970492  
-51.18410366  
-52.00133548  
-35.88903093  
-4.826305023  
33.16041306  
66.84091069  
86.1410163  
86.14207723  
68.96303685  
42.70139924  
17.92742836  
3.309895108  
2.299470219  
12.25316129  
26.22606613  
36.44435149  
37.77758395  
29.65468745  
15.71318669  
1.591841946  
-7.886806559  
-10.73354514  
-8.142396201  
-3.235892557  
0.9180171421  
2.855290005  
3.029345602  
2.861395732  
3.245820159  
3.53139718  
1.695045744  
-4.308251056  
-14.78458377  
-27.22720381  
-36.73742389  
-37.96797836  
-27.75074278  
-7.095593484  
18.55923179  
41.16410392  
53.23945445  
50.99857598  
35.94657232  
14.17589859  
-6.33411582  
-19.15315451  
-21.96468207  
-17.09340058  
-9.834539413  
-5.495750203  
-6.664589547  
-12.05279038  
-17.4341683  
-18.116717  
-11.61995067  
0.8464067362  
14.85892688  
24.94075739  
27.26015474  
21.45459317  
10.64030973  
-0.3685558153  
-7.658951276  
-10.22950704  
-10.31832463  
-11.85421295  
-17.85804225  
-28.22295181  
-39.1552606  
-44.71993419  
-39.82251714  
-23.14813034  
1.499951933  
26.29430729  
42.55534896  
44.58485615  
32.34534644  
11.65587548  
-8.272192513  
-18.86922828  
-15.95689249  
-1.479371638  
17.56664495  
32.46212698  
36.75803105  
29.05383822  
13.31106697  
-3.335337912  
-14.10502439  
-15.6757163  
-9.38106418  
-0.02705210361  
6.933835671  
8.326281554  
4.729521351  
-0.2358702162  
-2.374394092  
0.2515173649  
5.734545604  
8.963675919  
4.302498113  
-11.00695553  
-34.5141129  
-58.67493466  
-73.62798915  
-71.50946605  
-50.33295358  
-15.53456482  
21.71329785  
48.83649015  
57.00080395  
44.78389136  
18.71605232  
-9.582260913  
-28.40886614  
-30.9199869  
-17.8406017  
3.187067737  
21.22580433  
26.94102178  
16.57694313  
-6.674890857  
-34.3537024  
-56.5144564  
-65.80532867  
-60.03750276  
-42.28251804  
-18.75260317  
4.283830546  
22.98364696  
36.71146005  
46.99973391  
55.51596132  
62.3192839  
65.43339735  
61.96771684  
50.11943265  
30.87078106  
8.33083542  
-11.61521556  
-23.76564655  
-25.95421858  
-20.06549458  
-11.12247948  
-4.822193087  
-4.70347541  
-10.36253319  
-17.64942483  
-20.81276965  
-15.57927221  
-1.652508364  
16.65108965  
32.04039059  
37.4783769  
29.52950991  
10.2508064  
-13.30513952  
-31.82342589  
-37.52427328  
-27.37322865  
-4.325465738  
23.88947353  
47.85697822  
60.07933701  
57.58591134  
42.56951231  
20.97611812  
-0.1622779939  
-15.42311348  
-22.63082808  
-22.9457361  
-19.64247932  
-16.3341293  
-15.49385165  
-17.8246166  
-22.5278205  
-28.10025609  
-33.13608196  
-36.75339335  
-38.57334109  
-38.45390142  
-36.27040821  
-31.9197448  
-25.50544053  
-17.49890249  
-8.674519677  
0.2170506802  
8.855415438  
17.53908512  
26.93894662  
37.45139555  
48.47044364  
58.03680464  
63.20658879  
61.1371785  
50.48083235  
32.42595577  
10.79132298  
-9.036191978  
-21.99052041  
-25.2784546  
-19.53110151  
-8.594273139  
2.014940822  
7.359943557  
5.088341519  
-3.669259928  
-14.87593541  
-23.36391169  
-25.02199439  
-18.46443496  
-5.521966051  
9.560816827  
21.78700469  
27.18249525  
23.98721979  
12.90881679  
-3.469829865  
-21.71194214  
-38.49086469  
-51.183483  
-58.0639743  
-58.28533902  
-51.87319636  
-39.81908652  
-24.15974715  
-7.81770041  
5.958487652  
14.49323392  
16.6122123  
13.16726449  
6.830393404  
1.135401854  
-0.8907465382  
2.069042569  
9.125752843  
17.63578917  
24.40536625  
27.09820935  
25.20019146  
20.10795993  
14.33405443  
10.24380485  
8.955142816  
9.931342413  
11.43474668  
11.57131897  
9.361509627  
5.27393849  
0.945599594  
-1.75625562  
-1.828497249  
0.2101272535  
2.473614183  
2.636263716  
-0.8100654405  
-7.602791496  
-15.56871014  
-21.42653333  
-22.20444614  
-16.6352487  
-5.8764974  
6.805368515  
17.28335097  
22.22482318  
20.43849692  
13.3295707  
4.267804478  
-2.852842041  
-5.238086289  
-2.301896268  
4.207626795  
11.10187247  
15.25961191  
15.0753423  
11.19972472  
6.226375537  
3.440179863  
5.163842934  
11.44411913  
19.71095333  
25.65090594  
25.01325785  
15.62547555  
-1.267519654  
-21.01724164  
-37.08944577  
-43.59301292  
-37.83090317  
-21.76913312  
