-12.64602879  
-21.34581453  
-28.82985463  
-32.53088394  
-30.33617005  
-21.70914746  
-8.241017353  
6.696562475  
19.11426474  
25.90882326  
26.05554664  
20.95855155  
13.79806532  
8.159407061  
6.544234142  
9.406648085  
15.10850907  
20.77025642  
23.60094725  
22.09996399  
16.61536542  
9.0606181  
1.981342813  
-2.561169909  
-3.7777098  
-2.293113325  
0.3493119805  
2.518008509  
3.228215239  
2.442898224  
0.8493403353  
-0.7064307054  
-1.783192349  
-2.590513494  
-3.791102438  
-5.986089887  
-9.187268653  
-12.59595368  
-14.85115889  
-14.66298486  
-11.53448215  
-6.206112498  
-0.5686345564  
2.968269007  
2.407590641  
-2.998229163  
-12.37109144  
-23.4642576  
-33.45211906  
-39.92743021  
-41.69835622  
-39.07527648  
-33.56164015  
-27.11527804  
-21.31447832  
-16.78072728  
-13.07791249  
-9.093159475  
-3.701600037  
3.587425344  
12.27915276  
20.97546649  
27.846742  
31.29815568  
30.57190764  
26.06431625  
19.2520582  
12.26144258  
7.231586774  
5.676078702  
8.036660309  
13.55413193  
20.48583868  
26.60323723  
29.82828238  
28.83114221  
23.42090994  
14.61366381  
4.351199939  
-5.055656061  
-11.59726718  
-14.14508283  
-12.75718339  
-8.609978519  
-3.577320518  
0.401126847  
1.94843731  
0.664069327  
-2.81029189  
-7.080673518  
-10.52826767  
-11.8790827  
-10.61695176  
-7.110507404  
-2.435018576  
2.022890956  
5.025121854  
5.850435107  
4.467121611  
1.482495868  
-2.083193661  
-5.109337283  
-6.677313998  
-6.290097883  
-3.97120916  
-0.2384872641  
4.029615039  
7.803530209  
10.14677275  
10.44576558  
8.572183435  
4.931698542  
0.3753600201  
-4.015285123  
-7.217021213  
-8.549564492  
-7.871795143  
-5.631404153  
-2.752642337  
-0.3951108208  
0.3492897365  
-1.256739886  
-5.390470297  
-11.58580954  
-18.78444664  
-25.51427733  
-30.17088725  
-31.36338646  
-28.26495137  
-20.88895861  
-10.20241061  
1.99246861  
13.42394553  
21.89944894  
25.89317296  
24.98579489  
19.99275654  
12.70945276  
5.33888171  
-0.2078935516  
-2.884744512  
-2.742155617  
-0.7323560775  
1.822650252  
3.866673236  
5.065495947  
5.875994881  
7.191980281  
9.728177406  
13.43733285  
17.26196874  
19.38850208  
17.95162185  
11.92126131  
1.792985207  
-10.25114278  
-20.84958345  
-26.50769051  
-24.82298376  
-15.43381339  
-0.3165142235  
16.7099172  
31.12080428  
39.07437998  
38.5708975  
29.9895593  
15.84264743  
-0.1314292937  
-14.18787227  
-23.67261956  
-27.63627082  
-26.80527914  
-22.99432338  
-18.23831034  
-13.99765354  
-10.73109671  
-7.962342975  
-4.765756124  
-0.4333110702  
4.976508004  
10.45223465  
14.30044316  
14.78342162  
10.88013173  
2.86580202  
-7.541305418  
-17.56445242  
-24.18554571  
-25.12449952  
-19.63311329  
-8.804055892  
4.738041723  
17.67383655  
27.06448645  
31.27881078  
30.43512458  
26.20214927  
21.04873268  
17.24659524  
16.02287329  
17.1923821  
19.39519817  
20.81101511  
20.02212108  
16.6416728  
11.43514211  
5.894633565  
1.474226762  
-1.151682647  
-2.456133544  
-3.874370257  
-7.142208536  
-13.45543227  
-22.83413656  
-33.98333794  
-44.7170569  
-52.75605786  
-56.54466965  
-55.73238949  
-51.13102692  
-44.20835379  
-36.39186819  
-28.53022091  
-20.76165419  
-12.8165111  
-4.551687089  
3.609512153  
10.6073978  
15.12341929  
16.23293055  
13.99219964  
9.621374015  
5.12883281  
2.501556799  
2.823560965  
5.753294139  
9.64784595  
12.32122976  
12.11008681  
8.746214579  
3.597869556  
-0.877122719  
-2.247661346  
0.7127871439  
7.353884222  
15.3348795  
21.62767762  
23.89809542  
21.62349621  
16.39865987  
11.24405024  
9.197138924  
11.82279027  
18.34520926  
25.84301267  
30.46646668  
29.15617892  
21.08722533  
8.162611205  
-5.703089672  
-16.21922684  
-20.55354463  
-18.5369565  
-12.6817419  
-6.988121222  
-5.067297038  
-8.428057331  
-15.7112966  
-23.23465512  
-26.62197746  
-22.79940118  
-11.47231277  
4.576250752  
20.50429189  
31.30819927  
33.78517249  
27.73638889  
15.93582794  
2.932915762  
-6.754834404  
-10.28047479  
-7.290422154  
0.3145827095  
9.449112181  
17.18235166  
21.74021386  
22.79959363  
21.08548096  
17.61458889  
13.05383233  
7.534951433  
0.9693423111  
-6.392606138  
-13.5592965  
-18.86825554  
-20.57900553  
-17.73149699  
-10.83290722  
-1.977444709  
5.742926625  
9.339042083  
7.078547018  
-0.8120881193  
-12.21351039  
-23.92197955  
-32.84776743  
-37.08848613  
-36.44064375  
-32.18540927  
-26.31762119  
-20.6201589  
-16.01412697  
-12.43853141  
-9.230857725  
-5.737208315  
-1.798105451  
2.139311867  
5.303562997  
7.076157557  
7.367332122  
6.669810878  
5.76882235  
5.294577038  
5.398879713  
5.766217959  
5.965732758  
5.93140512  
6.249556874  
8.010197131  
12.21335622  
18.99485302  
27.09578074  
33.94503709  
36.45500709  
32.27086856  
20.93822832  
4.418470473  
-13.37465453  
-27.91255065  
-35.74038592  
-35.79076707  
-29.72416971  
-21.11386728  
-13.81503838  
-10.24306729  
-10.34646927  
-11.75369397  
-11.03692357  
-5.510510489  
5.278963207  
19.08549171  
31.76746927  
39.0197504  
38.25254558  
29.75734656  
16.62055371  
3.420154594  
-5.70203501  
-8.716872097  
-6.384277705  
-1.652727283  
1.898024592  
1.814164503  
-2.107860168  
-7.843605437  
-12.26621374  
-12.80354713  
-8.807538685  
-1.962596409  
4.470324987  
7.214166152  
4.59088101  
-2.588663445  
-11.2986412  
-17.62622467  
-18.54727355  
-13.33251333  
-3.937916907  
5.800946168  
11.80584779  
11.49248629  
4.845176481  
-5.616821951  
-15.92667382  
-22.29975243  
-22.58913732  
-16.97189375  
-7.64736484  
2.229037448  
9.8471873  
13.70875158  
13.90498495  
11.70363469  
8.749089811  
6.307079698  
4.888969294  
4.347776823  
4.283533945  
4.461472061  
4.987901935  
6.166100583  
8.15874412  
10.6997039  
13.06362414  
14.34459789  
13.90490696  
11.74294563  
8.558327712  
5.451135441  
3.391469696  
2.730381449  
3.013741676  
3.211048081  
2.255709336  
-0.3731299526  
-4.326944409  
-8.495147  
-11.49730233  
-12.31624513  
-10.75435537  
-7.485810279  
-3.687714291  
-0.4507439363  
1.714205445  
3.01167076  
4.070035299  
5.389911732  
6.850304738  
7.574826078  
6.279115589  
1.962562813  
-5.394698329  
-14.50567272  
-23.0427014  
-28.43798749  
-28.89302204  
-24.14773373  
-15.64957942  
-6.024352259  
1.93230459  
6.306859909  
6.709579067  
4.246271421  
0.8692159231  
-1.564589894  
-2.083469215  
-0.8909502296  
0.9365314678  
2.148863563  
2.043501274  
0.8453756346  
-0.4292948196  
-0.5327086324  
1.332436054  
5.061802665  
9.653470913  
13.65762345  
15.83958494  
15.7260451  
13.77366322  
11.0953583  
8.897736629  
7.914708055  
8.104812046  
8.732348177  
8.756489944  
7.313291315  
4.057033058  
-0.767610019  
-6.493999653  
-12.29311901  
-17.35931652  
-20.94667055  
-22.31563203  
-20.73775349  
-15.68618083  
-7.209376266  
3.680596098  
14.87356154  
23.49982277  
26.76191177  
23.01224286  
12.6321043  
-1.740575547  
-15.86659547  
-25.3057012  
-27.06133728  
-20.79888247  
-9.083794496  
3.530697084  
12.24792374  
13.90696542  
8.212224994  
-2.213936675  
-12.98287714  
-19.80171239  
-20.24108327  
-14.65130769  
-5.85257095  
2.225917915  
6.320390941  
5.215659456  
0.1336311553  
-6.004115306  
-10.05016108  
-10.12692267  
-6.443714487  
-1.077797941  
3.138675434  
4.06455314  
1.326075872  
-3.483973256  
-7.559980163  
-8.211126615  
-4.122102007  
4.041370392  
13.94070968  
22.60184092  
27.66152893  
28.23015006  
24.99778094  
19.60209908  
13.64274172  
7.883413235  
2.059357607  
