40.96657235  
42.84261774  
34.60089831  
18.17267366  
-2.325817202  
-22.0149486  
-36.68594799  
-43.77016889  
-42.62259432  
-34.19923869  
-20.41813552  
-3.540953693  
14.20323989  
30.72520921  
44.05936222  
52.42948088  
54.52533931  
49.9525304  
39.65016304  
26.00010046  
12.42584985  
2.482024847  
-1.315850315  
1.50504392  
8.980161722  
17.18280365  
21.50970758  
18.37808778  
6.719414086  
-11.33089763  
-30.88991034  
-45.85163666  
-50.97898642  
-43.81209182  
-25.67251377  
-1.361076343  
22.36576894  
38.99005091  
44.29091906  
37.52529707  
21.3457639  
0.5743461581  
-19.6094654  
-35.31924635  
-44.83406361  
-48.4635951  
-47.636972  
-43.76993942  
-37.50870545  
-28.7003589  
-17.03055304  
-2.901747497  
12.01353682  
24.94768501  
32.96082442  
34.21329888  
28.95626284  
19.68567744  
10.27544021  
4.395985962  
3.902059004  
7.942061235  
13.25021042  
15.55783114  
11.53462279  
0.4023195554  
-15.51895776  
-31.60780982  
-42.757896  
-45.42913158  
-39.04153058  
-26.11645246  
-11.13334266  
1.362301748  
8.54973088  
10.25311139  
8.646920714  
6.965683005  
7.872671433  
12.25355326  
18.95178044  
25.48837821  
29.3460031  
29.16367868  
25.28339624  
19.44521444  
13.85495031  
10.13447185  
8.676564413  
8.678505318  
8.760640572  
7.785460347  
5.422493393  
2.177457355  
-1.080475937  
-3.780097075  
-6.086982593  
-8.842617764  
-13.01467698  
-18.95418264  
-25.88360843  
-31.93950628  
-34.81724951  
-32.75407095  
-25.40112165  
-14.17019725  
-1.87744127  
8.173617856  
13.28325786  
12.17810646  
5.273119325  
-5.651511894  
-18.13451706  
-29.74504783  
-38.55495686  
-43.28951357  
-43.26386729  
-38.29798795  
-28.74856823  
-15.64462177  
-0.7713531187  
13.49084042  
24.66290534  
30.89402426  
31.64058874  
27.96807843  
22.27160922  
17.45796932  
15.88781049  
18.50814137  
24.540061  
31.84994403  
37.83148929  
40.40936712  
38.74022139  
33.34969508  
25.71653938  
17.56094229  
10.1974694  
4.229516106  
-0.3473508989  
-3.788520266  
-6.258547789  
-7.725967811  
-8.142596868  
-7.758406807  
-7.319562069  
-7.946280617  
-10.66886707  
-15.81322859  
-22.55513872  
-28.92672753  
-32.36559885  
-30.63923843  
-22.77724418  
-9.608159934  
6.354558038  
21.66369617  
33.04559729  
38.43737804  
37.56405197  
31.8631226  
23.82700397  
16.05159887  
10.36266157  
7.323840949  
6.255704663  
5.694502087  
4.074726946  
0.3717625476  
-5.50971439  
-12.70558631  
-19.69948979  
-24.84380853  
-26.91362215  
-25.50718452  
-21.15348353  
-15.08051065  
-8.718460048  
-3.125621287  
1.415691069  
5.422398539  
9.785294214  
15.03581583  
20.63541223  
24.68562379  
24.33839404  
16.89693229  
1.244255382  
-21.01640751  
-45.32971887  
-65.19167011  
-74.20662751  
-68.50563309  
-48.55492336  
-19.50712301  
10.23234661  
31.8263961  
39.19017951  
31.27821922  
12.50546536  
-8.940644544  
-24.27237238  
-27.4995584  
-17.67687588  
0.9074064858  
20.65128704  
33.83610644  
35.74863197  
26.43944674  
10.44061114  
-5.34988983  
-14.64515438  
-14.31906425  
-5.49001806  
7.217883722  
17.80045329  
21.39741579  
16.1398536  
3.627176944  
-12.0168475  
-25.95867301  
-34.49262572  
-36.15785089  
-31.80367819  
-23.7707617  
-14.70318639  
-6.56682898  
-0.2367480107  
4.324553209  
7.560920878  
9.848019206  
11.30069196  
11.88948975  
11.6949657  
11.06409655  
10.52527785  
10.4967851  
10.97632956  
11.43249746  
11.01361835  
9.007669352  
5.329949539  
0.7773739917  
-3.113189319  
-4.575971075  
-2.290486719  
4.065490309  
13.6132412  
24.49064326  
34.38443273  
41.16082499  
43.3766533  
40.54479195  
33.14763902  
22.4785515  
10.40354404  
-0.9082755786  
-9.292660156  
-12.95892371  
-10.90008359  
-3.252653387  
8.539939693  
21.88680537  
33.56572427  
40.48983806  
40.50472209  
32.96448081  
18.90524581  
0.7779029421  
-18.15309824  
-34.5491209  
-45.67998641  
-49.92307689  
-47.03452687  
-38.19782914  
-25.85307165  
-13.28782688  
-3.975924612  
-0.7215588467  
-4.78883642  
-15.30703623  
-29.25550234  
-42.1908483  
-49.60915997  
-48.53379621  
-38.73616649  
-23.04623259  
-6.514387269  
5.35726779  
8.679040022  
2.717713788  
-9.733909725  
-23.35861456  
-32.31743188  
-32.45505531  
-22.8165696  
-5.874894633  
13.58298427  
30.39902947  
40.97876977  
44.42880972  
42.49981635  
38.47724615  
35.5998026  
35.72793942  
38.78788344  
43.10386821  
46.31473112  
46.35666976  
42.06272396  
33.21780112  
20.23868734  
3.832371491  
-15.06821321  
-35.04636122  
-53.8653797  
-68.44253822  
-75.41261931  
-72.2399218  
-58.46897762  
-36.4990315  
-11.36650043  
10.58755376  
23.77023286  
25.3224689  
16.18969553  
0.7618928015  
-14.8379509  
-25.14469355  
-27.43156845  
-22.60704331  
-14.56135286  
-8.271361189  
-7.51051757  
-13.16985369  
-22.90623779  
-32.23128717  
-36.51435009  
-32.98538513  
-21.85453992  
-6.089994758  
9.989292282  
22.62908213  
30.18709651  
33.63777787  
35.85483612  
40.04606713  
48.07941068  
59.46007388  
71.40307981  
79.94815137  
81.61103972  
74.85234944  
60.74896218  
42.61256532  
24.74685935  
10.8753812  
2.872632996  
0.2683188639  
0.6552373319  
0.7696097705  
-2.225725915  
-9.753983265  
-21.46324888  
-35.54156272  
-49.49195295  
-61.00224179  
-68.5604079  
-71.6234232  
-70.36453215  
-65.20729667  
-56.42697776  
-44.03981508  
-28.04123034  
-8.868224315  
12.16572596  
32.7293597  
49.78036884  
60.28642169  
62.13568767  
54.90413578  
40.17035061  
21.2190819  
2.199569744  
-12.99223737  
-21.73252968  
-23.25635706  
-18.64513926  
-10.27267546  
-0.9561485555  
6.864131529  
11.64892976  
12.87927668  
10.8407776  
6.264281235  
0.02680137926  
-6.972055098  
-13.77624849  
-19.30502201  
-22.3926811  
-22.00707272  
-17.5955285  
-9.405361302  
1.396729113  
12.90944769  
22.95456768  
29.6492729  
31.87942197  
29.50569662  
23.25649063  
14.39724145  
4.346480669  
-5.603536054  
-14.39519684  
-21.19068064  
-25.3512869  
-26.51140448  
-24.75582437  
-20.79812574  
-16.00014206  
-12.11414347  
-10.76043036  
-12.81050619  
-17.94185411  
-24.60144668  
-30.45912665  
-33.2132701  
-31.43596253  
-25.10294801  
-15.57699626  
-5.050457838  
4.306687091  
11.11617898  
15.14979833  
17.14946107  
18.24075351  
19.25941327  
20.33485195  
20.92572643  
20.2581274  
17.90282051  
14.1570244  
10.00317807  
6.650222237  
4.895924757  
4.661175236  
4.972164669  
4.440288475  
2.024351596  
-2.305853477  
-7.360631125  
-11.12392289  
-11.60221564  
-7.750709636  
-0.04479194673  
9.577718414  
18.38774899  
23.8515629  
24.49878197  
20.3141735  
12.53761788  
3.041234785  
-6.368641871  
-14.39002582  
-20.25895752  
-23.48869069  
-23.59856858  
-20.10977403  
-12.89352308  
-2.689529062  
8.574246418  
18.01038867  
22.65261568  
20.72784474  
12.76279806  
1.917186747  
-6.804824822  
-8.327490537  
0.3727646248  
18.69034779  
42.13135278  
63.64385463  
76.13255057  
75.19590819  
60.95210579  
38.13673562  
14.35017964  
-2.884488424  
-9.064294079  
-4.428619148  
6.265674173  
15.82768769  
17.6974382  
8.699410162  
-9.670213436  
-31.94374511  
-51.0383318  
-61.23722021  
-60.51914051  
-51.26735359  
-39.10708794  
-30.42659529  
-29.6792389  
-37.61575816  
-51.14888362  
-64.82196743  
-73.16671383  
-72.89256227  
-63.98655606  
-49.33443413  
-33.14942385  
-19.00462983  
-8.391605229  
-0.429847737  
7.214861046  
16.71369921  
28.58222843  
41.05528599  
50.65329224  
53.70026578  
48.10844083  
34.61096556  
16.85864545  
0.2873247221  
-9.811203511  
-10.24434261  
-1.123336739  
14.1477546  
30.07236671  
