55.78351593  
49.70005341  
7.19284935  
-63.44780769  
-138.2305031  
-186.900486  
-186.4759735  
-132.2673531  
-40.7870573  
57.12916489  
129.8272415  
158.4940186  
144.4051529  
106.3913837  
70.02541046  
54.12804871  
61.44166718  
78.11169815  
82.07627182  
55.90862961  
-2.610385132  
-77.75165863  
-142.4987228  
-171.3917648  
-153.1646118  
-96.82889709  
-28.08223648  
22.3116684  
32.58587475  
-0.2589601517  
-59.54882202  
-117.1124374  
-146.3956894  
-134.1545597  
-85.3136261  
-19.12607117  
40.92798271  
78.17239838  
89.25467072  
83.32641907  
74.95494576  
74.98448467  
84.38455124  
94.27315826  
91.84610062  
68.72887039  
26.98864746  
-20.65593758  
-56.72675934  
-67.9380867  
-52.42124023  
-21.21406212  
7.063328552  
15.86127129  
-0.1752279282  
-31.38895569  
-56.85346603  
-54.19996948  
-10.96257172  
68.01485271  
160.8182495  
236.4994194  
267.4194901  
240.4343567  
162.0456024  
55.46667557  
-48.78659515  
-124.4156448  
-157.9898903  
-151.4385941  
-118.1405922  
-75.24714508  
-36.23221779  
-6.995620346  
13.34999504  
28.37037506  
39.76857605  
45.17029266  
39.41094265  
18.40244026  
-16.81962738  
-58.36563034  
-93.31888161  
-108.4463814  
-95.60291443  
-55.26745758  
3.407239914  
65.94659386  
117.6513119  
148.1295212  
153.4834198  
135.7067955  
100.2467152  
53.3874649  
0.8358146667  
-52.137257  
-99.75220261  
-135.2601135  
-151.9043182  
-145.2320374  
-115.6395325  
-69.58902893  
-18.42763672  
25.07344437  
51.07835464  
55.95133972  
42.85960617  
19.43378906  
-6.2884758  
-29.51232567  
-50.01012154  
-70.46524544  
-92.8444664  
-114.9923477  
-129.6658722  
-127.0023712  
-99.53908997  
-47.3276413  
19.69186554  
83.80082855  
125.7181763  
132.4198578  
103.0149826  
49.76777802  
-6.539706421  
-45.09371643  
-53.68711319  
-33.61527443  
1.434396362  
32.01964798  
42.05471954  
26.17414703  
-8.077302551  
-44.22277908  
-65.09300385  
-61.39252768  
-36.48723831  
-5.074565506  
13.72319794  
5.658917618  
-31.28924026  
-85.0043808  
-133.7594025  
-155.2525726  
-136.1636215  
-78.01482162  
3.203295135  
83.40526199  
139.9303696  
160.0886932  
145.1942139  
108.6665653  
69.41295433  
43.65544434  
38.81080399  
51.84372025  
72.3445755  
88.45470963  
92.65158348  
84.73601322  
70.89250736  
59.63439102  
56.86305313  
62.55255966  
70.6324585  
72.01603317  
59.1973114  
30.14048119  
-10.4009985  
-52.71951389  
-86.21828384  
-103.7734894  
-104.3908264  
-93.03026276  
-77.82764587  
-66.12978172  
-61.22938004  
-61.24564743  
-60.51251068  
-52.63839569  
-33.68118172  
-3.948360443  
32.28818703  
68.79276295  
99.90064774  
122.2468491  
134.9058655  
138.1183777  
131.6106514  
113.7629928  
82.39267273  
36.93050995  
-19.18700562  
-77.47411938  
-125.7966293  
-152.1527405  
-149.4585258  
-119.1763367  
-71.84333878  
-23.78136101  
8.995817566  
17.23006897  
2.366244125  
-23.93930302  
-44.79235649  
-45.51087151  
-20.30745773  
24.82826691  
74.45245571  
110.2520226  
118.9689301  
98.07347183  
56.5965477  
10.77138863  
-23.43841095  
-37.38503952  
-33.04426918  
-21.09812317  
-14.85957108  
-23.13802719  
-45.65052261  
-73.28624802  
-93.06398697  
-95.21301727  
-78.67133179  
-52.04901962  
-29.39988251  
-22.8447731  
-35.81970444  
-60.55660706  
-81.36026764  
-82.30918503  
-55.6487587  
-6.598527527  
48.08572311  
87.41845245  
96.00266876  
71.60831776  
26.69195709  
-17.08377953  
-38.83953857  
-28.20643158  
9.938682556  
58.07300644  
94.70726776  
104.8734222  
87.23055801  
54.2648098  
25.51143036  
17.24272079  
33.8712326  
65.48261948  
92.81736031  
97.23040314  
70.56432266  
19.83745861  
-35.78522034  
-74.36944237  
-82.28818359  
-61.38415756  
-28.46553001  
-7.186551666  
-16.20709839  
-59.46750755  
-123.4632637  
-182.9894089  
-212.6546661  
-198.6022781  
-144.7732117  
-70.74422607  
-2.332946014  
40.30730209  
51.23650894  
39.84630203  
24.28762035  
20.82341919  
34.72301979  
57.42249756  
71.38324203  
60.07399139  
17.83054047  
-45.62415237  
-108.5125961  
-146.6958984  
-144.9712875  
-104.3480499  
-41.64372082  
18.45050964  
54.95584488  
60.17721024  
42.63348198  
22.03415785  
18.91634903  
44.12510643  
93.29710541  
148.9464439  
188.9683228  
197.276384  
171.363591  
123.2277954  
73.43210983  
41.38609962  
36.62588329  
55.16848755  
82.38697357  
100.6597359  
97.88042984  
72.76158524  
34.67517586  
-1.468568039  
-22.49863129  
-22.84351501  
-6.406599045  
15.98250313  
31.87791061  
32.56776733  
16.11759567  
-12.80464478  
-45.60070114  
-73.21652374  
-88.78990097  
-88.72908096  
-72.53016434  
-42.21387482  
-2.078398514  
41.23189468  
78.99424286  
101.7531866  
101.8805576  
76.55004654  
29.66469879  
-28.57648201  
-84.79050713  
-127.1314392  
-149.5444168  
-153.4867874  
-146.1761353  
-136.1665512  
-128.4900475  
-121.9377769  
-110.0271347  
-85.27968903  
-44.6087471  
7.134456253  
57.60875397  
91.59254379  
97.72319336  
74.09648705  
29.84596786  
-18.2865036  
-52.91525803  
-63.26120987  
-49.25454178  
-20.59626465  
8.630046844  
27.0270874  
31.09448242  
26.06828079  
22.14080772  
28.16743622  
46.18833389  
69.60370331  
85.91346092  
82.59934883  
53.18686142  
0.5325019836  
-64.11895065  
-125.6204666  
-170.5943863  
-191.5829208  
-188.0241714  
-164.2110352  
-125.9333389  
-77.94887428  
-23.61541061  
33.52749844  
87.75942307  
130.6147583  
152.7291092  
147.5151199  
114.7810947  
62.14236221  
3.083062744  
-47.73172379  
-79.76021919  
-89.94920654  
-82.55732346  
-65.68761101  
-46.52139149  
-27.89586658  
-8.050146484  
16.49794693  
46.84448471  
79.04467373  
104.8205147  
115.5714828  
107.5676163  
85.24375305  
60.29789505  
46.50296097  
52.61921005  
77.14978638  
108.0565392  
128.1262676  
123.6487637  
92.05092812  
44.30298538  
0.352166748  
-20.60460892  
-10.33505096  
23.01092796  
57.45355492  
67.00171967  
34.2877121  
-40.09699097  
-136.3288208  
-223.1065002  
-270.9855682  
-265.0450562  
-210.8841949  
-131.1779282  
-54.64078484  
-2.941626549  
17.99132843  
18.19770966  
15.77699661  
25.36818848  
49.34697571  
76.54272919  
89.20116653  
74.40843735  
33.62798767  
-15.22537861  
-44.96015015  
-32.42050781  
28.64686203  
121.9474213  
213.6903748  
266.5915649  
256.5315704  
183.999472  
74.71092529  
-31.16604881  
-96.34543533  
-102.3677765  
-56.87470398  
10.95173492  
64.39366989  
75.94852295  
39.08708878  
-30.09496307  
-101.532019  
-145.5766724  
-146.1769577  
-106.9234535  
-47.78438148  
5.160453033  
31.63051147  
25.08591137  
-6.479405975  
-46.36502113  
-78.01855316  
-92.33758163  
-90.20520668  
-79.81938667  
-71.01124306  
-69.90881157  
-76.57534981  
-86.25254974  
-92.80056229  
-91.97761688  
-82.7375412  
-66.26231117  
-43.95789261  
-16.18971863  
17.17231598  
54.7797699  
92.00706711  
121.0795395  
133.7818085  
125.6704941  
99.42801113  
65.04003754  
35.99465866  
22.95275955  
28.05148659  
43.10684509  
53.2203476  
44.47049522  
11.96096115  
-36.10991974  
-80.99491005  
-101.9051239  
-86.58342972  
-38.6074295  
22.66305351  
70.08715973  
81.24333954  
49.45180092  
-12.27216949  
-76.65999565  
-114.7488335  
-109.6202034  
-64.56696091  
-1.498848724  
49.85897522  
66.80839462  
45.24980774  
2.130283546  
-32.67278023  
-31.25064087  
17.86912079  
102.8147255  
192.5509537  
250.3105591  
249.9607666  
187.5927628  
82.98541412  
-29.482341  
-115.8728882  
-156.4288498  
-151.7228958  
-118.9358894  
-80.94333534  
-54.27712173  
-42.1873127  
-35.98466225  
-23.2647007  
2.065211487  
33.90227509  
