2.629829282  
-8.686349481  
-21.38520953  
-31.63557248  
-36.21137165  
-33.63584614  
-24.61375785  
-11.60169967  
2.262948407  
14.3893825  
23.58827263  
30.21530206  
35.59669797  
41.05200059  
46.99765023  
52.55854966  
55.8666794  
54.90238543  
48.48423848  
36.94729481  
22.19342168  
7.081445281  
-5.581147598  
-14.01133796  
-17.97871326  
-18.68310516  
-18.06544696  
-17.87815094  
-18.93146198  
-20.8340691  
-22.31098757  
-21.91966889  
-18.81506302  
-13.21093051  
-6.340154127  
0.04386018182  
4.375515803  
5.864422324  
4.707704473  
1.865209087  
-1.455052823  
-4.327464455  
-6.397073423  
-7.811631365  
-8.878252726  
-9.671510392  
-9.840335202  
-8.746095318  
-5.873846869  
-1.290974206  
4.124497985  
8.867801178  
11.38124016  
10.78189838  
7.39438645  
2.790840219  
-0.7540689935  
-1.215872544  
2.20736679  
8.54018913  
15.1826944  
18.77696546  
16.48647714  
7.196734936  
-7.849311588  
-25.26064315  
-40.5084718  
-49.38457286  
-49.38227466  
-40.5068169  
-25.23738747  
-7.6764171  
7.791356295  
17.85146618  
21.1677747  
18.57353217  
12.53836313  
6.153928165  
2.02727767  
1.47161023  
4.248122721  
8.896932222  
13.47930145  
16.41391395  
17.07542461  
15.93438769  
14.21200933  
13.22348418  
13.71085805  
15.46585573  
17.41190284  
18.10556944  
16.42216766  
12.09716995  
5.857365432  
-0.9308668462  
-6.927467876  
-11.45956958  
-14.79107499  
-17.8482451  
-21.51190918  
-25.84091175  
-29.67876655  
-30.95095919  
-27.62711139  
-18.95493626  
-6.354819232  
6.56881501  
15.08822176  
15.1726566  
5.339219164  
-12.31098835  
-32.44365854  
-48.23123289  
-53.86020974  
-46.79549005  
-28.83596272  
-5.476945711  
16.18627046  
30.14555265  
33.63250497  
27.85524962  
17.07631072  
6.525710478  
0.1393227796  
-0.8620243299  
2.016446204  
5.814900399  
7.939367701  
7.57381517  
5.982898146  
5.603943187  
8.459687541  
14.77189973  
22.54452534  
28.37578278  
29.11347192  
23.51608252  
13.05782693  
1.430590268  
-7.056277043  
-9.423686154  
-5.382558465  
2.549334892  
10.22526213  
13.77269732  
11.31662322  
3.729145734  
-5.897722368  
-13.74129835  
-16.94780531  
-14.74209689  
-8.490783039  
-0.8050818782  
5.772414976  
9.806366245  
11.26123029  
11.02111886  
10.02947376  
8.610162395  
6.370213822  
2.700592609  
-2.489085122  
-8.319636572  
-13.13061451  
-15.27419436  
-14.089084  
-10.46607414  
-6.592933134  
-4.902602683  
-6.714603294  
-11.2930587  
-15.89744198  
-16.92428071  
-11.66432961  
0.170368075  
15.95090044  
31.00704284  
40.54751218  
41.75812819  
35.07655585  
23.99897051  
13.46322319  
7.542805637  
7.53805306  
11.38303831  
14.67229719  
12.84193342  
3.485119805  
-12.29016785  
-30.10889351  
-44.08278651  
-49.27736821  
-43.78537008  
-29.50208463  
-11.30800058  
4.917483395  
14.53798167  
15.69690386  
9.578070202  
-0.5655271984  
-11.03215685  
-19.14245902  
-23.94053623  
-25.95337357  
-26.3134358  
-25.81685521  
-24.43788402  
-21.50653818  
-16.36692062  
-9.078020617  
-0.7199875594  
6.890651771  
11.93794067  
13.40889405  
11.54321198  
7.703345529  
3.741554552  
1.192651678  
0.692313407  
1.88271638  
3.802372586  
5.509413019  
6.587375561  
7.272996381  
8.171020661  
9.754222348  
11.96126885  
14.14269811  
15.40229605  
15.14983274  
13.54742453  
11.56882499  
10.5859434  
11.6481391  
14.80252755  
18.81881105  
21.5155339  
20.61017606  
14.75891684  
4.335372733  
-8.421850385  
-20.0150063  
-26.85644241  
-26.56976266  
-18.9202773  
-6.00345213  
8.399414792  
20.07140522  
25.76003492  
24.21779308  
16.51521206  
5.535993096  
-5.130458434  
-12.46762709  
-15.00429751  
-13.14121641  
-8.756404444  
-4.296332672  
-1.749666384  
-1.921984204  
-4.279992365  
-7.37850858  
-9.635330627  
-10.08322461  
-8.762594579  
-6.602681776  
-4.88414959  
-4.568608795  
-5.828637752  
-7.99818233  
-9.94511083  
-10.65550956  
-9.721321066  
-7.484034937  
-4.777710052  
-2.429864527  
-0.8065364091  
0.3425278664  
1.654937455  
3.679972565  
6.440303347  
9.30196821  
11.25227669  
11.44561041  
9.70535632  
6.669264115  
3.451679971  
0.9754377006  
-0.6538568614  
-2.332615881  
-5.510176052  
-11.25913009  
-19.32718756  
-27.7245687  
-33.19869479  
-32.52291092  
-24.07986655  
-8.985486904  
8.877201181  
24.08834496  
31.76768617  
29.63236138  
19.10358712  
4.897360936  
-6.809212867  
-10.89746773  
-5.440966844  
7.473461013  
22.59839929  
33.68323292  
36.00661216  
28.21625578  
12.74502499  
-5.285249731  
-20.11716024  
-27.45838601  
-25.79339761  
-16.5006611  
-2.926044658  
11.0267783  
22.13597049  
28.50296018  
29.54802348  
25.63024998  
17.65838531  
6.917614823  
-4.918887107  
-15.81729302  
-23.67237233  
-26.88971289  
-25.03425366  
-19.1715867  
-11.60833075  
-5.027290768  
-1.360039093  
-0.9398808555  
-2.396718164  
-3.40424642  
-1.942447599  
2.564613949  
8.853582429  
14.42466164  
16.87208158  
15.25518204  
10.7554441  
6.203265917  
4.647785062  
7.679114041  
14.40081589  
21.66722701  
25.56508906  
23.44997014  
15.49788783  
4.908457671  
-3.462647465  
-5.463180351  
0.1364632836  
10.7029114  
20.64544046  
23.84517082  
16.51560721  
-0.8610240379  
-23.48156009  
-44.13934819  
-56.26069868  
-56.66868092  
-46.80664372  
-31.8827932  
-18.37967717  
-11.12869967  
-11.318769  
-16.31894084  
-21.29923025  
-21.78052452  
-15.84396638  
-4.963721752  
6.849814511  
15.07126663  
16.79052032  
11.91880602  
2.970182374  
-6.335348644  
-12.83780116  
-15.15431647  
-13.80964634  
-10.3749185  
-6.243061493  
-1.817419683  
3.414437765  
10.01831142  
17.56477454  
24.14501823  
26.89989703  
23.41983659  
13.31731659  
-0.9261286026  
-14.44750542  
-21.78021276  
-19.19257933  
-6.498842836  
12.5697156  
31.70157878  
44.51218334  
47.1127071  
39.58467701  
25.70906778  
11.11370535  
0.7317441087  
-3.244402505  
-2.005991704  
0.8410405998  
1.296044634  
-2.992946237  
-11.64059011  
-21.84924908  
-29.89450701  
-32.97015053  
-30.46876493  
-24.1124382  
-16.95354604  
-11.82126574  
-10.02134627  
-10.90868377  
-12.46658637  
-12.50813529  
-9.830451179  
-4.732111179  
1.316393424  
6.596729952  
10.1095595  
12.04602853  
13.52762212  
15.79417538  
19.32151717  
23.3799335  
26.29507634  
26.28536368  
22.43486089  
15.28465417  
6.724130947  
-0.7739184959  
-5.195535049  
-5.794086538  
-3.284542751  
0.6368774417  
4.170960706  
6.233663768  
6.816103387  
6.748797924  
7.048215616  
8.229991064  
9.967038846  
11.26597508  
11.04703751  
8.796158616  
4.924010486  
0.6277120174  
-2.681731962  
-4.093357139  
-3.680764279  
-2.501172831  
-2.094938537  
-3.719308203  
-7.681450548  
-13.08913334  
-18.14337139  
-20.8495735  
-19.84103667  
-14.96678745  
-7.404986505  
0.7354065884  
7.159907391  
10.19383251  
9.356563047  
5.512686458  
0.5630132523  
-3.211507899  
-3.936635283  
-0.8123939142  
5.552833465  
13.26333076  
19.70224736  
22.3928159  
19.88997044  
12.39342233  
1.829707616  
-8.688849873  
-15.89636448  
-17.55722535  
-13.36027018  
-5.148468461  
3.660698144  
9.292829407  
9.027715089  
2.252207504  
-9.277504744  
-22.08682952  
-32.29554596  
-37.06363765  
-35.58622299  
-29.24853436  
-20.91320596  
-13.67885732  
-9.657841789  
-9.281202736  
-11.37703227  
-13.91006315  
-14.98595802  
-13.64088434  
-10.0832639  
-5.349122209  
-0.6212021054  
3.39357853  
6.701489385  
9.780658476  
13.03974658  
16.32330879  
18.78389629  
19.2371066  
16.83902353  
11.7247951  
5.231593844  
-0.4848381059  
-3.328232641  
-2.255207433  
2.092626478  
7.462087207  
10.80365773  
9.521085359  
