5.446379178  
-12.87450619  
-27.9440852  
-33.66776893  
-28.00612364  
-13.68491109  
3.220663493  
16.14305107  
20.97009407  
17.7110777  
10.14253937  
3.677450287  
2.551886868  
7.72656879  
16.51499074  
24.07111958  
25.94151712  
20.37158541  
9.205096117  
-3.05303059  
-11.50570628  
-13.29503  
-8.964672339  
-2.087455866  
2.615999394  
1.680684373  
-5.40529469  
-16.04301814  
-25.92545952  
-31.21627187  
-30.34419571  
-24.49606638  
-16.61663598  
-9.540496178  
-4.3499554  
0.08104977416  
6.065483792  
15.16120073  
26.43318897  
36.01252384  
38.40420645  
29.06492006  
7.033084181  
-23.75391518  
-55.26867062  
-78.14601671  
-85.23846103  
-74.40192558  
-49.25502297  
-17.57992613  
11.8801984  
32.75481643  
43.03105989  
44.91299871  
42.82489139  
40.70166062  
39.98158018  
39.2666115  
35.69915228  
27.19281747  
14.22364016  
0.1443493008  
-10.21090757  
-12.93557711  
-7.212061176  
3.947638957  
14.85091556  
19.67477039  
15.20274497  
2.412770353  
-13.87508998  
-27.14189761  
-32.08788629  
-26.94488374  
-14.11229725  
1.130539477  
13.1605395  
18.54993413  
17.41164292  
12.97858993  
9.717665814  
10.96841231  
17.27333178  
26.17086659  
33.47488647  
35.34834831  
30.13879053  
19.12235731  
5.877760294  
-5.323726563  
-11.30103454  
-11.10749416  
-6.108727066  
0.8892415308  
6.927481106  
9.959822854  
9.28215468  
5.301881195  
-1.045250211  
-8.818708616  
-17.27067523  
-25.72501021  
-33.36776699  
-39.21505521  
-42.36625342  
-42.41305881  
-39.72167881  
-35.34569004  
-30.54542066  
-26.15537989  
-22.17967288  
-17.90396345  
-12.51969919  
-5.92487874  
0.8033066425  
5.648335341  
6.615215018  
2.979256657  
-3.866960209  
-10.55396914  
-12.99543354  
-8.302361432  
3.54262017  
19.15537627  
32.80410796  
38.74010092  
33.82792684  
19.25006153  
0.3985801302  
-15.1385715  
-20.69559039  
-13.39146167  
4.560707238  
26.71972498  
45.09314063  
53.43084895  
49.66348877  
36.42615883  
19.51243213  
5.06516373  
-3.131431111  
-5.003890595  
-3.638644297  
-3.232166574  
-6.662297436  
-13.93800861  
-22.28612396  
-27.76432127  
-27.49999456  
-21.3427267  
-12.04228177  
-3.847098813  
-0.2578887485  
-2.127604777  
-7.137022435  
-10.9717647  
-9.638652335  
-1.744871499  
10.45932087  
21.87982602  
26.90669728  
22.17352988  
8.395630778  
-9.650206673  
-25.05920512  
-31.77497865  
-27.22779575  
-13.4075853  
4.113085408  
18.72059933  
25.65574023  
23.91643261  
16.33100787  
7.860302732  
3.026229053  
3.743772554  
8.582564395  
13.74515268  
15.19741108  
10.84232776  
1.647369679  
-8.809707803  
-16.11250883  
-17.18780025  
-11.81407317  
-2.734859867  
5.643063147  
9.300631335  
6.406566549  
-1.967717612  
-12.49044546  
-21.17836405  
-25.14638811  
-23.66922097  
-18.1263851  
-10.98538919  
-4.43831776  
0.5791998259  
4.524463635  
8.565144162  
13.54178671  
19.20307478  
24.15612797  
26.55444292  
25.12895202  
19.97689975  
12.65926656  
5.537824408  
0.6987443896  
-0.967495867  
-0.04869789562  
1.874656913  
3.193741315  
3.165892409  
2.234190714  
1.59370549  
2.257261177  
4.174567483  
5.956296281  
5.44001745  
0.8668762581  
-7.934659085  
-19.02853069  
-28.89429298  
-33.8544683  
-31.78147932  
-23.25939064  
-11.58124569  
-1.490525146  
2.823131485  
-0.4183970668  
-9.72982855  
-20.93452115  
-28.92877538  
-29.85956873  
-22.74786899  
-9.849288058  
4.373580569  
15.1665371  
19.40704192  
16.69561644  
9.198760922  
0.4200855629  
-6.447507597  
-9.79630416  
-9.956468187  
-8.568065201  
-7.396310134  
-7.256097413  
-7.606107547  
-6.990582103  
-4.051790416  
1.460206013  
8.247860806  
13.86729535  
15.80975813  
12.75298051  
5.374451105  
-3.685345557  
-10.73262958  
-12.43108446  
-7.125008728  
4.465261659  
19.4370421  
33.68012663  
43.23042752  
45.49492537  
39.94598803  
28.12235762  
13.03166908  
-1.779126169  
-13.17672107  
-19.1722044  
-19.29621208  
-14.58641694  
-7.224601029  
0.0934707839  
4.927942707  
5.827055297  
2.811772028  
-2.573125004  
-7.720481905  
-9.839041028  
-6.972768265  
1.212618797  
13.20135791  
26.08492338  
36.55655674  
42.06271635  
41.65360823  
36.19791374  
27.90144425  
19.36871085  
12.63265326  
8.559478948  
6.829370226  
6.404773867  
6.174281056  
5.415686084  
3.870034558  
1.475381251  
-1.97640862  
-6.946435603  
-13.85797707  
-22.52017581  
-31.61706374  
-38.66984756  
-40.6935748  
-35.4159419  
-22.57403102  
-4.65270766  
13.41964323  
25.68324596  
27.22219731  
16.10272811  
-5.650258567  
-32.51247346  
-57.24916814  
-73.36646244  
-77.27093085  
-69.30378566  
-53.29011802  
-34.86219417  
-19.30102173  
-9.786193755  
-6.698617499  
-8.117845561  
-11.1333772  
-13.28519608  
-13.48351312  
-12.08339791  
-10.23106384  
-8.931222749  
-8.362266071  
-7.772636495  
-5.949324318  
-1.946086705  
4.354783581  
12.14984644  
20.11676949  
27.06263547  
32.44547992  
36.48375944  
39.81171058  
42.90006701  
45.59618887  
47.07250066  
46.24229982  
42.43372358  
35.95176734  
28.19552537  
21.21801582  
16.90505718  
16.1586509  
18.48501355  
22.19814697  
25.14990869  
25.63812307  
23.05949852  
18.00553274  
11.78273475  
5.62764838  
0.03608541043  
-5.4411009  
-11.83259032  
-20.0101982  
-29.98113165  
-40.60176889  
-49.89425161  
-55.83496664  
-57.2312201  
-54.24045313  
-48.25163695  
-41.16494718  
-34.41618638  
-28.24111663  
-21.57879511  
-12.71145529  
-0.3707006892  
15.21610612  
31.87959259  
45.95733683  
53.5319206  
51.9780477  
41.16351062  
23.76200503  
4.493423196  
-11.44392933  
-20.13985861  
-20.24083961  
-13.23026148  
-2.641572795  
7.436353103  
13.928536  
15.78282724  
14.05210551  
11.09374022  
9.302371155  
9.966738173  
12.74910237  
15.98089234  
17.59149151  
16.20878136  
11.91037781  
6.279045953  
1.741007476  
0.4886455427  
3.468513903  
9.876219087  
17.36963339  
22.89986509  
23.8072648  
18.74274475  
8.078755534  
-6.290366512  
-21.60906974  
-35.07740733  
-44.51703075  
-48.70874701  
-47.40438155  
-41.15075124  
-31.09082147  
-18.83064477  
-6.339916076  
4.225330499  
10.87305107  
12.28214132  
8.307674046  
0.241128684  
-9.378128071  
-17.43862449  
-21.23659781  
-19.40443877  
-12.40921709  
-2.390829774  
7.621848209  
14.81214844  
17.54947095  
15.8472242  
11.14637721  
5.562989775  
0.9636036625  
-1.718255615  
-2.656128975  
-2.787014449  
-3.186811972  
-4.510118504  
-6.764655903  
-9.481253675  
-12.1151391  
-14.39511865  
-16.38967904  
-18.24931267  
-19.80287596  
-20.30572976  
-18.57851324  
-13.56240639  
-5.055919262  
5.761469611  
16.37320633  
23.6491844  
25.02530348  
19.65295098  
8.983448654  
-3.53895078  
-13.62227199  
-17.67712901  
-14.1412952  
-4.028831864  
9.518168472  
22.4716723  
31.4228005  
34.73302354  
32.90149855  
28.07800309  
23.01122823  
19.9221235  
19.75621879  
22.04277184  
25.29822823  
27.7024837  
27.73156509  
24.54060437  
18.06611791  
8.948854082  
-1.599839493  
-11.94142575  
-20.21540899  
-24.69157672  
-24.28100396  
-19.07265326  
-10.64202683  
-1.878888471  
3.759207622  
3.397401392  
-4.110780808  
-17.53080989  
-33.4280078  
-47.19364491  
-54.56244679  
-53.03946466  
-42.68071401  
-25.94520283  
-6.731893181  
10.95706189  
24.17548885  
31.61121964  
33.49482273  
31.06053707  
25.92878052  
19.70492142  
13.86027082  
9.733081752  
8.407562263  
10.35184432  
14.94401312  
20.22330033  
23.21168759  
20.90946912  
11.67812646  
-3.60268787  
-21.26856531  
-35.84851276  
-42.07564049  
-37.15873766  
-22.28856438  
-2.577035076  
14.72324588  
23.07743162  
19.40281123  
