23.96002198  
27.79736991  
21.55281175  
9.4979342  
-2.028528558  
-7.765249551  
-5.984078554  
0.9380731385  
8.038172388  
10.51633739  
6.256583611  
-3.171915636  
-13.49487276  
-20.10718791  
-20.53827957  
-15.68786795  
-9.191876143  
-5.287962076  
-6.354885434  
-11.47241923  
-16.8036965  
-17.6257426  
-10.94648301  
2.684692782  
19.16005602  
32.64739452  
38.35945642  
34.84244899  
24.60273675  
12.74308846  
4.312227807  
1.742086617  
3.705099893  
5.98830272  
3.925674559  
-4.888083737  
-19.04239118  
-33.76012981  
-43.15657346  
-43.15725523  
-33.55828864  
-18.13314976  
-2.691043923  
7.933875346  
12.39849515  
13.52210176  
16.68681975  
26.71635292  
44.8105349  
67.15941299  
86.08156475  
93.29029644  
83.80290706  
58.6148164  
24.77843428  
-7.277574975  
-28.04619873  
-32.92288885  
-24.04749613  
-9.153817518  
2.054970244  
2.354668792  
-9.743514624  
-29.38220157  
-47.62790102  
-55.55564845  
-48.29417979  
-27.24372006  
0.457853603  
24.90554803  
37.47599929  
34.20092248  
17.10075732  
-6.93474803  
-29.07989086  
-41.99061464  
-42.315625  
-31.4366098  
-14.39312389  
2.332609044  
13.16372295  
15.04643969  
7.939394274  
-5.702143559  
-21.99198694  
-36.73633105  
-46.31556337  
-48.276465  
-41.73087972  
-27.62488831  
-8.799688896  
10.34890395  
24.76444394  
30.10757612  
24.24737852  
8.289864258  
-13.389585  
-34.3159771  
-47.9973036  
-50.18841474  
-40.43967825  
-22.25656568  
-1.738843209  
14.79324943  
23.22818469  
23.1431522  
17.71591371  
12.11838042  
11.09449266  
16.77914293  
27.70702481  
39.43920854  
46.52611028  
44.94082465  
33.91437347  
16.36801912  
-2.248623211  
-16.21107243  
-21.89208738  
-19.23075747  
-11.67107778  
-4.601343985  
-2.965919505  
-9.067376874  
-21.4875582  
-35.57341366  
-45.27169819  
-45.5369785  
-34.31759846  
-13.32473697  
12.67644767  
37.6942447  
56.64695247  
66.91571935  
68.72626604  
64.31894703  
56.41258938  
46.75950669  
35.50593455  
21.65064113  
4.334345552  
-15.7433896  
-35.58890802  
-50.37905858  
-55.0845742  
-46.62855164  
-25.62794924  
3.144536607  
31.94716332  
52.57761061  
59.27945317  
50.8933872  
31.35419534  
8.282282841  
-9.812882513  
-16.63296613  
-10.28807758  
6.236747342  
26.46051737  
43.00146802  
50.30138646  
46.40250053  
33.16078462  
14.97043826  
-3.315586415  
-18.30968483  
-29.06539915  
-36.81046091  
-43.73031049  
-51.49754302  
-60.28497171  
-68.69506684  
-74.54783946  
-76.04709702  
-72.69171383  
-65.47008942  
-56.27740702  
-46.90263143  
-38.14879091  
-29.56130257  
-19.90396042  
-8.118621551  
5.759230025  
20.23888603  
32.79139537  
40.86229273  
42.97956387  
39.40118422  
31.97424187  
23.28709755  
15.56038372  
9.857427394  
6.018993682  
3.325945689  
1.477792557  
1.268940747  
4.476928679  
12.89578981  
26.95239243  
44.66366693  
61.63355758  
72.34298089  
72.3387916  
60.39356422  
39.57196348  
16.51775231  
-0.9659116526  
-7.153640749  
-1.079948209  
12.59785891  
25.12020392  
27.0754992  
12.43535706  
-18.52106171  
-58.71254926  
-96.53346562  
-120.0771146  
-121.6280259  
-100.5926234  
-63.67247855  
-22.23085025  
12.02621609  
31.24980747  
33.83362261  
24.11855885  
9.737288976  
-2.079999484  
-7.538304408  
-7.348627655  
-5.508462605  
-6.547106161  
-12.68336935  
-22.32924846  
-30.67844915  
-32.08192337  
-23.03337993  
-4.27938089  
19.02335417  
39.25675472  
49.54792919  
46.77927663  
33.02215218  
14.72772416  
0.02528703084  
-4.674036486  
2.717936585  
19.25205753  
38.34877319  
52.61825742  
56.81006065  
49.63737783  
33.81015397  
14.45680067  
-3.192405437  
-15.75357901  
-22.46664616  
-24.64945883  
-24.33200168  
-22.91397387  
-20.5647947  
-16.60114777  
-10.50220332  
-2.869913726  
4.312120138  
8.35801526  
7.189158397  
0.5808075722  
-9.361038526  
-18.83245773  
-23.84953765  
-21.95990276  
-13.32795061  
-0.6569702238  
12.03293366  
21.19686739  
25.27748664  
25.22461565  
23.79089291  
23.96100141  
27.28025501  
32.88614765  
37.70520341  
37.72882147  
29.79604524  
13.10514521  
-10.17085761  
-35.37741872  
-56.732903  
-68.99556176  
-68.86673646  
-55.75713103  
-31.84041139  
-1.546076721  
29.28781309  
54.44123247  
68.44725106  
67.76972523  
51.8482966  
23.68330703  
-10.42101354  
-42.17866425  
-63.55730933  
-69.31919428  
-58.95338736  
-37.13311378  
-12.29548308  
6.323480788  
12.16259126  
3.944845993  
-13.71482823  
-32.0829448  
-41.85260341  
-37.0579234  
-17.72833714  
9.877927778  
35.63176201  
49.5548041  
45.85468121  
25.29389292  
-5.095994304  
-34.82994895  
-54.13246277  
-57.71756035  
-46.64765317  
-27.56670819  
-9.708691972  
-0.9866243321  
-4.791394268  
-18.76763864  
-35.96527771  
-47.78060573  
-47.41551941  
-32.45497454  
-5.612082602  
26.51525969  
56.03977023  
76.62172332  
85.44875716  
83.69709387  
75.46831943  
65.78418852  
58.52021834  
55.08587903  
54.27880102  
53.23646168  
48.98464646  
39.89339258  
26.44888428  
11.06719892  
-2.917134889  
-12.62778328  
-16.79649336  
-16.20452756  
-13.23913516  
-10.761384  
-10.77891523  
-13.50837648  
-17.25806036  
-19.21600569  
-16.82813057  
-9.173710907  
2.287324327  
13.97397481  
21.40105667  
20.8772462  
10.97511622  
-6.856425876  
-28.80268776  
-50.08892603  
-66.65986134  
-76.40518737  
-79.43756096  
-77.39606272  
-72.2167352  
-65.0512791  
-55.9002308  
-44.11258506  
-29.40708256  
-12.75405593  
3.49802797  
16.4615778  
24.16393103  
26.84472626  
27.29325366  
29.83687879  
38.2739752  
53.66123826  
73.08005971  
90.16558618  
97.40521473  
89.34629225  
65.32390454  
30.41152999  
-5.987666435  
-33.45762373  
-44.46479853  
-37.19739058  
-16.14367753  
9.815707017  
30.94584025  
40.28430111  
35.84138477  
20.56652369  
0.3178879715  
-19.05024381  
-34.06567412  
-44.45430427  
-52.22481118  
-59.73069509  
-67.87700665  
-75.46268304  
-79.95955481  
-79.20165718  
-72.94576832  
-63.33322715  
-53.89793516  
-47.60005062  
-44.95736458  
-43.37699587  
-38.20954983  
-25.14535189  
-2.810737376  
25.79177833  
53.87874183  
73.44073575  
78.70396253  
68.92907756  
49.19852573  
28.70982568  
17.21283427  
21.07835612  
40.66753123  
70.108369  
99.54081238  
118.8524557  
121.3494035  
105.9271798  
77.02474172  
42.60067027  
11.1288965  
-11.136025  
-21.67343419  
-21.68311041  
-14.88833978  
-5.872542855  
1.349577497  
4.135574507  
1.387510983  
-6.661888216  
-18.77712416  
-33.03243691  
-47.13880022  
-58.86875949  
-66.56923653  
-69.60114765  
-68.46592725  
-64.46737631  
-58.99114421  
-52.73225012  
-45.30078526  
-35.48764614  
-22.12865862  
-5.139963971  
13.87153979  
31.86059497  
45.46300988  
52.48706109  
53.00223189  
49.36895229  
45.06135285  
42.78409125  
42.83834371  
42.6745604  
38.03856241  
25.30540813  
3.907128976  
-22.42680498  
-46.43697615  
-60.00065449  
-57.62617725  
-39.19269293  
-10.58317938  
18.24065418  
37.00163499  
39.11091307  
24.16290325  
-2.165564179  
-30.71573054  
-52.72230903  
-63.19235909  
-62.31941899  
-54.44952778  
-45.29874248  
-38.91246561  
-35.88379076  
-33.61805409  
-28.33678988  
-17.62533753  
-2.092469874  
14.76087235  
28.37072297  
35.60935095  
36.5528017  
34.4999604  
34.16689858  
38.98206302  
48.93058355  
60.15642181  
66.63716816  
63.15894712  
48.10148853  
24.58592854  
-0.6684237249  
-20.2809374  
-29.52054735  
-28.35598999  
-21.2244217  
-14.63255574  
-13.79349689  
-19.98695632  
-29.96517193  
-37.69232382  
-37.52791431  
-27.23806522  
-9.311578494  
