-37.83353546  
-25.52706342  
-17.86439738  
-14.87000035  
-13.43970635  
-9.171075213  
1.405906828  
19.1940264  
42.10989673  
65.90465756  
85.72614337  
97.69361939  
99.87609935  
92.42659101  
77.02341479  
56.02165497  
31.7357005  
6.096296434  
-19.32235566  
-43.09303817  
-63.77485736  
-79.94231955  
-90.39953352  
-94.45877911  
-92.13555908  
-84.16820269  
-71.86291884  
-56.83862972  
-40.76302183  
-25.14194173  
-11.17655486  
0.3260872619  
8.999473183  
14.91518288  
18.51242585  
20.4603858  
21.48945414  
22.25652129  
23.30024582  
25.08769001  
28.08364813  
32.73195293  
39.267969  
47.38554586  
55.91016677  
62.71169935  
65.05221178  
60.39842228  
47.48853407  
27.24505327  
3.082213373  
-19.67775695  
-35.22974185  
-39.13302054  
-29.92263322  
-9.846125468  
15.62121356  
39.37040337  
54.81322662  
57.82729122  
47.8096331  
27.52542599  
1.918010703  
-23.56727418  
-44.46642625  
-58.08534868  
-63.46796681  
-60.81271459  
-50.8202553  
-34.40331282  
-12.9041453  
11.3919215  
34.89514415  
52.93847724  
60.75604218  
54.97842435  
35.07803873  
4.111639837  
-31.67660683  
-64.38840508  
-86.66738088  
-93.79384433  
-84.9355069  
-63.13855528  
-34.13183403  
-4.454929865  
20.3740193  
37.03646388  
44.66208049  
44.28162634  
37.9093873  
27.73620243  
15.73911496  
3.716595833  
-6.493110699  
-12.93592591  
-13.8158899  
-8.080773403  
3.947915835  
20.2572067  
37.38730677  
51.23855967  
58.17682275  
56.02196869  
44.55403642  
25.3837919  
1.313463389  
-24.48755319  
-49.13840355  
-70.32700787  
-86.24636843  
-95.41087357  
-96.62499811  
-89.24816397  
-73.67441701  
-51.74624551  
-26.772276  
-2.960958954  
15.64550923  
26.37832428  
28.80761879  
24.876514  
18.20089696  
12.78155608  
11.62380452  
15.79383297  
24.24108083  
34.3847966  
43.1519261  
48.01133066  
47.62235362  
41.95356656  
31.99141841  
19.31093243  
5.7555822  
-6.699366513  
-16.01870283  
-20.32423526  
-18.37998079  
-10.24818553  
2.203591428  
15.34163107  
24.58759701  
25.90854531  
17.47394991  
0.7648727908  
-19.47553833  
-36.63849602  
-44.59825094  
-40.14090914  
-24.46143544  
-3.02038169  
16.30713202  
26.14148126  
22.44190376  
6.143715979  
-17.08524297  
-38.88603316  
-51.24455839  
-49.33723962  
-33.11631548  
-7.110757416  
21.35729736  
44.74839623  
57.66468884  
58.19323058  
47.93832984  
30.99290495  
12.4414393  
-2.989235728  
-11.76470459  
-11.84683679  
-2.699971842  
14.73228406  
37.97922179  
63.05614071  
84.80334496  
97.74368148  
97.39378157  
81.65955932  
51.7701766  
12.28441483  
-29.9712307  
-67.7331775  
-95.25746734  
-109.6825597  
-111.3156209  
-102.8152009  
-87.70391907  
-68.90487462  
-47.93419508  
-25.03520459  
-0.08044832215  
26.29596318  
51.96063297  
73.3562516  
86.40625839  
87.86816868  
76.54779071  
53.85583622  
23.49126045  
-9.584653588  
-40.43877628  
-65.21836639  
-81.6352901  
-88.8534501  
-87.02669571  
-76.85109522  
-59.41187883  
-36.37334856  
-10.31277211  
15.13681308  
35.62114407  
46.94559505  
46.29298405  
33.35148825  
10.87922784  
-15.61725151  
-39.1173936  
-52.93188565  
-52.61818517  
-37.36668855  
-10.39852201  
21.78854514  
51.13815668  
70.23269557  
74.33262171  
62.66165343  
38.56011121  
8.463679559  
-19.98399343  
-40.11622895  
-48.06699215  
-43.69055556  
-30.32018822  
-13.47875803  
1.014455769  
8.914047822  
8.796847817  
2.316714781  
-6.562796924  
-13.04845058  
-13.18728412  
-5.178466177  
10.06037088  
29.18885929  
47.44074899  
59.97115779  
63.15076329  
55.47792518  
37.92922562  
13.72864669  
-12.36278235  
-35.06618342  
-49.71352478  
-53.27898666  
-45.10756951  
-27.1611523  
-3.669549584  
19.80283518  
37.70138856  
45.91213147  
42.87463552  
30.02000453  
11.35440809  
-7.727289175  
-22.05363243  
-28.21301307  
-25.52199707  
-16.11394436  
-4.126096086  
5.738564519  
9.799120272  
6.619697811  
-2.514169519  
-14.00159125  
-23.07363832  
-25.32274013  
-18.15485869  
-1.739046425  
20.8219514  
44.16382337  
62.01460629  
68.8886352  
61.67766361  
40.70189964  
9.899007726  
-23.96336922  
-52.90688755  
-69.80600663  
-70.34698197  
-54.31953738  
-25.82808567  
7.701552476  
37.491509  
55.82301795  
58.19254622  
44.56520179  
19.3298939  
-10.04887611  
-35.28380423  
-49.73360725  
-50.32395391  
-38.3257457  
-18.76195421  
1.340851399  
15.26455206  
18.70466378  
10.98322951  
-4.994534066  
-23.95803917  
-40.17147354  
-49.30364723  
-49.60565301  
-42.03782263  
-29.41939818  
-15.06035307  
-1.511296995  
10.03837103  
19.5230078  
27.15398215  
32.49667866  
34.04673557  
29.63150668  
17.53201221  
-2.185657291  
-26.82291842  
-51.22544609  
-69.09358275  
-75.00863882  
-66.38741638  
-44.54443416  
-14.37902936  
17.22438359  
43.65572316  
60.6003424  
67.05609093  
65.04175309  
58.26838625  
50.45991204  
44.07710217  
39.90917381  
37.50982761  
36.03948263  
34.93224117  
34.00844698  
33.06331548  
31.33851835  
27.39997599  
19.71245871  
7.745382757  
-6.986784871  
-20.67527956  
-28.19676744  
-25.15513218  
-10.18846528  
13.5646893  
38.73177623  
55.8940086  
57.00141834  
38.66803057  
3.922233831  
-38.43884498  
-76.74826894  
-100.5049098  
-103.9335076  
-87.66484155  
-57.96135439  
-23.97122861  
5.705477405  
25.66957774  
34.61936885  
34.41111912  
28.06101152  
17.86188019  
4.569077302  
-12.07819464  
-32.00359158  
-53.5537495  
-73.21472683  
-86.55165135  
-89.92391354  
-82.06615801  
-64.67339698  
-41.65780392  
-17.46260473  
4.669963766  
23.56440953  
39.69248719  
53.78860032  
65.39345973  
72.29768408  
71.37484313  
60.49025059  
40.4829762  
16.03213888  
-5.321773894  
-15.82722355  
-10.77133646  
9.16493486  
37.63884404  
64.74604481  
80.67717654  
79.37973608  
60.65639338  
29.85251873  
-4.604975864  
-34.59909754  
-55.08373329  
-65.07392094  
-66.67314607  
-62.92593403  
-55.80038091  
-45.40905319  
-30.800886  
-11.72731922  
9.790265287  
29.1796934  
40.70846916  
39.98585002  
26.33712598  
3.769729136  
-20.11435019  
-36.9066056  
-40.67545548  
-30.26994212  
-9.618169149  
14.05970504  
33.24273543  
42.92011232  
42.02273731  
33.03123944  
20.22231732  
7.614295801  
-2.336448822  
-8.796691905  
-11.66075696  
-10.5312059  
-4.419066857  
7.509943726  
24.56063895  
43.44335088  
58.43385526  
63.07504498  
52.86449549  
27.70274748  
-7.201510237  
-42.65682663  
-68.70132019  
-78.40961528  
-70.63198849  
-50.41977548  
-26.91676682  
-9.644575364  
-4.819120336  
-13.27177826  
-30.7471812  
-50.22575371  
-65.02259925  
-71.18133169  
-68.18607298  
-57.96366345  
-43.02757908  
-24.96466684  
-4.133464045  
19.36987968  
44.23477587  
67.06468721  
82.91333758  
87.21095476  
78.18674108  
58.45555169  
34.72010537  
15.43176168  
7.319417112  
12.37210477  
26.77390389  
42.43454553  
50.53384379  
45.50489197  
27.61484699  
2.923799682  
-19.38634823  
-31.08847259  
-28.51906172  
-14.08423758  
4.969358751  
19.87162524  
24.15432749  
16.243646  
-0.257055941  
-18.54199056  
-31.75131853  
-35.76214644  
-30.41263489  
-18.81916349  
-5.401236418  
6.22242762  
14.40052074  
19.25760293  
21.52987698  
21.33446561  
17.74127562  
9.461716682  
-3.769263617  
-20.03914206  
-35.20983708  
-44.27632787  
-43.62088316  
-33.05327466  
-16.48879722  
-0.7005689092  
7.475929218  
4.28164078  
-8.971451986  
-26.09649203  
-38.48765164  
-38.8408847  
-24.50929719  
1.030518693  
29.31058196  
50.15954338  
55.74811829  
43.66618828  
17.75379424  
-13.59255573  
-40.82555438  
-56.86281792  
-59.40950775  
-51.13568038  
