0.9466798932  
-7.505896464  
-18.22340929  
-28.44297792  
-35.46083457  
-37.61958554  
-34.88640606  
-28.7902841  
-21.74606654  
-16.0460407  
-12.93790596  
-12.17546571  
-12.2307006  
-11.07743245  
-7.20880492  
-0.4429542413  
7.8491906  
15.21856295  
19.13684516  
18.10412333  
12.38412252  
4.026738024  
-3.867191013  
-8.358019951  
-7.857841652  
-2.793598136  
4.552966073  
10.97708519  
13.6707827  
11.37254813  
4.856294103  
-3.448284861  
-10.53284678  
-14.1076301  
-13.54457704  
-10.05313436  
-6.022222494  
-3.8414203  
-4.751053388  
-8.256747045  
-12.38072131  
-14.63174231  
-13.23615789  
-8.045607673  
-0.6826918021  
6.158451174  
9.941332842  
9.473431511  
5.487740099  
0.3322583621  
-3.104335198  
-2.741943756  
1.693591723  
8.496580097  
14.72642447  
17.54067152  
15.50980387  
9.309472969  
1.468400501  
-4.719713426  
-6.630512788  
-3.44520891  
3.516791606  
11.40565156  
17.10205912  
18.55779075  
15.62276622  
10.01280835  
4.469578466  
1.520044302  
2.402275594  
6.617554002  
12.26117141  
16.9253458  
18.72629426  
16.98936853  
12.32602382  
6.144484486  
-0.09927412212  
-5.51174047  
-9.94533507  
-13.71860571  
-17.08966629  
-19.82656692  
-21.15498817  
-20.14561127  
-16.34544035  
-10.29754402  
-3.617090637  
1.501334774  
3.181798872  
0.7754039916  
-4.666804888  
-10.63826629  
-14.10608001  
-12.77004405  
-6.117467708  
4.205503281  
14.91126951  
22.30245888  
23.72677296  
18.65000597  
8.889485141  
-2.10287617  
-10.6171222  
-14.15119281  
-12.35529592  
-7.066148445  
-1.42811639  
1.514513053  
0.1490521982  
-5.016997304  
-11.59751575  
-16.38719526  
-16.77833349  
-11.92836769  
-3.182782186  
6.418077436  
13.33135298  
14.89581763  
10.33364979  
0.9747995157  
-10.34934262  
-20.44460333  
-26.91791947  
-28.88150255  
-26.94608446  
-22.5869675  
-17.24465338  
-11.62100327  
-5.506848701  
1.802970502  
10.75407819  
20.85946758  
30.49752643  
37.33990791  
39.25203507  
35.26023609  
26.12090687  
14.19093192  
2.614936837  
-5.838121766  
-9.783894578  
-9.634691786  
-7.238586338  
-4.921519316  
-4.378278335  
-5.921156839  
-8.420654854  
-9.944834592  
-8.776571456  
-4.317560925  
2.549301537  
9.802575868  
15.158085  
17.05860001  
15.31747741  
11.13235982  
6.491926927  
3.279549984  
2.502664924  
3.989173105  
6.64563249  
9.095576184  
10.3480771  
10.16532873  
8.984248068  
7.493886399  
6.148410919  
4.907949027  
3.350872421  
1.073177014  
-1.884609386  
-4.867878887  
-6.837493304  
-6.907054159  
-4.902035198  
-1.612283817  
1.448688758  
2.704604227  
1.286070286  
-2.490805107  
-7.212077169  
-11.01585251  
-12.50160321  
-11.44071224  
-8.905565094  
-6.718515017  
-6.474175163  
-8.629603806  
-12.15348828  
-14.96423342  
-14.98826484  
-11.33363555  
-4.973290245  
1.4622318  
4.763019562  
2.630499269  
-5.113870304  
-16.20491779  
-26.70673991  
-32.58423727  
-31.38745393  
-23.29001208  
-11.00516512  
1.385660887  
10.15987362  
13.45315812  
11.86540244  
7.932245287  
4.751925005  
4.439781619  
7.140492681  
11.03919565  
13.32721635  
11.6289987  
5.200783539  
-4.651430152  
-15.09305676  
-22.93307249  
-25.87373883  
-23.27263842  
-16.12915019  
-6.402583717  
3.922622692  
13.53542875  
21.95502095  
29.16616441  
35.04447829  
38.98079085  
39.97491995  
37.17569127  
30.56148148  
21.34246469  
11.78876094  
4.485065397  
1.327120096  
2.735807815  
7.484455158  
13.243426  
17.59520889  
19.03909065  
17.51182315  
14.19614747  
10.74877257  
8.368702236  
7.196172103  
6.347041757  
4.544627303  
0.9880286501  
-4.033900497  
-9.143989444  
-12.52591195  
-12.90054126  
-10.31321595  
-6.289777924  
-3.228092887  
-3.285625459  
-7.298713424  
-14.28133009  
-21.78430277  
-26.97889735  
-27.96420014  
-24.67277549  
-18.92824281  
-13.61026418  
-11.31195095  
-13.12136962  
-18.10244015  
-23.71750293  
-26.98489921  
-25.82176992  
-19.94407089  
-10.92262788  
-1.404704577  
6.093025194  
10.22804974  
11.22660709  
10.4845795  
9.628691303  
9.551866893  
9.929134836  
9.45810042  
6.685562894  
0.9758998276  
-6.90039015  
-14.88942965  
-20.46070598  
-21.72116967  
-18.29869226  
-11.55830976  
-4.034296247  
1.66339703  
3.958462154  
2.91950244  
0.1013045333  
-2.287885287  
-2.481861555  
0.01046707115  
4.219912173  
8.247995377  
10.23996149  
9.324296933  
6.071315932  
2.262436435  
0.08923107233  
1.162501842  
5.785290441  
12.80668277  
20.09728881  
25.41039955  
27.23870489  
25.30973432  
20.55072336  
14.59889504  
9.115821809  
5.212116609  
3.192258501  
2.655882717  
2.831735876  
2.948968484  
2.486113794  
1.243800687  
-0.7075402537  
-3.106367102  
-5.537649257  
-7.436666645  
-8.13010211  
-6.986978993  
-3.684170275  
1.509393906  
7.592147988  
12.97693303  
15.95385949  
15.33571571  
11.02309468  
4.209850957  
-2.930204786  
-8.01437014  
-9.398882888  
-6.906555357  
-1.994971747  
2.755928403  
4.666552538  
2.085699762  
-4.849205859  
-14.15538322  
-22.69829306  
-27.36449176  
-26.23917528  
-19.31118437  
-8.432660317  
3.423445174  
13.2746282  
19.13974574  
20.55281343  
18.42431482  
14.38833803  
9.986205308  
6.073632523  
2.694998984  
-0.5822905726  
-4.108274794  
-7.701667573  
-10.57306571  
-11.67598498  
-10.30890804  
-6.648477849  
-1.911736425  
1.982600764  
3.143495294  
0.51994462  
-5.565477432  
-13.41295074  
-20.49382384  
-24.33583698  
-23.38917247  
-17.53626805  
-8.06950185  
2.810766086  
12.73983506  
19.86788125  
23.24102936  
22.81387395  
19.1916138  
13.29348726  
6.111176944  
-1.36957191  
-8.14105679  
-13.16966793  
-15.52464213  
-14.6501182  
-10.67063185  
-4.554417686  
2.012090156  
7.063436583  
8.979708981  
7.058796343  
1.794922966  
-5.268047067  
-12.06340607  
-16.70254087  
-18.07368811  
-16.11648773  
-11.69874052  
-6.19521665  
-0.9809370416  
2.942919161  
5.071794059  
5.29398448  
3.698356563  
0.4533110246  
-4.156544157  
-9.576051341  
-14.84899836  
-18.67040189  
-19.69430692  
-17.02393386  
-10.6801475  
-1.806460528  
7.546670604  
15.03690975  
18.83402923  
18.29389604  
14.21526316  
8.556239461  
3.715020146  
1.664246434  
3.288567643  
8.178985242  
14.93348472  
21.79331061  
27.31236368  
30.76873657  
32.17339197  
31.93545291  
30.40756541  
27.5784779  
23.08826514  
16.56069265  
8.07096288  
-1.518888488  
-10.57401988  
-17.10735743  
-19.465799  
-17.00314917  
-10.44475272  
-1.765907352  
6.397797086  
11.59816581  
12.36723485  
8.665550749  
1.833808057  
-5.9157187  
-12.26721403  
-15.55096606  
-15.22400432  
-11.94549512  
-7.256837801  
-3.003832739  
-0.7055471392  
-1.07113698  
-3.803703158  
-7.735853045  
-11.24295562  
-12.80237936  
-11.52446877  
-7.486943018  
-1.75568198  
3.931291113  
7.7311449  
8.334225017  
5.45002136  
-0.04732969592  
-6.392453133  
-11.54711044  
-13.94915645  
-13.1115892  
-9.830631651  
-5.903724509  
-3.448603627  
-4.078617189  
-8.254806421  
-15.07253541  
-22.56968507  
-28.4365708  
-30.84882107  
-29.10235233  
-23.81680823  
-16.65423951  
-9.689631592  
-4.693936361  
-2.597448172  
-3.300979423  
-5.846581158  
-8.82159803  
-10.80750861  
-10.71464068  
-7.935730019  
-2.351483642  
5.725879335  
15.59687678  
26.19661184  
36.14858219  
43.92781198  
48.16721687  
48.05275111  
43.66626128  
36.10571177  
27.26946302  
19.32084873  
13.9960937  
12.01432685  
12.83686037  
14.90077076  
16.26005703  
15.39152659  
11.83696923  
6.406952189  
0.8441831055  
-2.929331529  
-3.675378401  
-1.4478933  
2.32391786  
5.336703141  
