22.6213967  
12.43309969  
-2.465707522  
-17.6132921  
-27.93075526  
-29.90948853  
-23.15900708  
-10.56963344  
3.000522789  
12.89790936  
16.67633957  
14.98847492  
10.97099587  
8.463262539  
9.963430696  
15.33764384  
21.90859598  
25.85389704  
24.19239167  
16.35243935  
4.537730424  
-7.281108236  
-15.23057113  
-17.31411938  
-14.2261577  
-8.820756936  
-4.543211657  
-3.652834685  
-6.154802264  
-9.975763509  
-12.261729  
-11.08940265  
-6.665263681  
-1.356724884  
1.486451603  
-0.6812173086  
-8.143676965  
-18.5821884  
-28.07277247  
-32.95137931  
-31.61377126  
-25.3261615  
-17.60920248  
-12.47815576  
-12.41090682  
-17.06974393  
-23.43569082  
-27.30758056  
-25.42530634  
-17.15214508  
-4.862877376  
7.169536578  
14.83822114  
16.18385382  
12.29478364  
6.670452985  
3.370052278  
4.887628086  
10.84091156  
18.15529949  
22.66850647  
21.3546968  
14.037747  
3.701582275  
-4.803497993  
-7.058766812  
-1.268114531  
10.73428992  
24.17089255  
33.3962501  
34.38813324  
26.49036767  
12.61568778  
-2.137781022  
-12.75527307  
-16.37208422  
-13.20247908  
-5.991953996  
1.615196594  
6.901959281  
9.178373549  
9.669841744  
10.3662178  
12.54065388  
15.78865765  
18.125946  
17.09161235  
11.24905571  
1.251063109  
-10.14534598  
-19.18167904  
-22.79674108  
-20.0746171  
-12.70377938  
-4.195723545  
1.769643488  
3.067713185  
0.08153068149  
-4.577610828  
-7.436773137  
-5.942765464  
0.2078249246  
8.827479545  
16.19228701  
18.73134346  
14.65749086  
4.797436464  
-7.726707918  
-18.77915662  
-24.85408046  
-24.36477194  
-18.07661354  
-8.597343548  
0.756081432  
7.180777588  
9.217872258  
6.955310045  
1.672467624  
-4.799067394  
-10.69126254  
-14.69884011  
-16.13472961  
-14.92846566  
-11.5662539  
-7.004433277  
-2.514413758  
0.5943688627  
1.358718122  
-0.4655618554  
-4.222652443  
-8.508019844  
-11.6525002  
-12.36701859  
-10.26853196  
-6.036352401  
-1.111713408  
2.926489303  
5.01620268  
4.990848658  
3.522961992  
1.70159182  
0.4976385767  
0.410183884  
1.458777665  
3.465348072  
6.38582829  
10.41977976  
15.77196038  
22.1847598  
28.55849361  
32.99467335  
33.40084724  
28.46999318  
18.57070002  
6.02602357  
-5.512390289  
-12.45659205  
-12.87601942  
-7.534897612  
0.2105038439  
5.746137506  
5.262578173  
-2.364564249  
-14.78437265  
-26.93635194  
-33.13641509  
-29.61069865  
-16.34134325  
2.655200878  
20.81789222  
31.70124971  
31.65855847  
21.36316479  
5.483861144  
-9.352001727  
-17.41142748  
-16.26959799  
-7.734443523  
3.095432235  
10.18695633  
9.278922486  
-0.2508038029  
-15.14290756  
-29.69039246  
-38.17156096  
-37.20446627  
-27.03094134  
-11.24756802  
4.812721339  
16.28998806  
20.64452967  
18.41244903  
12.65055274  
7.411307822  
5.955325608  
9.449517487  
16.63062671  
24.47789672  
29.53416838  
29.29803992  
23.1454681  
12.47971308  
0.1328409999  
-10.68371939  
-17.45517815  
-19.08518368  
-16.05712029  
-10.05216612  
-3.229117197  
2.537036475  
6.183606457  
7.599082507  
7.377526722  
6.34003671  
5.053567592  
3.56106012  
1.433995652  
-1.889976282  
-6.653738468  
-12.43947799  
-18.12299805  
-22.17626991  
-23.20996608  
-20.53009224  
-14.46640516  
-6.325327206  
2.01528206  
8.696087568  
12.40526993  
12.64653591  
9.684679479  
4.265134821  
-2.702707729  
-10.32553854  
-17.71409924  
-23.86769314  
-27.62950473  
-27.85671654  
-23.81263079  
-15.62072495  
-4.521666056  
7.283304145  
17.24017696  
23.30563116  
24.70482511  
22.22460128  
17.86947701  
13.99940165  
12.32239386  
13.19988147  
15.58437707  
17.60939785  
17.53559257  
14.58631464  
9.26942335  
3.050504017  
-2.421178087  
-6.105819081  
-7.958995648  
-8.717636356  
-9.233581969  
-9.765675533  
-9.678784712  
-7.780525368  
-3.161916624  
3.908137619  
11.57279437  
16.79698903  
16.52341695  
9.093772106  
-4.739870505  
-21.75196326  
-37.24932637  
-46.76687126  
-47.73237717  
-40.3749492  
-27.48898261  
-13.18652601  
-1.223708104  
6.346692603  
9.63657517  
10.38549363  
10.7869437  
12.30710628  
15.0649676  
18.00509583  
19.66783096  
19.07325998  
16.22670787  
12.01188219  
7.607541755  
3.830898432  
0.8295855019  
-1.693499829  
-3.888703606  
-5.224083154  
-4.43171599  
-0.0954426826  
8.356980175  
19.79797655  
31.24503916  
38.67287118  
38.56971281  
29.58369134  
13.46436024  
-5.243756171  
-20.75286511  
-28.23941063  
-25.77404177  
-15.12068962  
-1.029015714  
10.69405012  
15.5096612  
11.88126326  
1.708185203  
-10.66288978  
-20.35194557  
-23.92124546  
-20.58455281  
-12.21992416  
-2.309844083  
5.621814196  
9.359195863  
8.601766772  
4.699115881  
-0.2176105681  
-4.22277964  
-6.259346656  
-6.274523966  
-4.912410396  
-3.033533843  
-1.340629995  
-0.250500139  
0.02930874541  
-0.6252264785  
-2.284409321  
-4.863737378  
-7.981155518  
-10.9170908  
-12.76892403  
-12.76795959  
-10.61147966  
-6.630401907  
-1.691368352  
3.127845782  
6.926998666  
9.244076966  
10.07711593  
9.69965926  
8.420704796  
6.459461311  
4.012995743  
1.44680317  
-0.5696072595  
-1.153474414  
0.4340135103  
4.308109779  
9.629871011  
14.6760433  
17.38313515  
16.18619746  
10.77858134  
2.40218218  
-6.532487621  
-13.38171489  
-16.35962972  
-15.28188057  
-11.60254394  
-7.714429475  
-5.837080703  
-7.017891035  
-10.71336795  
-15.12990987  
-18.12879022  
-18.23281504  
-15.24408964  
-10.20275903  
-4.765153603  
-0.3683205306  
2.371588565  
3.742904895  
4.527156609  
5.391636789  
6.474379979  
7.406528736  
7.729143239  
7.40097553  
7.020372377  
7.550559036  
9.653820399  
13.02278297  
16.16751526  
16.91125082  
13.45673051  
5.518526323  
-5.109777863  
-14.97089098  
-20.28576002  
-18.66542105  
-10.37540311  
1.523851004  
12.33487224  
17.72250123  
15.65383175  
7.357078105  
-3.187458907  
-11.02051267  
-12.42741595  
-6.574964149  
4.194125526  
15.51433382  
23.00571897  
24.15056299  
19.15445216  
10.45168369  
1.213955157  
-6.286998457  
-11.58147663  
-15.72815784  
-20.09663686  
-24.97810635  
-28.90606881  
-29.18004656  
-23.39859678  
-11.19118869  
4.862119404  
19.78533466  
28.1548616  
26.59821241  
15.62269625  
-0.2161146804  
-14.04091438  
-19.58518549  
-14.01194436  
0.7128853071  
18.58410868  
32.15546253  
35.7985989  
28.12698231  
12.4796175  
-4.723761111  
-16.94394947  
-20.38726703  
-15.44875072  
-6.126452422  
2.20739142  
5.517292548  
2.952013715  
-3.036166011  
-8.272225038  
-9.260725603  
-5.144217343  
1.789390465  
7.296496746  
7.441239813  
0.7670463475  
-10.7369834  
-22.37865767  
-28.86470168  
-26.74345634  
-16.01215964  
-0.1331787783  
15.51921026  
26.01419579  
28.90406556  
25.02821406  
17.78952183  
11.34560119  
8.637003629  
10.18295345  
14.13772039  
17.45938345  
17.52596903  
13.38208392  
6.060991905  
-2.066407034  
-8.483940652  
-11.61930952  
-11.32105761  
-8.594095162  
-4.865679241  
-1.259178863  
1.727955869  
4.043409422  
5.622496693  
6.040952384  
4.5717903  
0.6557758293  
-5.504415665  
-12.64666089  
-18.73824292  
-21.81445731  
-20.98558946  
-17.07149942  
-12.4559925  
-10.12764661  
-12.30385926  
-19.28845547  
-29.14668054  
-38.40778784  
-43.50688033  
-42.30394906  
-34.96506693  
-23.79381718  
-12.11151209  
-2.748535679  
3.111490217  
6.187144388  
8.376313063  
11.47928156  
16.06832634  
21.1125295  
24.55470472  
24.52321984  
20.51375775  
13.88164061  
7.343767214  
3.715953823  
4.52904781  
9.252640239  
15.55473366  
20.49006912  
22.01541076  
20.03886759  
16.43282806  
13.97025269  
14.71526709  
18.71146966  
23.69448802  
26.05298288  
