9.009892259  
16.30358991  
30.95490219  
52.13454022  
75.8802108  
95.69506499  
104.4507715  
96.9867504  
72.36525704  
34.76341754  
-7.518297686  
-44.66929576  
-68.62775659  
-75.69740508  
-67.48420496  
-49.82268467  
-30.21473659  
-14.91281396  
-6.873880288  
-5.35693627  
-7.156638988  
-8.727959964  
-8.10553316  
-5.701923852  
-3.68132914  
-4.338597363  
-8.408620094  
-14.25384797  
-18.42107082  
-17.35055513  
-9.410180271  
3.790259148  
17.55271983  
25.79071148  
23.61172076  
9.657304278  
-12.88532464  
-37.14982135  
-55.07881279  
-60.55594974  
-51.88351712  
-32.5392675  
-9.841315529  
7.98240027  
15.14149721  
10.66716655  
-1.180907389  
-12.70378292  
-16.06501241  
-6.777253785  
14.07152343  
39.82971599  
60.62933583  
67.22262289  
54.82356144  
25.40930171  
-12.51052607  
-46.6828029  
-65.47444691  
-62.17684953  
-37.59348869  
0.1205424269  
38.35067441  
64.57524923  
70.85502924  
56.56092493  
28.32994733  
-2.678122991  
-25.10508267  
-31.60165976  
-21.31844972  
0.185689957  
23.43427409  
38.81684577  
40.12355902  
26.50655837  
2.274035347  
-25.16341638  
-48.18110135  
-61.44879172  
-63.17342139  
-54.84972839  
-39.95348613  
-22.37062597  
-5.285971009  
9.153747258  
19.58216439  
25.04679817  
24.98450366  
19.65593996  
10.73673939  
1.521503725  
-3.701490641  
-1.123563115  
10.77454805  
29.93254582  
50.72805281  
65.59157862  
67.77540343  
54.21410307  
27.22714444  
-5.806505229  
-34.8561674  
-50.87848315  
-49.25235922  
-31.59438067  
-5.173889434  
19.8635816  
34.34399287  
33.43025012  
18.18002309  
-5.242203704  
-28.25422903  
-43.24836512  
-46.28707864  
-38.10742191  
-23.23396459  
-7.807792865  
2.803666924  
5.618296562  
0.3824905472  
-11.17738237  
-26.5359316  
-43.24501539  
-59.10106884  
-71.72948408  
-78.13526093  
-74.83752985  
-58.8718916  
-29.37938261  
10.98446321  
55.70692342  
95.66668385  
121.7915038  
128.2100553  
114.5977712  
86.60471153  
53.98595039  
27.03356088  
12.69917708  
12.0196518  
19.97762755  
27.91778237  
27.53012175  
14.69333756  
-8.515910887  
-34.57918441  
-53.78921754  
-58.61665323  
-47.27528838  
-24.87349699  
-1.56102656  
11.61166847  
7.386590918  
-14.46815763  
-46.79803198  
-77.76955301  
-95.52800315  
-92.85587816  
-69.89551111  
-33.8471308  
4.141748248  
33.49176451  
48.15859564  
48.41254203  
39.81352576  
30.01889375  
24.98672601  
26.32656101  
30.94251773  
33.01212105  
27.26607107  
11.96744452  
-9.818058202  
-31.23804794  
-44.46314159  
-43.99479381  
-28.99381195  
-3.650771372  
24.46759255  
47.27431596  
58.94670389  
57.52274843  
44.84106979  
25.14439802  
3.207092824  
-17.09927345  
-33.29640851  
-43.94978176  
-48.04636722  
-44.74077495  
-33.77109915  
-16.31052988  
4.383562675  
23.18240686  
34.41172994  
33.91048784  
20.93355055  
-1.078454714  
-25.40688916  
-44.42084596  
-52.45394296  
-47.92860042  
-33.75298272  
-15.7900741  
-0.1005514657  
9.750909416  
14.06419284  
16.41909136  
21.45941473  
32.15595943  
47.91081911  
64.44746468  
75.55450695  
75.84932049  
63.24196006  
39.94570646  
11.60018747  
-15.01786604  
-34.57949507  
-44.9003406  
-47.07944525  
-44.22491461  
-39.58831852  
-35.13553389  
-31.22718113  
-27.38731474  
-23.50334432  
-20.57269563  
-20.42098602  
-24.48369918  
-32.37960404  
-41.23968999  
-46.41650156  
-43.45265226  
-30.42267865  
-9.414881677  
13.77455498  
31.82147697  
39.04104986  
34.06146195  
20.65119811  
6.176056763  
-1.689529328  
1.521935033  
15.02219587  
33.20948469  
48.42287739  
54.67821397  
50.54088478  
39.69034557  
28.86920537  
24.22867858  
27.91894903  
36.69484596  
43.32748635  
40.20692333  
23.38882069  
-4.946449158  
-36.92233829  
-62.18575469  
-72.43712135  
-65.11307641  
-44.44019087  
-19.3365756  
0.8311319673  
10.58099783  
10.63876407  
7.137054241  
8.112895725  
19.05487122  
39.72355217  
63.84052531  
81.83424669  
85.32393414  
71.16587678  
43.09374615  
10.15064868  
-17.33389025  
-32.29147723  
-33.82012104  
-27.09763239  
-20.41246854  
-20.80782715  
-30.48146845  
-45.68266916  
-58.61760668  
-61.41273262  
-50.2043509  
-27.37922564  
-0.8873959033  
19.061032  
24.38874131  
12.63192004  
-12.03229254  
-40.60174185  
-63.02025218  
-72.19764436  
-66.56053775  
-50.16568915  
-30.52952318  
-15.28681475  
-9.180739373  
-12.58350626  
-21.96205675  
-31.8367726  
-37.22577768  
-35.5214824  
-27.15142864  
-14.97957866  
-2.907420793  
5.661430504  
8.939392104  
7.194929162  
2.54339732  
-1.723470458  
-2.064747411  
4.288773158  
18.3721691  
38.79806208  
61.62583706  
81.04257839  
90.89678366  
86.76654271  
67.88687604  
38.11255249  
5.305717712  
-20.90692161  
-32.36313712  
-25.40442851  
-2.472703277  
28.51681852  
56.93789397  
73.35218377  
73.00948099  
57.51358559  
33.94840396  
11.81943018  
-0.9030124922  
-0.9654419182  
9.09141355  
22.36920431  
30.87355944  
29.13244289  
16.57828305  
-2.315370541  
-20.13449306  
-29.86820635  
-27.97868603  
-15.8532777  
0.9399913895  
15.17543194  
21.07498719  
16.59377347  
3.912928981  
-11.97496917  
-25.82591558  
-34.59301021  
-38.60743866  
-40.97366367  
-45.52667848  
-54.38859938  
-66.35880847  
-76.98479352  
-80.37419824  
-71.97661912  
-51.07560178  
-21.80443393  
7.885768138  
28.98930526  
34.85574503  
23.84648334  
0.122284598  
-27.79119673  
-50.09865141  
-59.24880863  
-52.47479576  
-32.39753983  
-5.55338585  
20.43537252  
39.80355314  
50.4790874  
54.13778743  
54.61723619  
55.54579117  
58.34727786  
61.54735255  
61.66179566  
55.18696726  
40.69733267  
20.0140122  
-2.146597435  
-19.91525873  
-28.62322722  
-26.70089112  
-16.26927786  
-2.17587002  
10.06753638  
16.50461536  
16.13754901  
10.94892051  
4.634120523  
0.7141776181  
0.9360877399  
4.665896801  
9.459093215  
12.41880632  
11.61070876  
6.843417878  
-0.4949019544  
-8.347638677  
-15.08792649  
-20.20071621  
-24.22986124  
-28.11221787  
-32.36657648  
-36.66751913  
-40.07854635  
-41.79825108  
-41.92758394  
-41.70888599  
-42.96343949  
-46.92727228  
-53.09298244  
-58.76509182  
-59.74370084  
-51.98613221  
-33.54907769  
-5.878093137  
26.26133919  
56.30316298  
78.24108791  
88.78010892  
88.29290542  
80.15027394  
68.78453531  
57.47010118  
46.94794371  
35.58831622  
20.98718696  
2.124212357  
-19.12587662  
-38.04875198  
-48.84848446  
-47.34257931  
-33.27372484  
-11.01067528  
11.86718627  
27.58524134  
31.45647096  
23.89668719  
10.17781709  
-2.035266346  
-6.266833687  
-0.279895381  
12.83734531  
26.08143412  
31.81241744  
25.40262614  
7.581330923  
-15.6016683  
-35.18196422  
-42.98598534  
-35.01216537  
-13.06006419  
16.00301666  
42.90855193  
59.3784976  
60.84564829  
47.53928621  
23.76811477  
-4.011999856  
-29.38327078  
-47.56193998  
-56.03760285  
-54.41864221  
-43.94586075  
-27.08509696  
-7.304900069  
11.17747469  
24.00218988  
27.74671345  
21.21320652  
6.329424632  
-11.96092944  
-27.08820896  
-33.19808219  
-27.5649855  
-12.00761978  
7.449455953  
22.7043929  
26.72755489  
16.45175157  
-5.829258051  
-33.18112046  
-56.59354167  
-68.32942369  
-64.68358648  
-47.07049242  
-21.1142395  
5.730587248  
26.93096888  
38.85897184  
41.32940426  
36.72419024  
28.34756516  
18.89047719  
9.673687467  
0.8390313373  
-7.849306839  
-16.19082596  
-23.22733912  
-27.56391362  
-28.08450595  
-24.60015362  
-18.03719313  
-10.06650079  
-2.406466128  
3.794352909  
8.170392752  
10.89664715  
12.23816163  
12.26738629  
11.00377099  
8.919727241  
