5.825508441  
-12.75509162  
-24.67195167  
-27.06238444  
-21.73934421  
-13.87207956  
-9.280462799  
-11.63328626  
-20.79987491  
-33.00978605  
-42.62904052  
-44.66232468  
-36.84146635  
-20.43994735  
0.4128488519  
20.47246884  
35.33019381  
42.75130156  
42.96241516  
37.97305319  
30.41671901  
22.50473663  
15.49748196  
9.752775712  
5.114839504  
1.302311415  
-1.933240142  
-4.87816426  
-7.969088467  
-11.72823751  
-16.44585093  
-21.75279167  
-26.37658113  
-28.35049212  
-25.73274428  
-17.60259084  
-4.884982306  
9.451520628  
21.04934006  
25.52518815  
20.05702893  
4.566734798  
-18.00000819  
-42.44517594  
-62.86953629  
-74.43220305  
-74.68729495  
-64.06602507  
-45.426316  
-22.94172588  
-0.8027418511  
17.81061497  
31.21402187  
39.15115317  
42.36616695  
42.0849448  
39.61479939  
36.13710027  
32.64433003  
29.91599707  
28.45843782  
28.40806  
29.46564375  
30.94445641  
31.96695004  
31.76609587  
29.97867931  
26.80311732  
22.93940159  
19.31783781  
16.71413891  
15.40224776  
14.99258941  
14.53889154  
12.90049621  
9.245726302  
3.515782939  
-3.341427997  
-9.500360332  
-12.76597376  
-11.33582298  
-4.568087776  
6.540892719  
19.40673927  
30.50470264  
36.45702185  
35.19999061  
26.78633036  
13.46989505  
-1.025398121  
-12.82259162  
-19.29990963  
-20.02121599  
-16.78978007  
-12.78499667  
-11.14173111  
-13.5901631  
-19.76192851  
-27.47547181  
-33.86276236  
-36.79950296  
-35.94417801  
-32.86811419  
-30.19318611  
-30.14922232  
-33.27244834  
-37.93069761  
-40.97943743  
-39.29624867  
-31.48028276  
-18.86697322  
-5.286805956  
4.427824059  
6.574923212  
0.3919747474  
-11.32869521  
-23.18205044  
-29.31302125  
-25.89233069  
-12.82416063  
6.081371287  
24.57451804  
36.45812345  
38.04932648  
29.57924817  
14.97479752  
0.1735013705  
-9.264856738  
-10.22850687  
-2.985507236  
9.302073156  
22.13799403  
31.55871615  
35.49325243  
34.11535843  
29.19454411  
22.89920758  
16.69583967  
10.85700714  
4.731087136  
-2.469259674  
-10.84290273  
-19.40329639  
-26.32476126  
-29.70699598  
-28.47280994  
-22.95263933  
-14.86499827  
-6.689508853  
-0.7058591622  
1.884280273  
1.384118493  
-0.5879619283  
-1.808270063  
-0.3765170556  
4.507429626  
12.21009434  
20.88066913  
28.11590746  
31.81703373  
30.92989715  
25.81511008  
18.12997601  
10.27220477  
4.578139379  
2.548511242  
4.365001608  
8.863710217  
13.97515223  
17.47388823  
17.76450288  
14.41143197  
8.214278543  
0.8083351689  
-6.036010299  
-11.11375786  
-14.18322473  
-15.89271775  
-17.28120223  
-19.0987611  
-21.28329578  
-22.86442634  
-22.36676524  
-18.54416605  
-11.10661776  
-1.087744545  
9.345334839  
17.58674814  
21.50588517  
20.1938586  
14.23234395  
5.392054652  
-4.077055087  
-12.23479032  
-17.98070999  
-21.13845985  
-22.13383932  
-21.49451706  
-19.4587465  
-15.88984014  
-10.50977357  
-3.288116687  
5.254491053  
14.01368509  
21.57251701  
26.64829735  
28.50247505  
27.13316862  
23.19315336  
17.71449286  
11.79757079  
6.398817339  
2.252738787  
-0.1394301234  
-0.5606679088  
0.7821631809  
3.095485128  
4.973218948  
4.662690455  
0.6502525618  
-7.603837624  
-19.11021272  
-31.31774858  
-40.7704409  
-44.31323729  
-40.40673896  
-29.97544532  
-16.34071043  
-4.147825073  
2.357676903  
1.022716779  
-7.275032065  
-18.88385376  
-28.77105999  
-32.5006792  
-27.97951553  
-16.24809763  
-1.004301553  
12.90761626  
21.37784028  
22.49180567  
17.00842333  
7.756126199  
-1.679175583  
-8.334731272  
-10.73321989  
-8.960275128  
-4.101597385  
2.527391061  
9.897620136  
17.29295463  
23.95402604  
28.7045926  
29.95273936  
26.23336644  
17.1033194  
3.915207674  
-10.04637445  
-20.33257379  
-22.83408477  
-15.44494695  
0.8515208789  
22.02917561  
42.28244715  
56.0493617  
59.97732255  
54.01514986  
41.18858836  
26.19180389  
13.4416124  
5.452371275  
2.203722746  
1.684225672  
1.240205093  
-0.9929968014  
-5.286009988  
-10.48196357  
-14.9572135  
-17.7824705  
-19.3946101  
-21.36083188  
-25.32131268  
-31.67259166  
-38.75227848  
-43.08835718  
-40.76257049  
-29.35205605  
-9.545716923  
14.41728834  
35.86775532  
48.07095363  
46.91866019  
32.80682748  
10.83252645  
-10.88346765  
-24.15683559  
-23.83377737  
-9.787454699  
12.98554864  
36.20988169  
51.38892172  
52.88651552  
39.87370395  
16.46595659  
-9.901007183  
-31.15397197  
-41.28804905  
-38.14983607  
-23.78766796  
-3.426708934  
16.40637699  
29.88324029  
33.3660623  
26.05272133  
9.776175471  
-11.79599077  
-34.22409942  
-53.32833246  
-66.00186725  
-70.71136894  
-67.64463054  
-58.49374541  
-45.90656242  
-32.71943384  
-21.17860439  
-12.40796294  
-6.332259935  
-2.100859915  
1.166111591  
3.665400546  
4.617372979  
2.610425021  
-3.504601486  
-13.56980745  
-25.47768615  
-35.37567107  
-38.81152656  
-32.46062755  
-15.7354519  
8.473937559  
34.38148727  
55.12357113  
65.17706042  
62.42916517  
49.03827975  
30.6901475  
14.50785065  
6.430886714  
9.096958937  
21.04085587  
37.47019898  
52.23288663  
60.13477212  
58.6885966  
48.68044636  
33.47478055  
17.48883982  
4.537057402  
-3.313282219  
-6.053304616  
-5.28585486  
-3.379785161  
-2.643250874  
-4.78666898  
-10.71295747  
-20.49938647  
-33.4112189  
-47.89720735  
-61.66176465  
-71.96867261  
-76.24596559  
-72.8688449  
-61.81536669  
-44.84826758  
-25.03476131  
-5.719703269  
10.63526033  
23.21217577  
32.80872325  
41.00177558  
48.90112432  
56.14190769  
60.69698698  
59.71109046  
51.03628693  
34.74192071  
13.80160694  
-6.513294239  
-20.41162593  
-23.82934132  
-16.16122344  
-0.6639089888  
16.7186639  
29.65295199  
33.86772914  
28.71209739  
17.17041734  
4.376601945  
-4.66655444  
-7.131755531  
-3.298354912  
3.957541161  
10.76844664  
14.15363232  
13.28109536  
9.579613879  
5.749656571  
4.241384763  
5.976760703  
9.912418099  
13.58486025  
14.29311396  
10.30005281  
1.488234878  
-10.76214827  
-24.29385756  
-37.03862608  
-47.5723852  
-55.14960816  
-59.34472578  
-59.66105511  
-55.46226311  
-46.3470528  
-32.76624276  
-16.46530116  
-0.3631261178  
12.24796852  
18.91530159  
19.1044616  
14.58047556  
8.810364235  
5.55988017  
7.264401455  
13.90113172  
22.89765431  
30.15538173  
31.7618228  
25.650444  
12.49049913  
-4.560943904  
-21.10476323  
-33.17517193  
-38.62177334  
-37.65216744  
-32.3963594  
-25.79108345  
-20.34452919  
-17.32385742  
-16.64238957  
-17.36082729  
-18.43851755  
-19.30440009  
-19.97353673  
-20.71490722  
-21.5280067  
-21.78148461  
-20.2689343  
-15.70320851  
-7.428040981  
4.00671786  
16.71718036  
27.92491598  
34.83442862  
35.6250975  
30.17634553  
20.23917974  
8.971508429  
-0.01843634766  
-3.805508495  
-1.084696192  
7.397387951  
19.06614288  
30.34103738  
37.80781067  
39.36813626  
34.98003712  
26.71219799  
18.04968752  
12.64891793  
12.95725284  
19.20136257  
29.15298759  
38.81749627  
43.84266077  
41.15010672  
30.17365287  
13.21238209  
-5.265173813  
-20.12402517  
-27.31622982  
-25.23625749  
-15.19909847  
-0.9140094183  
12.79067825  
21.48764313  
22.38685034  
14.94243203  
0.7685935451  
-16.95562699  
-34.31096687  
-47.45857233  
-53.34934732  
-50.30990337  
-38.49153281  
-20.08109142  
0.9109417987  
19.44276833  
30.78517853  
32.09506979  
23.64870343  
9.127566654  
-5.384737857  
-13.52759435  
-11.19893219  
1.525697877  
20.00319556  
36.52021658  
43.24130139  
35.48225375  
13.93394439  
-15.1936266  
-42.30349217  
-58.04267684  
-56.97146259  
-39.73970549  
-12.83872366  
13.98358538  
31.56100414  
34.79048698  
24.32264739  
