-11.97493866  
-22.79872297  
-31.31164035  
-32.42569376  
-23.65187845  
-6.470022138  
13.97132209  
30.76865266  
38.02182307  
33.27933248  
18.625402  
-0.07063927103  
-15.44660262  
-21.54019768  
-16.09826935  
-1.377318435  
16.85225541  
31.64567344  
37.58792143  
32.77763788  
19.34803224  
2.406530033  
-12.08886341  
-19.61373943  
-18.62210142  
-10.81853534  
-0.1712585063  
8.823508894  
12.87136167  
10.93082076  
4.25832199  
-4.437393964  
-12.26866878  
-17.28974752  
-19.02202863  
-18.25480804  
-16.32609882  
-14.30063908  
-12.46338597  
-10.35526756  
-7.287329894  
-3.022549476  
1.775013344  
5.612402441  
6.788519566  
4.2981399  
-1.425470953  
-8.350490434  
-13.45386438  
-13.92898536  
-8.511360107  
1.682525137  
13.26443763  
21.71780885  
23.20297605  
16.31047958  
2.989775834  
-11.84330872  
-21.99237886  
-22.37428701  
-11.18177404  
9.099988715  
32.32281697  
50.7957354  
58.11617555  
51.60499974  
33.36237532  
9.497129934  
-12.18073203  
-25.09207843  
-26.28026942  
-17.32982466  
-3.493581095  
8.557241817  
13.40347526  
8.886542667  
-3.299327788  
-18.56312333  
-31.41326807  
-37.60741173  
-35.5889873  
-26.73012343  
-14.44688355  
-2.708568541  
5.367446344  
8.302044392  
6.263030081  
0.5190261886  
-7.233881175  
-15.30316159  
-22.07076341  
-25.8744349  
-25.01496641  
-18.12450224  
-4.865715688  
13.36163406  
33.17222504  
49.75287535  
58.22661871  
55.40170895  
41.20540523  
19.12507337  
-4.670576695  
-23.3160626  
-31.63002212  
-27.96718176  
-14.7868575  
2.311453835  
16.71482562  
23.24351392  
19.95747766  
8.645753791  
-6.123010465  
-18.92882584  
-25.58371289  
-24.54836436  
-17.19711464  
-6.958374936  
2.194928688  
7.227897952  
6.929460543  
1.966291926  
-5.743492516  
-13.92832096  
-20.69474486  
-24.83744114  
-25.74522347  
-23.13534191  
-16.89473453  
-7.181484428  
5.279113919  
18.94288099  
31.50816243  
40.41578727  
43.67061562  
40.65385055  
32.53087905  
21.99288187  
12.35352625  
6.32258899  
4.956185504  
7.240536112  
10.5151266  
11.58412401  
8.063942056  
-0.5965888367  
-12.85169786  
-25.657794  
-35.67502623  
-40.55850169  
-39.7981555  
-34.77321473  
-28.03161917  
-22.13631953  
-18.58942318  
-17.28902527  
-16.7199795  
-14.75377896  
-9.675562168  
-0.9832958434  
10.36635487  
22.32751156  
32.5402316  
39.1464946  
41.30518197  
39.23885609  
33.88106801  
26.36703658  
17.64905704  
8.405662213  
-0.7750888003  
-9.123155825  
-15.56164203  
-18.87846431  
-18.16376484  
-13.31050282  
-5.304900961  
3.889666171  
11.8646287  
16.51570235  
16.6965936  
12.4995687  
5.063169483  
-3.966376504  
-13.03167321  
-21.02246722  
-27.25168268  
-31.1389981  
-31.87788814  
-28.39406147  
-19.74753932  
-5.860260192  
11.79686987  
30.00043455  
44.34238707  
50.51439713  
45.88032632  
30.69016858  
8.353245972  
-15.4638148  
-34.6556608  
-44.73953283  
-44.34037178  
-35.49494791  
-22.6548495  
-10.81789029  
-3.580778716  
-1.920752958  
-4.172643266  
-7.129008545  
-7.703391348  
-4.381741632  
2.168672748  
9.536944546  
14.76639046  
15.69945055  
11.84403841  
4.41945141  
-4.335074097  
-12.16166945  
-17.57085264  
-20.07207189  
-19.85137095  
-17.21357445  
-12.21176829  
-4.736552409  
4.985538466  
15.83278562  
25.61741904  
31.57688837  
31.43320028  
24.56166026  
12.65663085  
-0.5513739422  
-10.54470234  
-13.76629524  
-9.101837039  
1.602523242  
14.27447162  
24.31156937  
28.48813823  
26.2087489  
19.54519656  
12.07057509  
7.07706898  
6.051193789  
8.137148674  
10.81427301  
11.40309988  
8.598669567  
3.225571232  
-2.185629698  
-4.785434291  
-3.034535422  
2.288357124  
8.259121904  
11.1231525  
8.124315894  
-1.060453675  
-14.01316059  
-26.57437781  
-34.68297132  
-36.16569876  
-31.60852608  
-23.89703052  
-16.67623525  
-12.51507968  
-11.69964654  
-12.24970545  
-11.12804635  
-6.002407736  
3.356805514  
14.76962863  
24.59428106  
29.4482926  
27.82454898  
20.77884033  
11.34356961  
2.980418388  
-2.120514526  
-4.006587453  
-4.689911117  
-6.782012263  
-11.7664172  
-18.85260479  
-25.0785165  
-26.6938977  
-21.18214601  
-8.90468457  
6.517298942  
19.39028126  
24.25366536  
18.28993119  
2.732486679  
-17.40609654  
-35.21029096  
-44.54570029  
-42.40095058  
-29.90610045  
-11.65189982  
6.31910786  
18.93126786  
23.87691396  
22.11887234  
17.02896677  
12.67874393  
12.09252751  
16.17652343  
23.64625021  
31.80398255  
37.69644347  
39.13142228  
35.22352688  
26.42567366  
14.22330306  
0.7173335823  
-11.77248651  
-21.08885207  
-25.66578214  
-24.9970526  
-19.98929894  
-12.9460128  
-6.986703999  
-4.944376614  
-8.098034809  
-15.31219519  
-23.10669805  
-26.83639427  
-22.64166014  
-9.384595324  
10.34209433  
30.74136558  
44.83599273  
47.24519987  
36.540566  
16.09145106  
-7.084901774  
-25.08087028  
-32.32422732  
-27.86881771  
-15.71509815  
-2.982309467  
3.28159765  
-0.7595360194  
-14.04020635  
-31.10397261  
-44.56405967  
-48.38138526  
-40.46613919  
-23.44393026  
-3.29210086  
13.45968279  
22.62146284  
23.97960779  
20.95899981  
18.54821171  
20.5521416  
27.53639308  
36.47109835  
42.24040642  
40.27426065  
29.01075954  
10.9767742  
-8.067225238  
-21.54963563  
-24.96391626  
-17.86973689  
-4.09770487  
9.931571026  
18.00012016  
16.73549256  
6.93940095  
-6.934211862  
-18.8425627  
-23.77776241  
-19.77479578  
-8.475914739  
5.875147544  
18.42385392  
25.70211923  
26.74429118  
22.92755633  
16.78341911  
10.49277099  
4.860136774  
-0.7554271699  
-7.609476773  
-16.37038846  
-26.25163947  
-34.98673522  
-39.69815457  
-38.23754132  
-30.31928085  
-17.86466324  
-4.358545464  
6.496004145  
12.20411615  
12.33745441  
8.46279715  
3.231469222  
-0.8885298203  
-2.617500097  
-2.156945491  
-0.7073161271  
0.4576217988  
0.8205857501  
0.8994723642  
1.840393536  
4.577666738  
9.059071129  
14.01073432  
17.42860687  
17.58492512  
14.03429746  
8.062130839  
2.270162905  
-0.5748026244  
1.08914372  
6.704109241  
13.62838161  
18.18525132  
17.29524183  
9.956108092  
-2.131876617  
-15.12754327  
-24.58922186  
-27.32634411  
-22.73860088  
-13.04093945  
-2.276927428  
5.427519962  
7.577137607  
4.224049558  
-2.293270575  
-8.617433993  
-12.01310362  
-11.59428472  
-8.574195206  
-5.45847253  
-4.617703788  
-6.968180178  
-11.42670929  
-15.41496999  
-16.16870137  
-12.20443729  
-4.211516896  
5.09349451  
12.11614742  
14.01834764  
10.07687668  
2.122162486  
-6.168533109  
-10.82372133  
-9.292160332  
-1.561863106  
9.800772631  
20.69751363  
27.16466235  
26.94452654  
20.31815455  
9.897314835  
-0.4774796068  
-7.234951765  
-8.35507502  
-3.970799569  
3.856585732  
12.00490304  
17.41017651  
18.02989918  
13.37792875  
4.559076843  
-6.10806174  
-15.71844785  
-21.50413919  
-21.53404594  
-15.28349678  
-3.947052335  
9.646017447  
21.60964404  
28.0324513  
26.22764165  
15.79579072  
-0.9417797011  
-19.42480677  
-34.21248081  
-40.80905798  
-37.29540254  
-25.11112811  
-8.620157151  
6.432180564  
15.00362789  
14.57275645  
5.978029866  
-7.03443035  
-19.33317546  
-26.34228539  
-25.60928363  
-17.41578929  
-4.294030433  
10.21136074  
22.91431402  
31.89444362  
36.64713915  
37.59200587  
35.36074382  
30.33521969  
22.69345158  
12.87185683  
2.067377106  
-7.654274296  
-13.86745794  
-14.76997082  
-10.17259596  
-1.934849433  
6.501868451  
11.40141962  
10.32215994  
3.272756904  
-7.162090597  
-16.87373512  
-22.0473755  
-20.93433596  
-14.73514884  
-7.124084437  
-2.565213835  
