26.04719155  
28.55846074  
26.33810802  
21.03406741  
14.98980991  
9.988029156  
6.363478407  
2.959848261  
-2.035666037  
-9.81485022  
-19.91745804  
-30.03710383  
-36.84101054  
-37.45925118  
-30.93344297  
-18.89687827  
-5.107639864  
5.995263057  
11.06459188  
9.131414859  
1.821046572  
-7.570000985  
-15.65846429  
-20.43713273  
-21.9200828  
-21.70639684  
-21.75515337  
-23.06284468  
-24.97175873  
-25.49561764  
-22.50217736  
-15.12247979  
-4.609401284  
5.875848063  
12.53186318  
12.67296432  
6.12294292  
-4.466986973  
-14.59218569  
-19.75822426  
-17.39257571  
-7.924105201  
5.466686613  
18.30187537  
26.77707648  
29.33077221  
27.10164694  
23.10587427  
20.57673278  
21.29365936  
24.70634041  
28.25289832  
28.68410661  
23.72771822  
13.28320256  
-0.413872068  
-13.70971518  
-23.07257034  
-26.52418655  
-24.32100368  
-18.63008643  
-12.4257684  
-8.171715029  
-6.895284119  
-8.012281599  
-9.865951521  
-10.61545248  
-9.00318021  
-4.67740016  
1.957516063  
10.12739096  
18.98803499  
27.64379031  
34.94298728  
39.31906897  
38.97433315  
32.51158746  
19.80855513  
2.679793215  
-15.14901561  
-28.97099541  
-34.70956003  
-30.58798372  
-18.09013167  
-1.670012075  
12.80983456  
20.34068698  
18.78718816  
9.761492416  
-2.083470479  
-11.08152515  
-13.03436667  
-7.049229918  
4.094941589  
15.22614374  
21.13047475  
18.91240418  
9.296664265  
-3.711630285  
-14.63980355  
-18.99520546  
-15.2322431  
-5.361833001  
6.036739154  
13.9086797  
14.94052591  
8.897923708  
-1.477675828  
-11.89152746  
-18.51385251  
-19.63116071  
-16.1872453  
-11.030958  
-7.308944773  
-6.828903916  
-9.197884576  
-12.13395844  
-12.76759236  
-9.271157418  
-2.006149887  
6.383104386  
11.99887738  
11.38657822  
3.140981689  
-11.28917425  
-27.94765206  
-41.71876595  
-48.11773348  
-44.81291442  
-32.32240206  
-13.69180179  
6.63777099  
24.28747169  
36.18940374  
41.24509788  
40.27922122  
35.42838429  
29.25699966  
23.91416936  
20.56609934  
19.21671612  
18.91188096  
18.23321404  
15.92611518  
11.46903057  
5.387950631  
-0.8307948827  
-5.258758473  
-6.339430355  
-3.704730802  
1.369592283  
6.154561988  
7.358343108  
2.462394084  
-9.004374379  
-24.82627226  
-40.48313439  
-50.54964547  
-50.66211157  
-39.30449018  
-18.66289569  
5.875983657  
27.47230165  
40.19377426  
41.07794813  
31.08318177  
14.55705697  
-2.542656287  
-14.9352172  
-19.88393082  
-17.92006912  
-12.2051833  
-6.887916344  
-5.208441228  
-8.157981593  
-14.20880306  
-20.1405544  
-22.52461962  
-19.1932741  
-10.09103254  
2.774311446  
16.16192965  
26.78998993  
32.38740482  
32.24291966  
27.15345674  
18.92430833  
9.702990147  
1.40521183  
-4.632244397  
-7.775142621  
-8.068931476  
-6.13884519  
-3.029340952  
0.03940159423  
1.999093967  
2.276506967  
1.015181276  
-0.9633491119  
-2.505808776  
-2.673888614  
-1.24898998  
1.075768016  
2.969113902  
3.12892635  
1.047761011  
-2.519140533  
-5.680196013  
-6.158498748  
-2.37772841  
5.614240282  
15.8604408  
25.06192016  
29.81761659  
28.02106056  
19.78788398  
7.473039013  
-5.258694845  
-14.90888096  
-19.51006946  
-19.26960293  
-16.22292783  
-13.09438155  
-11.93297617  
-13.18387991  
-15.62488245  
-17.16074496  
-16.04193538  
-11.87185068  
-5.885721738  
-0.3651886706  
2.503873493  
1.737497568  
-1.946538148  
-6.49175979  
-9.540783913  
-9.611387627  
-6.804790916  
-2.68187149  
0.6253188061  
1.6022092  
0.2176285251  
-1.992037002  
-2.676512395  
0.115103877  
6.881766146  
16.32114412  
25.86885951  
32.85522022  
35.69227252  
34.48963103  
30.79676614  
26.62675164  
23.2944218  
20.70216596  
17.47087744  
11.86119939  
2.995576503  
-8.296239408  
-19.51693751  
-27.48891848  
-29.84791607  
-26.30310173  
-18.99287065  
-11.6831912  
-8.123468094  
-10.31245863  
-17.50807423  
-26.48838449  
-32.98241984  
-33.62406134  
-27.51408123  
-16.64504608  
-4.97457922  
3.424856548  
6.266216444  
4.093671437  
-0.02994954657  
-2.0539732  
1.031476048  
9.630677912  
21.18968395  
31.23807374  
35.35719514  
31.176438  
19.48989707  
3.992846675  
-10.23141488  
-18.7853664  
-19.67219275  
-13.92303384  
-4.920564475  
3.210436595  
7.383703494  
6.713815913  
2.601115553  
-2.203546358  
-5.041044218  
-4.589244813  
-1.352784174  
2.767645297  
5.550201146  
5.610631919  
3.08167592  
-0.4903480889  
-2.948669317  
-2.62108382  
0.8188827983  
6.120077799  
10.94312793  
12.8361806  
10.26060523  
3.232400654  
-6.664304483  
-16.85801026  
-24.69383625  
-28.29067154  
-27.04488512  
-21.65216509  
-13.71967834  
-5.178437384  
2.268219182  
7.494805941  
10.05570958  
10.09479151  
8.164041457  
5.038378427  
1.565668225  
-1.452789623  
-3.368591308  
-3.780510469  
-2.591028906  
0.01093705965  
3.654689121  
7.94982311  
12.63375777  
17.62397442  
22.93123041  
28.46037038  
33.79710941  
38.10902997  
40.25762249  
39.12694553  
34.06599271  
25.26354419  
13.87293297  
1.789541099  
-8.876605771  
-16.4509252  
-20.21491529  
-20.58160954  
-18.84381066  
-16.59434568  
-15.06243483  
-14.65466582  
-14.90273597  
-14.83716785  
-13.60635471  
-11.03494074  
-7.831044587  
-5.310096769  
-4.73717158  
-6.594808775  
-10.15389377  
-13.61696939  
-14.84926856  
-12.42224402  
-6.503082505  
0.865813576  
6.325868319  
6.46626889  
-0.6796069753  
-14.53724219  
-31.81517355  
-47.42025294  
-56.17920714  
-54.72053752  
-42.76666666  
-23.29811146  
-1.499911474  
17.10185179  
28.57302212  
31.81195244  
28.63526334  
22.73585607  
18.00441724  
16.94413169  
19.82339809  
24.85282834  
29.21264009  
30.40413362  
27.30700748  
20.51773413  
11.91214594  
3.734993503  
-2.301434143  
-5.498213708  
-6.084480872  
-4.730825301  
-2.015873558  
1.819982447  
6.710981767  
12.34188988  
17.79116883  
21.54892054  
22.00440377  
18.20808336  
10.50929017  
0.6767343506  
-8.660485345  
-15.06741221  
-17.3840228  
-16.29684081  
-14.07124345  
-13.5040637  
-16.54532215  
-23.23032863  
-31.45180332  
-37.72926695  
-38.66872845  
-32.47398862  
-19.83163815  
-3.768264138  
11.45922709  
21.95096755  
25.54449834  
22.42848907  
14.8020945  
5.82520357  
-1.609478305  
-5.742864958  
-6.16095367  
-3.418789351  
1.576555632  
8.019383755  
15.26540328  
22.56417961  
28.76537997  
32.3350388  
31.82827525  
26.65371276  
17.71808379  
7.510506596  
-0.5819742633  
-3.546059638  
-0.07397304484  
8.680822018  
19.34990035  
27.57616038  
29.72595775  
24.33233592  
12.61189611  
-2.182086099  
-16.25809478  
-26.91755711  
-33.54013535  
-37.46779085  
-40.8865241  
-45.31067956  
-50.48005666  
-54.2736263  
-53.72366603  
-46.63993318  
-33.0149449  
-15.45903326  
1.6248007  
13.7918665  
18.42437283  
15.82497439  
8.999546927  
2.220067788  
-0.9499440381  
0.7763080409  
5.991239315  
11.5055503  
14.11800061  
12.35069747  
7.280481055  
2.048954232  
0.291208879  
4.25999251  
13.57528033  
25.22257388  
34.81254845  
38.50137733  
34.65661056  
24.48799805  
11.37484371  
-0.747868647  
-9.141921942  
-13.31729609  
-14.91570729  
-16.54886452  
-20.2220495  
-26.15429715  
-32.57770714  
-36.59001041  
-35.60568561  
-28.66673139  
-16.96855646  
-3.366367203  
8.861556348  
17.3653463  
21.53929869  
22.45414106  
22.0192208  
21.86466103  
22.537564  
23.39792637  
23.20242304  
20.99448088  
16.77433228  
11.56963702  
6.880316119  
3.83007631  
2.52588634  
2.012182994  
0.8717663493  
-1.846232643  
-5.89351057  
-9.726048728  
-11.15414801  
-8.444420154  
-1.314736602  
8.711796237  
