36.89851726  
43.94844838  
43.65396236  
35.19818678  
19.5120315  
-0.637561308  
-21.08084861  
-37.20352582  
-45.19429503  
-43.16444376  
-31.70687667  
-13.6519539  
6.901650243  
25.8968341  
40.44727914  
49.36767061  
52.98146974  
52.42246575  
48.85641751  
43.02687031  
35.29419285  
26.02469921  
15.97707574  
6.344443361  
-1.657220764  
-7.446925559  
-11.56031636  
-15.56227881  
-21.28081785  
-29.65045688  
-39.74903927  
-48.62163524  
-52.16570018  
-46.83713082  
-31.47506241  
-8.383029241  
16.94451995  
37.48813611  
47.16079659  
43.05813791  
26.54730338  
2.722375783  
-21.53905362  
-40.08281748  
-49.49203569  
-49.81381906  
-43.81571401  
-35.25455317  
-27.04684125  
-20.19359665  
-13.87436694  
-6.513623314  
2.850899515  
13.67718153  
23.9887295  
31.35226235  
34.21703689  
32.86888491  
29.44714182  
26.95618816  
27.7305911  
32.114221  
38.03693914  
41.75555601  
39.47008217  
29.10364134  
11.44317822  
-9.881575706  
-29.58906284  
-42.60929503  
-45.85131803  
-39.18087925  
-25.27857779  
-8.523632133  
6.58103899  
16.80847224  
20.95230639  
19.76286055  
15.25520071  
9.770426977  
5.178242483  
2.458522589  
1.692774814  
2.33441122  
3.570946735  
4.631946935  
4.982222097  
4.410581801  
3.045878764  
1.314387601  
-0.1719268421  
-0.8040919728  
-0.2120661762  
1.528490428  
3.818254114  
5.65392028  
5.938122537  
3.882946043  
-0.6447342947  
-6.977221209  
-13.76766313  
-19.34432738  
-22.17927251  
-21.32207432  
-16.67872544  
-9.079660811  
-0.1439076016  
8.016905235  
13.20413466  
13.597541  
8.220191437  
-2.688928933  
-17.51576828  
-33.44104747  
-46.9863827  
-54.85811068  
-54.87243972  
-46.66114851  
-31.88442984  
-13.82473529  
3.54211471  
16.69823781  
23.56148748  
23.95585919  
19.43923462  
12.60049385  
6.129859649  
2.017153364  
1.134145808  
3.263718396  
7.449276683  
12.44149736  
17.04505988  
20.2872619  
21.45776726  
20.13343711  
16.26886792  
10.33284903  
3.377265815  
-3.0948555  
-7.51215095  
-8.775146898  
-6.734167056  
-2.362145205  
2.514711068  
5.868855304  
6.254538694  
3.387572596  
-1.739928433  
-7.266712978  
-11.21162364  
-12.2324169  
-10.06768105  
-5.498742481  
0.1002660018  
5.370764587  
9.438102833  
12.05078436  
13.39685242  
13.77584272  
13.35727541  
12.16873812  
10.28398789  
8.035133412  
6.042551897  
4.968096656  
5.089565517  
5.948571385  
6.339979873  
4.757236869  
0.1553624312  
-7.321909022  
-16.05378391  
-23.32681079  
-26.30823381  
-23.21143981  
-14.11675845  
-1.034996016  
12.85583841  
24.46824017  
31.96882585  
35.28973476  
35.74548996  
34.96645215  
33.72313755  
31.29562538  
25.78280065  
15.26353587  
-0.7466664018  
-20.3132837  
-39.17624308  
-52.0356136  
-54.5639444  
-45.28780915  
-26.47394022  
-3.556670776  
16.72334219  
28.72736165  
29.88277178  
21.40596626  
7.530109439  
-6.373584643  
-15.94041498  
-19.32162448  
-17.49163212  
-13.34912934  
-10.12932777  
-9.893239796  
-12.74629426  
-17.04289856  
-20.36503059  
-20.74011246  
-17.52149266  
-11.58057692  
-4.816461755  
0.7049147224  
3.553033898  
3.345333472  
0.6745063729  
-3.309052513  
-7.397583949  
-10.67759595  
-12.64070951  
-13.1097765  
-12.11394544  
-9.820008904  
-6.53691569  
-2.727707474  
1.054147947  
4.326838862  
6.873257923  
8.842712021  
10.6659023  
12.79066887  
15.36276164  
18.03371777  
20.03019573  
20.48216875  
18.85600999  
15.26153432  
10.4537099  
5.511340426  
1.359297581  
-1.597133271  
-3.508550599  
-4.757097136  
-5.463541241  
-5.150138351  
-2.832133785  
2.414464414  
10.65386393  
20.5021138  
29.16727233  
33.27043725  
30.20549161  
19.46668064  
3.290261443  
-13.80468832  
-26.51954585  
-30.77141236  
-25.35047613  
-12.50088382  
2.87739229  
15.11028621  
19.94006141  
16.10764361  
5.680390384  
-6.964576319  
-17.00749328  
-21.06536308  
-18.29630071  
-10.34322983  
-0.2840605831  
8.815070962  
15.03455338  
17.95484614  
18.2085625  
16.62530346  
13.53571724  
8.650008471  
1.552128337  
-7.536031537  
-17.24902572  
-25.23402157  
-29.00542429  
-27.12074543  
-20.07053096  
-10.36057018  
-1.639394045  
2.798401716  
1.462918074  
-4.615426746  
-12.27381296  
-17.5654033  
-17.47091385  
-11.20275808  
-0.5212422487  
11.05553759  
19.76064774  
23.10845744  
20.77802528  
14.51871527  
7.216633795  
1.626365367  
-0.6337375387  
0.5731935713  
4.238943273  
8.914448462  
13.33722033  
16.66740634  
18.31228864  
17.59877158  
13.65286188  
5.702176735  
-6.280977474  
-20.96083364  
-35.49417215  
-46.13147957  
-49.45980448  
-43.80845941  
-30.16805499  
-12.12036937  
5.305188211  
17.43460398  
21.66468979  
18.34808865  
10.45936784  
2.198598699  
-2.83363254  
-3.07358916  
0.5721340455  
5.430470247  
8.504813215  
7.935736184  
3.790954799  
-2.141193372  
-7.377377618  
-10.01620348  
-9.608022991  
-7.20378639  
-4.610562509  
-3.290311491  
-3.506906481  
-4.174816674  
-3.480890914  
0.06094831149  
6.686941754  
15.08520483  
22.88665242  
27.70248891  
28.18984911  
24.62205354  
18.70178683  
12.74128626  
8.641569771  
7.175372116  
7.888724319  
9.593110574  
11.11319035  
11.84769646  
11.84390653  
11.39425396  
10.4577135  
8.323383223  
3.797373529  
-4.118503121  
-15.40397671  
-28.53856002  
-40.71294193  
-48.74098008  
-50.29734517  
-44.89573953  
-34.10750028  
-20.87565572  
-8.231202617  
1.965832778  
9.629255037  
16.08236476  
22.90970156  
30.63120088  
37.93124396  
41.92628209  
39.44099989  
28.73006375  
10.80543887  
-10.34787781  
-28.89787712  
-39.24119324  
-38.17026276  
-26.19354274  
-7.41986558  
11.96160757  
25.9678569  
30.92373766  
26.54197531  
15.62208711  
2.617067234  
-8.22602026  
-14.3360253  
-15.34647722  
-12.61522349  
-8.12889751  
-3.41102141  
1.041833255  
5.607025577  
10.86620215  
16.86351627  
22.72888914  
26.87229061  
27.63785446  
24.07313961  
16.42880256  
6.159891072  
-4.547340969  
-13.48681091  
-19.07503322  
-20.70251911  
-18.74367139  
-14.32709404  
-9.022599059  
-4.550043238  
-2.516627125  
-4.128508457  
-9.850330745  
-19.08641441  
-30.05540069  
-40.03812829  
-46.05716956  
-45.83566682  
-38.69117018  
-25.96511275  
-10.72941069  
3.194199811  
12.54982062  
15.76796003  
13.42093106  
7.827679796  
2.002391069  
-1.56915613  
-1.784905265  
0.9228483751  
5.117663881  
9.218986404  
12.2108406  
13.85381048  
14.36951724  
13.88650815  
12.07570822  
8.280120347  
2.122096967  
-5.767121462  
-13.40211397  
-17.84775928  
-16.3519588  
-7.75273368  
6.537663732  
22.56439325  
35.03644714  
39.30160527  
33.26472746  
18.38081713  
-0.7719245603  
-18.20121792  
-28.76655047  
-30.02035128  
-22.84925058  
-10.71229235  
2.072987628  
12.12919665  
18.06283759  
20.35808702  
20.35128557  
18.99229739  
16.17223335  
11.03399369  
3.075472461  
-6.657438041  
-15.12176394  
-18.0570555  
-11.81480364  
4.578699794  
28.20350456  
52.65997121  
70.17311467  
74.60943066  
64.10695391  
42.09038913  
16.10845605  
-5.102187316  
-15.10366042  
-12.29157908  
-0.379133181  
13.36206264  
21.30324159  
18.68001456  
5.442449688  
-14.00315049  
-32.93552175  
-45.2983161  
-48.16596198  
-42.66122203  
-33.05411601  
-24.60326611  
-21.21245295  
-23.95510524  
-31.01843592  
-38.91372267  
-44.23672607  
-45.09702186  
-41.60564234  
-35.34217366  
-28.23093956  
-21.49142701  
-15.20330894  
-8.639256973  
-1.091994353  
7.322384496  
15.35578846  
20.99474701  
22.3197523  
18.42822694  
9.978491432  
-0.8859270859  
-11.17491755  
-17.96243461  
-19.21032699  
-14.24882613  
-3.847398871  
10.02994564  
24.63383301  
