-8.599243418  
-35.61485278  
-59.916539  
-75.58828004  
-80.01155561  
-74.48893528  
-63.16935972  
-50.76305854  
-40.14470571  
-31.03243243  
-20.42695122  
-4.624774424  
18.19644206  
46.16436056  
73.69861345  
93.47330144  
99.55081482  
90.24833399  
69.33732516  
44.89208349  
26.17375069  
19.86014137  
27.27001044  
43.81286596  
60.91165638  
69.5488177  
63.88245405  
43.39236911  
12.72249673  
-20.55181967  
-49.09288203  
-68.42614555  
-77.91166757  
-79.82313042  
-77.23407682  
-71.94621124  
-63.58076884  
-50.26397985  
-30.44080365  
-4.71815211  
23.39830513  
48.42052943  
65.08484675  
70.73200296  
66.56198934  
56.98495094  
47.2724673  
40.66736145  
36.51309738  
30.56077906  
17.54038811  
-5.149126943  
-34.53888461  
-61.7301438  
-74.74249891  
-63.67750638  
-26.00740147  
30.5602733  
89.35189438  
130.0967319  
136.476053  
102.7846607  
36.81296825  
-42.45566648  
-111.5531929  
-150.9615067  
-151.8416041  
-118.3797485  
-65.00004005  
-9.912487984  
32.03707727  
54.14010213  
58.44036674  
52.44257685  
43.96265526  
36.86563314  
29.75539684  
18.0113664  
-2.213800176  
-30.40667941  
-60.59671669  
-83.44830767  
-90.49920845  
-78.33915215  
-50.52031829  
-16.16732852  
14.03052953  
32.4095946  
37.19495773  
32.27644253  
24.20012312  
18.16247514  
15.29762847  
12.78027344  
6.643459193  
-4.400420062  
-16.53582026  
-21.56416117  
-10.81337179  
19.58489507  
64.88155047  
111.7316389  
142.6363031  
143.1332797  
108.4942921  
46.65995267  
-24.23861446  
-82.9019694  
-113.3582101  
-111.098645  
-84.09372075  
-48.3509491  
-20.25439784  
-9.385568237  
-15.16224531  
-28.63098679  
-38.15394173  
-35.84731957  
-21.41288706  
-1.525193214  
14.62406273  
20.96332741  
18.10873807  
12.8010657  
13.48254871  
24.50277939  
42.33598048  
56.23156745  
53.37018147  
26.07359721  
-22.72008209  
-78.88213209  
-122.2410004  
-135.3438019  
-111.7258979  
-59.57303416  
1.258905538  
47.71725051  
63.64521325  
46.73332151  
9.005589294  
-29.39445124  
-50.11309916  
-45.38844159  
-21.48694623  
4.861515999  
15.24794496  
-0.7373099009  
-39.67875506  
-85.22717438  
-115.314045  
-112.263319  
-71.02874603  
-1.738871447  
74.51922595  
134.5756276  
162.5374936  
155.433322  
122.8834358  
81.43140774  
46.58304221  
26.41128565  
19.50976626  
17.75819753  
12.00917892  
-2.437195937  
-23.31428172  
-42.85531286  
-52.18831793  
-46.200155  
-26.34102567  
-0.03834877014  
22.83424757  
34.55970046  
32.97752864  
22.14762077  
10.1647665  
5.351895777  
12.68209263  
31.95489928  
58.2613704  
84.17925415  
102.4926805  
108.2705182  
99.71359145  
77.89229517  
45.93741328  
8.238174248  
-30.13611692  
-63.94352959  
-88.47445145  
-100.5189147  
-99.29866848  
-86.84323654  
-67.41252492  
-46.02559369  
-26.69131521  
-11.20633062  
0.8267378489  
10.74399707  
19.03690249  
24.13721809  
22.64759954  
11.11848459  
-11.45422637  
-41.80392723  
-72.46441619  
-94.07554029  
-99.07919229  
-85.10686881  
-56.33371086  
-21.95907529  
7.632700221  
25.27340053  
29.85702701  
26.22585497  
22.15742188  
23.99828796  
33.21532199  
45.69064064  
54.16601766  
52.55999095  
39.82070751  
21.12755842  
5.588471349  
1.442730331  
11.20840664  
29.42996127  
44.50369835  
44.0251887  
21.21862933  
-20.74493411  
-68.91531302  
-105.5221724  
-115.6945936  
-94.44319433  
-49.56537905  
1.094397863  
37.02171605  
43.85938505  
19.75546716  
-23.63668861  
-65.99608625  
-86.89379145  
-74.33214124  
-29.59276924  
33.57160498  
94.84321988  
135.6062781  
145.9664443  
127.6708382  
92.03788993  
54.21940953  
26.58319257  
14.127432  
13.67038956  
16.73217049  
14.41159808  
1.864028613  
-19.5813001  
-43.36407496  
-60.96598104  
-65.83448219  
-56.17678439  
-35.53660342  
-11.14088567  
9.05244058  
19.26163788  
17.60804224  
6.17767868  
-10.33101451  
-26.61991962  
-38.60549676  
-44.4311039  
-44.4991169  
-40.74102758  
-35.55825132  
-30.87544696  
-27.60618235  
-25.62939084  
-24.19296977  
-22.53153636  
-20.42945989  
-18.47484385  
-17.85087001  
-19.68426774  
-24.17928724  
-29.93029874  
-33.82784144  
-31.80316912  
-20.31174765  
1.926641846  
32.66066767  
65.99782333  
93.75587934  
107.9914327  
103.856293  
81.67050769  
47.28884385  
10.45077208  
-18.39349689  
-31.63712228  
-27.09614207  
-8.608514214  
15.57933969  
35.987087  
45.37143262  
41.14060618  
25.83086802  
5.584327507  
-12.62342275  
-23.7957922  
-26.62939561  
-23.53170153  
-19.09861425  
-17.83723717  
-22.16164245  
-31.47142982  
-42.57584915  
-51.12442347  
-53.31635151  
-47.14860458  
-32.7830485  
-12.09237099  
12.18235703  
37.1336628  
59.93253619  
77.69004288  
87.33054237  
85.93772812  
71.76308645  
45.61078987  
11.88628063  
-21.51816963  
-44.97014872  
-50.23135659  
-33.93946966  
0.05716425578  
40.83378703  
73.46462987  
84.26964582  
66.35916278  
23.1646258  
-31.80596962  
-79.34306056  
-101.6468494  
-89.45141379  
-46.1727946  
12.88485762  
66.24777088  
94.77543023  
89.47202689  
55.24939683  
8.889318657  
-28.0852246  
-38.66508376  
-17.75387624  
25.54828854  
71.82888648  
99.74187609  
95.18747838  
57.22791252  
-1.850319036  
-62.24973256  
-105.4375947  
-121.9027049  
-114.3530973  
-95.02446423  
-78.59511073  
-74.29504204  
-81.14761111  
-88.70575002  
-82.91125952  
-54.13163478  
-3.294984881  
57.08437068  
107.7147046  
131.0054248  
119.1729663  
78.0087148  
24.37263781  
-21.50494995  
-45.28711777  
-44.91350339  
-30.99154816  
-20.95316366  
-29.76155497  
-61.67601204  
-107.1472159  
-146.5101915  
-158.9002432  
-132.284347  
-69.88575929  
10.11213195  
81.62014999  
121.3857304  
118.6581841  
79.50242386  
23.90688246  
-22.95495682  
-41.40932089  
-25.27780774  
16.13274937  
62.6410483  
92.15457357  
90.01124369  
54.8017856  
-1.501178408  
-58.77944988  
-96.88364283  
-103.201361  
-76.80214844  
-27.91985868  
26.54190617  
69.38935181  
88.9071476  
82.10135994  
54.67482378  
18.20811685  
-14.16642545  
-32.06659431  
-30.87129345  
-12.72237867  
14.58609502  
40.38555743  
54.73204308  
51.75710847  
31.72583771  
1.074365489  
-29.69824785  
-49.66227096  
-51.36714681  
-33.56092262  
-1.615638034  
34.58295854  
64.47612718  
80.83480479  
82.2481554  
73.06458753  
60.88353157  
52.7983345  
52.1414505  
57.20740496  
62.45224686  
61.47208481  
50.23135071  
28.9593394  
1.869105148  
-25.0086462  
-46.63969243  
-60.94680805  
-68.95550346  
-73.20898552  
-75.50584081  
-75.38566424  
-70.34030558  
-57.71015479  
-37.1898564  
-12.40183331  
9.60824906  
21.02182121  
16.90139313  
-1.975824102  
-28.67941844  
-52.56020724  
-63.61179632  
-56.79503625  
-34.28104375  
-4.509078852  
21.54095497  
35.12617874  
33.3446935  
19.93630454  
3.034719849  
-8.903267034  
-10.9420241  
-3.453350512  
8.857593282  
19.95722478  
25.79385096  
26.13234272  
24.02102884  
23.3328776  
25.88818823  
29.88187981  
30.6000089  
23.11212158  
5.475119209  
-19.38632933  
-44.32710438  
-61.03655396  
-64.055826  
-53.69356639  
-36.22128906  
-21.04960179  
-16.12625415  
-23.77621237  
-39.09759852  
-51.8591212  
-51.16248728  
-30.75867182  
7.480997086  
53.6387249  
93.45055348  
114.049392  
109.233887  
81.97201678  
43.10791314  
6.921337128  
-14.48368452  
-15.59399287  
0.9934013367  
26.3015035  
48.92634195  
59.39869226  
53.21833858  
31.63252093  
0.3041904449  
-33.17010403  
-61.70372899  
-80.28764547  
-86.48676923  
-80.21435235  
-63.30869611  
-39.22972336  
-12.81184368  
10.25005366  
24.44344317  
25.92240677  
13.92278824  
