16.12803624  
14.79143768  
10.00794651  
4.318046641  
0.748908351  
1.48557926  
7.039006278  
16.21450925  
26.77910486  
36.4196733  
43.51625819  
47.42795707  
48.28653405  
46.54317217  
42.59139914  
36.67433015  
29.06398761  
20.31676563  
11.36629782  
3.333368797  
-2.870492109  
-6.917672663  
-9.179430169  
-10.48518279  
-11.64041717  
-12.97003342  
-14.15320781  
-14.45558828  
-13.23223734  
-10.40602526  
-6.625329441  
-2.981291257  
-0.4248784707  
0.7822517349  
1.239482581  
2.054151541  
4.118542598  
7.411335391  
10.75219405  
12.22404331  
10.11795516  
3.936514077  
-5.100762167  
-14.39916394  
-21.10636584  
-23.50690802  
-21.99214284  
-19.05305212  
-18.19546895  
-22.22219235  
-31.68598862  
-44.29927775  
-55.66916042  
-61.10128794  
-57.6817196  
-45.67098192  
-28.53385181  
-11.55121421  
0.3721780869  
4.705768123  
2.185562372  
-3.788432838  
-8.930186962  
-10.15147506  
-6.951889504  
-1.471075153  
2.78087233  
2.856495373  
-2.003612896  
-9.856954299  
-16.90544991  
-19.28191687  
-14.90371979  
-4.499664259  
8.672358278  
20.26491159  
26.74040181  
26.83840865  
21.95461287  
15.31283574  
10.37996925  
9.298996245  
12.05635123  
16.70539346  
20.45229564  
21.02521751  
17.67187207  
11.37199391  
4.265606029  
-1.33494519  
-3.8376749  
-2.783525841  
1.302009995  
7.400173895  
14.4771854  
21.67807966  
28.20073229  
33.04981946  
34.9652106  
32.71024916  
25.66328229  
14.4182735  
1.017424976  
-11.4280732  
-19.68279399  
-21.54734952  
-16.73543255  
-7.05887647  
4.192070552  
13.42503812  
17.98276435  
16.93161459  
11.11670235  
2.54570512  
-6.540045636  
-14.44627615  
-20.33083468  
-23.99151216  
-25.37849631  
-24.20435606  
-19.9371291  
-12.21218541  
-1.424090842  
10.88395187  
22.14732901  
29.4847969  
30.7338419  
25.36680861  
14.8495402  
2.234775085  
-8.877895981  
-15.59499387  
-16.67820555  
-12.81181229  
-6.117300218  
0.826745522  
6.005946942  
8.598504719  
8.991619528  
8.265223894  
7.458863038  
7.004529836  
6.586759842  
5.453045069  
2.965419329  
-0.9268951893  
-5.557936009  
-9.833718329  
-12.79217859  
-14.14284046  
-14.49553957  
-15.13259866  
-17.3975462  
-21.96283848  
-28.31227442  
-34.69793144  
-38.63916028  
-37.80327917  
-30.939867  
-18.50122663  
-2.686180903  
13.14484781  
25.49916938  
31.86800932  
31.52649137  
25.71783352  
17.14123658  
8.91979372  
3.426862876  
1.41674693  
1.80356931  
2.192096952  
-0.03117935199  
-6.472535363  
-16.8721661  
-28.98812102  
-39.30873798  
-44.34036823  
-41.96384772  
-32.30439046  
-17.74309967  
-2.047025542  
11.03385192  
19.12569105  
21.98463917  
21.34507114  
19.95649111  
20.25695201  
23.2822745  
28.29068023  
33.24609122  
35.90402604  
34.96787026  
30.75938851  
25.08578101  
20.37253055  
18.48490308  
19.80959089  
23.04507066  
25.81040971  
25.7903809  
21.87632893  
14.75796496  
6.674512109  
0.4226457036  
-1.93668647  
-0.0901896706  
4.256065841  
7.976979283  
7.754411344  
1.422082472  
-11.11367389  
-27.72709215  
-44.72773475  
-58.03644247  
-64.43391029  
-62.45600784  
-52.68817582  
-37.44905406  
-20.04950188  
-3.902304345  
8.264382472  
14.92762076  
15.96318196  
12.52569431  
6.668990443  
0.7843475012  
-3.036290058  
-3.571588333  
-0.819199728  
4.006273923  
8.861039299  
11.55099505  
10.48589271  
5.24429095  
-3.259823022  
-13.07234462  
-21.83979321  
-27.54887707  
-29.09152484  
-26.47246743  
-20.63584124  
-13.03847227  
-5.173551611  
1.779676527  
7.104091358  
10.52546074  
12.12013708  
12.22748721  
11.3804011  
10.20824561  
9.264118644  
8.79247068  
8.54008589  
7.759229917  
5.499673862  
1.143218427  
-5.03551167  
-11.5924697  
-16.17126272  
-16.32290467  
-10.62476844  
0.3861267833  
13.96395606  
25.84997178  
31.76429222  
29.14291738  
18.37736213  
2.951835025  
-11.69050507  
-20.16337029  
-19.22657261  
-9.060981894  
6.833826674  
23.08891186  
34.63585594  
38.64833527  
35.41922617  
27.8341077  
19.75615043  
14.13495245  
11.75560801  
11.20395075  
10.00511027  
6.300807012  
0.1584655551  
-6.207832124  
-9.46853296  
-6.974299722  
1.592365067  
13.59037019  
24.22669052  
28.50914857  
23.47978004  
9.687094124  
-8.822974471  
-26.04438735  
-36.41946234  
-37.05894714  
-28.80623247  
-15.71524568  
-3.234648659  
4.044042972  
4.071797274  
-2.215484997  
-11.75239213  
-20.94858919  
-27.20178491  
-29.62045207  
-28.74030007  
-25.57272505  
-20.65741396  
-13.73445984  
-4.24485631  
7.660328402  
20.27580517  
30.31133123  
33.91343381  
28.38786175  
13.81211967  
-6.339761593  
-26.04724451  
-38.86934016  
-40.49839412  
-30.60900998  
-13.11458095  
5.369116187  
18.23609539  
21.59959454  
15.79157969  
4.979233454  
-4.916450655  
-9.032774426  
-5.804162799  
2.404987786  
10.5479961  
13.41297539  
8.201609017  
-4.060173614  
-18.94621193  
-30.67548937  
-34.78926714  
-30.17059786  
-19.43818219  
-7.536776906  
0.7741495353  
3.289358871  
1.399267996  
-0.739003455  
1.476143054  
10.40921234  
24.50324659  
38.51456032  
45.68948014  
40.95764924  
23.67159971  
-1.448140272  
-25.74047213  
-39.91646069  
-37.8917623  
-19.48265816  
9.244848596  
38.19133613  
57.12256495  
59.64008503  
45.58525232  
20.9120814  
-4.858076682  
-22.48309573  
-26.53238477  
-17.19336419  
0.2664044288  
17.98954888  
28.79876149  
28.84509457  
18.62257015  
2.127400242  
-15.24675697  
-29.01215565  
-37.07131969  
-39.86581279  
-39.35416204  
-37.51074339  
-35.17673954  
-31.81254346  
-26.17423025  
-17.44312665  
-6.125958296  
5.801196958  
15.60568977  
21.0047711  
21.24214493  
17.47828151  
12.29117784  
8.532268212  
8.096378847  
11.19024546  
16.416456  
21.57710054  
24.75479998  
25.12317628  
23.11599865  
19.93991231  
16.7579031  
14.02169854  
11.31861212  
7.791620924  
2.863158338  
-3.179439989  
-9.10100561  
-13.22005004  
-14.24397076  
-11.98695567  
-7.564671366  
-2.930016656  
0.03374148332  
0.399495134  
-1.403083526  
-3.891001577  
-5.38188154  
-4.946497608  
-2.944989294  
-0.8436457139  
-0.3937235539  
-2.605107027  
-7.080571842  
-12.10743672  
-15.5103224  
-15.8530738  
-13.35771707  
-10.0105878  
-8.714913726  
-11.8375467  
-19.83891127  
-30.68734005  
-40.41983915  
-44.67463983  
-40.54396669  
-27.91330985  
-9.662853989  
9.385927238  
24.32674538  
32.01641431  
32.11793199  
26.92363519  
20.10379772  
15.00007425  
13.25187124  
14.34274783  
16.19378301  
16.43859422  
13.72787047  
8.447258373  
2.55476035  
-1.321685906  
-1.054816053  
4.092938825  
13.22469447  
24.23403299  
34.61773513  
42.26535646  
45.90392254  
45.11172422  
40.05278963  
31.19496468  
19.21264133  
5.09515996  
-9.697390732  
-23.25385126  
-33.53963139  
-38.97092553  
-38.99304832  
-34.36228499  
-26.94096938  
-19.04309914  
-12.59354747  
-8.46963236  
-6.316132413  
-4.903332242  
-2.84311146  
0.6812723417  
5.501789898  
10.52832339  
14.21220681  
15.16097917  
12.62164835  
6.660896177  
-1.951444552  
-12.01056112  
-22.12565652  
-30.86758145  
-36.86209349  
-38.94989218  
-36.49262423  
-29.76331231  
-20.21247878  
-10.3549684  
-3.143486378  
-0.9479683729  
-4.51912004  
-12.43233542  
-21.37944221  
-27.32969654  
-27.16150458  
-20.07996884  
-8.149306976  
4.390563624  
12.81825007  
13.94578218  
7.567869689  
-3.334216752  
-13.77749354  
-18.86840727  
-15.89259226  
-5.477454435  
8.690579022  
21.46375779  
28.42528322  
27.69861482  
20.58900082  
10.81981375  
2.76681059  
-0.47200189  
1.699359649  
7.359976701  
