10.18571776  
2.186243656  
-6.05527352  
-11.64263623  
-13.02786522  
-10.48001976  
-5.731249641  
-1.013775537  
2.03243248  
3.067684874  
3.069136834  
3.690961139  
6.31493355  
11.27206116  
17.61465816  
23.53677044  
27.22100566  
27.68676282  
25.22399354  
21.20852343  
17.40223981  
15.0922248  
14.49654491  
14.7264955  
14.31677363  
12.05278006  
7.675992848  
2.10689805  
-2.939573418  
-5.7716703  
-5.579596884  
-2.913771136  
0.466203476  
2.323422257  
0.9310348568  
-4.138817238  
-11.79290577  
-19.87050461  
-26.06876309  
-28.91533653  
-28.34251744  
-25.60330678  
-22.57995339  
-20.82234759  
-20.7813783  
-21.61027209  
-21.63394422  
-19.26319565  
-13.90829322  
-6.435238155  
1.082373516  
6.228885137  
7.338521904  
4.298337582  
-1.335613265  
-6.992985681  
-10.23428895  
-9.861581558  
-6.465809381  
-2.130219884  
0.601421525  
0.02850117064  
-3.74310983  
-8.657741814  
-11.50527706  
-9.342604033  
-0.9264216003  
12.49057009  
27.38884661  
39.1871905  
43.94956077  
39.89834746  
28.11742647  
12.17051078  
-3.188628124  
-13.67670358  
-16.8547283  
-12.72072861  
-3.382176849  
7.948574639  
18.1533256  
25.11356321  
28.03880644  
27.23380623  
23.56152973  
17.93817431  
11.09500928  
3.636240988  
-3.765597022  
-10.26363701  
-14.96611155  
-17.27235099  
-17.22428181  
-15.63129856  
-13.82319293  
-13.08376932  
-14.01076452  
-16.12755697  
-17.98464588  
-17.76623935  
-14.16489117  
-7.130296716  
1.877644877  
10.29810921  
15.41277209  
15.44486238  
10.3455764  
1.917054133  
-6.804882299  
-12.67436716  
-13.61882367  
-9.412748861  
-1.7432791  
6.44332254  
12.0436617  
12.91690958  
8.607889558  
0.4343695259  
-9.049484382  
-16.97601451  
-21.11966252  
-20.55479852  
-15.82339982  
-8.609131717  
-1.081421942  
4.835995398  
8.023110918  
8.385947282  
6.710760053  
4.243213943  
2.168392378  
1.18383683  
1.308356284  
1.973086103  
2.334304409  
1.668324285  
-0.3137191887  
-3.349618018  
-6.736968114  
-9.601511697  
-11.19187347  
-11.07304351  
-9.156522291  
-5.599439732  
-0.6754982691  
5.272107218  
11.75125793  
17.97424682  
22.78419062  
24.79817802  
22.81504007  
16.38064885  
6.264602993  
-5.43308626  
-15.71678965  
-21.61562676  
-21.28387059  
-14.83010999  
-4.469932637  
6.156193313  
13.30421518  
14.58552315  
9.953586188  
1.767765633  
-6.141935497  
-10.05151431  
-7.907417001  
-0.2075849066  
10.18957966  
19.25401843  
23.45803113  
21.20911394  
13.42622466  
3.030744043  
-6.389967842  
-12.12557845  
-13.39643782  
-11.4665288  
-8.809519978  
-7.758896595  
-9.299134429  
-12.56982745  
-15.30535192  
-14.98771318  
-10.15880947  
-1.271594209  
9.320186163  
18.23541821  
22.41598682  
20.36542525  
12.75287282  
2.1512706  
-7.94615639  
-14.39818214  
-15.45993532  
-11.2228852  
-3.355121385  
5.666078631  
13.46814605  
18.4859056  
20.24428217  
19.21845278  
16.431765  
13.01112017  
9.868820737  
7.571237294  
6.352270323  
6.183339172  
6.830465661  
7.884080447  
8.795310114  
8.961620676  
7.87175272  
5.270702865  
1.272767395  
-3.6399999  
-8.74888957  
-13.31274188  
-16.77756185  
-18.89591952  
-19.71481471  
-19.45456592  
-18.35157889  
-16.54938165  
-14.09166652  
-11.01413066  
-7.478622044  
-3.868900597  
-0.7827325764  
1.098503719  
1.225684337  
-0.594401557  
-4.056156186  
-8.357248981  
-12.36383137  
-14.90226458  
-15.0963859  
-12.64849814  
-7.971155025  
-2.115617174  
3.497663188  
7.476987565  
8.867551351  
7.439239293  
3.755188761  
-1.006796002  
-5.421729452  
-8.247597165  
-8.770607542  
-6.954788446  
-3.365242389  
1.077139853  
5.39445116  
8.788261698  
10.75000509  
11.05652193  
9.717348754  
6.946358387  
3.18481144  
-0.8642137547  
-4.273174052  
-6.068284006  
-5.542478139  
-2.600310203  
2.033178108  
6.890379444  
10.17056526  
10.37206307  
6.909407545  
0.4463514175  
-7.231581832  
-13.79452987  
-17.18753909  
-16.36833622  
-11.66558349  
-4.618565071  
2.621292569  
8.068074559  
10.54329681  
9.953359226  
7.152259428  
3.517100879  
0.4557517462  
-0.9628428102  
-0.1800587363  
2.831407531  
7.59320962  
13.13107837  
18.00554247  
20.47991679  
18.92663819  
12.44712965  
1.502888455  
-11.76597285  
-23.82404577  
-30.70174791  
-29.39061736  
-19.15698015  
-2.184837258  
16.8411413  
32.18487235  
39.05528103  
35.37788911  
22.60807449  
5.219747422  
-10.94919794  
-20.82923634  
-21.86712553  
-14.70817063  
-2.609369719  
10.07095416  
19.59350847  
24.03152736  
23.51507886  
19.58557302  
14.12564263  
8.465234478  
3.081953671  
-2.068631846  
-6.922293318  
-10.85476252  
-12.74953308  
-11.5834105  
-7.185430218  
-0.6803433819  
5.726833827  
9.6071694  
9.407521765  
5.216129725  
-1.249581423  
-7.483178633  
-11.45910362  
-12.67241957  
-12.37241521  
-12.81546293  
-15.88557948  
-21.80007034  
-28.62442186  
-32.94241145  
-31.43849074  
-22.65090555  
-8.007875122  
8.439854389  
21.55872919  
27.28332942  
24.38654526  
15.02570389  
3.784670939  
-4.357255626  
-6.189487257  
-1.569172363  
6.721398247  
14.44171118  
17.94417418  
15.81834256  
9.374112485  
1.803548637  
-3.49079906  
-4.533409569  
-1.579905035  
3.248599982  
7.226791478  
8.468522768  
6.786591683  
3.551874342  
0.6881714375  
-0.5987453268  
-0.6295313587  
-1.133331194  
-4.250999807  
-11.19211361  
-21.27885984  
-31.92240506  
-39.59925729  
-41.37775191  
-36.25509115  
-25.65098637  
-12.81885153  
-1.463752759  
5.768532307  
8.229840739  
7.241609163  
5.191943984  
4.263382861  
5.434211628  
8.206206635  
11.10883226  
12.63400694  
12.06905753  
9.800126324  
6.979797165  
4.804969016  
3.844206503  
3.792953409  
3.767560474  
2.93428584  
1.084097037  
-1.191657156  
-2.828631529  
-2.926114641  
-1.316083994  
1.278366135  
3.606222355  
4.58551503  
3.948329467  
2.463251561  
1.587217793  
2.707238861  
6.359874206  
11.8367734  
17.38832355  
20.92916853  
20.89627651  
16.84533988  
9.525194396  
0.4529692307  
-8.734014028  
-16.78680637  
-22.97443116  
-26.84957599  
-27.90000755  
-25.40907115  
-18.71257989  
-7.770277826  
6.277843562  
20.97000138  
33.02962451  
39.42329993  
38.54732172  
30.98468904  
19.41872535  
7.662179557  
-0.8156562321  
-4.222328906  
-3.036944351  
0.395858964  
3.065702548  
2.711387122  
-1.216593244  
-7.474209064  
-13.80645721  
-18.15163284  
-19.63201498  
-18.83304768  
-17.2625192  
-16.3220277  
-16.38216831  
-16.49595597  
-14.9394492  
-10.31383192  
-2.616801515  
6.331392487  
13.419708  
15.56646811  
11.23685673  
1.421377807  
-10.44984082  
-19.70473069  
-22.26887303  
-16.36274477  
-3.31209861  
12.89532607  
27.13277781  
35.10141232  
34.92967128  
27.76857106  
17.18439752  
7.649512933  
2.777320421  
4.00579802  
10.20351657  
18.27401398  
24.44585713  
25.7091352  
20.86393533  
10.84707781  
-1.702161025  
-13.4120381  
-21.30986427  
-23.73726526  
-20.78457551  
-14.15338093  
-6.530618327  
-0.6896345668  
1.400478175  
-0.8147053504  
-6.335008051  
-12.98658732  
-18.20803927  
-19.98301684  
-17.59283213  
-11.90855689  
-5.098086926  
0.1587261581  
1.658405949  
-1.511006115  
-8.642605505  
-17.69060956  
-26.0317146  
-31.39062015  
-32.56087822  
-29.66053499  
-23.87618018  
-16.86789198  
-10.12891832  
-4.569205141  
-0.4440602264  
2.436672504  
4.409177716  
5.761198196  
6.72904181  
7.622631863  
8.91590138  
11.15466894  
14.65841478  
19.15364775  
23.57646471  
26.24664105  
25.44673201  
20.21381883  
10.98946388  
-0.2265860994  
-10.38798812  
-16.45024955  
-16.55579506  
-10.84733589  
-1.523862106  
7.934641285  
14.08294246  
14.82670674  
