34.78918688  
24.38582313  
9.479188295  
-7.525153431  
-22.82016567  
-32.2916807  
-32.92002502  
-23.92354092  
-7.146235287  
13.50438105  
33.352322  
48.44489883  
56.62894138  
57.80806424  
53.36942932  
45.14895181  
34.4890233  
21.84265816  
7.056256079  
-9.9108085  
-28.29834909  
-46.32303398  
-61.58276304  
-71.89170343  
-76.103109  
-74.47751545  
-68.40095687  
-59.61552383  
-49.39484979  
-38.12652919  
-25.53192028  
-11.38385755  
3.71939106  
18.02624497  
29.02688907  
34.44765076  
33.36144215  
26.81491257  
17.57981854  
9.072045573  
3.925021143  
2.914751796  
4.789281758  
7.111343844  
7.702352699  
5.947236182  
3.262933518  
2.443423796  
6.16847344  
15.41439241  
28.59302093  
41.91360893  
50.86704094  
52.16569577  
45.22267024  
32.450241  
18.21252208  
6.90832346  
1.075617234  
0.3951090647  
2.035977606  
2.149289314  
-2.218109482  
-11.68786665  
-24.23374447  
-36.07796605  
-43.33073558  
-43.59558202  
-36.83854038  
-25.21671322  
-12.06176883  
-0.5681665404  
7.212502639  
10.7140827  
10.55682034  
7.933215242  
4.084006188  
0.1084828486  
-2.924354514  
-3.816505892  
-1.312504317  
5.494060001  
16.57922275  
30.57736253  
44.86565761  
56.24229225  
61.97629592  
60.77689579  
53.22497048  
41.44872955  
28.19145361  
15.71889249  
5.08813049  
-3.899309538  
-12.10110141  
-20.17508736  
-27.96649288  
-34.49793125  
-38.56844225  
-39.60833513  
-38.27208052  
-36.37530315  
-36.13665768  
-39.08178704  
-45.1837463  
-52.72739215  
-59.02338559  
-61.6478563  
-59.58396517  
-53.66151961  
-46.03519365  
-38.94275025  
-33.3829815  
-28.43499464  
-21.6448032  
-10.36909158  
6.546292015  
27.6014384  
48.64921638  
64.20378527  
69.55997587  
62.81818686  
45.90511072  
24.09618654  
4.192253705  
-7.916693058  
-9.3147822  
-0.9446918025  
12.9758135  
26.68460299  
35.00068415  
35.01087579  
26.7539966  
12.80463281  
-2.905299474  
-16.46582469  
-25.05768136  
-27.44727637  
-23.93673132  
-15.9869181  
-5.754147567  
4.327416022  
11.9194745  
15.17415676  
13.16490047  
6.253903427  
-3.791551949  
-14.10319432  
-21.45830064  
-23.28249738  
-18.55834325  
-8.270035355  
4.832230793  
17.09959916  
25.17441334  
27.06251646  
22.70102917  
13.84773155  
3.386253852  
-5.653644947  
-10.9996599  
-11.69122124  
-8.182436344  
-2.057551765  
4.487239476  
9.238518468  
10.52646539  
7.68002991  
1.304154982  
-6.717666053  
-13.59057562  
-16.36297305  
-12.93172918  
-2.987609864  
11.49959032  
26.57832734  
37.45475148  
40.1720683  
33.22450678  
18.41825043  
0.5113229038  
-14.36982958  
-21.00827175  
-17.18376304  
-4.681477114  
11.27505603  
24.02586703  
28.14971756  
21.72481798  
7.217078202  
-9.415507675  
-21.07213316  
-22.36453841  
-11.8088004  
7.543825824  
29.28059866  
46.0980673  
52.53792811  
46.87974821  
31.47712279  
11.5049368  
-7.251606962  
-20.57870014  
-27.08881546  
-28.12754737  
-26.53975905  
-24.99409145  
-24.70269568  
-25.11257098  
-24.62720286  
-21.89776663  
-16.95057286  
-11.51639956  
-8.343421679  
-9.803313817  
-16.4815957  
-26.4920118  
-35.9390298  
-40.41729084  
-36.92973018  
-25.36787693  
-8.847911112  
7.324717931  
17.68750141  
18.82345284  
10.80571178  
-2.743196191  
-16.03026442  
-23.3619678  
-21.38989341  
-10.4351897  
5.616049836  
20.7682814  
29.11370919  
26.90493845  
13.743456  
-7.473451127  
-31.69772324  
-53.42432431  
-68.26264042  
-73.8716883  
-70.08395526  
-58.38917366  
-41.15033577  
-20.91729715  
-0.03008674335  
19.51405303  
36.09591041  
48.57325612  
56.48066446  
60.21557764  
61.02183741  
60.64172593  
60.67787179  
61.89214581  
63.76191068  
64.54869746  
61.92615077  
53.95920093  
40.04685609  
21.43020336  
1.033741719  
-17.32071869  
-30.03883275  
-34.80791666  
-31.22532416  
-20.8351085  
-6.632106428  
7.74430798  
18.86304318  
24.19934351  
22.58334142  
14.38472282  
1.438160677  
-13.29928788  
-26.36836267  
-34.64967786  
-36.2539049  
-31.17437486  
-21.40130833  
-10.33662275  
-1.616697466  
2.256974827  
0.9186853164  
-3.709199911  
-8.262588859  
-9.480331072  
-5.78333456  
1.856672418  
10.22823856  
15.30859818  
14.19676673  
6.644525093  
-4.592351944  
-14.83749101  
-19.58099772  
-16.61805836  
-7.201259533  
4.412559878  
12.89257617  
14.38578258  
8.487080584  
-1.357206107  
-9.289069816  
-9.72902388  
-0.1029105961  
17.67082166  
37.66872259  
52.26144579  
55.22522222  
44.29167126  
22.02466144  
-5.312470656  
-30.32363406  
-47.28662293  
-53.96933858  
-51.76521373  
-44.29374647  
-35.32267226  
-27.10995527  
-19.93958513  
-12.92372261  
-5.446953709  
1.699783515  
6.239606188  
5.503888727  
-1.881369431  
-14.69213961  
-29.02434434  
-39.66045413  
-42.33646548  
-35.82881507  
-22.7828292  
-8.765559018  
0.1201223734  
-0.002165559585  
-8.933262019  
-22.35471939  
-33.64430556  
-36.72931054  
-28.67194035  
-10.82083764  
11.94325519  
33.43792705  
48.78460028  
56.17062047  
57.02518709  
54.68170885  
52.33857551  
51.4237797  
51.18589033  
49.63430994  
45.21129181  
38.18449025  
30.90529538  
26.70442096  
27.95979644  
34.37335333  
42.45668809  
46.65609361  
41.71962823  
25.23992176  
-0.8582484922  
-30.67768364  
-56.50094573  
-71.83227894  
-73.98311218  
-65.04034787  
-50.78494631  
-38.06092776  
-31.79359191  
-32.99427964  
-38.61336766  
-43.23999333  
-41.80886707  
-32.04434584  
-15.53744043  
2.982793472  
17.78315403  
24.64284006  
22.60410835  
14.21104702  
4.213308177  
-2.596090447  
-3.39164687  
1.704968062  
10.02704773  
17.84569511  
22.16517945  
21.98566437  
18.50715019  
14.28677655  
11.85225855  
12.48401466  
15.73667901  
19.86099531  
22.83263571  
23.41428336  
21.70010922  
18.88945095  
16.44786385  
15.13080868  
14.41241414  
12.65015776  
7.938249201  
-0.7566211308  
-12.74465052  
-25.50115487  
-35.41152099  
-39.09288588  
-34.73873906  
-22.91036882  
-6.436621715  
10.53168032  
23.90934894  
30.93628921  
30.82793539  
24.63143849  
14.4594812  
2.525281173  
-9.561703256  
-20.96442775  
-31.27995776  
-39.9904679  
-46.09826172  
-48.2223408  
-45.16429909  
-36.66789294  
-23.94899854  
-9.642380121  
2.924737475  
10.88976891  
12.9590647  
9.953364549  
4.505050066  
-0.01566383742  
-0.918415918  
2.643541283  
9.269892741  
15.85837792  
18.88269791  
15.87579073  
6.508146302  
-7.171860358  
-21.41555634  
-32.07904705  
-36.03539945  
-32.17010409  
-21.64085255  
-7.38800219  
6.849101093  
17.62758901  
22.66430444  
21.27651026  
14.38397723  
4.173132189  
-6.445676425  
-14.48414652  
-17.54913812  
-14.45652563  
-5.651689821  
6.729732542  
19.28853545  
28.2660476  
30.71591685  
25.5644181  
14.13884308  
-0.111328476  
-12.68115383  
-19.5166885  
-18.40049638  
-9.673225323  
3.996079819  
18.68565767  
30.68366111  
37.72745724  
39.53240462  
37.46261589  
33.58970579  
29.64477076  
26.3720891  
23.54710134  
20.55567349  
17.13844077  
13.82974863  
11.80522491  
12.19410662  
15.23100791  
19.74508627  
23.34092842  
23.28071183  
17.70555006  
6.625141736  
-7.825365914  
-22.04196359  
-32.28080852  
-36.09882988  
-33.28429621  
-25.88048032  
-17.31013186  
-11.00037692  
-9.104895277  
-11.84455946  
-17.68228358  
-24.17415752  
-29.06542856  
-31.1457741  
-30.54410991  
-28.42790022  
-26.33221277  
-25.4617563  
-26.255558  
-28.33135464  
-30.74042441  
-32.35451547  
-32.20857388  
-29.70663513  
-24.69284755  
-17.43934553  
-8.589611983  
0.9460882464  
10.16836509  
18.23504869  
24.70393507  
29.64719244  
33.52891135  
36.83945856  
39.62794299  
41.18199503  
40.09270859  
