49.22197561  
44.83908649  
28.70212148  
4.886528221  
-20.21087061  
-40.20117016  
-50.93707362  
-51.75830491  
-45.29385949  
-35.99095115  
-28.07157863  
-23.82594216  
-22.94827814  
-23.11498557  
-21.43227443  
-16.00980012  
-6.908459009  
3.944210508  
13.75740474  
20.24502202  
22.65460883  
21.95732102  
20.1462826  
19.05150552  
19.32115181  
20.12029003  
19.71333366  
16.61982316  
10.71327306  
3.636896942  
-1.75494054  
-2.717474049  
1.931256519  
10.96902562  
21.02527762  
27.90102181  
28.39076342  
21.76779072  
10.21601982  
-2.035149086  
-10.51021346  
-12.41087455  
-7.783198756  
0.6034393046  
8.595048201  
12.56678801  
11.0068714  
5.036251997  
-2.345898459  
-7.880713865  
-9.707370769  
-8.22934223  
-5.764773186  
-5.173262825  
-8.173142939  
-14.23045033  
-20.62361873  
-23.70223023  
-20.74727841  
-11.51235961  
1.354576535  
13.28671695  
19.77362184  
18.43594414  
10.21668376  
-0.9070521545  
-9.609060266  
-11.56243186  
-5.397623053  
6.61461448  
19.46738317  
27.50635163  
26.77783604  
16.61565502  
-0.187968398  
-18.63469102  
-33.57998148  
-41.66740429  
-42.32383122  
-37.48088574  
-30.28445077  
-23.48763974  
-18.30166972  
-14.19119295  
-9.605300525  
-3.183618247  
5.222367314  
14.23567607  
21.4889459  
24.7193303  
22.86687271  
16.63736133  
8.266099332  
0.6069001033  
-4.017349391  
-4.678223377  
-2.054181265  
2.055612486  
5.645566116  
7.405563561  
7.211714871  
6.024728952  
5.293156404  
6.167089856  
8.884756866  
12.58742374  
15.61990897  
16.17291105  
13.00566928  
5.982285149  
-3.757155422  
-14.03632731  
-22.21635382  
-25.94190316  
-23.86071498  
-16.12411908  
-4.51340945  
7.884824407  
17.42363159  
20.90086386  
16.55353833  
4.72524591  
-12.05160011  
-29.65102764  
-43.4919569  
-49.87901416  
-47.10812388  
-35.9605277  
-19.41553842  
-1.687751782  
13.07256871  
21.97578173  
24.11198624  
20.61434632  
14.12345911  
7.888686591  
4.808924682  
6.668105157  
13.71118289  
24.5977088  
36.70357275  
46.71356097  
51.42580049  
48.63999175  
37.92651816  
21.01753269  
1.588457344  
-15.64926282  
-26.3686308  
-28.12532748  
-21.36276862  
-9.447316549  
2.413444425  
9.059849711  
7.382380478  
-2.382282958  
-16.64975287  
-29.85327757  
-36.65605018  
-34.09400356  
-22.72765523  
-6.295875328  
9.973048059  
21.62673514  
26.79301251  
26.69550385  
24.65740669  
24.09276057  
26.48307926  
30.36215511  
31.86468842  
26.64085588  
12.26032469  
-10.04954755  
-35.22187578  
-55.91905928  
-65.24382512  
-59.44690916  
-39.46787566  
-10.65522782  
19.19180733  
42.6013999  
54.8604994  
55.15476647  
46.10009007  
32.07106774  
17.20867492  
4.016841675  
-6.940462446  
-16.32783923  
-24.88658721  
-32.56041654  
-38.37185536  
-41.04885367  
-39.95973737  
-35.74854874  
-30.24568124  
-25.65280731  
-23.42742092  
-23.48305953  
-24.17245092  
-23.10952886  
-18.4315962  
-9.853106443  
1.048451203  
11.48471478  
18.7308368  
21.37759763  
19.91965632  
16.3766263  
13.14219035  
11.6598112  
11.62058868  
11.11613447  
7.692817792  
-0.2135903851  
-12.18739694  
-25.65286149  
-36.72697052  
-41.72630268  
-38.6371726  
-27.88833787  
-12.11357462  
4.928497197  
19.7356991  
30.11687539  
35.51764959  
36.61561404  
34.54337565  
30.23095727  
24.21334484  
16.92268536  
9.17199447  
2.41676772  
-1.481647718  
-0.954065048  
4.462377763  
13.65771554  
24.15055713  
32.93844133  
37.62852805  
37.31340526  
32.77201987  
25.91858587  
18.81114144  
12.7556943  
7.972905062  
3.965916648  
0.3185302499  
-2.612042305  
-3.600614277  
-1.213648774  
5.083346334  
14.00420616  
22.33627663  
25.91292848  
21.36223316  
7.858095603  
-12.01881671  
-32.86841521  
-48.40924058  
-54.00197025  
-48.64379717  
-35.48905169  
-20.58440626  
-10.32182425  
-8.722764056  
-15.77058048  
-27.54581368  
-38.09265987  
-42.14764932  
-37.47052598  
-25.71737148  
-11.49705609  
-0.1106757702  
4.915763522  
3.327977747  
-2.010396401  
-6.785342563  
-7.542835429  
-3.475897964  
3.197123642  
8.435928535  
8.545758353  
2.213181092  
-8.620294529  
-19.50422386  
-25.50519165  
-23.54186945  
-13.90155923  
-0.1988131145  
12.21897144  
18.67554948  
17.25683069  
9.622110996  
0.1773490384  
-5.980504751  
-5.38082303  
2.307132126  
14.22941101  
25.74338641  
32.56953563  
32.69591591  
27.18587599  
19.57052607  
14.15769087  
14.05596542  
19.79436114  
29.10771586  
37.91557897  
42.01220497  
38.72415554  
27.87338366  
11.73456467  
-5.886857858  
-21.00328278  
-30.67438273  
-33.71336862  
-30.73806479  
-23.69594083  
-15.1346475  
-7.485130603  
-2.522639545  
-1.05562414  
-2.826468189  
-6.606474672  
-10.48878509  
-12.37626373  
-10.60045582  
-4.514248531  
5.161366754  
16.42468596  
26.56273567  
33.04412413  
34.40514287  
30.75562305  
23.6631978  
15.43745996  
8.11443038  
2.60147964  
-1.610172712  
-6.01038436  
-12.10229932  
-20.36579011  
-29.67832723  
-37.5283254  
-40.98776287  
-38.03672509  
-28.62965472  
-14.97421447  
-0.8306779984  
9.912351387  
14.77821634  
13.66846723  
8.798029553  
3.59912769  
1.069177228  
2.310467536  
5.949557636  
8.743555328  
7.144444542  
-0.8604843812  
-14.47522093  
-30.01846756  
-42.16798352  
-46.0683897  
-39.43968924  
-23.77996922  
-4.099174306  
12.78369506  
20.75144029  
16.73133755  
1.942495929  
-18.4517577  
-37.1571206  
-47.3258909  
-44.91387533  
-29.94651046  
-6.276548678  
19.98290479  
42.67052365  
57.55424919  
63.35803243  
61.5611657  
55.20958796  
47.3549743  
39.82449715  
32.80682793  
25.33121022  
16.30613806  
5.553751759  
-5.687224764  
-15.03818343  
-19.90822679  
-18.63727453  
-11.32229579  
0.05683492377  
12.2781732  
22.01026352  
26.95414002  
26.52373279  
21.81186549  
14.90993105  
7.920750089  
2.11401109  
-2.426055687  
-6.559386921  
-11.43178499  
-17.75424968  
-25.37426839  
-33.32665641  
-40.30397203  
-45.28039113  
-47.95899011  
-48.8130932  
-48.70973515  
-48.32210957  
-47.65361481  
-45.94687408  
-42.0600752  
-35.15173501  
-25.33993547  
-13.98279026  
-3.378949229  
4.052172246  
6.79790158  
5.048507298  
0.8826411105  
-2.305047541  
-0.973614288  
7.214455562  
22.37652298  
42.1328144  
62.20578835  
77.70646349  
84.66423614  
81.26826553  
68.40031714  
49.29785704  
28.49454808  
10.42621911  
-1.821201941  
-7.225512921  
-6.82424731  
-3.068487478  
1.180401964  
3.638048013  
3.245327022  
0.3087903979  
-3.839373281  
-7.474814129  
-9.146973009  
-8.145877615  
-4.645033295  
0.4690263553  
5.960456816  
10.63817098  
13.64213051  
14.56045962  
13.39800127  
10.46920152  
6.290915761  
1.509226431  
-3.158176549  
-7.013539407  
-9.539663078  
-10.60846719  
-10.65093282  
-10.66778477  
-11.99167741  
-15.80951724  
-22.5812883  
-31.59004874  
-40.86541037  
-47.61514234  
-49.10311091  
-43.70024799  
-31.70718095  
-15.57221942  
0.6766375563  
12.66693228  
17.17546179  
13.32216254  
2.972592112  
-9.862424825  
-20.45312149  
-25.08304028  
-22.41894114  
-13.96938149  
-3.433458957  
4.814851457  
7.50794115  
3.8186002  
-4.287569547  
-12.81639825  
-17.30856864  
-14.56800338  
-3.872048622  
12.78650199  
31.46581954  
47.68516586  
57.88483217  
60.37882455  
55.51213737  
45.1012484  
31.52734341  
16.94119676  
2.899173697  
-9.530922894  
-19.42429708  
-25.76180791  
-27.55506969  
-24.3360017  
-16.74325132  
-6.802463201  
2.410478983  
7.74643531  
7.268484624  
1.279079675  
-7.456880869  
-14.54220427  
-15.61780772  
-8.244500319  
6.80262824  
25.44685177  
