76.09501684  
69.53849262  
53.32305287  
33.31213467  
15.97248595  
5.827628783  
3.857753232  
7.507023464  
12.20619631  
13.62848124  
9.600099233  
0.8145844728  
-9.875839306  
-19.11738537  
-24.75489882  
-26.71225638  
-26.66493098  
-26.76733448  
-28.18542734  
-30.26453409  
-30.8030466  
-27.30006342  
-18.51664508  
-5.510085184  
8.441141185  
19.04325646  
22.77117902  
18.38352106  
7.452727888  
-6.321383294  
-18.658022  
-26.35141521  
-28.27532931  
-25.34234069  
-19.56621398  
-12.81197332  
-5.929190956  
1.296741768  
9.420119621  
18.32332949  
26.56954554  
31.57645077  
30.61727582  
22.18796872  
7.044114246  
-11.6668871  
-29.3286749  
-41.47339128  
-45.39026924  
-41.01901599  
-30.75744408  
-18.31715576  
-7.186836882  
0.5961181697  
4.8609806  
6.825835106  
8.076331097  
9.576727084  
11.21171144  
12.03495156  
11.01484743  
7.817379476  
3.17623809  
-1.353495421  
-4.116505275  
-4.157572067  
-1.672405009  
2.123481758  
5.624266903  
7.617556062  
7.806717977  
6.809967406  
5.664119269  
5.129200773  
5.195071712  
5.075909722  
3.709143208  
0.4930245033  
-4.145318944  
-8.688339664  
-11.05842526  
-9.522831638  
-3.555321238  
5.761174377  
16.00142708  
24.23988165  
28.11386372  
26.66313969  
20.61209906  
12.01382727  
3.445204855  
-2.894160384  
-5.829691268  
-5.408981371  
-2.660425697  
0.9069792401  
3.82698361  
5.045041819  
4.073158423  
0.9771429937  
-3.716372274  
-9.132961294  
-14.1807789  
-17.73257841  
-18.8762724  
-17.19108063  
-12.9452468  
-7.09905555  
-1.057119659  
3.775116788  
6.468979703  
6.882393849  
5.657013445  
3.892705566  
2.639651316  
2.43800114  
3.116525348  
3.939857691  
4.027378702  
2.836662621  
0.4753522871  
-2.308927163  
-4.454133367  
-5.067556983  
-3.839738768  
-1.200199469  
1.84685914  
4.121077319  
4.715986187  
3.313011553  
0.2520891196  
-3.631914593  
-7.305762451  
-9.839106259  
-10.6201492  
-9.462956117  
-6.633497989  
-2.825608067  
0.9166307492  
3.370295693  
3.434508855  
0.5357297812  
-4.982066749  
-11.67111885  
-17.17231357  
-18.84125176  
-14.67041252  
-4.191317249  
11.02933113  
27.58700029  
41.16724508  
47.93379823  
45.87698585  
35.58512998  
20.0956526  
3.83861093  
-8.939705833  
-15.65827628  
-16.1992289  
-12.71121754  
-8.522939939  
-6.643902897  
-8.49647434  
-13.40933869  
-19.05869166  
-22.62363924  
-22.11386256  
-17.26767285  
-9.629888528  
-1.802611027  
3.760417586  
5.844596833  
4.946034869  
2.917913929  
1.975303986  
3.540984842  
7.485133812  
12.12358275  
14.98138994  
13.96928511  
8.425979269  
-0.4604886417  
-10.05426938  
-17.32090681  
-20.05450076  
-17.7362059  
-11.65086089  
-4.23032142  
2.0577621  
5.759081282  
6.946231967  
6.983627808  
7.683341744  
10.27249239  
14.67151454  
19.42737367  
22.33208637  
21.43422802  
15.97033127  
6.785683608  
-3.943560958  
-13.55103867  
-19.89428994  
-22.08864363  
-20.65542471  
-17.06494048  
-12.93803787  
-9.314950102  
-6.341850985  
-3.496592818  
-0.193159554  
3.590664232  
7.0293108  
8.697307677  
7.258709763  
2.265832784  
-5.347109446  
-13.36830963  
-19.03158119  
-20.08457581  
-15.74981419  
-7.150945398  
3.004519813  
11.38008481  
15.22680817  
13.37985039  
6.652822877  
-2.498119608  
-10.87587824  
-15.64095396  
-15.19893247  
-9.594730526  
-0.3496704616  
10.11713165  
19.22801404  
24.90176028  
25.97612524  
22.36758551  
15.015503  
5.671381181  
-3.433198232  
-10.02927308  
-12.33383079  
-9.561462257  
-2.267240546  
7.649255745  
17.37195852  
23.96628028  
25.31342532  
20.84506843  
11.77514804  
0.6997356647  
-9.312700695  
-15.79837256  
-17.71698951  
-15.68621782  
-11.55196519  
-7.499396963  
-5.104212167  
-4.737908589  
-5.568106281  
-6.117336244  
-5.088907598  
-2.059030993  
2.287801686  
6.474516739  
8.928628625  
8.718262227  
5.978570152  
1.841357075  
-2.079140785  
-4.387088321  
-4.46389074  
-2.645481747  
0.02834470804  
2.336922278  
3.409125352  
3.022478707  
1.569854409  
-0.2369171849  
-1.742428382  
-2.610033893  
-2.869985174  
-2.782116878  
-2.635229528  
-2.614922024  
-2.799875921  
-3.24598082  
-4.052267006  
-5.317409052  
-6.980253744  
-8.641276794  
-9.515117658  
-8.621889074  
-5.202698245  
0.801270262  
8.447734948  
15.87502929  
20.81613855  
21.38900094  
16.85280397  
7.997963327  
-3.026187425  
-13.40650551  
-20.61384161  
-23.22009735  
-21.25942469  
-16.01304365  
-9.352948395  
-2.963554524  
2.208759744  
6.063982716  
9.027037511  
11.51639908  
13.50873756  
14.43407833  
13.45175735  
9.954640365  
4.034186623  
-3.338294495  
-10.51381861  
-15.66469415  
-17.36090703  
-14.98695881  
-8.859566556  
-0.05631636727  
9.913610206  
19.4349776  
27.00851688  
31.37500509  
31.62227065  
27.35008491  
18.88565218  
7.437187553  
-4.974121315  
-15.90662775  
-23.16604731  
-25.52776517  
-23.20144841  
-17.78394935  
-11.65129953  
-7.003770891  
-4.970135374  
-5.188666622  
-6.086419837  
-5.754107449  
-3.013679973  
1.846357286  
7.061924836  
10.16662308  
9.214692615  
3.871666255  
-4.185358159  
-11.81371509  
-15.70711872  
-13.8833779  
-6.66539654  
3.331959809  
12.24843188  
16.61467879  
14.84743669  
7.923208914  
-1.078182135  
-8.349938849  
-11.02187309  
-8.354971251  
-1.942251577  
5.135364631  
9.763174871  
10.15664387  
6.511858194  
0.6919059085  
-4.824340806  
-8.161762835  
-8.823354817  
-7.672957457  
-6.209879239  
-5.586032601  
-5.930341449  
-6.35148833  
-5.598026868  
-2.976986404  
1.024026327  
4.811936824  
6.474653323  
4.87965526  
0.4739724561  
-4.708263784  
-7.923913231  
-7.095153676  
-1.982032134  
5.500476712  
12.07623803  
14.7010538  
12.19466881  
6.063068364  
0.006562532591  
-1.761037723  
3.357716907  
14.79148791  
28.64683339  
39.14990741  
41.11807912  
32.36418841  
14.90338118  
-5.662690964  
-22.38780456  
-29.89251345  
-26.65176352  
-15.62073385  
-2.899431133  
4.977938448  
3.921469203  
-5.947484841  
-20.40857024  
-33.04941633  
-38.08330905  
-32.81319983  
-18.67914024  
-0.4985238871  
15.67102416  
25.03196847  
25.80148542  
19.52488202  
9.953352061  
1.136200431  
-4.328396802  
-6.110624118  
-5.777689199  
-5.568619686  
-7.024155163  
-10.17495724  
-13.6388985  
-15.48362167  
-14.33064671  
-10.09724592  
-4.009426703  
2.070524375  
6.599355441  
9.064754796  
10.08991737  
10.91366779  
12.56726777  
15.21836291  
18.04234514  
19.68036362  
19.01968158  
15.86098197  
11.10458997  
6.352018731  
3.133250847  
2.165542268  
3.026529343  
4.399584114  
4.750525909  
3.078944093  
-0.6328656086  
-5.47451341  
-10.09604647  
-13.34446278  
-14.71196369  
-14.393165  
-12.98136242  
-11.03099182  
-8.766466366  
-6.102045094  
-2.929607825  
0.544267491  
3.666640093  
5.541016358  
5.480365982  
3.451842308  
0.2299354012  
-2.878070945  
-4.627370289  
-4.445177865  
-2.713044444  
-0.5421448296  
0.8590300675  
0.8836701485  
-0.1116188675  
-1.018593095  
-0.68115711  
1.289251438  
4.072984888  
5.897128566  
4.939645927  
0.4527635708  
-6.508908372  
-13.2346755  
-16.44261265  
-13.86888213  
-5.604752365  
5.537526213  
14.93552367  
18.04403303  
12.45195248  
-0.8453309987  
-17.60345788  
-31.92636315  
-38.64394352  
-35.43144055  
-23.73057064  
-8.071195255  
5.881714866  
13.66296824  
13.68686057  
7.57678221  
-0.8990508522  
-7.690039616  
-10.20651307  
-8.164497258  
-3.255775257  
2.033458159  
5.744900266  
7.211767254  
6.94254993  
5.830683569  
4.274384114  
1.817251915  
-2.41777927  
-8.737884157  
-15.95915165  
-21.22120823  
-20.84849529  
-11.99513136  
5.681201966  
29.20078721  
52.85423751  
70.1113627  
