39.06155003  
37.02063552  
27.80369187  
13.8688357  
-0.8511514287  
-12.5208809  
-18.79456878  
-19.45800851  
-16.13036587  
-11.27406691  
-7.046367621  
-4.532816623  
-3.649149248  
-3.628416563  
-3.722296311  
-3.680418007  
-3.751771246  
-4.265420675  
-5.113305226  
-5.527097992  
-4.367793283  
-0.8283107532  
4.83722532  
11.02748631  
15.2347229  
15.11847687  
9.741902459  
0.3330964854  
-9.910629746  
-17.02630293  
-18.03492974  
-12.44313349  
-2.732752065  
6.509235524  
10.5407349  
6.670173285  
-4.301289861  
-18.13663644  
-28.80349696  
-31.04896145  
-22.78706701  
-6.206412024  
12.9574288  
27.72088471  
32.73704013  
26.49075879  
11.82394812  
-5.436529045  
-19.10605194  
-25.30520901  
-23.9278621  
-18.2541898  
-12.93752851  
-11.37936805  
-13.81237602  
-17.08075653  
-16.28439958  
-7.527905498  
9.570460354  
30.90503175  
49.06127199  
56.25837472  
47.80326458  
24.49521466  
-7.175478599  
-37.23920852  
-56.00439997  
-57.79665506  
-43.10312494  
-18.23508421  
7.309465543  
24.62666069  
28.73032055  
20.08471673  
3.845870469  
-12.6843768  
-23.16977418  
-24.56412892  
-17.77373171  
-6.601431241  
4.323292742  
11.5693104  
14.00224154  
12.64164443  
9.605500556  
6.858011204  
5.442447248  
5.485347006  
6.756719931  
9.251926749  
13.30097116  
19.07551264  
25.82175943  
31.41968141  
32.7669009  
27.03953944  
13.32374228  
-6.237843106  
-26.55039627  
-41.15198715  
-44.76200292  
-35.69920099  
-16.98906185  
4.5170355  
20.7977193  
26.0132544  
19.06182807  
4.12863172  
-11.11193151  
-18.90182163  
-14.90049226  
-0.1809211835  
19.21511305  
34.97790578  
40.25154677  
32.65527109  
15.21019292  
-5.237428396  
-21.32010249  
-28.58697417  
-27.42600244  
-22.5549791  
-20.34326263  
-25.28107099  
-37.33906254  
-51.54973799  
-60.08694677  
-55.92123653  
-36.35617943  
-4.773746136  
30.27759063  
58.30549918  
71.00838291  
65.51834001  
45.36415647  
18.8007986  
-4.684893757  
-18.12117754  
-19.44777328  
-11.64475084  
-0.729193389  
7.313751995  
9.209805989  
5.519630887  
-0.1595664867  
-3.375838818  
-1.257223638  
5.96684349  
15.02041346  
21.10875263  
20.15165393  
10.6845342  
-5.397254854  
-23.51892181  
-38.17479816  
-44.97529503  
-42.17225645  
-31.13167691  
-15.68188004  
-0.6847428464  
9.603119259  
12.83186651  
9.173089591  
1.153342188  
-7.173467739  
-11.4645425  
-8.431986971  
3.029920662  
21.23961759  
41.88428358  
59.02453215  
66.79207717  
61.34848431  
42.47278206  
14.14324362  
-16.26509459  
-40.0784394  
-50.11348339  
-43.20460486  
-21.50832033  
7.993420689  
35.72100751  
52.7164115  
53.69893  
38.82969483  
13.5241348  
-13.61018247  
-33.92346053  
-41.77303444  
-36.34425756  
-21.61283282  
-4.539483544  
7.747937198  
10.67968004  
3.854241787  
-9.025901639  
-21.79851235  
-28.38345041  
-25.22724189  
-12.7221216  
4.924906525  
21.31192799  
30.33665364  
28.62516742  
16.96769641  
0.1843305517  
-14.58635891  
-20.59105354  
-14.17288969  
3.548859127  
26.73328727  
46.68760787  
54.93922752  
46.40045989  
21.42174323  
-14.09600244  
-50.63351182  
-78.33658339  
-90.40475854  
-85.28118095  
-66.81026374  
-42.35702746  
-19.71830153  
-4.140813339  
3.316407976  
5.456959088  
6.923206188  
11.4894762  
19.9708498  
29.72580032  
35.96105011  
34.18652067  
22.62173795  
3.381229857  
-18.1489791  
-35.46838936  
-43.64876796  
-41.30288394  
-30.93921508  
-17.58348638  
-6.367690308  
-0.2551276809  
1.03642651  
0.4680222737  
1.841356215  
7.669485591  
17.84163945  
29.72572499  
39.59715752  
44.60296902  
44.20938647  
40.36805945  
36.3196301  
34.67556988  
35.81037388  
37.44824622  
35.7174059  
27.18159558  
10.8336139  
-10.97683713  
-33.19690736  
-50.04217316  
-57.36383319  
-54.28891495  
-43.3670086  
-29.19323132  
-16.22131336  
-6.858889065  
-0.7650782605  
4.364058428  
11.00380627  
19.9959337  
29.72038182  
36.71707217  
37.46884043  
30.43520013  
17.26465363  
2.495686462  
-8.20505176  
-10.49052138  
-3.333654246  
10.36545331  
24.86977548  
33.91844591  
33.24219594  
22.20016903  
3.890670462  
-16.21062107  
-32.4023329  
-40.74645467  
-40.12544833  
-32.10286954  
-19.87833356  
-6.962156866  
3.823797242  
10.72026442  
12.87907651  
10.04093728  
2.391073725  
-9.291334098  
-23.36703969  
-37.28784224  
-48.01532327  
-52.87875776  
-50.53598745  
-41.55844515  
-28.28663339  
-13.94795533  
-1.412026028  
7.833550945  
13.9987337  
18.47145418  
22.77594591  
27.60191842  
32.4534668  
36.11345117  
37.64002453  
37.27330176  
36.63564096  
37.97682174  
42.76875161  
50.39271604  
57.7287877  
60.07551658  
53.16116316  
35.38650404  
9.194240372  
-19.23955567  
-42.05955343  
-52.75955761  
-48.8840674  
-33.16661666  
-12.52225976  
4.723516283  
12.17258844  
7.786127852  
-5.65051501  
-22.17853816  
-35.59730505  
-42.25825203  
-42.40275369  
-39.4596985  
-37.73186927  
-39.69761164  
-44.34252867  
-47.42283567  
-43.5908376  
-29.36407489  
-5.457142848  
22.74514735  
46.92903285  
59.10569837  
54.93445546  
35.60694928  
7.429450389  
-20.70818541  
-40.82862271  
-48.767795  
-45.23836191  
-34.70278837  
-22.73288526  
-13.20683857  
-6.70469705  
-0.8177494573  
7.887075025  
21.32935877  
38.16236341  
53.76161018  
62.03925201  
58.25236418  
41.45830952  
15.40880381  
-12.60450188  
-34.48198464  
-44.41796097  
-40.99830876  
-27.39520563  
-9.648220894  
6.107561579  
16.15659702  
20.33053241  
21.32562521  
22.67256216  
26.46066615  
32.00331802  
36.13178855  
34.96949911  
26.27446469  
11.12310653  
-6.001789262  
-18.89142532  
-22.35780602  
-14.77629104  
0.8220158582  
17.73601429  
28.34412733  
27.46663943  
14.85347145  
-4.3661068  
-21.57259411  
-28.16452402  
-19.23790979  
4.124050003  
34.94800638  
62.85699009  
77.94883699  
74.49390141  
52.97024237  
19.66351747  
-15.92623555  
-44.74500186  
-61.40109366  
-65.68343634  
-61.89557792  
-56.44625284  
-54.82849543  
-59.29366449  
-68.13794523  
-76.77075973  
-79.9668977  
-74.24597225  
-59.35345005  
-38.28157601  
-15.93818953  
2.863467368  
15.1954618  
20.86887028  
22.10506676  
22.30326126  
24.52631913  
30.35487583  
39.50067586  
50.18092514  
59.92978176  
66.41110016  
67.91611299  
63.48301583  
52.81074184  
36.21893353  
14.80247791  
-9.288999443  
-32.70830142  
-51.19924429  
-60.45185198  
-57.3655819  
-41.28854096  
-14.6953385  
17.09168175  
47.18341795  
69.04328508  
78.39067675  
74.4045859  
59.79100276  
39.70594832  
19.95399272  
5.131054656  
-2.638837772  
-3.992694964  
-1.654043282  
0.8494728492  
0.5490939277  
-3.998817929  
-12.40507305  
-22.78980199  
-32.55201071  
-39.25727204  
-41.36971364  
-38.66265276  
-32.25733017  
-24.32096728  
-17.50128902  
-14.20465382  
-15.86413484  
-22.38399976  
-31.95604772  
-41.38546437  
-46.92143506  
-45.39945021  
-35.34064374  
-17.60607618  
4.68065272  
26.97565765  
44.65762918  
54.39367246  
55.02814745  
47.68061648  
35.0642022  
20.35484725  
6.110149113  
-6.323024359  
-16.7296478  
-25.42463434  
-32.51857261  
-37.47937208  
-39.23681891  
-36.76986988  
-29.84507214  
-19.47664988  
-7.811463681  
2.563582375  
9.586763551  
12.49550631  
12.02263819  
9.908187354  
7.965188441  
7.169309025  
7.2398456  
6.932647743  
4.898475087  
0.6554219221  
-4.85843339  
-9.491197942  
-10.80170868  
-7.280958754  
0.7380006125  
10.97673186  
20.04160771  
24.85952843  
24.07416904  
18.73843933  
11.93891348  
7.475513575  
8.164323298  
14.52303736  
24.44064173  
