-36.35400827  
-36.87854789  
-33.17580045  
-26.1985914  
-18.22440281  
-11.60661121  
-7.611096234  
-5.855015694  
-4.550533367  
-1.380087804  
5.433736783  
16.34179692  
30.272666  
45.04490877  
58.14881105  
67.53961544  
72.14134588  
71.93614468  
67.70812269  
60.62968817  
51.87930148  
42.39425269  
32.75600865  
23.15007232  
13.36123391  
2.828998679  
-9.164706132  
-23.1286301  
-38.87159713  
-55.07533904  
-69.19088658  
-77.8651729  
-77.9098078  
-67.55977775  
-47.55484354  
-21.53512781  
4.569908036  
24.1114785  
31.79173969  
25.50670526  
7.238905734  
-17.41413712  
-40.98437659  
-56.55955258  
-60.01337264  
-51.22157043  
-33.83371367  
-13.73401973  
3.170396496  
12.9605632  
14.76818814  
10.57183134  
3.944984857  
-1.611122751  
-4.003499158  
-3.024884248  
0.1174298776  
3.864188969  
7.354702887  
10.91697925  
15.77126235  
23.13910142  
33.257877  
44.84908431  
55.35328105  
61.85328668  
62.25126816  
56.13157882  
44.8934714  
31.10187059  
17.39605599  
5.510554611  
-4.107799134  
-11.93135162  
-18.48879044  
-23.54815668  
-25.87732051  
-23.80552683  
-16.3513543  
-4.310187774  
9.374311369  
20.33757073  
24.45887108  
19.77470306  
7.715345609  
-7.053500734  
-18.30629155  
-20.85196606  
-12.94043953  
2.647170183  
19.44273427  
29.84400133  
28.35064884  
14.08103355  
-8.587818374  
-31.627284  
-46.59206065  
-48.11765528  
-36.16304449  
-16.0071703  
4.010581175  
16.0189406  
15.86511169  
4.671773036  
-11.9451681  
-26.59242747  
-33.48384711  
-30.95507332  
-21.99665637  
-12.6178829  
-8.844634342  
-13.75829999  
-25.9324974  
-39.95874158  
-48.79050135  
-46.82435584  
-32.34139486  
-8.264565292  
19.0265089  
42.22177904  
55.80353379  
57.82296289  
50.0958476  
36.93097781  
23.12927373  
12.21592476  
5.623940452  
2.993532651  
3.187205234  
5.322827505  
9.223489826  
15.09317703  
22.71174659  
30.74202295  
36.69209326  
37.7122948  
31.920524  
19.60040067  
3.597676507  
-11.4271176  
-20.69739995  
-21.29937071  
-13.58122196  
-1.311685964  
9.554749257  
13.07034646  
5.594757114  
-12.70179536  
-37.72155712  
-62.749224  
-80.68307365  
-86.3594397  
-78.15295445  
-58.35032318  
-32.26344749  
-6.478212924  
13.12346056  
22.93846223  
22.39316901  
13.75793764  
1.196583103  
-10.59258708  
-17.7349134  
-18.18046234  
-12.11810016  
-1.732278016  
9.604532205  
18.46262237  
22.47186996  
21.07194486  
15.63797337  
8.920384684  
3.982474347  
3.028875274  
6.588980547  
13.40736055  
21.11327245  
27.40035613  
31.19226969  
33.22815279  
35.7212809  
41.15077698  
50.67347522  
62.89357965  
73.66178409  
77.19006971  
68.202769  
44.33633609  
7.785080174  
-34.60934756  
-73.05893206  
-97.83754878  
-102.5391717  
-86.35677861  
-54.47150148  
-16.34601406  
17.47183162  
38.84442703  
44.53200597  
36.77373448  
21.82973744  
7.157572609  
-1.586781113  
-2.518956264  
2.258150511  
8.155323859  
10.56077286  
7.142450329  
-1.015245921  
-9.900998809  
-14.4366936  
-10.8705824  
1.336601233  
18.92986408  
35.81707536  
45.16807298  
41.82754808  
24.14021995  
-5.427986936  
-40.99965165  
-74.97776339  
-100.0929442  
-111.1723444  
-106.205156  
-86.5726361  
-56.54866225  
-22.29148  
9.448064599  
32.70833459  
43.59528709  
41.21811075  
28.00533963  
9.179207977  
-8.634678226  
-19.37554605  
-19.50906808  
-9.272178522  
7.349345481  
24.02773191  
34.44771159  
34.73535637  
24.98827018  
9.249711017  
-6.10355422  
-14.91764548  
-13.7045422  
-2.955489633  
13.19724232  
28.76579679  
38.30690452  
38.86951087  
30.68667209  
16.43965347  
-0.3887675539  
-17.14906816  
-32.79709814  
-47.46267544  
-61.15593499  
-72.45126629  
-78.04078578  
-73.61057257  
-55.7817221  
-24.23131634  
17.10109338  
60.47805568  
96.51578724  
117.2418558  
118.8158731  
102.7716683  
75.26957366  
44.70957302  
18.7462712  
1.945462454  
-5.047287941  
-4.695650067  
-0.7300730159  
3.727515782  
7.20075017  
9.729663151  
11.89831728  
13.75754072  
14.35597299  
12.16548151  
6.113927017  
-3.454278191  
-14.55558092  
-24.33412125  
-30.4814484  
-32.54480663  
-32.34254942  
-33.13536646  
-37.86464992  
-47.31764841  
-59.20505779  
-68.74749337  
-70.63675657  
-61.52514062  
-41.87135057  
-16.21146329  
8.366067852  
24.92585899  
29.3947923  
22.09118278  
7.435414901  
-7.966487046  
-17.96257736  
-19.05685091  
-11.30526892  
2.290276633  
17.39118774  
30.05974522  
37.84854988  
39.94271495  
36.61310711  
28.56853371  
16.72201603  
2.486617036  
-11.74813383  
-22.53807141  
-26.11200481  
-19.82068544  
-3.685626396  
18.82055478  
41.39766606  
56.93691896  
60.18518973  
49.86673865  
29.21205937  
4.542642626  
-17.49999226  
-32.7828654  
-41.17830228  
-45.95516852  
-51.3407276  
-59.49693956  
-68.53400759  
-72.74475415  
-65.15877747  
-41.30422231  
-2.336688024  
44.15117717  
86.31250149  
112.4767342  
115.9407091  
97.93657277  
67.3278011  
37.03731289  
18.71234729  
17.96938769  
32.32756321  
52.72479591  
67.87768887  
69.45572085  
55.69724471  
31.85428497  
7.35202846  
-8.922523488  
-12.9461857  
-7.469888293  
-0.6542209399  
-2.118432637  
-18.2822342  
-49.16919858  
-88.11626622  
-124.4634682  
-147.939705  
-152.7408506  
-139.5247537  
-114.5733287  
-86.68424591  
-63.33283944  
-47.85636842  
-38.81022682  
-31.55981269  
-21.14528952  
-4.960216705  
15.98711002  
37.67599878  
55.06199134  
64.36481728  
64.5402863  
57.33449663  
46.07941215  
33.99172642  
22.90069069  
13.00049841  
3.610941052  
-5.626705929  
-13.90229481  
-19.28664945  
-19.69130988  
-14.20580345  
-4.024922561  
7.647505706  
16.81300147  
20.50463148  
18.34835432  
13.03905025  
9.384037417  
12.23672091  
24.19217006  
44.07840995  
66.96706869  
85.77818428  
93.85909459  
87.48726431  
67.2720871  
37.8967216  
6.338275533  
-20.67332939  
-38.9132267  
-47.75610436  
-49.75302086  
-48.98233839  
-48.96060193  
-51.03432507  
-53.91640203  
-54.50683364  
-49.57982549  
-37.56388374  
-19.62318417  
0.4385213601  
17.4312944  
26.69463903  
25.91760652  
16.15105474  
1.61802294  
-11.6140724  
-17.62075788  
-12.56803017  
4.038717541  
29.19214479  
57.30976513  
81.8958157  
97.37585409  
100.537083  
91.18463793  
71.9045695  
47.1026051  
21.67848093  
-0.2484006028  
-16.21975329  
-25.74241956  
-30.01845529  
-31.25781163  
-31.82023512  
-33.44412594  
-36.7652029  
-41.22825326  
-45.37922757  
-47.42359237  
-45.86940818  
-40.06277216  
-30.46359614  
-18.5963722  
-6.709103599  
2.743179919  
7.637675413  
6.61265064  
-0.6888895725  
-13.56254071  
-30.33099519  
-48.5310075  
-65.18559367  
-77.1854504  
-81.80492255  
-77.3257918  
-63.64352104  
-42.64283541  
-18.1070549  
4.978630415  
21.66929359  
28.54269852  
24.93878252  
13.45885966  
-0.5812111246  
-10.69250091  
-11.31059148  
0.2551830869  
22.73515049  
51.11980012  
78.16850501  
96.70436817  
101.8926881  
92.69817043  
72.028684  
45.56676044  
19.77049643  
-0.1977413701  
-11.88764235  
-15.89542566  
-15.12948117  
-13.40282058  
-13.93679232  
-18.30063598  
-26.06578106  
-35.15376207  
-42.62942653  
-45.61625861  
-42.07131178  
-31.28678601  
-14.09414845  
7.211307277  
29.2197203  
48.03635809  
60.1535552  
63.41549213  
57.79882269  
45.67706947  
31.32862751  
19.69504918  
14.71532333  
17.81372395  
27.15977709  
38.09464197  
44.68514073  
41.89552567  
27.56709356  
3.411883664  
-25.41634704  
-52.05422172  
-70.31280919  
-76.79138597  
-71.9059003  
-59.46348209  
-45.00912892  
-33.65624352  
-28.28882909  
-28.81768724  
-32.69509181  
