-44.33614847  
-61.50044321  
-74.09579481  
-79.30366845  
-75.63990989  
-63.13794945  
-43.18552619  
-18.16320171  
8.962887539  
35.01922201  
56.98976624  
72.41733644  
79.84052819  
79.16284115  
71.77401153  
60.26362992  
47.70722559  
36.70750876  
28.53736188  
22.75273054  
17.48499943  
10.34055273  
-0.4459196013  
-15.09288056  
-31.99285636  
-48.19879831  
-60.45848186  
-66.33696247  
-64.94309731  
-56.98639673  
-44.22381423  
-28.64619188  
-11.84955441  
5.108945894  
21.3750666  
35.78498555  
46.60152975  
51.79655501  
49.8556191  
40.73707655  
26.44423047  
10.77883008  
-1.790112437  
-7.758414789  
-6.02629513  
1.543144434  
10.7908049  
16.95784074  
16.72576508  
9.716583329  
-1.231641824  
-11.17609473  
-15.11832531  
-10.11904816  
3.428212202  
21.90087923  
39.85808908  
52.12075475  
55.61533039  
50.22107634  
38.3427384  
23.51810149  
8.78546835  
-4.405064291  
-16.26964455  
-27.81753443  
-39.56621238  
-50.58487727  
-58.43364705  
-60.10766285  
-53.57203396  
-39.14174438  
-19.98137764  
-1.371164234  
11.05898339  
13.44196039  
5.255787094  
-10.30805203  
-27.38051518  
-39.46707282  
-41.71585481  
-32.52955753  
-13.93940887  
9.324975  
31.62003722  
48.28064109  
56.90447637  
57.63440917  
52.49574007  
44.21899223  
35.12289305  
26.50423131  
18.67497147  
11.45805109  
4.767325802  
-1.077435049  
-5.445872701  
-7.788342509  
-8.040775809  
-6.76527827  
-4.921630315  
-3.398767272  
-2.595382743  
-2.330405038  
-2.177653036  
-2.059234006  
-2.736567709  
-5.834090895  
-13.23870495  
-26.05027977  
-43.54976939  
-62.73752457  
-78.80899911  
-86.537188  
-82.09989651  
-64.62993088  
-36.81781315  
-4.255448654  
26.27480532  
48.91717629  
60.45074066  
60.95916147  
53.28642292  
41.61172189  
29.81094942  
20.28585011  
13.64904856  
9.215137659  
5.883932655  
2.888849217  
0.05222044318  
-2.46898196  
-4.651351188  
-6.882379179  
-9.792924241  
-13.71033889  
-18.08991565  
-21.36886786  
-21.49226349  
-16.97563827  
-8.002940385  
3.075674319  
12.26936392  
15.44255015  
10.20484062  
-2.67166351  
-19.05934808  
-32.75727911  
-37.82593802  
-31.03053719  
-13.3338601  
10.24701786  
32.40855944  
46.23610993  
47.68390344  
36.86917091  
17.73357375  
-3.657907576  
-21.36598857  
-31.42322162  
-32.63344629  
-26.24256729  
-14.91326248  
-1.651930317  
10.8265699  
20.21621242  
24.52669982  
22.21568565  
12.77094472  
-2.453852945  
-19.70933416  
-33.23435621  
-36.80488782  
-26.08071334  
-0.8224859665  
34.11968627  
69.76651917  
95.82614913  
104.3864357  
92.97840906  
65.64144209  
31.41244632  
0.777464422  
-18.44114942  
-23.98854963  
-19.60166156  
-12.78112711  
-10.93962494  
-17.69877425  
-31.04325248  
-44.18804967  
-48.7645258  
-38.86263041  
-14.07218312  
19.87200886  
53.14242307  
75.6516471  
80.96945098  
68.63267125  
43.92176341  
15.33194692  
-9.031953087  
-24.50630246  
-31.0891406  
-32.46388465  
-33.47899149  
-37.39257947  
-44.20330463  
-50.79158876  
-52.69941782  
-46.61462326  
-32.33889444  
-13.30872806  
4.560363138  
15.17302167  
14.68053704  
3.011262344  
-16.08431421  
-36.41690402  
-51.54944276  
-56.9224121  
-51.16469119  
-36.23704394  
-16.52312889  
2.678926922  
16.70505228  
22.66714295  
19.97127502  
10.21736376  
-3.37616174  
-16.83731951  
-26.41885015  
-29.52348531  
-25.39852304  
-15.41376443  
-2.779086588  
8.318680164  
13.98939633  
11.96626663  
2.534666868  
-11.31839315  
-24.67951948  
-32.22756249  
-30.01737213  
-16.91424529  
4.848868614  
30.22727149  
52.87736009  
67.12545377  
69.72463692  
60.80543745  
43.71297215  
23.81416081  
6.712433673  
-3.504329879  
-5.395138156  
-0.3313772905  
8.2935601  
16.46772519  
21.03837369  
20.73466138  
16.40566778  
10.45288392  
5.735911397  
4.403692435  
7.096502794  
12.78422009  
19.23925376  
23.89821156  
24.74488427  
20.88843889  
12.6809865  
1.433911657  
-11.05745318  
-22.94040493  
-32.54170389  
-38.42969714  
-39.43969003  
-34.81658681  
-24.52538961  
-9.618989053  
7.572174856  
23.66211036  
34.92977063  
38.38689512  
32.83038587  
19.44581237  
1.65317326  
-15.8307707  
-28.41899859  
-33.06142609  
-29.12000228  
-18.40952109  
-4.433567487  
8.848535732  
18.24021148  
22.09159937  
20.45627132  
14.70094385  
6.838039807  
-1.1146606  
-7.551099219  
-11.44245141  
-12.34691842  
-10.38309955  
-6.214130705  
-0.9950999568  
3.805191138  
6.744289373  
6.828598255  
3.84015337  
-1.613686377  
-8.390033794  
-15.31828842  
-21.65960555  
-27.24870368  
-32.21258782  
-36.41791941  
-39.00512581  
-38.38760776  
-32.8800227  
-21.75991735  
-6.245039244  
10.21868801  
22.72437639  
26.60474385  
19.42897738  
2.392636174  
-19.65069956  
-39.71560614  
-51.2530668  
-50.70573426  
-38.91531052  
-20.70375701  
-2.757413253  
9.269106049  
13.12850315  
10.75488391  
7.09450263  
7.564180911  
15.35538664  
29.86653238  
46.98701891  
61.05346005  
67.48650347  
64.8079308  
55.07827195  
42.61189417  
31.70430948  
24.59127253  
20.7073761  
17.59525362  
12.91270228  
6.366422134  
0.4042992687  
-0.8592459789  
5.950186944  
20.95031253  
39.78065677  
54.53932822  
56.70768687  
40.87235569  
7.555947406  
-36.23420988  
-79.15166041  
-109.5535236  
-119.7671977  
-108.7879842  
-82.30247633  
-50.11105833  
-22.14134044  
-4.792636844  
0.8947565078  
-1.347359211  
-5.512391072  
-6.424671777  
-2.011832501  
6.173429158  
14.20628169  
18.02673296  
15.50847792  
7.418550882  
-3.044183594  
-11.75094704  
-15.37719124  
-12.57815455  
-4.202292626  
7.347959729  
19.13524472  
28.56413697  
33.82519336  
33.95132761  
28.75143462  
18.86800267  
5.985715444  
-7.039404912  
-16.46242338  
-18.52830472  
-10.79134459  
6.61989437  
30.41947132  
54.69788144  
72.55356825  
78.29485811  
69.37590381  
47.29040252  
17.06074106  
-14.45643307  
-40.7492307  
-57.46092609  
-63.20705671  
-59.25864635  
-48.44570159  
-33.90619224  
-18.24609465  
-3.350171515  
9.313137421  
18.30175278  
22.12021819  
19.59666613  
10.53397224  
-3.761646215  
-20.45399465  
-35.78994485  
-46.16349132  
-49.20558473  
-44.45238841  
-33.34367042  
-18.60829767  
-3.346406292  
9.806038819  
19.1632532  
24.08152159  
24.80513584  
22.26717295  
17.95220621  
13.76801472  
11.77401066  
13.66063079  
20.05307535  
29.92083361  
40.46230415  
47.71502532  
47.83249358  
38.61251263  
20.64579796  
-2.484188732  
-25.1667371  
-41.6164985  
-47.91893478  
-43.44727993  
-31.06331252  
-16.01541951  
-3.990258365  
0.887390661  
-2.6728679  
-13.01040262  
-26.47100618  
-38.92416906  
-47.16555307  
-49.6837904  
-46.637128  
-39.26280549  
-29.14597223  
-17.73074547  
-6.21652808  
4.288919245  
12.64064262  
17.7815106  
19.14196419  
17.10345233  
13.20247456  
9.838896869  
9.497564498  
13.76487594  
22.57160126  
34.0325327  
45.00190989  
52.14521916  
53.09897852  
47.25873014  
35.91384555  
21.73427408  
7.875387275  
-2.925782134  
-8.959081423  
-9.73976204  
-5.876393753  
1.216754517  
9.617438569  
17.16930521  
21.79396019  
21.90836061  
16.91859282  
7.6227426  
-3.719103667  
-13.82882054  
-19.35003328  
-18.01469034  
-9.595519544  
3.783207271  
18.18378676  
29.10708344  
33.01131786  
28.51791925  
16.83954929  
1.280439866  
-13.96592846  
-25.22976125  
-30.45073903  
-29.57898331  
-24.24475821  
-16.93983147  
-10.09945795  
-5.429822143  
-3.644023392  
-4.561839383  
-7.396857048  
-11.05217226  
-14.3388867  
-16.14425541  
-15.62741735  
-12.47901879  
-7.182224815  
-1.127467383  
3.566034503  
4.565809602  
0.06140386267  
-10.53202622  
-26.18186958  
