-15.42972947  
-32.31679726  
-50.93725984  
-65.23339669  
-69.58065627  
-61.10511792  
-40.94584227  
-13.926189  
13.2041142  
34.18221003  
45.28573613  
46.22953251  
39.66738732  
29.68087854  
20.03326528  
12.96688866  
8.965293436  
7.383740597  
7.442180991  
8.963010165  
12.4553574  
18.55571948  
27.2120399  
37.141264  
45.94027659  
50.87141427  
49.97423334  
42.96532508  
31.4749075  
18.48099018  
7.181871438  
-0.1981953329  
-3.157341919  
-2.929786547  
-1.812397856  
-2.142750925  
-5.376943662  
-11.61765078  
-19.7053128  
-27.73955526  
-33.75613825  
-36.29404955  
-34.70614692  
-29.21410262  
-20.79357691  
-10.97767191  
-1.608223266  
5.483004023  
8.871904726  
7.953726355  
3.223131526  
-3.746710745  
-10.71424471  
-15.49304451  
-16.74037493  
-14.48284151  
-10.12207847  
-5.874447447  
-3.853048219  
-5.179069378  
-9.510497236  
-15.19823443  
-19.99407919  
-21.98814056  
-20.35878532  
-15.62405666  
-9.330254346  
-3.374891861  
0.6954133473  
2.107076617  
0.8849727121  
-2.415167558  
-7.02665452  
-12.13107608  
-16.80178344  
-19.86845958  
-19.93419559  
-15.70710675  
-6.603215529  
6.648635523  
21.77279671  
35.3513343  
43.85078713  
44.91823388  
38.39441822  
26.542153  
13.30278147  
2.829585495  
-2.099455222  
-1.100956188  
3.814907237  
9.258946634  
12.02038486  
10.45091817  
5.057211566  
-1.927404686  
-7.726697564  
-10.34657455  
-9.389426071  
-5.997096464  
-2.022300044  
1.074957203  
2.987777079  
4.567516487  
7.090232815  
11.2159435  
16.25742407  
20.22156858  
20.67540232  
16.03039927  
6.581396506  
-5.280355853  
-15.8660009  
-21.67960001  
-20.91684582  
-14.26335836  
-4.609346174  
4.18140196  
8.861093162  
8.002890706  
2.29632372  
-6.120838271  
-14.86598436  
-22.38199648  
-28.3246839  
-33.12980183  
-37.09730215  
-39.61284727  
-39.05377145  
-33.53492328  
-22.14309794  
-5.970390735  
11.71878027  
26.44894936  
34.29942967  
33.68043864  
26.23194252  
16.31318928  
9.208490603  
8.81061239  
15.84514147  
27.48963227  
38.61000608  
44.07131821  
41.05416321  
30.28491617  
15.59173194  
1.995644878  
-6.742989746  
-9.927378724  
-10.1775284  
-11.97697652  
-19.18271098  
-32.69328496  
-49.4299879  
-63.19858604  
-67.13032815  
-56.6612982  
-31.73699177  
2.74446045  
38.47169512  
66.60550916  
80.81535761  
79.24963008  
64.72661196  
43.21241331  
21.35200214  
4.131225685  
-6.428520339  
-11.19031714  
-12.7169803  
-13.69246097  
-15.70867899  
-18.87282806  
-22.21966652  
-24.52789326  
-25.01654379  
-23.57022483  
-20.4781225  
-15.97618455  
-9.979152392  
-2.241558459  
7.116891968  
17.05818051  
25.46343025  
29.60675961  
27.17116105  
17.38051788  
1.684778708  
-16.41685882  
-32.45161027  
-42.55458756  
-44.88964431  
-40.2778602  
-31.73276228  
-23.09199439  
-17.34634611  
-15.41129042  
-15.88460092  
-15.88120577  
-12.53993535  
-4.4914329  
7.399456242  
20.35608952  
30.9172226  
36.48392354  
36.4564477  
32.42785643  
27.3484664  
24.06070236  
23.90208058  
26.0439543  
27.8913852  
26.3718325  
19.52133466  
7.62459225  
-6.640857275  
-19.16353929  
-26.06512966  
-25.35681525  
-17.85405915  
-6.93447679  
2.780751271  
7.278741852  
4.769898491  
-3.602626528  
-14.24416892  
-22.57162822  
-24.85214008  
-19.67587686  
-8.491683307  
4.970174838  
16.11949957  
21.1876688  
18.52336668  
9.048177105  
-4.225928949  
-17.3575557  
-26.82946163  
-30.59527075  
-28.49480186  
-21.98805963  
-13.41006236  
-5.087359225  
1.357014533  
5.312617426  
7.086644926  
7.531559042  
7.590125619  
7.931342073  
8.7765705  
9.924096293  
10.91825505  
11.27955947  
10.71883796  
9.276998671  
7.354515262  
5.616092533  
4.782902546  
5.357102813  
7.361086631  
10.19218096  
12.68218672  
13.39386718  
11.09927317  
5.296732596  
-3.424611389  
-13.34222395  
-21.95249531  
-26.65352339  
-25.55722504  
-18.16273022  
-5.643549859  
9.379523382  
23.53795134  
33.68099638  
37.80307747  
35.63180691  
28.67968113  
19.73161084  
11.92097643  
7.680080629  
7.898802092  
11.5692397  
16.05506691  
17.93265562  
14.16800834  
3.266139477  
-13.99006634  
-34.4966303  
-53.55999764  
-66.22981514  
-68.83613143  
-60.22744566  
-42.26510424  
-19.35822897  
2.85146679  
19.23172916  
26.73152069  
25.22474063  
17.32660334  
7.265129967  
-0.7478838368  
-4.012545788  
-2.132112699  
3.170921786  
9.076707178  
13.03889112  
13.88377637  
12.15579341  
9.584214914  
7.957198455  
7.972238737  
8.651304053  
7.652909926  
2.390996878  
-8.525118033  
-24.20389179  
-41.29510528  
-54.9069765  
-60.32057931  
-54.83755651  
-38.9993887  
-16.64290334  
6.287670191  
23.75214091  
31.69736507  
29.42659357  
19.74896214  
7.872110475  
-0.526110616  
-1.324493621  
6.644657477  
21.28924625  
38.08691837  
51.69250977  
57.72425045  
54.11910088  
41.65000241  
23.51568332  
4.226296317  
-11.79278125  
-21.41678871  
-23.51149081  
-18.95785134  
-10.09820934  
0.1454603962  
9.161581836  
15.27180986  
17.93612259  
17.54911579  
14.97710348  
11.05998135  
6.285526892  
0.7510369467  
-5.611429812  
-12.6889169  
-19.92070042  
-26.27227475  
-30.49786468  
-31.59541097  
-29.25311483  
-24.07104835  
-17.43074296  
-11.03922728  
-6.328162003  
-3.96199032  
-3.671347252  
-4.482761293  
-5.236756077  
-5.151628618  
-4.169390663  
-2.923010706  
-2.345307482  
-3.11176593  
-5.191323865  
-7.729352526  
-9.33284978  
-8.637779604  
-4.90955654  
1.588175304  
9.612115894  
17.33103731  
22.91865385  
25.10757909  
23.50474373  
18.58971372  
11.45227521  
3.414153417  
-4.313757369  
-10.84342667  
-15.67714468  
-18.66921056  
-19.93249725  
-19.71581253  
-18.25965385  
-15.64339677  
-11.67494642  
-5.904736201  
2.166776813  
12.6981516  
25.06250449  
37.57877658  
47.646994  
52.3867953  
49.64474702  
39.00702207  
22.34865532  
3.560130049  
-12.59787687  
-22.1641524  
-23.52468994  
-18.15215148  
-10.12807979  
-4.537721485  
-5.34285806  
-13.6217601  
-26.96916357  
-40.38212935  
-48.31428886  
-47.04255284  
-36.31882191  
-19.56089768  
-2.471014907  
9.333712477  
12.6458239  
7.928882657  
-1.028667663  
-8.890271955  
-11.16564881  
-6.148181869  
4.448139004  
16.38863134  
24.8904749  
26.74255426  
21.62243805  
12.07529497  
2.256296562  
-3.906316606  
-4.25787243  
0.9893463983  
9.770887367  
19.40798356  
27.87202001  
34.44078619  
39.48795234  
43.6343522  
46.82450116  
47.91295594  
45.04372888  
36.6542736  
22.57059952  
4.576629966  
-13.91602767  
-29.02413705  
-37.87872697  
-39.75701421  
-36.3259207  
-30.86769953  
-26.8306794  
-26.35215523  
-29.40254359  
-33.9028654  
-36.72507764  
-35.10325785  
-27.8380765  
-15.80987984  
-1.650622131  
11.21614539  
19.72940956  
22.09184155  
18.14816206  
9.223920333  
-2.392754802  
-14.07364948  
-23.38521775  
-28.46122887  
-28.2351443  
-22.57290057  
-12.30676754  
0.879756059  
14.76249542  
27.06023826  
35.96450659  
40.52569226  
40.73366306  
37.26102438  
31.00312288  
22.66338558  
12.61589407  
1.127202518  
-11.19579266  
-23.02488127  
-32.29819005  
-36.70865191  
-34.55840945  
-25.61065744  
-11.50971991  
4.503992287  
18.5416663  
27.31514748  
29.16477885  
24.43304469  
15.05425931  
3.60104983  
-7.725734116  
-17.67772172  
-25.88222026  
-32.24960515  
-36.2995661  
-36.88727931  
-32.58078301  
-22.54997363  
-7.486723125  
10.02072995  
26.01025251  
36.47096546  
38.92732534  
33.5319742  
23.0795524  
11.83450368  
3.640789008  
0.1692152348  
0.1461599179  
-0.01339885265  
