26.91323712  
14.4181242  
-1.657910504  
-16.01629708  
-23.88929499  
-22.81764154  
-13.55847386  
0.2501619548  
13.54168585  
21.80607225  
22.80735511  
17.34476028  
8.768745553  
1.4780576  
-0.9577206  
2.738303458  
11.10134068  
20.65260875  
27.46538486  
28.87899403  
24.61904129  
16.84625689  
9.128118866  
4.795758599  
5.417244889  
10.06655965  
15.71891169  
18.60787214  
15.95256302  
7.292850921  
-5.166096273  
-17.37128203  
-25.06266135  
-25.53689714  
-18.77185043  
-7.42902116  
4.261071803  
12.23511758  
14.1921979  
10.35788484  
3.109873662  
-4.323342024  
-9.46061842  
-11.70712289  
-12.50397472  
-14.43307018  
-19.72255857  
-28.8923752  
-40.22024608  
-50.32417299  
-55.61910388  
-53.97488881  
-45.78006698  
-33.87576575  
-22.3458376  
-14.69536534  
-12.25767676  
-13.5888985  
-15.16518609  
-13.09315496  
-5.058417065  
8.395653455  
23.88100782  
36.50706508  
41.97883093  
38.51791467  
27.73996959  
14.08132409  
3.015701939  
-1.1619085  
2.977165352  
13.54708874  
26.28764786  
36.42845257  
40.62866045  
38.15475196  
30.84598545  
21.9848476  
14.67291871  
10.48742918  
9.002884029  
8.31095436  
6.19340855  
1.322439923  
-6.093262081  
-14.47846917  
-21.71310418  
-26.13144805  
-27.17698885  
-25.41690897  
-21.98429262  
-17.82486461  
-13.21171693  
-7.816983938  
-1.291126952  
6.014815942  
12.66589807  
16.4253449  
15.1753726  
8.07507569  
-3.636605771  
-16.6829861  
-26.75631384  
-30.14584259  
-25.30686703  
-13.65897454  
0.7977605124  
12.95030787  
18.53971843  
15.80768616  
6.128777508  
-6.629365658  
-17.72470091  
-23.43180105  
-22.40114009  
-15.94577868  
-7.203652449  
0.381491755  
4.544966347  
4.997273194  
3.231599599  
1.513313315  
1.591016738  
3.766278488  
6.757193914  
8.391854445  
6.771365211  
1.328443761  
-6.72719312  
-14.78618486  
-19.86071628  
-19.78173796  
-14.03870242  
-3.91222521  
8.117663202  
19.38095716  
27.97412479  
33.25443771  
35.70965285  
36.34545106  
35.95206867  
34.64031391  
31.87615371  
26.97092465  
19.7435937  
10.97284466  
2.354254727  
-4.08011517  
-6.847664967  
-5.798923234  
-2.401057567  
0.6787028497  
0.5889752077  
-4.469370499  
-14.29104751  
-26.42418426  
-36.80155555  
-41.06976673  
-36.15779771  
-21.51506058  
0.448195778  
24.90458293  
45.97501121  
58.46359622  
59.38708449  
48.80385531  
29.69955638  
7.006717903  
-13.88374234  
-28.6226979  
-34.95461553  
-33.04758117  
-25.08835065  
-14.36582288  
-4.199082433  
2.934683472  
5.841980018  
4.575296002  
0.04045240483  
-6.529307141  
-14.00848736  
-21.58411372  
-28.71439981  
-34.93627373  
-39.67042916  
-42.15620834  
-41.57294729  
-37.31080118  
-29.27725319  
-18.10254577  
-5.138941716  
7.774351358  
18.72239118  
26.17890263  
29.380786  
28.50016895  
24.56772551  
19.17763473  
14.06681268  
10.68649473  
9.875431493  
11.70137638  
15.48924179  
20.00804248  
23.76260193  
25.32632614  
23.6556171  
18.33352281  
9.698138841  
-1.179330458  
-12.68294894  
-22.98999609  
-30.49523584  
-34.21543446  
-34.04614229  
-30.76630892  
-25.7562061  
-20.49888763  
-16.03244972  
-12.56730275  
-9.445458665  
-5.497169976  
0.319252642  
8.251338627  
17.37079431  
25.70119911  
30.88099729  
31.14140668  
26.19909746  
17.63885621  
8.530892521  
2.337447997  
1.492745074  
6.239331356  
14.26577478  
21.40129784  
23.18880156  
16.75222221  
2.188795763  
-17.14914904  
-35.69297486  
-47.6766403  
-49.35326808  
-40.49748251  
-24.53973587  
-7.235670131  
5.606647632  
10.40031469  
7.096423709  
-1.013828394  
-8.914264663  
-12.17696629  
-8.943602424  
-0.6922187561  
8.546733409  
14.15803455  
13.18286826  
5.790549418  
-4.714030969  
-13.37416907  
-15.88904232  
-10.68642155  
0.2104980858  
11.95473813  
18.97483935  
17.47934842  
7.245940256  
-8.117364495  
-22.57565145  
-30.13607658  
-27.31445636  
-14.54542271  
4.043778305  
22.35440971  
34.75643086  
38.19929556  
33.14385208  
23.02321638  
12.58959115  
5.946189394  
5.117139404  
9.674459704  
17.40959774  
25.56853734  
31.98475293  
35.60205408  
36.2747391  
34.14020016  
29.06771641  
20.59438999  
8.429781635  
-6.769915717  
-22.8731063  
-36.43231594  
-43.63818078  
-41.745452  
-30.34752502  
-11.8735987  
9.008679488  
26.91333589  
37.57750094  
39.25662595  
33.09483914  
22.34701469  
10.84132685  
1.396299883  
-5.104746245  
-9.617401371  
-13.95136598  
-19.44876459  
-26.0167439  
-32.0072613  
-35.00130851  
-33.10187305  
-26.08291724  
-15.80873679  
-5.684380291  
0.6416398015  
0.7517657616  
-5.538712451  
-16.0784468  
-27.19422312  
-35.04335445  
-36.92330368  
-32.02763175  
-21.43120225  
-7.443017659  
7.285925647  
20.48124547  
30.54687449  
36.47589747  
37.60809659  
33.51548462  
24.15981605  
10.24143605  
-6.522814554  
-23.47311244  
-37.55444611  
-46.20054233  
-48.19775371  
-44.12075554  
-36.09186385  
-26.91844123  
-18.96304032  
-13.24567803  
-9.186517269  
-5.103805188  
0.7717861476  
9.253453463  
19.62621219  
29.82101883  
37.25075303  
39.90708723  
37.19692414  
30.13409724  
20.82197599  
11.51037743  
3.707400785  
-2.219853708  
-6.790552546  
-10.68431272  
-13.97961517  
-15.81136529  
-14.68070846  
-9.293306583  
0.5022974139  
13.19856973  
25.87798281  
35.20138946  
38.72610466  
35.94499084  
28.52909174  
19.61023701  
12.39233464  
8.714430703  
8.236708893  
8.649527605  
6.833053495  
0.4450080878  
-10.80362604  
-24.79555379  
-37.77005191  
-45.87712023  
-46.82614894  
-40.87714662  
-30.71744651  
-20.27347586  
-12.99281466  
-10.37084661  
-11.38205953  
-13.05983484  
-11.94943247  
-5.770481588  
5.454437664  
19.29525375  
31.85846052  
39.34767816  
39.55967301  
32.69993457  
21.22783572  
8.870013216  
-0.730023521  
-5.161752626  
-3.792800258  
2.384406949  
11.39383943  
21.03873221  
29.4619731  
35.36898655  
37.98903437  
36.96952389  
32.36579162  
24.7483526  
15.29758619  
5.701670427  
-2.242728211  
-7.240967272  
-9.06099262  
-8.729570809  
-8.174021087  
-9.378109983  
-13.38937889  
-19.64688085  
-26.0084618  
-29.55862669  
-27.90904381  
-20.4323369  
-8.846050012  
3.186072385  
11.34305504  
12.324906  
5.21882894  
-8.038360152  
-23.31675948  
-35.80598586  
-41.7598401  
-39.76309158  
-31.03978676  
-18.74790873  
-6.63618383  
2.327544668  
6.798891477  
7.11165045  
4.671249256  
1.095895308  
-2.434079753  
-5.34329096  
-7.379243612  
-8.17466509  
-7.023438848  
-3.08959979  
4.013424932  
13.59841395  
23.64675395  
31.18733448  
33.26886965  
28.15899632  
16.23618395  
0.1268909898  
-16.04891112  
-28.06459981  
-33.05579289  
-30.47096713  
-22.12546598  
-11.36595835  
-1.728291289  
4.338254362  
6.176566541  
4.841310618  
2.371501336  
0.8143915384  
1.44609075  
4.472141719  
9.219782326  
14.60081479  
19.54339027  
23.18796156  
24.84179576  
23.86370712  
19.69451558  
12.13663421  
1.779523349  
-9.700825431  
-19.66097534  
-25.15378147  
-23.98131211  
-15.72375233  
-2.249121941  
12.63419103  
24.36749687  
29.27027003  
25.95892469  
15.94189759  
3.091124872  
-7.84141289  
-13.07964219  
-11.29549514  
-4.094477399  
4.677070754  
10.500608  
9.973801254  
2.095736016  
-11.43188551  
-26.937235  
-40.17063326  
-47.75284675  
-48.12153629  
-41.6992686  
-30.36855321  
-16.61487575  
-2.763180079  
9.411369281  
18.67895092  
24.16332667  
25.24126255  
21.69987481  
14.09698355  
4.06869939  
-5.724547562  
-12.18456156  
-12.79144828  
-6.677260488  
4.737708563  
17.92670776  
28.32131924  
