18.2211295  
24.37730471  
22.38448105  
12.72114855  
-0.2559828104  
-10.08581871  
-11.09394853  
-1.097470355  
17.33266074  
37.67329581  
52.01226864  
54.2796548  
42.75511543  
20.78851704  
-4.540494134  
-25.20665047  
-35.26548092  
-32.8824387  
-20.62447173  
-4.058510328  
10.60201111  
18.74733448  
18.6430837  
11.38938201  
-0.1522751331  
-12.7822487  
-24.03680893  
-32.53045387  
-37.64371522  
-38.97696846  
-36.04946063  
-28.49452488  
-16.62977602  
-1.992930569  
12.60693651  
23.73556712  
28.50018667  
25.73179068  
16.59260497  
4.242942142  
-7.370036677  
-15.10880678  
-17.92179  
-17.21049264  
-16.09790919  
-17.90630996  
-24.51653399  
-35.34051498  
-47.36780728  
-56.27389297  
-58.11846897  
-50.92141713  
-35.47862127  
-15.12019592  
5.442207935  
21.68609653  
30.65699747  
31.6895447  
26.31051699  
17.48490735  
8.567579574  
2.343637567  
0.4140464346  
2.999769219  
9.091844149  
16.81994704  
23.93201769  
28.32246962  
28.55966402  
24.32939117  
16.66197163  
7.80246537  
0.65932448  
-2.078090909  
1.1051531  
9.875652577  
21.96479977  
33.77872879  
41.53958561  
42.55964357  
36.16750992  
23.92484831  
9.048882739  
-4.726579376  
-14.40030436  
-18.58612794  
-17.72795535  
-13.63731842  
-8.617814077  
-4.576333631  
-2.470826099  
-2.245935018  
-3.17155869  
-4.336228593  
-5.031084281  
-4.877083075  
-3.723371282  
-1.476550599  
1.961838988  
6.568837936  
11.9554144  
17.18470454  
20.83626591  
21.38339518  
17.77404642  
9.968536621  
-0.8382087593  
-12.46364707  
-22.40359662  
-28.66898096  
-30.45520763  
-28.36806918  
-24.11867981  
-19.82670961  
-17.22957858  
-17.11590669  
-19.18226678  
-22.31524515  
-25.12480674  
-26.47658049  
-25.81692283  
-23.21481982  
-19.18539122  
-14.43669811  
-9.668281405  
-5.469625377  
-2.280506261  
-0.3407042869  
0.4058899539  
0.4084252975  
0.5014350768  
1.699218352  
4.793338406  
9.890620661  
16.12216034  
21.7381155  
24.65661658  
23.31447799  
17.4788608  
8.626241594  
-0.3664254235  
-6.18857344  
-6.381793639  
-0.4162673746  
9.930702663  
21.11561569  
29.11957619  
30.9826603  
25.94546203  
15.71370012  
3.733295616  
-6.209788632  
-11.45971942  
-11.4062595  
-7.483024365  
-2.303958567  
1.621655477  
2.98687984  
2.106667488  
0.5124614622  
-0.02289804646  
1.488812461  
4.697207723  
8.10031039  
9.859785126  
8.813201152  
5.152439994  
0.4083711641  
-3.267722725  
-4.174807259  
-1.948864411  
2.190197195  
5.9760335  
7.174023255  
4.682064147  
-0.8884392496  
-7.449189656  
-12.39281915  
-13.82111094  
-11.45069303  
-6.750124797  
-2.225297333  
-0.1842745483  
-1.572333055  
-5.448670853  
-9.38219488  
-10.60728062  
-7.409567228  
-0.08266367167  
9.026222969  
16.45244965  
19.148674  
15.94043217  
8.233447032  
-0.3864546307  
-5.541001214  
-3.87668184  
5.448738192  
20.24866961  
36.00100297  
47.49159912  
50.75586064  
44.54276245  
30.72566756  
13.51479984  
-2.19222323  
-12.65054645  
-16.5718846  
-15.40197265  
-12.50591911  
-11.63081279  
-15.28510195  
-23.68287037  
-34.65004627  
-44.49594437  
-49.47440728  
-47.24447274  
-37.76720335  
-23.3189981  
-7.657132221  
5.305598359  
12.79593587  
13.97125318  
9.960696147  
3.21447839  
-3.521498134  
-8.179866456  
-9.936817114  
-9.215435215  
-7.219479149  
-5.268242453  
-4.245379424  
-4.375481389  
-5.359651302  
-6.727226871  
-8.174485517  
-9.701180918  
-11.48810852  
-13.61469811  
-15.80901816  
-17.4070622  
-17.58052648  
-15.7370945  
-11.8874092  
-6.770186216  
-1.639754396  
2.208232297  
3.955272328  
3.569010801  
1.748609621  
-0.4643606458  
-2.200163891  
-3.119190172  
-3.411358536  
-3.433110671  
-3.198577974  
-2.058570921  
1.160127193  
7.51463869  
17.06177535  
28.1940185  
37.65430029  
41.43252816  
36.336763  
21.64700989  
0.09734169415  
-22.39914122  
-38.39978603  
-41.48709933  
-28.80573449  
-2.554776154  
30.26787693  
59.9272191  
77.16339516  
76.40859593  
57.81268981  
27.30088172  
-5.380797368  
-29.92802558  
-38.87032842  
-29.90076109  
-6.384290708  
24.02170601  
52.02886099  
69.66133995  
72.48731219  
60.50573236  
37.59707812  
9.934836605  
-15.97638874  
-34.98747582  
-44.30019411  
-43.67138279  
-34.98463574  
-21.46824578  
-6.826015228  
5.541283797  
13.13325401  
14.72136503  
10.45889081  
1.701806134  
-9.440155506  
-20.72194575  
-30.36665829  
-37.44411963  
-41.88260092  
-44.12201731  
-44.58545411  
-43.24704621  
-39.54205058  
-32.70169201  
-22.36858057  
-9.174631143  
5.063853517  
17.72506924  
26.25339822  
29.17828113  
26.81316122  
21.26483091  
15.67162002  
12.94134597  
14.51536597  
19.70942437  
25.95509454  
29.8744015  
28.74398672  
21.71416991  
10.23894404  
-2.488368653  
-12.86192483  
-18.37919977  
-18.682956  
-15.67037514  
-12.61743522  
-12.69772912  
-17.53664465  
-26.42409003  
-36.52049488  
-43.96337595  
-45.40309357  
-39.32648024  
-26.63368902  
-10.26063097  
5.960916107  
18.70959116  
26.2698875  
28.89810189  
28.36489925  
26.92364721  
26.17680566  
26.32894119  
26.13066664  
23.51871502  
16.66805633  
5.00773416  
-10.22812765  
-26.15643324  
-39.07242017  
-45.65387734  
-44.10199215  
-34.79975539  
-20.24307078  
-4.26348567  
9.183973621  
17.23929028  
18.93621954  
15.31377419  
8.829322254  
2.320335425  
-2.073568947  
-3.615442324  
-3.047227587  
-2.043149072  
-2.301152481  
-4.680152495  
-8.765013619  
-13.04966384  
-15.65370534  
-15.24500243  
-11.73954431  
-6.43958547  
-1.515487961  
0.9655709319  
0.04476380476  
-3.547410876  
-7.527621144  
-8.906476062  
-5.229615452  
4.287345783  
18.20864726  
33.16906955  
44.93193253  
49.83688363  
46.10657903  
34.53388972  
18.30437784  
2.023411319  
-9.707844515  
-13.68659351  
-9.028125681  
2.650688833  
17.79769586  
32.02758742  
41.406717  
43.54268208  
38.18352518  
27.18105571  
13.84976265  
1.916550785  
-5.631343075  
-7.457727014  
-4.262310778  
1.496621823  
6.472862847  
7.621930305  
3.307589633  
-6.071729704  
-18.17713686  
-29.52569279  
-36.70175235  
-37.5307419  
-31.77534268  
-21.10818116  
-8.412686058  
3.265117487  
11.66762853  
15.81259704  
15.89286956  
12.75249358  
7.291844147  
0.1487821783  
-8.190523044  
-16.97828321  
-24.82832178  
-29.73539467  
-29.6500155  
-23.44169169  
-11.79902755  
2.462250899  
15.01057303  
21.44552745  
19.06287862  
8.179542191  
-7.640838557  
-22.69816826  
-31.25805008  
-29.8291927  
-18.65969949  
-1.776554732  
14.51191277  
24.07413463  
23.37447002  
12.85470869  
-3.287385697  
-18.81356048  
-27.92446902  
-27.47663497  
-18.0575993  
-3.552251992  
10.52885244  
19.20591162  
19.78734301  
12.59556314  
0.514375587  
-12.3022025  
-21.94287168  
-25.88508345  
-23.45415017  
-15.62452294  
-4.440519177  
7.614188292  
18.09732914  
24.92854392  
26.66146824  
22.79759836  
14.09660148  
2.69250568  
-8.205124898  
-15.1097741  
-15.38649086  
-8.303414685  
4.472935286  
19.25077506  
31.51141895  
37.5055783  
35.60033972  
26.79940529  
14.2078533  
1.681192185  
-7.731569443  
-12.85747939  
-14.53468128  
-14.82440266  
-15.75500594  
-18.2605828  
-21.84294926  
-25.08176665  
-26.65422852  
-26.2492699  
-24.81954115  
-23.98584078  
-24.89751905  
-27.19820275  
-28.74902478  
-26.40119034  
-17.55297986  
-1.761446723  
18.44144152  
38.06433511  
51.42057426  
54.42711241  
46.40389709  
30.50384545  
12.50361071  
-1.556196574  
-7.836206245  
-6.149699333  
0.2616272058  
6.506562545  
8.519518054  
5.040932497  
-1.850990386  
-7.908182412  
-8.999413991  
-3.377518776  
