43.55404467  
35.46739279  
23.93925035  
13.51222256  
7.841471841  
8.49832317  
14.57291991  
23.17800538  
30.61552697  
33.73371372  
30.96756987  
22.71838437  
11.01277906  
-1.340542734  
-11.71686412  
-18.39708505  
-20.83585569  
-19.48646753  
-15.36912924  
-9.631230259  
-3.282645722  
2.849628361  
8.039469855  
11.60248762  
12.96999139  
11.89533881  
8.678568434  
4.245796242  
-0.03274627111  
-2.778054528  
-3.141748268  
-1.218209751  
1.880346528  
4.36760662  
4.449022961  
1.061371549  
-5.615446359  
-14.10133604  
-22.0650417  
-27.12653079  
-27.71143273  
-23.6289172  
-16.14774817  
-7.541503742  
-0.2792579363  
3.827254501  
4.199723048  
1.589411147  
-2.316840142  
-5.601589277  
-6.841447127  
-5.57133516  
-2.328746257  
1.700476071  
5.25281372  
7.513809056  
8.378184734  
8.351148918  
8.164901851  
8.3114518  
8.727449907  
8.790023248  
7.635345245  
4.654496075  
-0.07099200881  
-5.615430857  
-10.43994679  
-12.9394689  
-12.08747348  
-7.905153567  
-1.540893232  
5.093860113  
10.00206602  
11.82702307  
10.33823489  
6.48596161  
2.008688275  
-1.243530607  
-2.001449267  
-0.02328830943  
3.854415422  
8.049366177  
10.79789825  
10.73327906  
7.289467985  
0.8348181542  
-7.452758076  
-15.88471947  
-22.63551314  
-26.11809197  
-25.32339341  
-20.09572979  
-11.29235375  
-0.7460867192  
9.050250085  
15.55139696  
16.95074114  
12.91480187  
4.953654368  
-3.820051275  
-9.594418261  
-9.203701535  
-1.456393924  
12.0941765  
27.33914882  
38.82813024  
41.65971498  
33.37975032  
15.14240727  
-8.385392177  
-30.43538267  
-44.40619264  
-46.16531696  
-35.51433622  
-16.24755883  
5.225227257  
22.16216813  
29.79727471  
26.79752761  
15.35300936  
-0.05325762789  
-14.61954864  
-25.09221528  
-30.76214394  
-33.23477776  
-35.16184624  
-38.56713629  
-43.55738666  
-48.016747  
-48.43583869  
-41.51725195  
-25.85364216  
-2.935065617  
22.97863194  
46.11100889  
61.07396437  
64.68800869  
57.02362703  
41.28838389  
22.63974737  
6.40758538  
-3.598431879  
-6.100502637  
-2.392037051  
4.499721516  
11.11665518  
14.80554281  
14.44973505  
10.51421012  
4.513259035  
-1.782176743  
-7.03137581  
-10.64641182  
-12.69349071  
-13.51150724  
-13.29516299  
-11.87170623  
-8.78016671  
-3.600526981  
3.644303006  
12.2279112  
20.75083072  
27.48332925  
30.90317537  
30.22442801  
25.7088514  
18.63117143  
10.89590752  
4.431287085  
0.5653431673  
-0.4011242848  
0.724628064  
2.329546191  
2.591471506  
0.1819218587  
-5.158066614  
-12.37453251  
-19.30340595  
-23.29687066  
-22.10784339  
-14.76185957  
-2.117273473  
13.11674365  
26.97779284  
35.33293534  
35.13271683  
25.42986891  
7.799324127  
-14.02236169  
-35.19716483  
-51.20780702  
-59.1611631  
-58.51915096  
-51.00904253  
-39.77111567  
-28.09330962  
-18.23807344  
-10.81830895  
-4.941032653  
0.9918969204  
8.220007252  
16.79999999  
25.41074711  
31.88540153  
34.22835144  
31.63878616  
25.04307404  
16.84895493  
9.988215266  
6.650509599  
7.274875224  
10.27604808  
12.67111593  
11.37313323  
4.611627156  
-7.13747265  
-21.13297842  
-33.29874086  
-39.73353888  
-38.18459233  
-28.88408944  
-14.42280669  
1.258901837  
14.32183373  
22.31908313  
24.82908161  
23.23980848  
19.86178518  
16.81295347  
15.16898013  
14.70567208  
14.2640114  
12.48908946  
8.556844573  
2.55558534  
-4.608624285  
-11.67230909  
-17.57011922  
-21.80129046  
-24.45329216  
-25.91994208  
-26.50657557  
-26.15432035  
-24.43264996  
-20.79282321  
-14.93451658  
-7.083472567  
1.965176452  
11.05553143  
19.01933878  
24.99307362  
28.56823718  
29.74484487  
28.76921325  
25.98880703  
21.82142868  
16.83733587  
11.85085806  
7.882686467  
5.909751611  
6.450422795  
9.162410781  
12.68680242  
14.90504355  
13.6045723  
7.345547921  
-3.813902968  
-18.06894032  
-32.26768973  
-42.87401057  
-47.16382163  
-44.20654688  
-35.2436366  
-23.29931031  
-12.15325885  
-5.049849438  
-3.615725407  
-7.371000747  
-13.9895537  
-20.18708057  
-22.89839703  
-20.32590287  
-12.51308022  
-1.282800177  
10.4014591  
19.41538237  
23.47422182  
21.85154499  
15.61526572  
7.322891583  
0.2659683431  
-2.526861754  
0.7518322819  
10.05152136  
23.36267152  
37.22442861  
47.73289695  
51.76481931  
48.02536083  
37.54405806  
23.39896148  
9.707958533  
0.2035619029  
-3.107413796  
-0.6890302157  
4.690153194  
9.016416902  
8.609536992  
1.620854841  
-11.14716848  
-26.45134682  
-39.79686436  
-47.15412077  
-46.52313647  
-38.70722171  
-26.9674424  
-15.68286007  
-8.558145498  
-7.11893834  
-10.13090992  
-14.20248304  
-15.3353972  
-10.77799783  
-0.3881024243  
13.10517574  
25.10156028  
31.01965303  
28.30835774  
17.72325262  
3.281426324  
-9.162900185  
-14.20464853  
-9.131181894  
4.807016557  
22.67312294  
37.63225993  
43.59626555  
37.69360223  
21.56411121  
0.917236015  
-16.52699891  
-23.94446165  
-18.03513829  
-0.3399543646  
23.27931023  
44.79637615  
56.96690078  
55.9129819  
42.35582835  
21.06631261  
-1.174895888  
-18.23107263  
-26.79314629  
-27.2579471  
-23.04801589  
-18.78305453  
-18.16476934  
-22.49727463  
-30.42025457  
-38.85632799  
-44.63425136  
-45.98452031  
-43.22463311  
-38.37971647  
-34.00683532  
-31.85918207  
-32.06593689  
-33.21423592  
-33.24691432  
-30.67727201  
-25.46929196  
-19.11246217  
-13.84134031  
-11.39625083  
-11.97039252  
-13.91141849  
-14.3768944  
-10.66697324  
-1.602494897  
11.72897127  
26.25490913  
38.13861347  
44.39991316  
44.1981261  
39.18759719  
32.78415225  
28.68178866  
29.29551257  
34.82335769  
43.3126789  
51.64144344  
56.90937188  
57.57715601  
53.85554303  
47.24134718  
39.51895384  
31.78957153  
24.03702982  
15.43137453  
5.169149514  
-6.639857388  
-18.55748106  
-28.1502812  
-32.95855863  
-31.65157728  
-24.80459467  
-14.89695312  
-5.495300883  
0.0337834698  
-0.2805206039  
-6.41725183  
-16.58745488  
-28.11731373  
-38.54527212  
-46.42852424  
-51.53922607  
-54.45489282  
-55.8440334  
-55.87093936  
-54.04172639  
-49.55000613  
-41.90018582  
-31.43502816  
-19.4484851  
-7.789602289  
1.860315119  
8.675476616  
12.98477642  
16.02295897  
19.25158638  
23.58745655  
28.92470039  
34.1906307  
37.906461  
38.97073843  
37.26889168  
33.79656099  
30.22265092  
28.09485514  
28.0678525  
29.53030191  
30.82207727  
29.95872599  
25.54545821  
17.47697142  
7.114987018  
-3.133420751  
-10.66014974  
-13.57745185  
-11.35890416  
-4.976683988  
3.475572529  
11.4908044  
16.90599115  
18.45194978  
15.95432953  
10.1932768  
2.539662387  
-5.469672615  
-12.48420891  
-17.55001015  
-20.17668151  
-20.29970258  
-18.18756184  
-14.33354789  
-9.356399137  
-3.923587348  
1.297527277  
5.665670439  
8.586570361  
9.55744385  
8.258225199  
4.686783741  
-0.7052325364  
-6.953856506  
-12.68226212  
-16.39264753  
-16.90342105  
-13.79509799  
-7.683566302  
-0.1684622934  
6.58645205  
10.53485342  
10.45736758  
6.424368466  
-0.1907598882  
-7.18221921  
-12.30656252  
-14.10191684  
-12.41241847  
-8.411503356  
-4.117695009  
-1.599678864  
-2.188329968  
-6.000793721  
-11.94689632  
-18.18944853  
-22.85436987  
-24.702904  
-23.51542184  
-20.06690545  
-15.73918618  
-11.94484021  
-9.588194193  
-8.75177161  
-8.700955383  
-8.186067121  
-5.932704954  
-1.164106388  
6.00202195  
14.40706397  
22.02288149  
26.43451702  
25.54149552  
18.30305438  
5.298399514  
-11.12002549  
-27.21554442  
-38.77224085  
-42.29959518  
-36.17032849  
-21.28941001  
-1.004820308  
19.78576884  
36.08766023  
