35.48602226  
32.62433868  
24.56063372  
14.46302959  
6.231185423  
2.854752144  
5.126595669  
11.26481467  
17.62295124  
20.2103883  
16.39920632  
6.106421891  
-8.046511047  
-21.67507279  
-30.298607  
-31.06171625  
-23.82393097  
-11.19548993  
2.471603784  
12.71332897  
16.55114056  
13.44544109  
5.279740055  
-4.551433615  
-12.53076253  
-16.30874778  
-15.40889352  
-11.13493197  
-5.805144182  
-1.694486225  
-0.142858834  
-1.169142831  
-3.68415824  
-6.136265896  
-7.260290585  
-6.59552318  
-4.576165176  
-2.20752253  
-0.5223765993  
-0.09024300005  
-0.8003483004  
-1.992219576  
-2.840200485  
-2.786578112  
-1.81003565  
-0.4090752751  
0.6772957165  
0.8632504333  
0.02699802885  
-1.411913722  
-2.682613069  
-3.024121479  
-2.040895285  
0.1185032726  
2.843019376  
5.356481051  
7.081356169  
7.886204656  
8.091056891  
8.224700819  
8.653964877  
9.277021411  
9.453198127  
8.235962352  
4.830630744  
-0.9206761466  
-8.258297412  
-15.58991561  
-20.95239094  
-22.6972761  
-20.13672421  
-13.88403673  
-5.732290813  
1.908082271  
6.816684944  
7.720436667  
4.721463205  
-0.759127991  
-6.494648853  
-10.23057133  
-10.44536795  
-6.833201737  
-0.3599435021  
7.098138814  
13.38457829  
16.73757091  
16.29471915  
12.29044815  
5.919022859  
-1.062604446  
-6.854535562  
-10.10403509  
-10.24046964  
-7.580930904  
-3.192580836  
1.445525981  
4.89208028  
6.184808645  
5.148766932  
2.471755563  
-0.4939169099  
-2.163357853  
-1.262990938  
2.687319032  
9.124361907  
16.52905919  
22.84560962  
26.1075673  
25.06588677  
19.60465094  
10.80095188  
0.6089273995  
-8.72005189  
-15.2818902  
-18.01882  
-16.92864217  
-12.95273453  
-7.622699462  
-2.612084493  
0.6594344652  
1.277349031  
-1.075913931  
-6.143019405  
-13.16529904  
-20.97159581  
-28.09300782  
-32.94400154  
-34.10132309  
-30.65841896  
-22.56247795  
-10.79533875  
2.728018536  
15.5855285  
25.5127886  
31.09937608  
32.2558235  
30.24165336  
27.19445025  
25.2985186  
25.89502379  
28.89159222  
32.73759444  
35.01679393  
33.45314294  
26.93154028  
16.09765074  
3.247923867  
-8.495520484  
-16.41963499  
-19.35867708  
-18.23243147  
-15.70513487  
-15.04895459  
-18.65064695  
-26.78887731  
-37.2383419  
-45.93872087  
-48.52351875  
-42.12140129  
-26.69181412  
-5.31393554  
16.73881559  
33.80626829  
41.82415923  
39.69288193  
29.4940143  
15.49804929  
2.410003288  
-6.393667131  
-9.909187701  
-9.445806268  
-7.580221348  
-6.676830057  
-7.693058071  
-9.818390509  
-11.07406625  
-9.52889444  
-4.493813174  
2.921437742  
10.18170281  
14.45621187  
13.95206393  
8.791571036  
0.9939273576  
-6.44016196  
-10.90017046  
-11.327186  
-8.601269095  
-4.973367251  
-2.835756953  
-3.454314879  
-6.30690722  
-9.368542933  
-10.20621609  
-7.331115902  
-1.113231649  
6.231417697  
11.61333204  
12.55038276  
8.434709691  
0.9461474257  
-6.626472955  
-10.86636509  
-9.825436287  
-3.977674807  
3.936632061  
10.12217184  
11.44573685  
6.871299128  
-2.041424751  
-11.79297075  
-18.44347664  
-19.27121182  
-13.86005904  
-4.172603621  
6.360250176  
14.27307791  
17.37235076  
15.38361155  
9.754929571  
2.823205377  
-3.201986569  
-6.977828554  
-8.242403044  
-7.545463514  
-5.753870248  
-3.629947837  
-1.655800159  
-0.08288641274  
0.9493048098  
1.382795281  
1.336425088  
1.217683453  
1.679081973  
3.325321314  
6.259845391  
9.731210044  
12.17473154  
11.78721501  
7.479110981  
-0.2279449292  
-8.878993167  
-14.67107122  
-13.86649862  
-4.506567074  
12.35095932  
32.53775306  
50.03182461  
59.15505308  
56.81597384  
43.80413074  
24.50970138  
5.131516872  
-8.867198487  
-14.92708408  
-14.20848121  
-10.69714634  
-9.043563397  
-12.18211554  
-19.88248249  
-28.93347044  
-34.86142167  
-34.3237157  
-26.97132944  
-15.81814428  
-5.882089476  
-1.72236065  
-5.067518793  
-13.72480503  
-22.37102953  
-24.92727225  
-17.44566062  
-0.1610468614  
22.27656115  
42.54031438  
53.57964789  
51.47862295  
36.96813773  
14.97339039  
-7.523238039  
-24.28556844  
-32.04010223  
-31.20466866  
-24.97786079  
-17.40374458  
-11.44245048  
-7.963855422  
-6.025886394  
-4.106508911  
-1.485329439  
1.051643407  
1.589467988  
-1.676841262  
-9.060774177  
-18.68269465  
-26.92896044  
-29.94153048  
-25.44670412  
-14.01195797  
0.9386024246  
14.432392  
22.01908876  
21.66215627  
14.57908391  
4.645425537  
-3.355634732  
-5.829627022  
-1.866131399  
6.510834286  
15.39129549  
20.79192664  
20.38426514  
14.38150758  
5.257563578  
-3.480204408  
-8.840675244  
-9.512875873  
-6.181495969  
-0.9602899043  
3.694948951  
6.050998593  
5.686651757  
3.437367194  
0.8404214393  
-0.5827306271  
0.1262504736  
3.158327821  
8.042860375  
13.89705436  
19.65061399  
24.17818  
26.39059326  
25.38605426  
20.70601183  
12.6228162  
2.287919097  
-8.425002463  
-17.42248157  
-23.09079279  
-24.8977155  
-23.59405017  
-20.86808065  
-18.56300225  
-17.79704389  
-18.40536354  
-18.99674952  
-17.63445232  
-12.84600857  
-4.488287751  
5.959151097  
15.84387171  
22.35996362  
23.6912539  
19.768064  
12.29964064  
4.071838908  
-2.173052605  
-4.784543314  
-3.743998091  
-0.5071253355  
2.726774677  
3.961744142  
2.159046266  
-2.476743489  
-8.716522664  
-14.85036906  
-19.27807948  
-20.91755203  
-19.34583173  
-14.73584648  
-7.721180236  
0.7106119708  
9.289184338  
16.57105215  
21.16743566  
22.09220818  
19.11839505  
12.96265683  
5.150086186  
-2.453093069  
-8.276804875  
-11.57874696  
-12.61229448  
-12.33361422  
-11.77921161  
-11.42615322  
-10.87806336  
-9.069577104  
-4.917127452  
1.904489283  
10.4806633  
18.7763649  
24.37717516  
25.55092953  
22.13337662  
15.77979807  
9.395592724  
5.940736834  
7.116091573  
12.52780091  
19.73657621  
25.21165703  
25.80022152  
20.08148005  
9.017672323  
-4.379394678  
-16.21674915  
-23.21535233  
-23.89894474  
-19.00187936  
-10.98067813  
-2.904639741  
2.755082186  
4.922484006  
4.017162684  
1.413909368  
-1.401790246  
-3.548971764  
-5.018806132  
-6.431267293  
-8.476937898  
-11.37856367  
-14.66539032  
-17.36842699  
-18.5167235  
-17.66332786  
-15.1625942  
-12.05532483  
-9.618790749  
-8.801058705  
-9.807561551  
-12.02388974  
-14.29243699  
-15.39764832  
-14.5323895  
-11.5496187  
-6.922250885  
-1.476109691  
3.946868809  
8.732097599  
12.55485276  
15.28132399  
16.81044297  
16.97569915  
15.57579961  
12.51886049  
7.993783859  
2.562282607  
-2.897161627  
-7.388666437  
-10.06796912  
-10.47629168  
-8.652618425  
-5.09343197  
-0.5896115702  
3.99088783  
7.90274179  
10.65911138  
12.09165091  
12.34530738  
11.82284913  
11.08530198  
10.70918352  
11.11158693  
12.37869578  
14.15867327  
15.68442744  
15.96122557  
14.09408661  
9.660370837  
2.989051799  
-4.78408893  
-11.9491933  
-16.70157602  
-17.72208166  
-14.65608923  
-8.305852115  
-0.4431877118  
6.716138791  
11.20746475  
11.94416777  
9.055490147  
3.813997021  
-1.822726684  
-5.893457133  
-7.095906909  
-5.197832694  
-1.058777975  
3.732007914  
7.456076658  
8.876709369  
7.636235128  
4.304846778  
0.08351864546  
-3.702829201  
-6.11131182  
-6.887118549  
-6.463850808  
-5.686070401  
-5.398900533  
-6.098543029  
-7.796552841  
-10.14001873  
-12.69926589  
-15.24982678  
-17.87830867  
-20.83527162  
-24.20142906  
-27.55278419  
-29.8443626  
-29.64820629  
-25.71335216  
-17.63446301  
-6.314685385  
6.050479571  
16.56084251  
22.6086393  
22.91019561  
18.12918256  
10.77476916  
4.341657289  
1.98453127  
5.246859235  
13.37916997  
23.56674423  
