-51.66277373  
-70.04877121  
-79.61361121  
-80.10401691  
-71.20755447  
-52.30491341  
-23.33968895  
13.73074204  
53.94134256  
89.71215931  
112.8779064  
117.6816777  
103.4008253  
75.25273791  
42.91499192  
17.08565409  
5.470854049  
9.933943281  
26.072495  
45.4027811  
59.14769426  
61.90013089  
53.53576781  
38.61074281  
23.68876789  
14.00083605  
11.08906165  
12.52146701  
13.68108756  
10.58766283  
2.225821477  
-8.842916684  
-17.87504076  
-20.57926929  
-15.56878223  
-5.308952139  
4.977784593  
9.914078213  
6.739701899  
-3.200183799  
-15.07004251  
-23.01353482  
-23.26631328  
-16.33857724  
-7.115509263  
-2.732958921  
-9.180982406  
-28.23257964  
-56.16758402  
-84.93266654  
-105.2428344  
-110.2464649  
-98.1450826  
-72.68257243  
-41.41097316  
-12.62261454  
7.651835824  
17.34610842  
18.24062855  
14.37514366  
9.947394328  
7.722116836  
8.541101791  
11.86149931  
16.73224394  
22.50110885  
28.85448825  
35.30545129  
40.64891305  
42.94713134  
40.27464878  
31.92854084  
19.41878942  
6.540039223  
-1.766021187  
-1.415112387  
8.817879782  
26.28698387  
45.05937146  
57.98148632  
59.40304977  
47.39004535  
24.46216248  
-3.451488527  
-29.33898671  
-47.66242722  
-56.04386643  
-55.45056088  
-48.98987748  
-40.06360792  
-30.85536272  
-21.84919885  
-12.46510597  
-2.284594275  
7.954109378  
16.23900279  
20.16394207  
18.32567905  
11.42770028  
2.389303642  
-4.730915586  
-6.554076563  
-2.064365881  
6.71183229  
15.44418344  
19.3825351  
15.54307087  
4.179321344  
-11.16344177  
-25.06029685  
-32.45935106  
-30.77454906  
-20.90890746  
-6.805660004  
6.214143446  
13.55621462  
12.99624838  
5.233783464  
-6.745191408  
-19.08822775  
-28.59869053  
-33.7441063  
-34.85049049  
-33.57176432  
-31.99012258  
-31.75841663  
-33.55827028  
-36.94559285  
-40.50377888  
-42.1927716  
-39.83078888  
-31.69202431  
-17.17095793  
2.646774251  
24.77654047  
44.75464991  
57.76779664  
60.25051292  
51.39872912  
33.92293814  
13.55921903  
-2.675758082  
-8.934518366  
-2.752563865  
13.91398478  
35.3312504  
54.11323369  
63.97478267  
61.96218644  
49.2333801  
30.11924196  
9.981554738  
-7.072472162  
-19.53118116  
-28.29135571  
-35.15266193  
-40.89441847  
-44.06761436  
-41.27933237  
-28.96659497  
-5.828078059  
25.35895266  
57.63432443  
81.8032956  
89.79555034  
78.04455359  
49.3627392  
12.36121385  
-21.49663964  
-42.0746734  
-44.27541933  
-29.75652605  
-5.967849742  
17.03562281  
30.62655879  
30.79244519  
19.21945912  
1.965983078  
-13.53677186  
-21.75444889  
-21.16767989  
-14.41896177  
-6.592366646  
-2.54422332  
-4.556451136  
-11.35255062  
-18.83547341  
-22.11664333  
-17.85447283  
-5.842690635  
10.82387254  
27.02085305  
37.70029586  
39.90870069  
33.88679038  
22.85005856  
11.61328207  
4.670773425  
4.517879611  
10.84196778  
20.83026957  
30.39444335  
35.7816664  
34.93532012  
28.10741335  
17.53555576  
6.358490406  
-2.775428937  
-8.846459228  
-12.89204205  
-17.53927421  
-25.80293857  
-39.60760914  
-58.62760568  
-79.94792979  
-98.75767989  
-109.884525  
-109.6307486  
-97.21261505  
-75.22266088  
-48.89424846  
-24.41470993  
-6.913746168  
1.11319079  
0.3695846698  
-5.847511307  
-13.10479687  
-17.50318069  
-16.89037176  
-11.21380551  
-2.031146107  
8.430088391  
18.13336655  
25.62688205  
29.92186349  
30.14139916  
25.36458721  
14.95048729  
-0.7230725298  
-19.52570951  
-37.40889634  
-49.18650291  
-50.17913909  
-38.13539124  
-14.55833094  
15.29831281  
43.97091037  
64.36114632  
72.30430275  
68.00347631  
55.65575737  
41.40528645  
30.54853124  
25.29733489  
24.16468901  
23.26087393  
18.83876163  
9.764763727  
-1.423241869  
-9.546893655  
-9.524941001  
0.4983433531  
17.28208068  
33.04253214  
38.48653746  
27.13895972  
-0.9893849937  
-38.23567017  
-71.45811544  
-86.91658141  
-75.93718536  
-38.9537874  
13.9173666  
66.20081166  
101.0624884  
107.6063801  
84.92684763  
42.30251045  
-4.484431734  
-39.14226666  
-50.73650231  
-37.16372943  
-5.066904462  
33.45562002  
65.74570548  
83.0079706  
82.62376043  
67.80001504  
45.17450703  
21.74371328  
2.510974413  
-10.35145061  
-16.90077652  
-18.13701122  
-14.95843309  
-7.939553878  
2.11693261  
13.42662588  
22.97667169  
27.17313429  
23.19682693  
10.38757105  
-9.14157674  
-31.11933746  
-50.78729307  
-64.86990041  
-72.86554058  
-76.97111908  
-80.61993499  
-86.32979325  
-93.95297577  
-100.2737553  
-100.2636747  
-89.48236438  
-66.50570156  
-34.18757251  
0.9365937916  
30.93655948  
49.49765074  
54.32583316  
47.87906872  
36.11425775  
25.83957888  
21.87892388  
25.30438263  
33.4589529  
41.64113863  
45.5607604  
43.36267769  
36.28036491  
27.68669486  
21.09559736  
18.16557344  
17.72367789  
16.30669039  
9.95902544  
-3.589644802  
-23.43205366  
-45.41717669  
-63.58323118  
-72.46425353  
-69.25254329  
-54.87470786  
-33.54230926  
-11.01846291  
7.610577629  
19.69669595  
25.61720521  
28.03194344  
30.2363872  
34.39695243  
40.45068236  
46.11592458  
47.95524913  
42.99454588  
30.19606269  
11.18081326  
-10.07913295  
-28.46903123  
-39.38625095  
-40.2514593  
-31.36678667  
-15.85088859  
1.312101254  
14.80135661  
20.58897724  
17.17047616  
6.009914165  
-8.954510145  
-22.61363665  
-30.40137544  
-29.85934748  
-21.5046024  
-8.660170786  
3.737031858  
10.94991173  
10.21202163  
1.764788789  
-11.26884602  
-24.15241445  
-32.44502028  
-33.76252121  
-28.63654442  
-20.08876404  
-12.09565898  
-7.626400021  
-7.155468979  
-8.370219844  
-7.267772637  
-0.1961919822  
14.07781128  
33.2630813  
52.01059182  
63.87952307  
64.04076671  
51.56803494  
30.27335619  
7.611847044  
-8.011145337  
-10.50167767  
1.408280784  
23.45011131  
47.26431341  
63.48927579  
65.31327004  
51.11232493  
25.14769862  
-3.951386543  
-26.3381603  
-34.54138034  
-26.16292336  
-4.710502838  
21.68849991  
43.16496085  
51.49994733  
42.82391308  
18.72957732  
-14.48214255  
-48.03526924  
-73.52426924  
-85.37176107  
-82.13229447  
-66.35478667  
-43.25264174  
-18.81023752  
1.935051133  
15.8853332  
21.97389511  
20.57919065  
12.7346276  
-0.3888662711  
-17.48084972  
-36.67031416  
-55.07772473  
-68.81272238  
-73.7079494  
-66.69485119  
-47.32595559  
-18.72271419  
12.66685751  
38.69283551  
52.10594545  
49.22792567  
31.60865285  
5.875079723  
-18.35635543  
-31.84038088  
-29.09789908  
-10.50827815  
17.77455622  
46.10605926  
64.96631409  
68.48619186  
56.49544174  
34.31853933  
10.47452204  
-6.711302564  
-12.17471291  
-5.657650248  
8.759780483  
24.75396628  
36.43956936  
40.45453823  
36.65483933  
27.34188194  
15.62448995  
3.84500806  
-7.161206996  
-17.72819088  
-28.30516663  
-38.41138668  
-46.27446141  
-49.402745  
-45.79162818  
-35.08453397  
-19.01298093  
-0.8229757756  
16.05053147  
29.37760078  
38.85446113  
45.76339628  
51.7584404  
57.45951453  
61.6730827  
61.75032527  
54.9825108  
40.34574076  
19.65143914  
-2.601554574  
-20.74901979  
-30.22430001  
-29.5100305  
-20.82290386  
-9.165266399  
-0.1680041115  
2.25153563  
-2.696961797  
-12.83642127  
-24.59517274  
-35.10945279  
-43.7034403  
-51.93184917  
-62.1512005  
-75.4088263  
-89.86750061  
-100.7760139  
-102.2240463  
-89.97084776  
-63.98579934  
-29.35271872  
5.110868885  
30.09116206  
39.51427633  
33.10353785  
16.55143589  
-0.8423762609  
-10.06585389  
-6.12456182  
10.00531299  
31.98690023  
50.92130294  
59.00892167  
52.45626122  
32.47514899  
4.190156219  
