-22.26065107  
-37.11150277  
-53.88774319  
-66.9003606  
-70.72513084  
-62.61458177  
-43.92264819  
-19.83736944  
2.561689885  
17.15299576  
21.32316899  
17.09301756  
10.28553468  
8.040778344  
15.71196411  
34.46257516  
60.59938692  
86.93753992  
105.6269521  
111.2506488  
102.9028979  
84.40709713  
62.6342955  
44.67776626  
35.0900818  
34.30679467  
38.83139624  
42.9892326  
41.41932358  
31.22906587  
12.96796791  
-9.849902254  
-32.3050005  
-49.92827902  
-60.04031516  
-62.10745551  
-57.16783727  
-46.82251712  
-32.4335893  
-14.97447463  
4.451791351  
23.83842468  
39.85901032  
48.28405961  
45.28012334  
29.13374423  
1.612160572  
-31.80181048  
-63.1542651  
-84.46575366  
-90.51890132  
-80.87588726  
-60.22352863  
-36.76805745  
-19.19099234  
-13.30653723  
-19.74704716  
-33.65056464  
-46.54826415  
-49.76490444  
-38.00932231  
-11.71788774  
22.81817933  
55.63981137  
76.79546889  
80.0753749  
65.3423467  
38.5463972  
9.428889207  
-12.17398228  
-19.97799674  
-13.44365373  
2.291633215  
18.64892558  
27.07918755  
22.39631065  
4.706201118  
-20.73830122  
-45.60152908  
-61.57984461  
-63.35791906  
-50.34525971  
-26.66336663  
0.4640753694  
23.21276347  
35.61387348  
35.16776892  
23.22039319  
4.181930592  
-15.98053085  
-31.41571526  
-37.76318294  
-32.98377427  
-17.61771997  
5.431499139  
31.47163658  
54.87587692  
70.15925394  
73.17326797  
62.20860478  
38.7032625  
7.247256633  
-25.28275216  
-51.36341926  
-64.84452197  
-62.75175427  
-46.26557626  
-20.49161857  
6.976739397  
28.2910532  
37.67591344  
33.10686858  
16.80615182  
-5.582764144  
-26.84334392  
-40.44194706  
-42.47065648  
-32.69596755  
-14.44393468  
6.574239748  
24.08132713  
33.1232236  
31.47734628  
20.20245267  
3.218081047  
-13.92770729  
-25.73031473  
-28.36249615  
-20.80834163  
-5.172494089  
13.93913139  
30.80807185  
40.37064919  
39.83519732  
29.63194039  
13.35275614  
-3.356043468  
-14.63911444  
-16.43043734  
-7.923039968  
8.035550498  
25.82375575  
38.95870812  
42.40570607  
34.46549585  
17.52486471  
-2.661058448  
-18.96075788  
-25.45247061  
-19.67138814  
-3.670049256  
16.54703298  
33.064598  
38.86946102  
30.42928276  
9.095383353  
-19.19232642  
-45.8079388  
-62.27759452  
-63.0549159  
-47.28103983  
-18.96743457  
14.38227834  
44.15483402  
63.1573899  
67.46948268  
57.11847835  
35.54382526  
8.229546256  
-18.91305819  
-40.87647962  
-54.30737139  
-57.67712281  
-51.08456364  
-35.9511912  
-14.7685102  
9.108518459  
31.7440527  
49.10570804  
57.75891395  
55.62423511  
42.54435533  
20.42711354  
-7.127368563  
-35.60749272  
-60.5163229  
-78.14944171  
-86.03757571  
-83.04752972  
-69.2920662  
-46.04117372  
-15.73613901  
17.96519735  
50.32221234  
76.04670413  
90.30786178  
90.0178441  
74.97581884  
48.37307537  
16.3153825  
-13.63873092  
-34.53346363  
-42.00039972  
-35.49253862  
-18.33778266  
3.389520104  
22.76277839  
34.00214626  
33.93823851  
22.55567853  
2.590831231  
-21.53365211  
-45.00863018  
-63.7851806  
-75.3337905  
-78.95409493  
-75.6766957  
-67.8279284  
-58.32525126  
-49.79934022  
-43.72379508  
-39.82921384  
-36.09835588  
-29.50732663  
-17.38826113  
1.043226896  
23.66939748  
45.56364636  
60.41451381  
62.91246478  
51.20279013  
28.31113654  
1.737430274  
-18.87270239  
-25.21738715  
-13.62447675  
13.27618371  
47.30754907  
77.7363562  
95.32380268  
95.7549768  
81.00027238  
58.05598291  
35.67340777  
20.58135878  
14.91135636  
15.94349553  
18.17220467  
16.58483179  
9.473938793  
-0.6392313206  
-8.437396177  
-8.865488409  
-0.2399303397  
14.23452937  
27.4271515  
31.38553403  
21.15397749  
-2.538303825  
-33.08556668  
-60.51605408  
-75.62836434  
-73.88441532  
-57.28321554  
-33.37195181  
-11.87961815  
-0.5448907036  
-2.038610594  
-13.30862368  
-27.49807942  
-37.38173499  
-38.62008518  
-31.32758759  
-19.36857374  
-7.942753702  
-0.8259912497  
1.299803666  
0.6604806665  
0.6116299624  
3.375294994  
8.617575819  
13.68216356  
15.34260663  
12.05685143  
5.382279699  
-0.3770120841  
-0.2698021614  
8.460270998  
24.29265168  
41.32934958  
51.45715895  
47.90906763  
28.59463268  
-2.420461698  
-36.09398548  
-61.82364236  
-71.62156622  
-63.20194932  
-40.63442744  
-12.34455582  
12.55329497  
27.88977327  
32.4459394  
29.57552734  
24.8403662  
22.94543432  
25.48329914  
30.48194672  
33.79695016  
31.49254807  
21.95174392  
6.70863215  
-10.27541393  
-24.37578175  
-32.13800566  
-32.31068685  
-25.74549225  
-14.48422656  
-0.7402150905  
13.59601954  
26.76230718  
36.62424969  
40.52908413  
35.9868051  
22.08638387  
0.9361663635  
-21.85615154  
-38.35824644  
-41.05415933  
-26.16756786  
3.943124445  
40.64423633  
71.57562547  
85.09724148  
74.86540014  
42.54662923  
-2.620687496  
-47.36177712  
-79.55098253  
-92.82667264  
-88.63834071  
-74.87293636  
-61.75208384  
-56.91995418  
-61.97786244  
-72.01142894  
-78.23573608  
-72.43513279  
-51.06611924  
-17.10851224  
21.14156625  
53.68515667  
73.0768266  
77.32265824  
70.13858141  
58.59324174  
49.41061709  
45.79425004  
46.30216008  
46.22825171  
40.68471769  
27.74304915  
9.990067106  
-6.334760925  
-14.23570951  
-9.482569947  
6.980469126  
28.96431752  
47.42381954  
54.26163817  
45.83614294  
24.588839  
-1.935247818  
-24.23022442  
-34.74505234  
-30.88346217  
-15.85565584  
2.876245701  
16.78211535  
19.66171983  
9.854306688  
-9.53687951  
-32.30605905  
-51.82764786  
-63.56588241  
-66.42846416  
-62.57408035  
-55.96564564  
-50.43100372  
-48.08104546  
-48.66203936  
-49.95664886  
-48.91695141  
-42.9896692  
-31.12006898  
-14.13830293  
5.497882966  
24.42235975  
39.27305972  
47.54851596  
48.23005651  
42.05982469  
31.41692788  
19.78243289  
10.86483122  
7.563051929  
11.05018723  
20.29614725  
32.26657802  
42.83029681  
48.14117038  
46.03738927  
36.93314202  
23.81492432  
11.26884707  
3.83729999  
4.290137746  
12.46389372  
25.13934031  
37.05004769  
42.68769482  
38.26235991  
23.10648064  
0.01050439763  
-25.62960018  
-47.54461383  
-60.58113224  
-62.25363285  
-53.34497841  
-37.40298297  
-19.38119357  
-3.960462309  
5.837812004  
9.29385824  
7.749429381  
3.694189328  
-0.3773095941  
-2.856429322  
-3.337290248  
-2.328450784  
-0.6036437361  
1.411595009  
3.872544344  
7.241345473  
11.66998592  
16.41708734  
19.70208159  
19.21282177  
13.15373942  
1.403273325  
-13.7969735  
-28.08132005  
-36.22443582  
-34.06788358  
-20.38143279  
2.144953524  
27.3194914  
47.28552179  
55.19756829  
47.76143436  
26.63946075  
-1.891642718  
-28.99107011  
-46.30643924  
-48.9132535  
-37.04682357  
-15.97263554  
5.958804822  
20.35449901  
21.80101644  
9.779309755  
-11.18935981  
-33.17602723  
-47.63927427  
-48.39035139  
-33.72226217  
-7.024367641  
24.26727917  
50.99523074  
65.11538002  
62.16017796  
42.59900482  
11.71897916  
-21.91376124  
-48.94725239  
-61.96057397  
-57.60900381  
-37.5619661  
-7.941960862  
22.57990334  
45.45747394  
54.87763378  
49.46701409  
32.53948284  
10.80872055  
-7.986224144  
-17.71624384  
-15.84763068  
-4.113500144  
12.30202579  
26.70143713  
33.18218092  
28.48852167  
12.8195863  
-10.54935732  
-36.52704268  
-59.77255478  
-75.99481897  
-82.64838936  
-79.01596447  
-65.9159662  
-45.33683411  
-20.17012028  
5.993758496  
29.19125392  
45.69498112  
52.88331096  
50.09858279  
39.07603145  
23.59695702  
8.315989104  
-2.889068713  
-8.393412982  
-9.451314762  
-9.597165717  
