41.27216026  
41.7711448  
33.87975586  
22.51312775  
13.56797815  
11.32326595  
16.70912025  
27.14534697  
37.90338691  
44.26815177  
43.47811621  
35.61355816  
23.15806386  
9.589718954  
-2.237836602  
-11.15635217  
-17.77285455  
-23.68849358  
-30.35384155  
-38.18178057  
-46.33365214  
-53.20257697  
-57.25806306  
-57.76494385  
-55.00977401  
-49.96901498  
-43.66421704  
-36.60378288  
-28.63429421  
-19.27413075  
-8.318294022  
3.655704147  
15.20352078  
24.44907728  
29.85353212  
30.94297403  
28.61892148  
24.86593325  
21.95581577  
21.48788544  
23.68695383  
27.26883537  
29.93583739  
29.29834624  
23.84916175  
13.61285268  
0.238334642  
-13.47270035  
-24.40527926  
-30.03494402  
-29.10511749  
-21.89766745  
-10.06417961  
3.88172864  
17.2327972  
27.72229702  
33.96406529  
35.6070688  
33.19521523  
27.80638081  
20.60634402  
12.47992077  
3.872407247  
-5.105509188  
-14.3679129  
-23.496592  
-31.53250695  
-37.064773  
-38.63863514  
-35.35053053  
-27.38531373  
-16.23837137  
-4.471733544  
4.964351609  
9.625444134  
8.362923033  
1.717026534  
-8.230623558  
-18.48459831  
-26.01254564  
-28.57155284  
-25.23850047  
-16.53511504  
-4.188602909  
9.335369177  
21.37574885  
29.58951843  
32.38774833  
29.26960542  
21.00812616  
9.605479788  
-2.064191895  
-10.9314604  
-14.60043878  
-12.14406301  
-4.507026265  
5.713670957  
15.11789846  
20.71398208  
21.02834037  
16.63932523  
9.869926294  
3.730468041  
0.5460179225  
0.8759693143  
3.231760885  
4.75653387  
2.592970069  
-4.666740617  
-16.11610665  
-28.67783659  
-38.22800904  
-41.22751184  
-36.15156821  
-24.096934  
-8.31934833  
7.066738626  
18.63057025  
24.73912086  
25.80809228  
23.68295447  
20.54468101  
17.91872271  
16.24886173  
15.15543681  
14.11717003  
13.09816992  
12.70325289  
13.74470117  
16.47805477  
20.00109797  
22.26818172  
20.85911565  
14.21098043  
2.70657351  
-11.00601351  
-22.7695613  
-28.53916462  
-26.19217939  
-16.67689195  
-3.884875811  
6.814948667  
10.81397597  
6.307343465  
-4.794023611  
-17.55244237  
-26.05765646  
-25.9884441  
-16.57069235  
-1.063944542  
14.45941854  
23.53777885  
21.9255032  
9.294803084  
-10.64445178  
-31.59913013  
-47.06114568  
-52.59403089  
-47.15263537  
-33.02876356  
-14.62083523  
3.319478279  
17.19486164  
25.2920987  
27.64031149  
25.31289449  
19.67350779  
11.96687296  
3.358177877  
-4.786675839  
-10.73741732  
-12.62384484  
-9.055149566  
0.1430417551  
13.48786701  
28.01261148  
40.08462336  
46.56960463  
45.84786362  
38.23626085  
25.64339051  
10.65162703  
-4.509403408  
-18.59614869  
-31.30853647  
-42.6539191  
-52.12253398  
-58.19453446  
-58.53834794  
-50.90293883  
-34.3280826  
-10.08875722  
18.13469762  
45.04324475  
65.2143751  
74.7324917  
72.31155456  
59.48705527  
39.85767024  
17.75213288  
-3.095391692  
-20.34653006  
-33.11538067  
-41.4288643  
-45.50022754  
-45.26037675  
-40.39974981  
-30.86099231  
-17.45835882  
-2.213602052  
11.86799974  
21.5765354  
24.54154399  
20.10187194  
9.621262845  
-3.897526596  
-16.75304381  
-25.67457522  
-28.72653066  
-25.70111125  
-17.9420067  
-7.759628348  
2.289933523  
10.01544809  
13.96481687  
13.57382411  
9.174329516  
1.933302737  
-6.278019554  
-13.14987474  
-16.39384261  
-14.36882015  
-6.713748104  
5.265432145  
18.69364952  
29.80493065  
35.06764034  
32.40769856  
22.07987835  
6.815013844  
-8.889178279  
-20.15002087  
-23.30495534  
-17.18323528  
-3.586715913  
13.20731785  
27.76884158  
35.22669264  
32.8057092  
20.69473173  
1.982528406  
-18.29333889  
-34.66136141  
-42.810876  
-40.78152546  
-29.4103555  
-11.94167285  
7.037876687  
22.98097065  
32.64363832  
34.85701311  
30.60724883  
22.45562206  
13.54166292  
6.533813691  
2.880781191  
2.581779003  
4.486696009  
6.93999971  
8.473919543  
8.275894839  
6.289625833  
2.992453824  
-0.9664866987  
-5.043247055  
-8.85196975  
-12.01145406  
-13.94726182  
-13.8592154  
-10.98041757  
-5.074613915  
3.063949423  
11.42437487  
17.13755374  
17.37776295  
10.52403386  
-2.895384787  
-19.94674627  
-35.96251309  
-46.00583539  
-46.62922704  
-37.24746578  
-20.54091187  
-1.659592488  
13.52648208  
20.48962382  
17.63175561  
6.783398899  
-7.572612859  
-20.0355684  
-26.2905646  
-24.60455376  
-16.26490906  
-4.849821464  
5.314467228  
10.8552613  
10.53941739  
5.521676592  
-1.361613475  
-6.886534832  
-8.750333483  
-6.362738213  
-0.8436798796  
5.700281741  
11.25330979  
14.82969695  
16.86932066  
18.92997268  
22.82075216  
29.55407101  
38.57219731  
47.59961556  
53.23052018  
52.07561585  
42.06770231  
23.4473403  
-0.9573092491  
-26.30601242  
-47.03267191  
-58.44591209  
-58.12899937  
-46.68173383  
-27.56064676  
-6.071471942  
12.15801465  
22.73917029  
23.64445214  
15.58561303  
1.599599189  
-13.95942753  
-26.67188673  
-33.17944827  
-31.91770846  
-23.34131196  
-9.675038506  
5.687639971  
18.99013196  
26.98059112  
27.70474214  
21.07149486  
9.026685144  
-4.799849573  
-15.99877989  
-20.67992031  
-16.81128196  
-5.130211344  
10.78705092  
25.46669611  
33.28656873  
30.47687818  
16.63992758  
-4.836468534  
-27.71713068  
-44.93954765  
-51.00367034  
-43.84696077  
-25.50156292  
-1.302915848  
22.01355957  
38.5699626  
45.09926134  
41.59387249  
30.73520228  
16.4877839  
2.529654643  
-8.83820053  
-16.96465434  
-22.37898401  
-25.97206349  
-28.30530885  
-29.36080273  
-28.75103449  
-26.14841652  
-21.61215353  
-15.60734548  
-8.743905886  
-1.460896628  
6.080702644  
13.77987977  
21.17883315  
27.16024155  
30.0708382  
28.37072493  
21.58181175  
11.05304035  
0.03537154737  
-7.17888374  
-6.852317525  
2.483800725  
18.98254798  
37.6849158  
52.05090693  
56.29984745  
47.6387413  
27.44659567  
0.8907075567  
-24.89594139  
-43.34182614  
-50.64882043  
-46.83202837  
-35.25741723  
-20.99189451  
-8.7481661  
-1.297731807  
1.073874285  
0.01886629525  
-2.080338241  
-3.319188887  
-2.935078508  
-1.240840457  
0.961095062  
3.043080732  
4.891791394  
6.774394547  
8.894325208  
10.98419239  
12.24608586  
11.71926258  
8.876485444  
4.088394499  
-1.35331457  
-5.722375652  
-7.632145725  
-6.696043208  
-3.716151044  
-0.2845612564  
2.002497191  
2.30496945  
0.8712449977  
-1.230055371  
-2.820586729  
-3.360947175  
-3.304382673  
-3.83580234  
-6.116948454  
-10.44365566  
-15.794678  
-20.06395563  
-20.91873459  
-16.89190577  
-8.180063519  
3.250911238  
14.31777095  
21.93287289  
24.07733979  
20.38353938  
12.04642829  
1.21455343  
-9.769168631  
-18.91453515  
-24.76331855  
-26.31365484  
-22.96312792  
-14.68848767  
-2.446896514  
11.48542195  
23.63092152  
30.12815484  
28.120909  
17.18851283  
0.09444791345  
-17.70113732  
-29.80887513  
-31.37402512  
-21.21637178  
-2.635057042  
17.62898483  
31.97869903  
35.06257282  
26.05344222  
9.060273698  
-8.573176197  
-19.38663915  
-18.9880262  
-7.904403847  
8.711127649  
23.36721432  
29.47798867  
24.12012788  
9.119704398  
-9.925544623  
-26.14523055  
-34.22863326  
-32.33691161  
-22.3574486  
-8.580555596  
4.408589848  
13.55822124  
18.10170325  
19.06837028  
18.03868404  
15.96070324  
12.70796813  
7.558024191  
0.1997099597  
-8.442047416  
-16.16787444  
-20.38608692  
-19.48173175  
-13.89901255  
-6.251774269  
-0.2665735058  
0.9997872417  
-3.216347591  
-10.80021409  
-17.61212964  
-19.4580645  
-14.25230347  
-3.285634623  
9.103562596  
17.39885222  
17.49054361  
8.758597202  
-5.374690131  
-18.75307179  
-25.1116858  
-20.84003824  
-6.617987308  
12.83055544  
30.75841665  
