-24.25365965  
-15.66110375  
-8.113298655  
-2.046559377  
3.084747158  
8.393514687  
15.04953679  
23.80957596  
34.67143888  
46.70573518  
58.11073405  
66.51914868  
69.53377748  
65.38284891  
53.50410789  
34.84270089  
11.71745687  
-12.73860391  
-35.38511365  
-53.83837406  
-66.91373547  
-74.60371564  
-77.65322797  
-76.9648996  
-73.12708099  
-66.27362451  
-56.30330904  
-43.3016955  
-27.91084259  
-11.43171531  
4.408579217  
17.91670848  
27.9011179  
33.93995962  
36.35602725  
35.96039812  
33.72964657  
30.57990895  
27.30405387  
24.60979299  
23.12289067  
23.24963375  
24.91288295  
27.31513552  
28.9407072  
27.93831928  
22.83688398  
13.33660163  
0.8014849579  
-11.85796886  
-20.98514689  
-23.42191826  
-17.71973864  
-4.803044927  
12.22688815  
29.09972534  
41.79236814  
47.77134572  
46.56355415  
39.47422111  
28.66578895  
16.09790692  
2.862584498  
-10.78229022  
-24.76177594  
-38.33703533  
-49.60787011  
-55.74926944  
-53.99169681  
-42.95276897  
-23.69685762  
0.03760309051  
22.66405204  
38.38913742  
43.06134401  
35.51454544  
17.8979702  
-5.097212759  
-27.76585756  
-45.05886359  
-53.79774275  
-53.1009043  
-44.05684212  
-28.97230652  
-10.61155253  
8.286707359  
25.17711575  
37.74057646  
44.02574645  
42.82418717  
34.18285807  
19.77221284  
2.80260568  
-12.65290324  
-22.78463849  
-25.22123273  
-19.77072698  
-8.395041276  
5.588025967  
18.73391736  
28.59289289  
34.24230409  
36.04119829  
34.80241716  
30.87057603  
23.63819891  
11.80694858  
-5.692102652  
-28.57092655  
-54.45347555  
-79.00331935  
-96.98997072  
-103.9351629  
-97.68664813  
-79.26589215  
-52.62724401  
-23.41742202  
2.769255613  
21.96757883  
32.69322909  
35.85833903  
33.93611203  
29.83083691  
25.93952883  
23.70011583  
23.62934795  
25.61916093  
29.2028053  
33.62323806  
37.75066952  
40.05771448  
38.86608507  
32.91757924  
22.07990601  
7.828571008  
-6.842951482  
-18.20976187  
-23.09074877  
-20.12253507  
-10.46705423  
2.417736122  
13.92875569  
19.9628088  
18.39595966  
9.79050954  
-2.94820168  
-15.79131201  
-25.14419831  
-29.08725912  
-27.82748306  
-23.26530034  
-17.97240844  
-14.0938967  
-12.64498405  
-13.41696584  
-15.38264955  
-17.2770377  
-18.01867401  
-16.81923197  
-13.07485195  
-6.28856445  
3.760388904  
16.59190216  
30.58864704  
42.9253329  
50.14397191  
49.34520058  
39.58820098  
22.85367917  
3.984175301  
-10.60610379  
-15.11329843  
-6.61283518  
13.53367942  
39.80508241  
64.24560354  
79.17520391  
79.83189966  
65.8961502  
41.31057316  
12.52650019  
-14.0339043  
-34.21094876  
-47.13286449  
-54.70633289  
-59.94436597  
-65.00029885  
-69.85784897  
-72.26782794  
-68.90981706  
-57.18449269  
-36.76937655  
-10.21406675  
17.68681793  
41.44278022  
56.65083731  
61.27099519  
55.93265517  
43.2724046  
26.71584227  
9.29786167  
-6.996713667  
-21.20924665  
-32.8915985  
-41.50483292  
-46.12496016  
-45.6389347  
-39.32756316  
-27.51991669  
-11.95865156  
4.352465889  
17.81690424  
25.21269247  
24.62779229  
16.0598059  
1.502220361  
-15.49573443  
-30.67048151  
-40.08020926  
-41.1010815  
-33.15745051  
-17.99508668  
0.6240239507  
17.80786605  
28.84157998  
30.5880973  
22.55127933  
7.203114753  
-10.62862915  
-25.20234861  
-31.70150082  
-27.84601702  
-14.68637137  
3.734776171  
21.75401722  
34.00109945  
37.16106423  
30.96222108  
18.08032561  
3.069927523  
-9.219203194  
-15.1445462  
-13.20595841  
-4.208780728  
9.239225778  
23.58916224  
35.23750749  
41.22451852  
39.69891399  
30.20989838  
13.88033772  
-6.578289112  
-27.13881508  
-43.14281672  
-50.38239816  
-46.34608197  
-31.21138482  
-8.139754524  
17.38390511  
39.07567969  
51.77834594  
53.10736813  
44.18608887  
29.16048981  
13.65223814  
2.727782709  
-0.8485552164  
2.568074401  
9.881216077  
16.61924672  
18.71411699  
14.00052435  
2.908747376  
-11.82189673  
-26.19729147  
-36.32678794  
-39.5827362  
-35.21698486  
-24.34752563  
-9.460283325  
6.310914151  
19.88182214  
28.75306252  
31.36112074  
27.28336442  
17.32444292  
3.458075127  
-11.44237336  
-24.12955824  
-31.72296495  
-32.50341094  
-26.51361479  
-15.71639042  
-3.570318126  
5.927591144  
9.480119535  
5.618339359  
-4.679537538  
-18.14494784  
-30.17020713  
-36.29512154  
-33.75470944  
-22.54813044  
-5.611178576  
12.03849125  
24.94989955  
29.13453216  
23.52586833  
10.43181105  
-5.244615753  
-17.77655544  
-22.72915775  
-18.59876393  
-7.30655676  
6.678542793  
18.24614427  
23.78600392  
22.640857  
17.21981559  
11.69866246  
9.87467719  
13.15478466  
19.63692477  
24.77987604  
23.43583361  
12.370715  
-7.879849496  
-32.72214219  
-55.01185075  
-67.7762157  
-67.00048106  
-53.26828995  
-31.53285975  
-9.116730295  
7.186148928  
13.65316587  
10.76205744  
2.511669225  
-5.640443881  
-9.210858401  
-6.392070561  
1.651587566  
11.84918902  
20.96651013  
27.08428493  
30.10667202  
31.17670222  
31.48291093  
31.25306979  
29.58100045  
25.21662186  
17.84627046  
9.044454283  
2.188476668  
1.159679815  
8.34118117  
22.89463764  
40.29418247  
53.57129909  
55.92177917  
43.62337022  
17.97039438  
-14.71125009  
-45.09632507  
-64.16834405  
-66.46665196  
-51.95598111  
-25.80433934  
3.748452689  
28.46615208  
42.84337889  
45.4486623  
38.52515968  
26.26857183  
12.70944767  
0.1726917518  
-11.1093976  
-22.26108482  
-34.44616676  
-47.70682719  
-60.51704699  
-70.19862457  
-73.92545094  
-69.81445978  
-57.64231159  
-38.96826944  
-16.73035099  
5.440848028  
23.93558764  
35.7675703  
39.05553404  
33.41853067  
20.25575272  
2.772771246  
-14.4276664  
-26.28028402  
-28.58653717  
-19.36554679  
0.272050115  
26.13496288  
51.95592693  
71.11398233  
78.50151661  
71.90013104  
52.43070293  
24.01533652  
-7.84442885  
-37.4725761  
-60.1497428  
-72.74349667  
-73.88075632  
-63.86792323  
-44.54834026  
-19.13476696  
8.10354185  
32.45885115  
49.73489959  
57.32048853  
54.98574008  
44.99480474  
31.35822593  
18.42418179  
9.345497657  
5.067824947  
4.28199897  
4.346150941  
2.72250345  
-1.774175817  
-8.516826281  
-15.58206194  
-20.91609945  
-23.47958096  
-23.71793677  
-23.0805979  
-22.86120024  
-23.04877833  
-21.92996877  
-16.81091905  
-5.608990193  
11.47512346  
31.15622513  
47.74364451  
55.20499172  
49.78928257  
32.00494361  
6.941609566  
-17.37104241  
-32.97331066  
-35.09766525  
-24.04870657  
-5.017853741  
14.07252045  
25.72889961  
25.66912571  
14.07773519  
-5.06461317  
-26.07753316  
-43.99840446  
-56.17923504  
-62.44665232  
-64.00068097  
-61.87161067  
-55.92373232  
-45.0138077  
-28.20495435  
-6.282744379  
17.41482013  
37.52888001  
48.53595273  
47.14984556  
34.11167574  
14.40486611  
-4.370836974  
-14.86759602  
-12.88902997  
0.9457082293  
21.50714059  
41.29122815  
53.44455239  
54.37925311  
44.90871595  
29.53252415  
14.31467817  
4.363022106  
1.988220668  
6.212068306  
13.64036189  
20.13632786  
22.48599504  
19.39824107  
11.60022556  
1.228040561  
-9.046125557  
-16.7435726  
-19.99549652  
-17.72964215  
-9.820457481  
2.694526906  
17.43644165  
30.80876273  
38.65830974  
37.4675326  
25.73210381  
4.937688016  
-20.42148501  
-44.00345283  
-59.66397956  
-63.63937373  
-55.96462744  
-40.47768723  
-23.33200362  
-10.58293544  
-5.833221393  
-8.917253702  
-16.16743258  
-22.12789583  
-21.96823813  
-13.56942362  
1.574527766  
18.96482099  
32.89795149  
38.66619048  
34.25975651  
20.94481951  
2.600169721  
-15.80336134  
-29.90905351  
-37.21652372  
-37.48866909  
-32.33048927  
