9.773331093  
17.48025314  
21.6578456  
22.89831303  
22.67521296  
22.14551068  
21.36406246  
19.29028992  
14.52275898  
6.320671948  
-4.659963175  
-16.32119721  
-25.81294472  
-30.63418284  
-29.63158396  
-23.44633027  
-14.23499926  
-4.82355285  
2.312828762  
5.820993337  
5.728317295  
3.177547643  
-0.1588925949  
-2.70032117  
-3.390642977  
-1.863256224  
1.607304051  
6.25611301  
10.99820058  
14.60849044  
15.94422265  
14.22789506  
9.336938385  
1.979204723  
-6.372965597  
-13.83918948  
-18.69091324  
-19.91073623  
-17.5171044  
-12.50727851  
-6.440430458  
-0.8456683434  
3.283100531  
5.700284107  
6.778923071  
7.158370031  
7.383664705  
7.719348177  
8.188450303  
8.738737569  
9.364199898  
10.05993234  
10.6283761  
10.4987886  
8.762773416  
4.527589753  
-2.514996079  
-11.59610992  
-20.79218948  
-27.54798203  
-29.68364588  
-26.46593162  
-19.19659296  
-10.91822495  
-5.229457112  
-4.656854098  
-9.324374127  
-16.61276403  
-22.09671104  
-21.45346769  
-12.53129165  
3.38839133  
21.7981203  
36.65940998  
42.90487729  
38.65248901  
26.11720685  
10.76696684  
-0.9405760751  
-4.252880396  
1.939868525  
14.76617345  
28.7398198  
38.16573636  
39.47357324  
32.45480403  
19.94113147  
6.216375589  
-4.975975094  
-11.84827795  
-14.80074622  
-15.51770133  
-15.56509604  
-15.34439849  
-14.0033806  
-10.32243979  
-4.008527246  
3.440409988  
8.933577073  
9.101723507  
2.131094614  
-10.84770411  
-25.65185436  
-36.46451725  
-38.25757528  
-29.13888429  
-11.4921811  
8.716817062  
24.25686652  
29.59033074  
23.16732383  
8.029377736  
-9.541035745  
-22.70589208  
-26.88522059  
-21.4728236  
-9.77094081  
2.707567615  
10.69915735  
11.26934202  
4.644569832  
-6.410800277  
-18.181185  
-27.66508988  
-33.51556205  
-35.93053168  
-35.76547984  
-33.53397578  
-28.95332931  
-21.30538148  
-10.35308828  
2.819996673  
15.67461469  
25.02884012  
28.50329552  
25.86096798  
19.46571878  
13.47731334  
12.04085245  
17.28679208  
28.13328314  
40.55812255  
49.31766631  
50.37061462  
42.86946169  
29.73236839  
16.44648443  
8.589287076  
9.187202539  
17.14941356  
27.549643  
33.69058912  
30.06370215  
14.89491526  
-8.857443065  
-34.49738504  
-54.14469349  
-61.74476404  
-55.27362333  
-37.27801941  
-13.64724165  
8.735817552  
24.40571594  
30.81987906  
28.49864288  
19.99606849  
8.381236272  
-3.984833547  
-15.87780631  
-26.8363819  
-36.41009121  
-43.60452111  
-46.92130152  
-44.99681266  
-37.46528435  
-25.51526017  
-11.7553274  
0.6277519521  
9.048317344  
12.47250557  
11.67388467  
8.676231332  
5.677139725  
4.00831985  
3.66042753  
3.596229623  
2.650612348  
0.4962229771  
-1.895698729  
-2.608759818  
0.1774889478  
6.978702157  
16.2889658  
24.81765454  
28.69072887  
25.13776056  
13.90289234  
-2.310717828  
-18.64506743  
-29.86001778  
-32.34272123  
-25.4939318  
-11.89389298  
3.813090814  
16.81287489  
23.96130546  
24.78472293  
21.26070967  
16.55946983  
13.38787021  
12.72375143  
13.50524343  
13.36234475  
9.980491669  
2.404160368  
-8.352592056  
-19.66164504  
-28.39936101  
-32.26678875  
-30.67777639  
-24.82217247  
-16.93186025  
-9.168125876  
-2.710956095  
2.505615449  
7.328569647  
12.50083928  
17.88654122  
22.27213335  
23.89213414  
21.42182334  
14.9016278  
6.054696279  
-2.251658065  
-7.212119964  
-7.400338465  
-3.53631247  
1.728627677  
4.981559513  
3.6719789  
-2.562730882  
-11.51906458  
-19.2240199  
-21.58843674  
-16.18912415  
-3.376243502  
13.79538359  
30.77547812  
43.31112085  
49.01196709  
48.00557623  
42.44775102  
35.19999737  
28.36533876  
22.40614496  
16.24452519  
8.230835431  
-2.574608493  
-15.51601288  
-28.34629883  
-38.14719623  
-42.70723231  
-41.6460568  
-36.68347163  
-30.87221116  
-27.13626889  
-26.81845492  
-28.9585072  
-30.68249946  
-28.55003981  
-20.24193857  
-5.801058867  
12.14963898  
29.30743557  
41.28515481  
45.17839187  
40.43512813  
28.7279941  
13.01827259  
-3.640821025  
-18.96028727  
-31.59273803  
-40.71859993  
-45.47686236  
-44.75568841  
-37.61753762  
-24.2056207  
-6.599520767  
11.01538207  
23.2407626  
25.27665263  
14.97966698  
-5.762441058  
-31.09575569  
-52.89686517  
-63.57475852  
-58.91140101  
-39.77180901  
-11.92573631  
16.01824062  
35.78090559  
42.43352627  
36.08124855  
21.57362631  
6.41645313  
-2.226307528  
-0.2296385225  
12.12126431  
30.52060825  
48.50663191  
59.96578436  
61.27776454  
52.3479601  
36.28671488  
18.03181508  
2.554034658  
-6.67165235  
-8.467724272  
-3.915155462  
4.332309624  
13.02872691  
19.27229998  
21.17866978  
18.21341483  
11.1968842  
2.026811248  
-6.830911908  
-13.00976208  
-14.93930245  
-12.37887718  
-6.582750525  
0.03024474809  
4.660969851  
5.129332931  
0.7195116211  
-7.484099988  
-16.94716938  
-24.62082828  
-28.10279401  
-26.54753765  
-20.94030035  
-13.61526806  
-7.227576462  
-3.628649567  
-3.137653998  
-4.521689925  
-5.677354444  
-4.691469177  
-0.7920366942  
5.243400761  
11.40082652  
15.31656968  
15.33182874  
11.24181871  
4.411407256  
-2.783227382  
-7.929594758  
-9.539825782  
-7.589334371  
-3.425620919  
0.8776841356  
3.411481107  
3.169216236  
0.3288941757  
-4.003562089  
-8.424019249  
-11.91076516  
-14.22954759  
-15.88426881  
-17.66121872  
-20.01412208  
-22.61821754  
-24.34599744  
-23.71706391  
-19.64195981  
-12.11634071  
-2.513697635  
6.722885199  
12.92887635  
14.29061501  
10.69056531  
3.928319231  
-2.844199392  
-6.307270974  
-4.329161792  
3.066926047  
13.56055771  
23.33401429  
28.53877788  
26.85619351  
18.51100893  
6.298640473  
-5.414780428  
-12.33087371  
-11.8335636  
-3.92197265  
8.907100112  
22.74777888  
33.85141201  
39.98758753  
41.03094645  
38.57517517  
34.82614082  
31.34961424  
28.29451156  
24.46085485  
18.15355308  
8.369121917  
-4.310519877  
-17.60548416  
-28.31491591  
-33.65135042  
-32.51456429  
-26.09452466  
-17.49557662  
-10.52509954  
-8.175462708  
-11.46445202  
-19.12731769  
-28.25649722  
-35.56065398  
-38.66008796  
-36.86399397  
-31.15797487  
-23.51595973  
-15.94666158  
-9.752647046  
-5.305210156  
-2.331369901  
-0.4367710712  
0.5004459937  
0.306440826  
-1.159761269  
-3.581539687  
-5.996488467  
-7.044263927  
-5.582110235  
-1.349287669  
4.720182584  
10.7879877  
14.94255835  
16.19239261  
15.10128268  
13.6737666  
14.45006027  
19.18054397  
27.70614028  
37.6324736  
45.04777645  
46.04942686  
38.43962997  
22.83196094  
2.642009679  
-17.07854589  
-31.48926715  
-37.70962865  
-35.73587879  
-28.16824482  
-18.91930251  
-11.50839259  
-7.696823701  
-7.022503712  
-7.363127965  
-6.194032574  
-1.927007198  
5.270859216  
13.50345114  
19.94735925  
22.03482315  
18.50333994  
9.907244732  
-1.549506064  
-12.72431791  
-20.48197022  
-22.54830944  
-18.04766038  
-7.648467216  
6.643781783  
21.9544064  
35.17105155  
43.63963469  
45.80110378  
41.60927497  
32.56892677  
21.30766435  
10.75090722  
3.149233644  
-0.6786902621  
-1.558724386  
-1.498177563  
-2.70815248  
-6.523377354  
-12.71282564  
-19.52085243  
-24.45055481  
-25.4428389  
-21.8982003  
-15.04351841  
-7.452013699  
-1.936121229  
-0.3481312167  
-2.874758586  
-8.167491426  
-14.22125463  
-19.52167713  
-23.82854679  
-28.14250876  
-33.83367508  
-41.37985254  
-49.42139519  
-54.74078931  
-53.34363716  
-42.25542229  
-21.23209149  
6.465902134  
34.72241687  
56.49759007  
66.30891591  
62.24162505  
46.64126709  
25.19460997  
4.792854724  
-8.923144049  
-13.33893637  
-9.308337006  
