16.84743242  
11.99459635  
-1.769219983  
-20.90397297  
-39.98253547  
-53.3706398  
-57.04156992  
-49.86768088  
-33.89590249  
-13.49237894  
6.314266405  
21.63469846  
30.94886181  
35.28893634  
37.34994155  
39.9648585  
44.65091872  
50.88545128  
56.4222483  
58.47056941  
55.15401457  
46.53599733  
34.70645812  
22.87243995  
13.87750077  
8.857758119  
6.693467945  
4.55128829  
-0.6970480269  
-10.81221025  
-25.04596943  
-40.07086877  
-51.06483378  
-53.53233966  
-45.1243334  
-26.72172732  
-2.356976684  
21.98055774  
40.1838929  
47.83437498  
43.37079126  
28.3127892  
6.596459348  
-16.63919765  
-36.37229019  
-48.7603904  
-51.75936728  
-45.29203888  
-31.06285532  
-12.12925107  
7.692678708  
24.53593675  
35.23046319  
37.96451692  
32.69071732  
21.12792248  
6.309913667  
-8.220258753  
-19.33706825  
-25.09729584  
-25.11757696  
-20.4854848  
-13.29037388  
-5.971602641  
-0.7008807365  
1.054480353  
-1.256847167  
-7.247694655  
-15.70326372  
-24.79846435  
-32.42933628  
-36.66092746  
-36.23274613  
-30.98016935  
-21.98484064  
-11.31676918  
-1.37851733  
5.94598134  
9.997888019  
11.57132007  
12.50363131  
14.75415735  
19.36070682  
25.76817474  
31.89722003  
34.99821429  
32.95691718  
25.46471752  
14.47459567  
3.65103007  
-3.02789838  
-2.950890795  
3.899080527  
14.74377147  
24.97839805  
29.94199109  
26.76267852  
15.51104782  
-0.8081582099  
-17.39579937  
-29.42637072  
-33.70421345  
-29.56630157  
-18.75981851  
-4.483097103  
9.889260018  
21.81499384  
29.95873212  
33.92995287  
33.70262355  
29.15714339  
20.05765084  
6.484074022  
-10.55759211  
-28.76467492  
-44.73389222  
-54.77666075  
-56.08666129  
-47.79045631  
-31.42519627  
-10.61347297  
9.967789196  
25.9482292  
34.46701431  
34.82599849  
28.43787772  
18.18056646  
7.44710139  
-0.7828085357  
-4.610949853  
-3.531008854  
1.600367799  
8.859149047  
15.74482322  
19.80214089  
19.28782188  
13.74025576  
4.26255405  
-6.651296033  
-15.79983122  
-20.32216735  
-18.77499221  
-11.81571524  
-2.159965093  
6.26024454  
9.682808806  
5.934217299  
-4.685082956  
-19.42727145  
-34.04977037  
-44.32495319  
-47.50620293  
-43.17477776  
-33.16651918  
-20.67254518  
-8.947795407  
-0.1911351833  
4.966299152  
7.240827322  
7.962241186  
8.251860588  
8.523822204  
8.505430748  
7.682233692  
5.855364463  
3.464207807  
1.481047834  
0.9354166043  
2.337065432  
5.324576137  
8.745477641  
11.1426518  
11.40664398  
9.270575634  
5.414115138  
1.153067827  
-2.095194738  
-3.281534363  
-1.908114846  
2.105068423  
8.696485331  
17.81632219  
29.27093601  
42.28938554  
55.07503836  
64.71170046  
67.689557  
61.02668418  
43.61897092  
17.23126128  
-13.41691809  
-41.70294757  
-61.04603089  
-67.08007312  
-59.21609561  
-40.93680229  
-18.64151958  
0.564650172  
11.31033574  
11.70180287  
3.726446943  
-7.787904165  
-17.19097491  
-20.17741151  
-15.26388247  
-4.066084504  
9.622332792  
21.47378627  
28.27868327  
28.96185807  
24.64494882  
17.85496639  
11.30673559  
6.800949641  
4.65673505  
3.823577304  
2.525300387  
-0.8975972111  
-7.301705993  
-16.44199531  
-27.10148135  
-37.52410907  
-45.94600794  
-51.03659013  
-52.14303081  
-49.32530061  
-43.23416007  
-34.90593165  
-25.53602187  
-16.27008679  
-8.035516325  
-1.428538687  
3.330567673  
6.3717793  
8.091605551  
9.03792636  
9.793417923  
10.87543463  
12.65365605  
15.27681101  
18.60960696  
22.20464677  
25.35237967  
27.24620582  
27.25193994  
25.2032669  
21.58960032  
17.50437825  
14.30079802  
13.03725799  
13.92781005  
16.06764399  
17.6315978  
16.55413619  
11.46419265  
2.482298061  
-8.516147201  
-18.37821995  
-23.7826359  
-22.56648599  
-14.70893145  
-2.513004514  
10.15161646  
19.26951586  
22.18076674  
18.52208289  
10.20489461  
0.4589032909  
-7.604829576  
-12.23916342  
-13.54565756  
-13.00822469  
-12.35971411  
-12.40292933  
-12.43243364  
-10.59807972  
-5.055639836  
4.685332449  
16.95851589  
28.19828271  
34.26398175  
32.28676142  
22.17673997  
7.01763358  
-7.949685239  
-17.40178842  
-18.19157644  
-10.78083125  
0.8350232557  
10.73627032  
13.56148717  
6.801446505  
-8.087283426  
-26.22765921  
-41.28297008  
-47.98509353  
-44.16321635  
-31.45791875  
-14.49873062  
1.020467705  
10.50909371  
12.00690405  
6.543968617  
-2.650461706  
-11.60417854  
-17.04326056  
-17.27245565  
-12.3000354  
-3.384739777  
7.612894355  
18.72660586  
28.09499819  
33.99877642  
34.95563969  
30.03607886  
19.35207137  
4.461864906  
-11.6363681  
-25.11249042  
-32.4173604  
-31.51402176  
-22.70732529  
-8.667720982  
6.429497731  
18.33955709  
24.18421456  
23.30663671  
17.220178  
8.729583399  
0.6595384606  
-5.227305719  
-8.668976016  
-10.57585642  
-12.17892668  
-14.12844715  
-16.00452358  
-16.46947611  
-13.96216537  
-7.572867594  
2.336665154  
14.06623333  
25.09296045  
32.93547863  
35.99471198  
34.0381751  
28.17305292  
20.37429364  
12.79391592  
7.119065308  
4.17561668  
3.847126695  
5.264347022  
7.159463392  
8.273098666  
7.722642776  
5.257982837  
1.338798217  
-3.016744745  
-6.61193853  
-8.593088114  
-8.931522572  
-8.640756764  
-9.560751149  
-13.70153416  
-22.35001465  
-35.30129043  
-50.58790729  
-64.90967326  
-74.66840818  
-77.22038222  
-71.81695282  
-59.80476964  
-43.97044062  
-27.30972752  
-11.78574138  
2.333040166  
16.22439453  
31.46219274  
48.6779938  
66.62206281  
82.15160416  
91.24707971  
90.65850359  
79.45263531  
59.73759355  
36.18527176  
14.50454488  
-0.5159113195  
-6.588520914  
-4.503524143  
2.473415539  
10.04928691  
14.53343339  
13.97898347  
8.458541038  
-0.4699397719  
-10.69983511  
-20.40006992  
-28.37442124  
-33.92542688  
-36.4841294  
-35.37311858  
-29.9427003  
-20.04662873  
-6.568779897  
8.371593141  
21.76815326  
30.57158345  
32.69231843  
27.71253397  
16.98013206  
3.0525929  
-11.23038364  
-23.60377169  
-32.79535791  
-38.39943718  
-40.40639952  
-38.76485673  
-33.3000896  
-24.06206103  
-11.87031911  
1.354293057  
12.81633811  
19.68707537  
20.25016802  
14.80380765  
5.807275468  
-2.920756407  
-7.688493226  
-6.473144749  
0.1879341238  
9.396872245  
17.13079492  
19.9709398  
16.54620397  
8.043551825  
-2.420831119  
-11.24125212  
-15.87813697  
-15.81140457  
-12.4979643  
-8.439284204  
-5.887090707  
-5.851080709  
-7.865327207  
-10.54334201  
-12.53438426  
-13.30749512  
-13.32268065  
-13.52154638  
-14.47083552  
-15.70041145  
-15.67715823  
-12.49867479  
-4.974730009  
6.485812052  
19.69962928  
31.41246237  
38.58998472  
39.6822971  
35.23873836  
27.56419961  
19.59139997  
13.54158897  
10.05062993  
8.187621557  
6.317433297  
3.305823362  
-0.6230472136  
-3.883726604  
-4.423542715  
-1.049852423  
5.550169097  
12.72505061  
16.87897253  
15.18156831  
7.146960091  
-4.74880202  
-15.82733729  
-21.10789862  
-17.53491183  
-5.508498852  
11.03541635  
26.10814469  
34.11084863  
32.17769376  
21.38203068  
6.263145822  
-7.126589864  
-13.80289471  
-11.93982258  
-3.580577821  
6.305946888  
11.98146117  
9.36674411  
-2.27429653  
-20.05241443  
-38.61574127  
-52.20987132  
-56.76806411  
-51.22713606  
-37.64630665  
-20.21693442  
-3.663379461  
8.303794229  
13.94435477  
13.6288587  
9.28090348  
3.469396664  
-1.456726788  
-3.91826174  
-3.265687636  
0.3524170183  
6.23458585  
13.33570554  
20.3858496  
25.96288049  
28.61320365  
27.09248703  
20.72139766  
9.757987241  
-4.373049684  
-19.15171414  
-31.41625222  
-38.15010167  
-37.41127047  
-29.11064711  
-15.33412238  
-0.004975065793  
12.1155177  
