20.60570117  
12.78097549  
-1.223104882  
-15.74227108  
-24.97595454  
-25.65906018  
-18.39577595  
-7.044754657  
3.457143328  
9.664321072  
11.24979204  
10.87723675  
12.43743573  
18.62547266  
29.17147074  
40.68532188  
48.22224932  
47.76871027  
38.35936775  
22.71834291  
6.075720374  
-6.251933323  
-11.29533604  
-9.658764584  
-4.945047543  
-1.714294908  
-3.058211313  
-9.050028044  
-16.85282581  
-22.38825692  
-22.64699082  
-17.39138926  
-9.331191079  
-2.67292216  
-0.8173936324  
-4.448735438  
-11.06821276  
-16.27032302  
-16.12941925  
-9.449352584  
1.340687892  
11.18745809  
14.87554145  
9.731130551  
-2.822728516  
-17.70958579  
-28.4975294  
-30.46004546  
-22.88980293  
-9.490340438  
3.39616657  
9.894596661  
7.527574484  
-1.477119865  
-11.17592258  
-14.75551983  
-7.889345312  
8.997980281  
30.64360658  
49.08817478  
57.05066328  
50.98403104  
32.44864443  
7.262362645  
-17.07017935  
-34.39154881  
-42.00855368  
-41.04929314  
-35.11558686  
-28.08715787  
-22.25240104  
-17.65010724  
-12.79528512  
-6.21898691  
2.139701686  
10.50628222  
16.04721771  
16.40372997  
11.11326811  
2.107462055  
-7.024727109  
-12.65393091  
-12.77717806  
-7.872617671  
-0.5056506545  
6.094254462  
9.727584253  
10.2934873  
9.671174512  
10.48397701  
14.41277557  
20.97550075  
27.46025032  
30.10592813  
25.97388488  
14.57793775  
-1.564717385  
-17.78008865  
-29.11673321  
-32.38753679  
-27.42613989  
-16.99403859  
-5.424043841  
3.321689239  
7.253918796  
6.900021378  
4.614346612  
3.082415933  
3.810704807  
6.353429326  
8.622711144  
8.0754106  
3.147397546  
-5.786465525  
-16.38532911  
-25.2385679  
-29.24195138  
-26.8187869  
-18.47167486  
-6.49757237  
5.91855585  
15.78397521  
21.11360262  
21.25069125  
16.73133375  
8.912354144  
-0.4043099751  
-9.242845908  
-15.66812511  
-18.06264708  
-15.52149701  
-8.267560442  
2.140648186  
13.03672531  
21.3727187  
24.74886614  
22.33995673  
15.28021724  
6.266228755  
-1.513218998  
-5.677928416  
-5.603235797  
-2.568037131  
0.9741187702  
2.656158655  
1.380541208  
-2.155113539  
-5.848492523  
-7.302059137  
-5.091774417  
0.4486469668  
7.330638636  
12.85506253  
14.92393441  
13.05475578  
8.580280499  
3.929659009  
1.356672384  
1.766963163  
4.251218821  
6.574202438  
6.380684929  
2.506628175  
-4.281380424  
-11.51683853  
-16.14817985  
-16.0038787  
-10.88816266  
-2.758777945  
5.11777299  
9.640308406  
9.277367625  
4.73735946  
-1.404268636  
-5.930718798  
-6.473145398  
-2.565374498  
4.208569014  
11.00537792  
15.04497226  
14.83081959  
10.71673455  
4.604996832  
-1.024790139  
-4.262909718  
-4.558964613  
-2.829956639  
-0.9044753197  
-0.6190405282  
-3.001850154  
-7.883965845  
-14.03947743  
-19.70932995  
-23.22803361  
-23.49560261  
-20.17749658  
-13.67400037  
-4.985852583  
4.422252862  
12.75473435  
18.0950853  
18.77481426  
13.88547554  
3.775324012  
-9.721125144  
-23.53628219  
-34.14519716  
-38.65765921  
-35.82758304  
-26.55138351  
-13.5994481  
-0.6372773836  
9.094185537  
13.90394498  
14.11716847  
11.69863926  
9.21926728  
8.638719518  
10.44964736  
13.55283994  
15.8910589  
15.52212379  
11.61833352  
4.92834628  
-2.502982552  
-8.213072081  
-10.38247972  
-8.58971414  
-3.923987543  
1.576755684  
5.886832289  
7.902380444  
7.88241343  
7.227946135  
7.707947513  
10.49207755  
15.43709945  
20.96419503  
24.61026211  
24.04577668  
18.14794287  
7.681449913  
-4.718568769  
-15.29990901  
-20.43950335  
-17.94322835  
-7.925865344  
7.062599299  
22.73679209  
34.38267812  
38.33558506  
33.13014776  
19.93528355  
2.137357303  
-15.7676543  
-29.57601588  
-36.58675089  
-36.22707116  
-29.93238196  
-20.40152371  
-10.56575199  
-2.678826922  
2.163845671  
3.983512807  
3.491591452  
1.557577436  
-1.154188573  
-4.241442856  
-7.370163535  
-10.02956375  
-11.45780848  
-10.84955703  
-7.773916491  
-2.580077762  
3.468384589  
8.479214222  
10.58113461  
8.684000957  
3.010383066  
-4.863157646  
-12.50719125  
-17.49208638  
-18.24292696  
-14.55026319  
-7.552152746  
0.7596715927  
8.259354392  
13.31972725  
15.13683981  
13.70904689  
9.604892525  
3.719471695  
-2.847978952  
-8.80939566  
-12.73595629  
-13.29339446  
-9.699965112  
-2.253300584  
7.36960102  
16.32269429  
21.39963202  
20.22723928  
12.37134824  
-0.1782424153  
-13.47676296  
-22.97984864  
-25.29356065  
-19.5893646  
-8.037100992  
4.996615209  
14.69608813  
17.76251921  
13.74436511  
5.14042967  
-3.775088707  
-8.881413293  
-8.027455635  
-1.922977132  
6.281826705  
12.51304098  
13.67493809  
9.064108159  
0.6667376192  
-7.764955286  
-12.40169735  
-11.00656128  
-3.842260684  
6.54641743  
16.51023012  
22.84889124  
24.02823544  
20.55844443  
14.45389439  
8.11944275  
3.237415737  
0.167991601  
-1.917758709  
-4.323361563  
-7.942939796  
-12.66056999  
-17.30722756  
-20.15962995  
-19.71326621  
-15.36073398  
-7.686425799  
1.714279986  
10.77322257  
17.60358708  
21.02755828  
20.82992989  
17.71558282  
13.03999977  
8.416415053  
5.29285246  
4.573969895  
6.358402115  
9.867225599  
13.62460702  
15.89128813  
15.25246507  
11.1633828  
4.224649522  
-3.968715258  
-11.3910463  
-16.35627579  
-18.1682698  
-17.35180499  
-15.34576426  
-13.79345061  
-13.76853445  
-15.31523323  
-17.52818656  
-19.12140909  
-19.17636982  
-17.6611245  
-15.43220379  
-13.71601228  
-13.36270887  
-14.30912314  
-15.58527325  
-15.89613424  
-14.46546954  
-11.63828129  
-8.829725518  
-7.75260805  
-9.285232234  
-12.61370298  
-15.22581513  
-13.93612745  
-6.562788425  
6.55298376  
22.04592965  
34.49929752  
38.64513566  
31.87959219  
15.89781764  
-3.460402256  
-18.29655194  
-21.89974948  
-11.7634129  
9.023591838  
32.75127189  
50.12574895  
54.11340309  
42.92067813  
20.77989439  
-3.832079731  
-21.772528  
-27.03726375  
-19.12974687  
-2.997072965  
13.35990177  
22.46350172  
20.4985058  
8.65831989  
-7.782861842  
-22.10046529  
-29.14761836  
-27.38710841  
-19.09640671  
-8.827925801  
-1.014848311  
2.061173843  
1.006344623  
-1.466789133  
-2.295074949  
0.187507847  
5.408105096  
10.98682829  
14.1285254  
13.18300781  
8.539284579  
2.409542308  
-2.342647029  
-3.684140498  
-1.424486395  
2.747677839  
6.188258874  
6.675163567  
3.524646112  
-2.102844581  
-7.82018125  
-11.19710568  
-10.89185828  
-7.179698571  
-1.669564256  
3.577991041  
7.037284488  
8.308707578  
8.066554955  
7.471977231  
7.426362296  
8.083467636  
8.85451751  
8.847720608  
7.450471001  
4.711724619  
1.326674841  
-1.730998212  
-3.688622004  
-4.284534197  
-3.755812152  
-2.558620568  
-1.035785894  
0.7395081358  
2.848050783  
5.234269544  
7.468396322  
8.767297061  
8.319515416  
5.753398037  
1.468399576  
-3.400892844  
-7.417881137  
-9.464450597  
-9.20930768  
-7.150774515  
-4.202877152  
-1.074045373  
2.161004588  
5.983077362  
10.82948591  
16.31022189  
20.76788143  
21.60202085  
16.38901563  
4.343347057  
-12.64413192  
-30.08541992  
-42.31398724  
-44.7898548  
-36.2969528  
-19.93624119  
-2.264890874  
9.239783827  
9.381432844  
-2.316043344  
-21.11731901  
-38.88836485  
-47.51344522  
-42.43496209  
-24.71735931  
-0.6676493294  
20.85024629  
32.20766997  
30.19710496  
17.18545763  
-0.2344513151  
-14.39457764  
-19.98412381  
-16.16099446  
-6.4273229  
3.538108861  
8.915619915  
8.10040325  
3.234652269  
-1.26331352  
-1.323731649  
4.415074505  
13.76346117  
22.09203169  
24.80657227  
19.87782414  
9.081319265  
-2.733207998  
-10.00566192  
-9.273349413  
-0.990039513  
10.58795576  
19.41917092  
