-33.96495996  
-63.79650152  
-91.7117156  
-110.3938403  
-115.1101266  
-105.5779295  
-86.05855753  
-63.60620785  
-45.20144108  
-34.99553601  
-32.84418879  
-34.74312108  
-34.93200641  
-28.70121374  
-14.63262528  
4.720822974  
24.00157086  
37.50945362  
41.83289341  
37.45554842  
28.61430021  
21.46697566  
21.38063434  
30.52905487  
46.84558835  
64.77519016  
77.49373404  
79.64381716  
69.44430494  
49.32763062  
24.90320685  
2.745358266  
-12.0359996  
-17.4521974  
-14.90983292  
-8.111459113  
-1.161863645  
3.245659642  
4.790379821  
5.282167851  
7.420018863  
13.18616859  
22.64638462  
33.71242421  
42.96999872  
47.18206817  
44.76933666  
36.5710539  
25.50868215  
15.26439924  
8.542988351  
5.699375091  
4.39279846  
0.5060392349  
-9.977591779  
-28.8943265  
-54.51443256  
-81.52209715  
-102.5001119  
-110.4440639  
-101.3723546  
-76.00696816  
-39.81828365  
-1.349165168  
30.59216261  
49.82347987  
54.67339656  
48.15829757  
36.42617703  
26.12150648  
21.74157053  
24.02614724  
29.97815059  
34.43117822  
32.45641324  
21.58467949  
2.939860328  
-19.1364065  
-38.7497785  
-50.67719713  
-52.23320733  
-44.0693398  
-29.67876342  
-13.91836956  
-1.219422438  
5.791617596  
6.799023508  
3.381825748  
-1.989553117  
-7.031803696  
-10.35716049  
-11.62319568  
-11.22408722  
-9.810537487  
-7.92709332  
-5.910195731  
-3.99302219  
-2.437663466  
-1.525833399  
-1.371206343  
-1.675251676  
-1.636030703  
-0.1632896952  
3.614284249  
9.764592823  
17.20455317  
23.84615226  
27.27263473  
25.7137299  
18.90061609  
8.387114464  
-2.865549628  
-11.51530206  
-15.06334179  
-12.75265587  
-5.757703732  
3.401843866  
11.93087861  
17.80830828  
20.33901882  
19.99753004  
17.71659451  
14.06031329  
8.774884807  
1.004077816  
-9.916098269  
-23.51241918  
-37.64633604  
-48.80937741  
-53.25942251  
-48.57087675  
-34.90461243  
-15.35068568  
4.929570621  
20.50313247  
27.69262868  
25.96927677  
18.085197  
8.856405563  
3.100854593  
3.623342635  
10.12567367  
19.51527462  
27.45397464  
30.42807662  
27.37913286  
20.13776696  
12.45304601  
8.066751318  
8.737627569  
13.16776135  
17.38733534  
16.49606402  
7.025307851  
-11.12742919  
-34.09583221  
-55.12197957  
-66.94685935  
-64.57155073  
-47.27205767  
-19.04172885  
12.72684104  
39.80112799  
55.90544245  
58.68861326  
50.16039925  
35.52678537  
20.97557788  
11.33490361  
8.500751821  
11.16072661  
15.78787974  
18.38995853  
16.25447173  
9.008163129  
-1.356444831  
-11.40135971  
-17.67241144  
-18.05150517  
-12.53841727  
-3.223964385  
6.467419362  
12.94934094  
13.63675923  
7.731233615  
-3.584803402  
-17.55651886  
-30.70627827  
-39.85164879  
-42.99422103  
-39.83203631  
-31.76165888  
-21.38004364  
-11.64548171  
-4.95967007  
-2.466445548  
-3.794857252  
-7.327087892  
-10.88274104  
-12.55635183  
-11.38425218  
-7.590000905  
-2.330955109  
2.91458118  
7.029116817  
9.688312562  
11.35034055  
12.82264344  
14.63728838  
16.56678652  
17.55286468  
16.12080991  
11.10973477  
2.374269934  
-8.893197966  
-20.41223586  
-29.56159213  
-34.3144409  
-33.95188306  
-29.24208234  
-22.01468591  
-14.33864401  
-7.68837473  
-2.474252001  
1.877919093  
6.384986931  
11.81438638  
18.20622304  
24.845198  
30.66260956  
34.81443531  
37.08618251  
37.878624  
37.77465697  
36.94759597  
34.79343988  
30.08379707  
21.65825351  
9.356231727  
-5.313305821  
-19.21390658  
-28.48568322  
-30.03354662  
-22.97904233  
-9.375354506  
6.257162299  
18.51643908  
23.23639975  
19.24739501  
8.96823659  
-2.515031694  
-9.579173719  
-8.535562199  
0.6223105521  
14.00140821  
25.29145891  
28.38046714  
20.01890174  
1.388561657  
-22.13539884  
-42.98396086  
-54.36265129  
-52.96905142  
-40.3303196  
-22.19649487  
-6.230926922  
1.058963555  
-3.098071613  
-16.67912409  
-33.73227364  
-46.77621156  
-49.74476082  
-40.29688194  
-20.61418287  
3.55830727  
25.16560818  
38.44907885  
40.88320331  
33.75566819  
21.28241963  
8.7317171  
0.3751119156  
-1.925444666  
0.9812328085  
6.332215369  
10.88993915  
12.36232459  
10.22051483  
5.65072209  
0.7677735227  
-2.476261158  
-3.168950222  
-1.724124335  
0.4983502302  
2.005745296  
1.999553833  
0.8139330893  
-0.240013445  
0.4621674389  
4.010208147  
10.34195324  
18.16262937  
25.45827756  
30.37655901  
32.06639748  
31.06720395  
29.03237494  
27.87171349  
28.6811785  
30.95498246  
32.49034375  
30.11289128  
20.99465785  
4.048781608  
-19.19476575  
-44.66341599  
-66.83296201  
-80.49204436  
-82.5395272  
-73.12674853  
-55.67964461  
-35.7547979  
-19.12879176  
-9.821867898  
-8.784030091  
-13.72489244  
-20.1287866  
-23.052644  
-19.01411434  
-7.262293183  
10.02396751  
28.64343941  
43.99849883  
52.79049597  
54.13424827  
49.68530369  
42.77178417  
36.90679937  
34.29209749  
34.91107856  
36.56891194  
35.85726411  
29.65671768  
16.57557019  
-2.251982904  
-23.3383116  
-41.93229609  
-53.61731325  
-55.80199928  
-48.53538202  
-34.34701282  
-17.20764439  
-1.059748987  
11.46549091  
19.6255416  
24.24031375  
26.68068026  
27.70809033  
26.78236021  
22.23799518  
12.31034837  
-3.453688406  
-23.11753029  
-42.25766788  
-55.09716012  
-56.56190407  
-44.46904057  
-20.89478267  
7.98172893  
33.66641062  
48.1902116  
46.93236006  
30.30587824  
3.607946772  
-24.92410138  
-47.07569249  
-57.44635358  
-54.97767103  
-42.68653172  
-25.85762745  
-9.593207981  
3.153438406  
12.22993242  
19.45220507  
26.83751332  
34.88314728  
41.81711551  
44.23637361  
38.83747146  
24.37471149  
2.839147424  
-20.79961274  
-40.26481316  
-50.35440729  
-48.97270662  
-37.89740179  
-21.93707347  
-6.867963026  
2.921510949  
6.043851353  
4.323903517  
1.608824222  
1.808057809  
7.095787102  
17.06411372  
29.10872692  
39.73537534  
46.0769245  
46.89557033  
42.68288607  
34.97286232  
25.3706645  
14.88673771  
3.915911718  
-7.221240811  
-17.61812007  
-25.53096287  
-28.83192327  
-26.02943014  
-17.3367423  
-5.15006215  
6.465378573  
13.20346346  
12.2918206  
3.810970587  
-9.096630651  
-21.29795258  
-27.6114651  
-24.80301674  
-12.79519475  
5.388176742  
24.84519997  
40.58880058  
49.11486232  
49.14607813  
41.40933787  
27.78511132  
10.41440088  
-8.743857605  
-27.77950721  
-44.40991009  
-55.78153373  
-58.89150686  
-51.64154668  
-34.08003433  
-9.141311752  
17.69167377  
39.90621073  
52.16979147  
52.31872546  
42.20728245  
26.94389903  
12.75699011  
4.377367821  
3.087988937  
6.322262333  
9.008543916  
6.061052165  
-5.107515911  
-23.19353418  
-43.36023988  
-59.18285446  
-65.30858168  
-59.66134592  
-44.25621335  
-24.33636342  
-6.282587709  
4.757471343  
6.538924711  
0.1033427323  
-11.08866453  
-22.71791005  
-31.10128459  
-34.04681062  
-30.91864086  
-22.18356942  
-8.901876827  
7.483043794  
25.0213029  
41.0768899  
52.48237393  
56.24413949  
50.65585711  
36.33100335  
16.55835011  
-3.397428928  
-17.9552715  
-23.24883755  
-18.67457958  
-7.230887866  
5.596314322  
14.0109259  
14.27086448  
6.249486152  
-6.466998328  
-17.99103272  
-22.46410989  
-16.35250613  
0.1954604049  
23.40395726  
47.21882361  
65.34166539  
73.15202344  
68.87680638  
53.75535175  
31.35582851  
6.454230696  
-16.10106386  
-32.27663078  
-39.44056031  
-36.71161055  
-25.11692476  
-7.49942098  
11.95342019  
28.63004724  
38.73514474  
40.48431587  
34.7559128  
24.81018943  
15.02618365  
9.057406294  
8.146631974  
10.37873051  
11.3152167  
5.86947658  
