19.29734673  
22.5945047  
22.65646348  
21.48992005  
21.30888886  
23.67331491  
28.86438026  
35.71511283  
41.95695601  
44.96238833  
42.62652202  
34.08611979  
20.03960967  
2.578883453  
-15.38256743  
-30.86936187  
-41.53399331  
-46.07747502  
-44.32903267  
-37.04940228  
-25.60977527  
-11.70174302  
2.837905177  
16.10681661  
26.21765001  
31.48362477  
30.74535087  
23.76663991  
11.53634523  
-3.705355859  
-18.8231975  
-30.49002486  
-36.04953411  
-34.26273161  
-25.67831818  
-12.49046762  
2.072650695  
14.62318593  
22.46372209  
24.15855995  
19.69487434  
10.26030562  
-2.213619843  
-15.55042099  
-27.72082876  
-37.0729265  
-42.43473643  
-43.16595107  
-39.21522382  
-31.17946073  
-20.30489414  
-8.354460263  
2.691516539  
11.05676957  
15.5930043  
16.05929533  
13.14766742  
8.235112018  
2.945979172  
-1.322684968  
-3.752525559  
-4.228696977  
-3.22595191  
-1.529060819  
0.09254498986  
1.14160113  
1.51064861  
1.448175264  
1.407119679  
1.83469272  
2.966047348  
4.678747067  
6.454932334  
7.481330848  
6.888237862  
4.080923196  
-0.9345811379  
-7.363324985  
-13.68877441  
-18.03921733  
-18.77873713  
-15.13120637  
-7.58954422  
2.093165753  
11.38784131  
17.8114199  
19.78880146  
17.21108919  
11.44908543  
4.798777919  
-0.4225075568  
-2.755675914  
-2.087961095  
0.4448759157  
3.075093837  
4.240754899  
3.257047231  
0.5275412827  
-2.767877094  
-5.316989398  
-6.308049028  
-5.733765463  
-4.235572009  
-2.608539661  
-1.268381601  
0.001310763482  
1.864038905  
4.903234582  
9.058517511  
13.3796134  
16.3030948  
16.37960859  
13.11390319  
7.473186793  
1.738054017  
-1.327585388  
0.3321826413  
7.043439912  
17.04751273  
27.0314197  
33.36375076  
33.52334428  
27.10378723  
15.9546285  
3.402100183  
-7.099613768  
-13.29098194  
-14.83756635  
-13.18808194  
-10.68088995  
-9.348755109  
-9.97860043  
-11.83042914  
-13.0941321  
-11.82393784  
-6.897521031  
1.425142825  
11.55155732  
21.13814736  
27.91188314  
30.38458744  
28.21813536  
22.18633552  
13.84535805  
5.092329819  
-2.246176399  
-6.743598546  
-7.636287689  
-5.032428885  
-0.01972678275  
5.434472147  
8.885325443  
8.102519978  
1.875757635  
-9.372607105  
-23.4771299  
-37.07125604  
-46.66101124  
-49.84993685  
-46.21985176  
-37.47919383  
-26.7873096  
-17.5224272  
-12.01077184  
-10.75266253  
-12.45172898  
-14.78389944  
-15.51194314  
-13.41769339  
-8.650232285  
-2.401940215  
3.83733402  
9.009588049  
12.81768058  
15.52745522  
17.43263778  
18.36772452  
17.62082233  
14.35105729  
8.293442138  
0.3207545914  
-7.540507173  
-12.77319318  
-13.46729167  
-9.324902211  
-2.023503877  
5.338683715  
9.543986649  
8.733798497  
3.356366761  
-3.914859626  
-9.31850404  
-9.714119951  
-4.080465075  
5.906826243  
16.5129368  
23.52620401  
24.07065784  
17.82748213  
7.124376649  
-4.116819976  
-12.06016255  
-14.48260906  
-11.47648018  
-5.077776884  
1.912883713  
7.290334364  
10.32317909  
11.77492909  
13.14331109  
15.57660831  
19.05610962  
22.26178879  
23.16896356  
20.05374863  
12.3984669  
1.263981273  
-11.02426553  
-21.70128397  
-28.51263473  
-30.39843439  
-27.69562689  
-21.88291961  
-15.06463848  
-9.420257016  
-6.753193893  
-8.14841773  
-13.69112266  
-22.24879486  
-31.4293429  
-37.89620782  
-38.15521725  
-29.71740539  
-12.27805569  
11.60937476  
36.81325885  
56.97607782  
66.58639284  
63.02384262  
47.72567948  
25.90072276  
4.789193052  
-8.908986144  
-11.42739695  
-3.181332705  
11.62202374  
26.80748715  
36.68165111  
38.06666488  
31.11511143  
18.69244275  
4.765452881  
-7.35965829  
-16.12938563  
-21.7603407  
-25.35687608  
-27.74723644  
-28.74361008  
-27.23692927  
-22.03295638  
-12.90252874  
-1.189982627  
10.4334666  
19.004498  
22.57155408  
21.07319921  
16.30036008  
10.9320958  
7.135823541  
5.473721835  
4.713886099  
2.672742922  
-2.342281705  
-10.26836541  
-18.92333949  
-24.81953968  
-24.81936666  
-17.82854824  
-5.651858713  
7.490430901  
16.64071146  
18.23541859  
11.69883881  
-0.2618973158  
-12.81814013  
-21.11305268  
-22.32862976  
-16.79489653  
-7.673007746  
0.5846510423  
4.242757775  
1.832986126  
-5.413132261  
-14.34405738  
-21.41381641  
-24.18677473  
-22.14874385  
-16.55739627  
-9.554949322  
-3.090313112  
1.795640564  
5.04438706  
7.12621645  
8.447032036  
9.025367978  
8.623620529  
7.19212339  
5.263232042  
3.946429325  
4.424449583  
7.184246373  
11.43767056  
15.14833495  
15.7850546  
11.51817679  
2.283466952  
-9.86330036  
-21.36866744  
-28.5669375  
-29.21027073  
-23.41264197  
-13.53309032  
-3.034111044  
5.138617649  
9.856730448  
12.1397347  
14.34627034  
18.6374025  
25.50854457  
33.17563327  
38.18993485  
37.04033448  
27.98874516  
12.23196128  
-6.224342749  
-21.99214802  
-30.41985304  
-29.45674506  
-20.42584882  
-7.37078892  
4.702106289  
11.87311946  
12.73497326  
8.609095329  
2.553151898  
-2.281855394  
-4.123118868  
-3.198022076  
-1.28808406  
-0.5347739311  
-2.165313691  
-5.804422995  
-9.702577856  
-11.72491523  
-10.55822347  
-6.494649057  
-1.381474165  
2.242127267  
2.388073379  
-1.377508163  
-7.666020014  
-13.86188108  
-17.29064968  
-16.4013384  
-11.41392853  
-4.154774978  
2.806177121  
7.284125912  
8.344911428  
6.536548484  
3.438238367  
0.8005760446  
-0.2816815795  
0.2215305292  
1.434982921  
2.167778526  
1.598759424  
-0.2925469707  
-2.741608811  
-4.612853558  
-4.96689324  
-3.479049062  
-0.508136306  
3.186300334  
6.893579253  
10.30285877  
13.55584263  
16.97413117  
20.62161825  
23.96733461  
25.87839212  
25.01312473  
20.47479661  
12.4303137  
2.374740214  
-7.150302514  
-13.3471375  
-14.19276376  
-9.307537395  
-0.2891320236  
9.674287802  
16.82198799  
18.1253444  
12.40243113  
0.8144747558  
-13.46713578  
-26.32854851  
-34.13963232  
-35.016769  
-29.44921496  
-20.04772163  
-10.50467741  
-4.158131435  
-2.711432722  
-5.605866007  
-10.29470402  
-13.31470219  
-11.73439351  
-4.404938877  
7.486687839  
20.78593655  
31.51704263  
36.35289823  
33.82927087  
24.83434338  
12.20447365  
-0.3800986685  
-9.733669443  
-14.19935825  
-13.99555653  
-10.79679609  
-6.793870177  
-3.677611305  
-1.987179051  
-1.070563896  
0.3833831214  
3.532497055  
8.683143254  
15.02230119  
20.88169232  
24.39239692  
24.226979  
20.11167248  
12.91685709  
4.32916278  
-3.721956187  
-9.639137924  
-12.5341723  
-12.32870154  
-9.626413341  
-5.473826945  
-1.117578099  
2.197632816  
3.409957086  
1.837773599  
-2.60947741  
-9.278908957  
-16.79474492  
-23.33842545  
-27.17201903  
-27.25379767  
-23.70160078  
-17.87021177  
-11.94070782  
-8.12634848  
-7.78843542  
-10.83298176  
-15.67221311  
-19.8099682  
-20.83951728  
-17.44764908  
-9.996321782  
-0.4202441252  
8.531010363  
14.39155917  
15.95128264  
13.68649147  
9.470891055  
5.703890758  
4.247701136  
5.642267626  
8.936527944  
12.1942707  
13.43209718  
11.55976355  
6.90084228  
1.067600955  
-3.745039937  
-5.725823346  
-4.245815841  
-0.1447848524  
4.609546671  
7.731705811  
7.549289852  
3.668701496  
-2.880661766  
-10.05332269  
-15.55283594  
-17.63621955  
-15.65514155  
-10.16625891  
-2.629472472  
5.134833378  
11.49897339  
15.40359163  
16.48003353  
14.96002429  
11.48437567  
6.920513587  
2.241458358  
-1.552302927  
-3.530099652  
-2.996712692  
0.2799714988  
5.856407039  
12.53263983  
18.50177972  
21.75307779  
20.64526317  
14.47835062  
3.859193896  
-9.29769095  
-22.18042299  
-31.80731225  
-35.85922161  
-33.35480643  
-24.94349906  
-12.70951045  
0.4628028715  
11.76457108  
