-41.35028573  
-66.24233574  
-83.05493113  
-89.56060764  
-85.10411511  
-70.28061944  
-46.80254954  
-17.56037709  
13.3879953  
41.22617677  
61.33318446  
70.58586538  
68.51599446  
57.75241971  
43.40277088  
31.46644408  
26.81586872  
31.51722997  
44.16080097  
60.463779  
74.88886754  
82.61219026  
81.07210489  
70.55630321  
53.72854042  
34.43658612  
16.38340257  
2.19423561  
-6.870893137  
-10.66113735  
-9.669060758  
-4.706134956  
3.124811765  
12.26305204  
20.61074727  
25.7990091  
25.85135708  
20.01563556  
9.349176621  
-3.333843548  
-14.29264436  
-20.24318991  
-19.76169157  
-14.09185828  
-6.931600732  
-3.181391376  
-7.077130791  
-20.41839354  
-41.59961281  
-65.86232497  
-86.71776896  
-98.0444535  
-96.10892394  
-80.79736044  
-55.64267723  
-26.67194763  
-0.5049007525  
17.63310224  
25.33206924  
23.43043001  
15.39288446  
5.911869371  
-0.7543420292  
-2.145969973  
1.764543025  
8.836513081  
15.78717279  
19.58941087  
18.73084564  
13.87400378  
7.668981449  
3.771381745  
5.413917457  
14.05628279  
28.62908545  
45.67951435  
60.39903278  
68.17683287  
66.11999862  
53.98896781  
34.22109097  
11.06333808  
-10.82707741  
-27.77734311  
-37.98738513  
-41.65328236  
-40.39160233  
-36.30353938  
-31.11895443  
-25.76211649  
-20.43882921  
-15.08499649  
-9.859794987  
-5.381792486  
-2.571520608  
-2.192936496  
-4.352775558  
-8.250240852  
-12.34341852  
-14.89441724  
-14.66108264  
-11.42803868  
-6.135203317  
-0.5440854496  
3.416809048  
4.354075992  
1.880506761  
-3.309226885  
-9.748512777  
-15.73615531  
-19.87597481  
-21.43112691  
-20.40670291  
-17.39231419  
-13.2682891  
-8.896414103  
-4.881908174  
-1.447580433  
1.574260716  
4.637065308  
8.275676061  
12.830952  
18.17197322  
23.52293754  
27.51304901  
28.5141175  
25.22233696  
17.30374377  
5.835928537  
-6.708960632  
-17.05090704  
-22.14170611  
-20.31502779  
-12.09184322  
-0.255373186  
10.9396825  
17.21913153  
15.90002137  
7.046087945  
-6.322306548  
-19.11210691  
-25.86838099  
-22.71270059  
-8.804156523  
13.21540284  
37.95454305  
58.91386547  
70.4443812  
69.34792413  
55.61554505  
32.15197277  
3.704681805  
-24.53140142  
-48.12758249  
-64.11419724  
-71.08974561  
-68.93552119  
-58.44190448  
-41.09254482  
-19.06956208  
4.666746576  
26.47605782  
42.52095882  
49.64208476  
46.38749891  
33.78187702  
15.4250299  
-3.28751903  
-16.68921619  
-20.64580579  
-13.99165927  
0.9725574082  
19.17624022  
34.4740248  
41.74835973  
38.64269984  
26.27861124  
8.696243054  
-8.736245606  
-21.29523187  
-26.46820476  
-24.51899319  
-17.89711794  
-9.836064268  
-2.819944574  
2.372601767  
6.638321428  
11.60413074  
18.28655151  
26.07230809  
32.59336641  
34.6374219  
29.71949764  
17.58062527  
0.8570063644  
-15.49964978  
-25.91233131  
-26.32184671  
-15.87701851  
2.573938186  
23.44333202  
40.44376289  
48.87083111  
47.18726521  
37.27888688  
23.33290526  
9.882289574  
-0.1032018942  
-6.25899145  
-10.60382898  
-16.23512237  
-25.59524828  
-39.11702171  
-54.84084743  
-69.12510582  
-78.08069055  
-79.06470756  
-71.60239532  
-57.4148179  
-39.65646547  
-21.79303234  
-6.635398319  
4.127915575  
9.868241514  
10.67029959  
7.039239434  
-0.1246596055  
-9.326382362  
-18.31640632  
-24.28948108  
-24.5874721  
-17.74628327  
-4.443829089  
12.1741343  
27.12579109  
35.1157283  
32.44892005  
18.58407397  
-3.357493669  
-27.42712742  
-46.78057576  
-55.99146639  
-52.8496578  
-38.94959959  
-18.86545606  
1.7075046  
18.05840901  
27.95730716  
31.98676121  
32.67658287  
32.92545349  
34.47335132  
37.11997808  
39.00827205  
37.78756005  
32.06215075  
22.40711709  
11.43028031  
2.80267943  
-0.3461350376  
3.03986677  
11.19359787  
19.96042778  
24.33006139  
20.50341441  
7.673562385  
-11.23346599  
-30.24147614  
-42.27052326  
-41.69055581  
-26.55091245  
0.3656232239  
32.12215656  
59.71366258  
74.97941324  
73.34025921  
55.39559667  
26.80204073  
-3.542900674  
-26.39201118  
-35.11797719  
-27.75314551  
-7.43427624  
18.83284996  
42.59118742  
56.65155475  
57.18959149  
44.58640864  
22.8707282  
-1.886636003  
-23.56533436  
-37.68481734  
-42.32121545  
-38.13635784  
-27.71824035  
-14.60481694  
-2.341912477  
6.214354925  
9.308716314  
6.465739478  
-1.509077629  
-12.71161895  
-24.54955546  
-34.38745385  
-40.3103925  
-41.75950322  
-39.7418828  
-36.42523223  
-34.17289207  
-34.36500125  
-36.52902262  
-38.25512758  
-36.07325711  
-27.03234229  
-10.34021727  
11.7017725  
34.01509141  
50.34492214  
55.6003685  
47.9942536  
30.04619003  
7.932883175  
-10.64887844  
-19.29749443  
-15.27157826  
-0.4404799732  
19.5622037  
37.60887293  
47.80969225  
47.57306102  
38.18934014  
23.79695949  
9.294862877  
-1.811501956  
-8.675082612  
-12.99025679  
-17.65881053  
-24.95658942  
-35.1080905  
-45.94241369  
-53.76207987  
-54.98354364  
-47.76413273  
-32.86853689  
-13.41107466  
6.356099133  
22.61541972  
33.19587095  
37.92429685  
38.05470463  
35.1595059  
30.09925246  
22.61455658  
11.74198862  
-3.171499428  
-21.39839159  
-40.29791251  
-55.68427893  
-63.04972547  
-59.19938849  
-43.63984197  
-19.12818064  
8.901669918  
33.88695117  
50.13575218  
54.57744603  
47.65180451  
33.03000524  
16.27808478  
2.938595849  
-3.298802084  
-1.712208621  
5.417193568  
13.82776019  
18.96298234  
17.69124362  
9.428155592  
-3.74539768  
-17.99102711  
-29.27355178  
-34.94085434  
-34.67906055  
-30.44744588  
-25.42389502  
-22.41595811  
-22.44331466  
-24.14720956  
-24.34305188  
-19.52770946  
-7.706594133  
10.28765083  
30.64176156  
47.75537835  
56.37117348  
53.78622337  
41.19158938  
23.50493504  
7.666520155  
0.02101672052  
3.814910531  
17.82933652  
36.72844685  
53.02015012  
59.87620505  
53.71892715  
35.58176464  
10.74589732  
-13.17323275  
-28.93169837  
-32.14208393  
-22.66118334  
-4.463437095  
15.84584749  
31.26346559  
36.56404523  
29.73020714  
12.2830837  
-11.44146377  
-35.70884185  
-54.99275776  
-65.30985305  
-64.98896922  
-54.78668002  
-37.4450676  
-16.8936847  
2.663315971  
17.5631466  
25.2589686  
24.59595704  
15.81687508  
0.3848685877  
-19.27634767  
-40.06036717  
-58.48005409  
-71.05554804  
-74.85549003  
-68.17884185  
-51.23390954  
-26.54480933  
1.20817938  
26.0838156  
42.41077333  
46.54339527  
38.22102511  
20.93311724  
0.9887651022  
-14.52084039  
-20.19895697  
-14.32703561  
0.4592590263  
18.14405614  
31.63524055  
35.51247425  
28.11646215  
12.12752463  
-6.595916998  
-21.41491702  
-27.522345  
-23.67581341  
-12.36661493  
1.561231235  
13.15010178  
19.39549606  
20.24212543  
18.15195451  
16.55904214  
18.02145742  
22.96544889  
29.57925976  
34.82810495  
36.02627141  
32.16978312  
24.40291174  
15.45239234  
8.376776976  
5.280236738  
6.598572064  
11.22006969  
17.25914296  
22.9873681  
27.41014799  
30.23974386  
31.40289922  
30.50297482  
26.67861092  
19.04188547  
7.497581784  
-6.549348948  
-20.10937386  
-29.37787252  
-31.13990884  
-24.21452234  
-10.24258714  
6.622176396  
21.06718241  
28.47211027  
26.46929806  
15.55762575  
-1.432648413  
-20.68850074  
-38.87929381  
-54.04436778  
-65.5634141  
-73.38892051  
-77.12380545  
-75.60255357  
-67.32973621  
-51.61312268  
-29.76556047  
-5.610405539  
15.20400103  
26.99950881  
26.30008753  
13.51389277  
-6.770896556  
-27.15364217  
-40.003135  
-40.2534294  
-27.29094992  
-5.182923593  
18.814509  
36.82876908  
42.99187821  
35.14034078  
15.08972373  
