18.89805523  
16.57111213  
10.8130557  
2.711890416  
-5.581299034  
-11.7369741  
-14.24675137  
-13.0501402  
-9.482403863  
-5.577805578  
-3.084116189  
-2.682832215  
-3.796937197  
-5.060290637  
-5.183164226  
-3.74662182  
-1.499966595  
0.004330539413  
-0.7417986701  
-4.307609129  
-9.852791706  
-15.34892629  
-18.42133944  
-17.43148566  
-12.29202346  
-4.621895159  
2.850875483  
7.38963903  
7.378998572  
3.002913301  
-3.807059692  
-10.11683641  
-13.10959206  
-11.13193755  
-4.279815848  
5.652502952  
15.78416302  
23.05588548  
25.11014862  
20.88720435  
10.82174257  
-3.33322815  
-18.93894081  
-33.0237036  
-42.84405614  
-46.37989138  
-42.71009767  
-32.21834823  
-16.58043152  
1.496129675  
18.76141155  
32.0615925  
38.99329973  
38.42415957  
30.75528136  
17.8620874  
2.723797963  
-11.18618922  
-20.63280543  
-23.33777979  
-18.53910332  
-7.255357203  
7.848137986  
23.02398357  
34.36049314  
38.84931722  
35.30182593  
24.80005156  
10.47072503  
-3.420519105  
-12.80881274  
-15.16598888  
-10.35148123  
-0.6416058474  
10.10640916  
17.86535504  
19.89775306  
15.70518358  
7.103097131  
-2.593778216  
-9.931311322  
-12.66019605  
-10.52304892  
-5.191337395  
0.5746616429  
4.143932468  
4.069230322  
0.5361746526  
-4.944765229  
-10.4072377  
-14.41717471  
-16.70304199  
-18.13658174  
-20.09173327  
-23.50907603  
-28.13928677  
-32.36142922  
-33.70822807  
-29.90094828  
-19.94930675  
-4.822012569  
12.63830741  
28.56410661  
39.3591311  
42.92947727  
39.35779866  
30.75736952  
20.37854931  
11.34544811  
5.5430506  
3.100031789  
2.651510703  
2.231596263  
0.3800193626  
-3.03988937  
-6.683805129  
-8.311620624  
-5.868240838  
1.413222746  
12.38534012  
24.14845099  
32.98436004  
35.71473597  
30.94364391  
19.67195711  
5.01442987  
-8.889147229  
-18.3491963  
-21.40973332  
-18.44135099  
-11.83129177  
-4.929165159  
-0.7081688166  
-0.7003639694  
-4.62597381  
-10.81743034  
-17.1853393  
-22.24189317  
-25.69060285  
-28.3134916  
-31.23454175  
-34.95126551  
-38.65655918  
-40.25256754  
-37.13692116  
-27.46032912  
-11.29153952  
8.889824646  
28.69779625  
43.24324162  
48.92499088  
44.88433199  
33.48728573  
19.56897725  
8.678006291  
4.984429613  
9.680496136  
20.52731417  
32.74947737  
40.9351928  
41.18570021  
32.65123776  
17.83576532  
1.554075935  
-11.02659015  
-16.45732943  
-14.34729074  
-7.436218782  
-0.3880887803  
2.181559736  
-2.375518274  
-13.66006649  
-28.41131961  
-41.85837847  
-49.66006653  
-49.62770063  
-42.53501695  
-31.71285165  
-21.63258126  
-16.08806046  
-16.72395385  
-22.48348654  
-30.14520917  
-35.66765717  
-35.75394278  
-29.00668968  
-16.26628477  
-0.0991170102  
16.24748291  
29.93034044  
39.20146822  
43.51653552  
43.16981738  
38.77059504  
30.89517881  
20.09059541  
7.166092379  
-6.48257257  
-18.8069257  
-27.45547603  
-30.46281307  
-26.99362125  
-17.78760207  
-5.060088114  
8.14665861  
18.91720342  
25.33822397  
26.95446017  
24.66236596  
20.15281131  
15.19809072  
11.10549779  
8.529006597  
7.618970657  
8.318060332  
10.56708877  
14.28565104  
19.17027512  
24.49717216  
29.13697796  
31.86567627  
31.86016527  
29.11419133  
24.50480653  
19.40109145  
14.96164241  
11.47517604  
8.130608549  
3.417947502  
-3.966486515  
-14.14004647  
-25.51793755  
-35.12990857  
-39.74646849  
-37.361677  
-28.3334666  
-15.56843405  
-3.545009064  
3.479803122  
3.305815091  
-3.19017501  
-12.37578167  
-19.44491502  
-20.57574413  
-14.67825202  
-3.904678954  
7.340001958  
14.4428141  
14.72662908  
8.675779733  
-0.3434843111  
-7.733181966  
-9.884570664  
-5.888511465  
2.100039048  
10.01886338  
13.99821208  
12.35073759  
6.442570578  
-0.01493785881  
-2.92444128  
-0.04441285025  
7.626023351  
16.06478064  
20.01872317  
15.55932268  
2.185710192  
-16.56593045  
-34.36663312  
-44.68582273  
-43.58304451  
-31.44568855  
-12.89267963  
5.1050276  
16.04004327  
16.38109693  
6.72582322  
-8.809868715  
-24.56674522  
-35.70874421  
-39.91758019  
-37.7572393  
-31.72820324  
-24.64097946  
-18.19223926  
-12.42699235  
-6.247438825  
1.433712544  
10.61368253  
19.83295295  
26.74597975  
29.33096834  
27.08397765  
21.53433391  
15.75690546  
13.06563036  
15.49307445  
22.78248513  
32.38609057  
40.49271841  
43.63230842  
40.14714054  
30.89489994  
18.9054973  
8.174728547  
2.128914406  
2.387085137  
8.267472374  
17.14023342  
25.39143108  
29.57726012  
27.36445871  
18.02446328  
2.459023013  
-17.11714556  
-37.67719703  
-55.95478852  
-69.03805377  
-74.9463142  
-73.1016909  
-64.54747279  
-51.7602991  
-38.003887  
-26.3546904  
-18.71299082  
-15.18970354  
-14.1601905  
-13.02017293  
-9.366884442  
-2.112851782  
7.965924252  
18.51606352  
26.62391465  
30.11816095  
28.56258923  
23.47230088  
17.63919372  
13.87076594  
13.72919552  
16.86619148  
21.273098  
24.33065366  
24.15662964  
20.59737058  
15.37024553  
11.26497636  
10.76553135  
14.74410072  
21.86423021  
29.01282796  
32.60612599  
30.2021271  
21.69419175  
9.532340455  
-2.158060852  
-9.206614373  
-9.096968123  
-2.027260672  
9.097290884  
19.71718181  
25.26968295  
22.7762437  
11.77640929  
-5.674968256  
-25.83863258  
-44.54215724  
-58.3500605  
-65.2784321  
-64.93502119  
-58.21490738  
-46.81118224  
-32.7711321  
-18.19365065  
-5.020078169  
5.187375243  
11.53046485  
14.04859792  
13.80704843  
12.63458023  
12.48477559  
14.60786229  
18.8854687  
23.69287397  
26.46756295  
24.84349344  
17.90144972  
6.949705777  
-4.617741452  
-12.46486385  
-13.07476424  
-5.405646656  
8.320624832  
23.14807222  
33.13702053  
33.68669137  
23.4787365  
5.193631701  
-15.3646502  
-31.43106215  
-37.86457949  
-33.09157455  
-19.60338694  
-2.817301794  
11.19274732  
18.11438702  
16.94361387  
10.04721657  
1.795768962  
-3.554777812  
-3.755501397  
0.5969380488  
6.585036614  
10.53428592  
9.831628017  
4.140488079  
-4.52167222  
-12.8198017  
-17.70891639  
-17.83229247  
-14.06823008  
-9.01705608  
-5.724842352  
-6.275030675  
-10.8965148  
-17.94736656  
-24.70137706  
-28.50511161  
-27.75479935  
-22.29887316  
-13.19848855  
-2.093314207  
9.436679369  
20.20620718  
29.38708455  
36.27309542  
40.1262842  
40.29535968  
36.57669954  
29.57863522  
20.78717938  
12.1688278  
5.414974334  
1.181129867  
-1.253920936  
-3.651634013  
-7.883628941  
-14.83221663  
-23.69420734  
-32.11541646  
-37.19107955  
-36.91368375  
-31.36880792  
-23.03196547  
-15.9089993  
-13.81495957  
-18.53790347  
-28.75233313  
-40.25373016  
-47.50350732  
-45.86714185  
-33.58880409  
-12.63614815  
11.96149555  
33.99813826  
48.38721948  
52.90199643  
48.67500467  
39.34420512  
29.32596251  
22.03118362  
18.78602675  
18.8221334  
20.1771621  
20.95065589  
20.26880961  
18.54073444  
16.99185565  
16.82311449  
18.48655301  
21.44241187  
24.46168858  
26.23922255  
25.94694478  
23.44117778  
19.07714395  
13.32413337  
6.477054497  
-1.332605955  
-9.846841015  
-18.34486902  
-25.55941948  
-30.01149312  
-30.66899277  
-27.59546545  
-22.1889835  
-16.77715168  
-13.66289946  
-14.03694049  
-17.3051056  
-21.2304465  
-22.91194773  
-20.19616142  
-12.86068744  
-2.96733509  
5.854023049  
9.925519144  
7.178543451  
-1.813741485  
-13.9253145  
-24.67629369  
-30.02162193  
-27.94167435  
-19.1474988  
-6.629534892  
5.691966984  
14.5689249  
18.56409713  
18.27858568  
15.67848534  
12.94811097  
11.47370541  
11.42649561  
12.05831237  
12.44178886  
12.1785802  
11.66110872  
11.7576359  
13.13334389  
15.63260264  
18.11686799  
