-57.09566234  
-60.29976913  
-58.19071861  
-52.22314131  
-42.97478736  
-30.14365697  
-13.3396081  
6.890492659  
28.47933782  
48.10878409  
62.26705082  
68.59550964  
66.86222974  
59.08152398  
48.71617733  
39.33711305  
33.34780694  
31.30872472  
32.07638702  
33.57731481  
33.77768554  
31.39310922  
26.09701455  
18.28746146  
8.689254634  
-1.907396478  
-12.63715433  
-22.37788895  
-29.65236029  
-32.84177879  
-30.73969997  
-23.22560772  
-11.68282443  
1.155991312  
11.99894554  
18.15195195  
18.54430881  
14.12934738  
7.42460146  
1.353912755  
-2.104417025  
-2.844279376  
-2.692947401  
-4.559736992  
-11.04623019  
-23.13973607  
-39.56990245  
-57.10209892  
-71.61938923  
-79.51380301  
-78.81032069  
-69.61842415  
-53.83786683  
-34.36902383  
-14.23687704  
4.025089137  
18.60361938  
28.36022359  
32.74351866  
31.83507266  
26.52258362  
18.61162729  
10.63414961  
5.237751694  
4.290133344  
8.063299941  
14.9298267  
21.83754509  
25.48449923  
23.75617456  
16.79571193  
7.17505489  
-1.000312676  
-3.743512829  
1.080971014  
12.69508145  
27.50370107  
40.34500503  
46.39134868  
42.92051583  
30.24579994  
11.47182753  
-8.748219288  
-25.87665022  
-36.87698134  
-40.82086013  
-38.61681069  
-32.16113011  
-23.41902678  
-13.87664061  
-4.522276561  
3.815147749  
10.13839872  
13.29464331  
12.41306924  
7.545666166  
0.1002617177  
-7.300924274  
-11.63102386  
-10.66788536  
-4.067468942  
6.245521061  
16.65156631  
23.22023509  
23.34980393  
16.9453815  
6.577827195  
-3.503793861  
-9.128504994  
-7.997822198  
-0.7500863858  
9.172045144  
16.8153296  
17.64762314  
9.349159773  
-7.238481869  
-28.34511258  
-48.5433116  
-62.52557158  
-66.71091025  
-60.14209701  
-44.46631192  
-23.15497815  
-0.3584815489  
20.16962116  
35.78092759  
45.19235453  
48.39402604  
46.37038528  
40.76006846  
33.49440669  
26.40139882  
20.78135185  
17.04012349  
14.53589109  
11.78687188  
7.07150231  
-0.7374196998  
-11.4251104  
-23.1389166  
-32.77500454  
-37.00427356  
-33.59476968  
-22.50018371  
-6.219154128  
10.80867627  
23.61283672  
28.39910749  
23.89136133  
11.7696589  
-3.974041113  
-18.50234081  
-27.82863229  
-30.07194711  
-25.80982574  
-17.46500866  
-8.07256934  
-0.01154414697  
5.748551123  
9.612799631  
12.65398308  
15.65986004  
18.45753559  
19.87531921  
18.36874133  
12.99398881  
4.223185471  
-5.846557392  
-14.06414565  
-17.38258559  
-14.12680997  
-4.819494309  
7.815067325  
19.70682476  
26.83677759  
26.63224621  
18.82985836  
5.499210122  
-9.739456102  
-22.96485431  
-31.18477927  
-33.11444866  
-29.29070244  
-21.58308906  
-12.37576064  
-3.768099619  
2.935642261  
7.345189676  
9.783534925  
10.94222044  
11.57074684  
12.30155689  
13.60781024  
15.82168755  
19.1315552  
23.52286588  
28.69379247  
34.01539146  
38.60011386  
41.4881608  
41.89640944  
39.43388511  
34.19230767  
26.67325246  
17.58516267  
7.60075375  
-2.821144076  
-13.47770209  
-24.3187559  
-35.25316156  
-45.95305879  
-55.74160286  
-63.61422671  
-68.39474369  
-68.98721594  
-64.66235275  
-55.31272422  
-41.61796888  
-25.071115  
-7.831698618  
7.604106329  
18.88462337  
24.34992069  
23.50904201  
17.29002213  
7.937591731  
-1.479331936  
-7.862586764  
-8.973466037  
-4.142899025  
5.445195502  
17.02597032  
27.03250054  
32.15706077  
30.36372236  
21.52634005  
7.482566807  
-8.511823586  
-22.74741482  
-32.12974837  
-35.01274233  
-31.54902799  
-23.47816283  
-13.46116596  
-4.208444144  
2.302730428  
5.280491153  
5.130906087  
3.079481516  
0.5809424019  
-1.246505031  
-1.955726424  
-1.773551221  
-1.309511059  
-1.126009613  
-1.38023941  
-1.711346066  
-1.437379321  
0.02011211677  
2.684158645  
5.780627856  
7.877459778  
7.417949764  
3.476461782  
-3.570960753  
-11.78690651  
-18.02674556  
-18.88055607  
-11.92263891  
3.178294203  
24.14455878  
46.44746984  
64.5102197  
73.40565847  
70.48582477  
56.36859975  
34.9073201  
12.11645736  
-5.612029502  
-13.42179778  
-9.416854614  
4.841917452  
24.8888433  
44.73117449  
58.58680752  
62.44576822  
55.02582668  
37.9193959  
14.98187728  
-8.788932732  
-28.53999041  
-40.68708187  
-43.63558588  
-37.98255167  
-26.20454491  
-11.94040238  
0.9482811728  
9.310412022  
11.40184232  
7.165482449  
-1.977211253  
-13.74887357  
-25.83853907  
-36.62885832  
-45.5566106  
-52.97118889  
-59.55873452  
-65.59372893  
-70.37693064  
-72.16408579  
-68.69365993  
-58.15566588  
-40.2203239  
-16.66808028  
8.721973194  
31.091456  
45.96722966  
50.75816822  
45.71490397  
33.95102424  
20.46141771  
10.45186266  
7.564108022  
12.63571896  
23.44586611  
35.54044867  
43.83365559  
44.40057018  
35.81421362  
19.55628486  
-0.6174675118  
-20.08875886  
-35.01434982  
-43.56869591  
-46.336818  
-45.73978683  
-44.75594758  
-45.47734205  
-48.10402447  
-50.80310219  
-50.50463344  
-44.3160579  
-30.96416513  
-11.63828492  
10.16426541  
29.78222202  
43.09071377  
48.06357811  
45.52736644  
38.75387458  
32.02737893  
28.77743553  
30.08886123  
34.26695722  
37.69419991  
36.63812241  
29.21518292  
16.59770123  
2.843048895  
-6.678241605  
-7.633795457  
1.163452368  
16.87455517  
33.47021299  
44.03022862  
43.58282046  
31.2723099  
10.88325851  
-10.56650018  
-25.61610676  
-29.37162803  
-21.45629587  
-6.071181187  
9.843358488  
19.52773767  
19.12264343  
9.019193824  
-6.694880824  
-22.35893459  
-33.39604694  
-38.25102976  
-38.72678231  
-38.61321147  
-41.32467557  
-47.740118  
-55.35167737  
-59.20673417  
-54.26863103  
-38.11622632  
-12.69071693  
15.81757877  
39.03539557  
49.63565458  
44.38780104  
25.71302256  
1.027253012  
-19.93196437  
-28.76213964  
-21.59454828  
-0.5789328662  
26.91414961  
51.04184718  
63.11520733  
58.73000814  
39.26639154  
11.27442225  
-15.94316811  
-33.61092126  
-36.43268956  
-24.21799138  
-1.70818037  
23.22805057  
42.32461829  
49.6136847  
43.20648268  
25.64042666  
2.775165487  
-18.30531059  
-31.6303822  
-34.13217456  
-26.32755799  
-11.74560365  
4.599636673  
18.06162724  
25.82574202  
27.46240772  
24.44287472  
18.93629628  
12.51040507  
5.384247003  
-3.393135904  
-14.92625097  
-29.1502136  
-43.93970568  
-55.24174043  
-58.36569155  
-49.98689674  
-29.99950092  
-2.302939592  
26.00896026  
46.91451511  
54.37211282  
46.69453769  
27.3562374  
3.807204439  
-15.30578732  
-23.42408508  
-18.54617145  
-3.882646045  
13.54876593  
25.78363342  
27.04241179  
15.88142289  
-4.429787094  
-27.3352701  
-45.53186961  
-53.55282012  
-49.42847688  
-34.94189552  
-14.61230881  
6.001884903  
21.96001856  
30.03838792  
29.12201055  
20.05807628  
5.256335304  
-11.77510346  
-26.95985253  
-36.3634533  
-37.12917219  
-28.46294429  
-12.26525879  
7.039233103  
23.68915521  
32.55268301  
31.17591073  
21.00934379  
7.123118255  
-3.677494324  
-5.68664417  
3.094045201  
19.77492209  
37.48258753  
48.10277139  
45.7557115  
29.49350101  
3.982108505  
-22.21223348  
-40.04743323  
-43.67226555  
-32.73879336  
-12.3645873  
9.194073427  
24.07121703  
27.92157937  
21.285627  
8.688567701  
-3.952414981  
-12.26783393  
-15.27696432  
-15.29134107  
-16.04346374  
-20.10291893  
-26.99376444  
-33.05766426  
-33.2052129  
-23.71142813  
-4.637378909  
19.41490417  
40.73097518  
51.5588085  
47.47282337  
29.48144179  
3.87219412  
-20.19548271  
-34.32530205  
-34.18105422  
-21.05354685  
-1.097582658  
17.32959727  
27.00727307  
24.43955698  
10.70494197  
-9.579851919  
-30.49941394  
