27.36564769  
25.41191817  
16.61853146  
3.401129396  
-9.132468982  
-14.94806255  
-9.607209111  
7.52550667  
32.44177172  
57.54490981  
74.32612374  
76.64382054  
63.25829986  
38.523913  
10.88001436  
-10.29615303  
-18.21993508  
-11.19078341  
6.93810448  
28.44425156  
44.82204872  
49.97298433  
42.23093616  
24.51066585  
2.693638241  
-16.91587443  
-29.92779435  
-35.06861173  
-33.91839424  
-29.5292736  
-24.72182727  
-20.89114814  
-17.79618363  
-14.26670145  
-9.312825795  
-2.982144148  
3.486011831  
8.23592625  
9.724372593  
7.454415921  
2.10199773  
-5.01435221  
-12.78919972  
-20.98677562  
-30.27881816  
-41.590699  
-55.08873051  
-69.38612179  
-81.48564733  
-87.63391718  
-84.79350597  
-72.08805103  
-51.52051205  
-27.55373462  
-5.646476102  
9.679739513  
16.43385235  
15.73469368  
11.14243756  
7.05241309  
6.860231448  
11.67864274  
20.11180374  
29.1048067  
35.41962738  
37.05092103  
33.98117816  
28.02145349  
21.91275473  
18.16792805  
18.18644654  
21.97373675  
28.46560532  
36.1748584  
43.77244707  
50.32667665  
55.16930894  
57.59069686  
56.66019267  
51.37592616  
41.12845716  
26.24292394  
8.272381531  
-10.19408075  
-26.21046649  
-37.38893995  
-42.65795263  
-42.52078329  
-38.69464721  
-33.29690003  
-27.95408781  
-23.23746253  
-18.66351476  
-13.21993134  
-6.12642035  
2.563837054  
11.82447538  
20.04053311  
25.71684105  
28.14821567  
27.7129815  
25.63900101  
23.3546546  
21.74302058  
20.6669582  
19.00710121  
15.2100331  
8.10157819  
-2.40961586  
-15.07059208  
-27.60477887  
-37.50000831  
-42.94451241  
-43.52623949  
-40.40560338  
-35.88600505  
-32.54683069  
-32.2736386  
-35.5561257  
-41.31754681  
-47.33387793  
-51.07891919  
-50.67295265  
-45.57453505  
-36.75103305  
-26.25967355  
-16.39608851  
-8.743398666  
-3.509498276  
0.5524724081  
5.563975428  
13.4753215  
24.96390545  
38.75740703  
51.73671226  
59.88384622  
59.78680465  
50.14027241  
32.61738574  
11.67750784  
-6.725649185  
-17.12336619  
-16.47308424  
-5.30037964  
12.43498084  
30.73169961  
43.67258117  
47.45545397  
41.54171308  
28.50656678  
12.72393488  
-1.499328529  
-11.51751036  
-17.00868161  
-19.49973796  
-21.0795573  
-22.99433928  
-24.84686793  
-24.8034054  
-20.70067332  
-11.48385497  
1.775267103  
15.84971685  
26.42043803  
29.80409266  
24.5782847  
12.35152744  
-2.707304384  
-15.41491027  
-21.54786587  
-19.41084205  
-10.35022743  
1.963012198  
13.12134423  
19.72516173  
20.54481084  
16.67026596  
10.69361144  
5.390959429  
2.544214237  
2.406626752  
3.960886535  
5.723552777  
6.615882479  
6.445183278  
5.79357745  
5.44963664  
5.761474557  
6.316483559  
6.155383958  
4.417230557  
1.054152309  
-2.812363765  
-5.158042232  
-3.893919885  
2.08291598  
12.13071343  
23.80177019  
33.58292297  
38.17367772  
35.77714476  
26.84941958  
13.96981042  
0.8650450494  
-9.020065623  
-13.82341957  
-13.91416912  
-11.64190507  
-10.31105109  
-12.81272656  
-20.46359945  
-32.49075205  
-46.32338485  
-58.5273225  
-65.98538792  
-66.87009053  
-61.0808804  
-50.06162494  
-36.15990023  
-21.84151394  
-9.075932064  
0.9210448019  
7.593427661  
10.76813723  
10.42375576  
6.671667465  
-0.03527449392  
-8.612331658  
-17.20551764  
-23.40766237  
-24.87383684  
-20.17346676  
-9.5473907  
4.798997022  
19.10458389  
29.13661802  
31.62425925  
25.51747999  
12.54767802  
-3.205728164  
-16.6581784  
-23.50543065  
-21.76704213  
-12.46198889  
0.8799032627  
13.68770816  
22.19513428  
24.87976083  
22.87616972  
19.19082288  
17.08770673  
18.40525417  
22.61489558  
27.10151358  
28.57001698  
24.92132568  
16.66500239  
7.09386891  
0.9948017368  
2.370985476  
12.18540524  
27.2328116  
40.83148296  
45.25035376  
34.9832832  
9.515539159  
-25.67114878  
-60.44947005  
-83.39191062  
-85.89915461  
-65.52091353  
-27.14932009  
18.42401662  
58.07337214  
80.7000187  
80.79003013  
59.92770146  
25.8477833  
-10.46067568  
-38.42136666  
-50.97719924  
-46.17221462  
-26.92518095  
0.6001099771  
29.2102924  
52.64532721  
66.75975181  
69.8350374  
62.28139229  
46.10787471  
24.42742386  
1.044765499  
-19.99252274  
-35.0130037  
-41.49649907  
-38.79547995  
-28.47823244  
-14.03734484  
0.05704375938  
9.682040677  
12.28471929  
7.530821084  
-2.861779038  
-15.99483114  
-28.95152996  
-39.72681137  
-47.54834693  
-52.53265663  
-54.96193615  
-54.64992932  
-50.80027201  
-42.47606759  
-29.44285754  
-12.90423778  
4.348992956  
18.59302891  
26.44889369  
26.26151722  
18.94772165  
7.87048597  
-2.291170113  
-7.255274018  
-4.735076618  
4.747285255  
18.17010015  
31.29755789  
40.37381651  
43.49162889  
41.06572286  
35.25645191  
28.66748926  
22.96137153  
18.05684545  
12.28475902  
3.422154927  
-9.893975979  
-27.05713891  
-45.24054172  
-60.1731785  
-67.6465894  
-65.11906685  
-52.73030866  
-33.28965083  
-11.24257745  
8.940635919  
24.27072686  
34.01697846  
39.46624653  
42.82853115  
45.82934136  
48.66000654  
49.7857508  
46.71611769  
37.39447095  
21.56537851  
1.460445519  
-18.58056625  
-33.48147896  
-39.28192001  
-34.72213914  
-21.88771689  
-5.601187685  
8.250900429  
14.83221276  
12.09867613  
1.490951771  
-12.69038308  
-24.97851202  
-30.83742874  
-28.34736135  
-18.83864255  
-6.257508385  
4.450750638  
9.280314862  
6.657902938  
-2.076785004  
-13.35181433  
-22.89139177  
-27.45247597  
-26.06925418  
-20.32110094  
-13.54102749  
-9.304855206  
-9.822525568  
-14.88628359  
-21.81043664  
-26.41176869  
-24.67730474  
-14.49330109  
3.231863373  
24.51708037  
43.42074101  
53.9878761  
52.38593014  
38.47797289  
16.23340203  
-7.255746935  
-23.91545101  
-27.3311692  
-15.01324862  
10.51903307  
42.28459436  
70.92784175  
87.70850533  
87.4014877  
70.09410486  
41.21254969  
9.716055326  
-14.94186863  
-26.0247247  
-21.74986842  
-5.748100308  
14.40341365  
30.0099854  
34.38154323  
25.09352065  
4.591669848  
-20.9918113  
-44.25209704  
-59.15641655  
-62.90319609  
-56.37624058  
-43.19611653  
-27.94476821  
-14.41418995  
-4.60803411  
1.21544937  
3.703913842  
3.386766334  
0.1092153869  
-6.740039273  
-17.35198048  
-30.51930201  
-43.21807452  
-51.16544452  
-50.27828956  
-38.45950698  
-16.88866759  
9.870839027  
35.15132597  
52.43397039  
57.69544675  
50.87530194  
35.83084696  
18.77315542  
5.82006942  
0.6723712116  
3.354063059  
10.49312708  
16.96194488  
18.1385654  
11.83057655  
-0.9007970421  
-16.27306208  
-29.35172145  
-35.9427963  
-34.0374866  
-24.30940197  
-9.609968435  
6.186641385  
19.44745957  
27.68491125  
29.89424752  
26.4059283  
18.50386387  
8.050249375  
-2.789885123  
-11.79436501  
-17.02995019  
-17.34496311  
-12.87825184  
-5.308928875  
2.425209094  
7.020296005  
6.081874369  
-0.7114903307  
-11.12049771  
-20.8875142  
-25.23910525  
-20.82171229  
-7.272752311  
12.2978591  
32.22647946  
46.33129414  
50.27153278  
43.24973669  
28.31895036  
11.13614406  
-2.330021661  
-8.170888818  
-5.987546745  
1.177196745  
8.351228225  
10.88674971  
6.445288513  
-4.145287969  
-17.48448739  
-29.30099906  
-36.4286829  
-38.13165349  
-36.19380471  
-33.78947717  
-33.72908381  
-36.95077615  
-41.98806533  
-45.656004  
-44.60795572  
-37.00582541  
-23.50530395  
-7.100987883  
8.075036174  
18.41948722  
22.213201  
20.07377324  
14.37259111  
7.984273923  
3.028740901  
0.2146469199  
-0.9652316122  
-1.406694491  
-1.48799039  
-0.6613572305  
2.184448624  
7.780551714  
15.52158583  
