-29.18694536  
-30.62805753  
-28.11574974  
-23.13846572  
-16.78013747  
-9.237351811  
0.04275941062  
11.74532058  
25.92473161  
41.46330002  
56.01711972  
66.52496523  
70.14804355  
65.34151336  
52.67496876  
35.05377926  
17.1489474  
4.100912265  
-0.1519411934  
5.639077094  
19.32016439  
35.78016696  
48.53590289  
51.97909697  
43.47920658  
24.50954049  
0.284978134  
-22.0290104  
-35.88782641  
-37.72174473  
-28.13490425  
-11.47816718  
5.999471219  
18.6229862  
23.34752984  
20.57651505  
13.49344316  
6.319865982  
2.355252791  
2.68232831  
6.039072116  
9.770132569  
11.26947786  
9.152945398  
3.620076695  
-4.057045261  
-12.5066582  
-21.06258916  
-29.91589649  
-39.54502765  
-49.80712887  
-59.30598324  
-65.52680002  
-65.80575486  
-58.70659592  
-45.08171248  
-28.17819384  
-12.58753918  
-2.42343846  
0.4567048601  
-2.672647271  
-7.907523042  
-10.4280956  
-6.671504951  
4.029417077  
19.10326619  
33.85713557  
43.53855403  
45.39294506  
39.78403757  
29.90032813  
20.23714296  
14.59986053  
14.55802538  
19.01641189  
25.00491229  
29.21036903  
29.45926305  
25.45156378  
18.47689715  
10.37805882  
2.395680746  
-5.45124633  
-14.11829407  
-24.57796973  
-36.70713958  
-48.67797238  
-57.26846162  
-59.04432147  
-51.90938568  
-36.30401603  
-15.45326721  
5.524177131  
21.33549825  
28.38554753  
26.05369183  
16.8752744  
5.568372448  
-2.705216578  
-4.187547401  
2.180450938  
14.43823736  
28.31593125  
38.68630785  
41.25526936  
33.95558364  
17.63509574  
-4.141735101  
-26.1056331  
-42.81409741  
-50.26406337  
-47.1120054  
-35.11600994  
-18.62457142  
-3.223119819  
6.06310841  
6.424759482  
-1.798487521  
-15.26973394  
-28.87460389  
-37.58699639  
-38.29237695  
-30.87298398  
-18.13293268  
-4.595882752  
5.338615732  
9.136266467  
7.068929832  
1.994065638  
-1.908276929  
-0.9034855893  
6.74752954  
20.05751285  
35.64709984  
48.95864505  
55.84461604  
53.93723801  
43.35615607  
26.60708989  
7.817732381  
-8.364254135  
-17.87147695  
-18.08069013  
-8.340648794  
9.845816448  
32.98093667  
56.08846915  
73.59834249  
80.52955279  
73.75960097  
53.03757951  
21.36649187  
-15.48819039  
-50.3334298  
-76.38220725  
-89.01934395  
-86.92114264  
-72.16757961  
-49.35173048  
-24.0553994  
-1.260890312  
15.7661682  
25.83974709  
29.51358151  
28.3544597  
24.22376388  
18.83922563  
13.65756436  
9.909484353  
8.555544627  
10.0386893  
13.91663358  
18.63379105  
21.71322173  
20.48256569  
13.15774515  
-0.1468396666  
-16.98793871  
-33.07159059  
-43.5899666  
-44.96070113  
-36.26816432  
-19.76774953  
-0.1761784875  
17.01451845  
27.52074951  
29.71873113  
24.95202767  
16.58700724  
8.274445159  
2.241064131  
-1.577574541  
-5.148213374  
-10.88614983  
-19.86297655  
-30.60731995  
-39.19180351  
-40.71183266  
-31.58002465  
-11.60882848  
15.14532821  
41.32034067  
58.7409595  
61.51648297  
48.45348976  
23.71012781  
-4.678066263  
-27.86874931  
-39.64095908  
-38.75062254  
-29.20700841  
-18.33786866  
-13.46149642  
-18.59441938  
-32.6211393  
-49.72789563  
-61.92006908  
-62.53506303  
-49.22638523  
-25.12630875  
2.309848119  
24.26591271  
34.04892014  
29.61334546  
14.09835675  
-5.753017977  
-22.50367895  
-30.93767935  
-29.73833682  
-21.325353  
-10.1232708  
-0.2318297808  
6.333939666  
10.04230256  
12.83409852  
16.38513627  
20.67590869  
23.70635188  
22.55589632  
15.24121163  
2.355873894  
-12.46685177  
-23.65937254  
-25.98795327  
-16.95154468  
1.849266216  
25.08857521  
45.73639128  
57.83621084  
58.78266894  
50.07799895  
36.27866014  
22.70783264  
13.08140205  
8.192234954  
6.220512234  
4.388149357  
0.9815701609  
-3.408794091  
-6.148911946  
-4.214635868  
3.658817893  
15.56041324  
26.63469501  
31.04925418  
24.8567389  
8.353383954  
-13.33854005  
-31.95435228  
-39.44741705  
-31.57624349  
-10.06537197  
17.73778762  
41.67903757  
52.92308588  
47.60581057  
28.41429244  
3.409734613  
-17.37303552  
-26.04880488  
-19.95213009  
-2.400625539  
19.04549718  
35.92887773  
42.31449529  
36.83770722  
22.65761535  
5.574807012  
-8.653266797  
-16.53641422  
-17.72609845  
-14.38695686  
-9.629567029  
-5.920716931  
-4.243981403  
-4.275853514  
-5.262141869  
-6.943206769  
-9.931883979  
-15.33338137  
-23.87441457  
-35.10467243  
-47.19381151  
-57.50252174  
-63.65930354  
-64.57923946  
-60.87884954  
-54.46329816  
-47.50879586  
-41.38881842  
-36.12118639  
-30.62539788  
-23.63389733  
-14.73678016  
-4.955201273  
3.51678298  
8.316639443  
8.165242114  
3.709622758  
-2.518309065  
-7.067522363  
-7.031824824  
-1.326207229  
8.831695563  
20.46351336  
30.13596563  
35.4134106  
35.78744805  
32.68391536  
28.59791297  
25.81651477  
25.35736233  
26.61247035  
27.82051761  
27.08814449  
23.43591798  
17.36468457  
10.69658366  
5.801401436  
4.595393446  
7.775539777  
14.6058254  
23.29429702  
31.73448111  
38.24893819  
42.01839811  
43.06205148  
41.85349013  
38.8106113  
33.927592  
26.72621482  
16.54865251  
3.065227679  
-13.21959164  
-30.68471495  
-46.68885918  
-58.08447187  
-62.05357449  
-57.0465012  
-43.52584598  
-24.22053411  
-3.698065034  
12.7338942  
20.53740712  
17.40127923  
4.117677998  
-15.50635684  
-35.76593344  
-50.86926888  
-56.80437972  
-52.5608042  
-40.23467821  
-23.99443867  
-8.360307341  
3.459856533  
10.47648735  
13.72869376  
15.18276542  
16.33681837  
17.2785946  
16.69879817  
12.85870009  
4.994496283  
-5.622287859  
-15.61749947  
-20.61403643  
-17.07912797  
-4.08771139  
15.85316601  
37.37830454  
54.06833451  
60.75303231  
55.3552538  
39.53198167  
17.91239484  
-3.657982622  
-20.07547588  
-28.35796568  
-28.02842368  
-20.59332755  
-8.590407827  
5.24517257  
18.38115365  
28.51490579  
33.56058216  
31.93293303  
23.19239704  
8.742470779  
-7.951940721  
-22.05593408  
-28.96941802  
-26.30484309  
-15.33660463  
-1.083789029  
9.286760829  
9.279052926  
-4.007157583  
-28.14957134  
-55.76716759  
-76.99946658  
-83.18547527  
-70.25814999  
-40.4431818  
-1.558575899  
35.77549214  
61.84301907  
70.9576851  
62.8544762  
42.01312773  
15.47109095  
-9.768902555  
-28.65098489  
-38.72797477  
-39.70671216  
-32.52120158  
-18.65198129  
-0.05386725847  
20.4844787  
39.1092091  
51.34767888  
53.37232505  
43.64896815  
24.1401509  
0.2788680287  
-20.56629571  
-31.67763156  
-29.58215627  
-15.497342  
5.076590868  
24.50316175  
35.9856868  
36.08900946  
25.75080529  
9.446942143  
-6.972045972  
-18.69245487  
-23.50465626  
-21.95431995  
-16.26460121  
-8.808802797  
-1.037621314  
6.614818894  
13.97419966  
20.18387457  
23.3574044  
21.22691345  
12.53082374  
-1.665358409  
-17.62601927  
-30.04565707  
-34.27606718  
-28.65810609  
-15.71830516  
-1.43177526  
7.323904192  
6.042275733  
-4.978725424  
-20.33478595  
-31.67837398  
-31.48713898  
-16.73038075  
9.327596296  
38.14382223  
59.38324043  
65.34169252  
54.28444839  
31.1482334  
5.270766677  
-13.80122258  
-20.47628277  
-15.33368099  
-4.407724089  
4.044825729  
3.697272015  
-6.774907833  
-23.14353948  
-37.79926869  
-43.53420351  
-37.07233134  
-20.64539977  
-0.889766285  
14.35447318  
19.75955853  
14.94181913  
4.459762021  
-4.581686974  
-6.135874048  
1.712117339  
15.6653462  
28.62764663  
32.93729783  
23.92180476  
2.159856328  
-26.53908829  
-53.38293835  
-70.04633666  
-71.827528  
-59.23127237  
-37.44447802  
-14.08709989  
3.71021033  
11.69023947  
9.467673864  
-0.03594053402  
-12.24736771  
