9.392667675  
-2.85087209  
-16.48841336  
-27.55612554  
-32.42045766  
-28.99854826  
-17.44447826  
-0.1002990732  
19.22325493  
36.35441351  
47.88365334  
51.97030208  
48.6392464  
39.54860401  
27.36052016  
14.93704319  
4.600824792  
-2.347281148  
-5.752199112  
-6.380943027  
-5.463283411  
-4.17726239  
-3.265019978  
-2.906469683  
-2.867283782  
-2.818333734  
-2.645738391  
-2.575895794  
-3.033378249  
-4.295267845  
-6.131854659  
-7.665273618  
-7.593095177  
-4.747900426  
1.23103887  
9.44509891  
17.78798614  
23.58351191  
24.61456491  
20.12494552  
11.32487878  
1.099864329  
-7.043352248  
-10.40539255  
-8.295822406  
-2.45180242  
3.579037861  
5.900702623  
1.996980648  
-8.011915575  
-21.15934033  
-32.62417798  
-37.57123084  
-33.11234842  
-19.58511273  
-0.6081993916  
18.13570234  
30.92391536  
34.03920537  
27.05263668  
12.87896486  
-3.370815502  
-16.25480409  
-21.85812062  
-18.97225492  
-9.235505437  
3.709131429  
15.63011724  
23.13435246  
24.61731881  
20.49382546  
12.7588314  
4.146923067  
-2.76472541  
-6.229625203  
-5.648308932  
-1.541172082  
4.716310038  
11.27440484  
16.21654361  
17.94581491  
15.51854199  
8.883029335  
-1.040714953  
-12.49891174  
-23.2751177  
-31.23118405  
-34.87634368  
-33.78475733  
-28.71177347  
-21.35408222  
-13.82530782  
-8.024263658  
-5.113205858  
-5.278448946  
-7.83463515  
-11.59982544  
-15.37179365  
-18.30910487  
-20.08041525  
-20.75625106  
-20.53698814  
-19.47915101  
-17.37592052  
-13.86416307  
-8.711955468  
-2.138177338  
5.018670496  
11.41239306  
15.58858806  
16.53786509  
14.1736978  
9.507329815  
4.396936646  
0.9232893056  
0.6126012973  
3.817227713  
9.524287017  
15.70155834  
20.06734952  
20.98580403  
18.12068661  
12.57183672  
6.432000456  
1.950709331  
0.6618047241  
2.846161109  
7.546256044  
13.09645934  
17.8962332  
21.04695861  
22.54954779  
22.98691627  
22.88259654  
22.10520844  
19.68084248  
14.18080517  
4.553654571  
-8.982790393  
-24.45824328  
-38.39989687  
-46.82745727  
-46.65755018  
-36.96514768  
-19.56634318  
1.358398762  
20.49924377  
33.06348456  
36.22986688  
29.89966206  
16.52933547  
0.1881579997  
-14.74577868  
-24.76673774  
-27.9449345  
-24.04822602  
-14.21621954  
-0.4440879822  
14.89469006  
29.38653327  
40.81589956  
47.4014716  
48.08336913  
42.80401583  
32.63577359  
19.60947037  
6.212274791  
-5.310245967  
-13.58248171  
-18.38772042  
-20.48582092  
-21.05047861  
-21.01028498  
-20.63291603  
-19.56933198  
-17.32837375  
-13.90400528  
-10.16952267  
-7.747244589  
-8.332789718  
-12.76075374  
-20.28659668  
-28.51312039  
-34.11365291  
-34.11940715  
-27.23466142  
-14.57579328  
0.5481256207  
13.77938995  
21.32462138  
21.3582608  
14.62239397  
3.98798306  
-6.7939152  
-14.56965268  
-17.83569595  
-16.94542137  
-13.47184279  
-9.127674166  
-4.830719234  
-0.3868695695  
5.084082037  
12.25640992  
20.76354195  
28.91658844  
34.18267127  
34.23121895  
28.0494938  
16.57230004  
2.492869926  
-10.68674399  
-19.9431816  
-23.77556102  
-22.54880236  
-18.02135533  
-12.33278196  
-6.969607358  
-2.214005523  
2.68483113  
8.747408442  
16.33786941  
24.57955523  
31.4402001  
34.47718491  
31.9051666  
23.48628216  
10.82305062  
-3.091568689  
-14.87842998  
-21.90848658  
-23.1137466  
-19.18609841  
-12.15328167  
-4.57374993  
1.294528799  
4.052039476  
3.31873548  
-0.4331697272  
-6.191688722  
-12.68629477  
-18.56056907  
-22.47691563  
-23.25293739  
-20.09911508  
-12.92483503  
-2.581159844  
9.127349109  
19.76284665  
26.86843147  
28.69120935  
24.75351031  
16.0467149  
4.761460668  
-6.354601452  
-14.78135815  
-18.88348685  
-18.24059806  
-13.59173186  
-6.478004371  
1.245359348  
7.857168615  
12.07281941  
13.18542437  
11.09123245  
6.257189965  
-0.3438134226  
-7.34714301  
-13.1962345  
-16.44071298  
-16.09257419  
-11.94186671  
-4.714154729  
4.020583403  
12.20083556  
17.80957281  
19.44273524  
16.7361899  
10.51269649  
2.590492755  
-4.705316797  
-9.198407835  
-9.501666065  
-5.454019552  
1.785527088  
10.03812564  
16.73527524  
19.70806145  
17.89526127  
11.73263444  
3.06953208  
-5.38989721  
-10.95434455  
-11.82920142  
-7.701543274  
0.1922732308  
9.540766689  
17.78711256  
22.98508572  
24.34563696  
22.2750677  
17.93249238  
12.5461041  
6.830275188  
0.7850279834  
-6.035480589  
-13.94011215  
-22.52610006  
-30.44835229  
-35.71183691  
-36.41304613  
-31.62350167  
-22.0117954  
-9.88800696  
1.406267429  
8.558098378  
9.391444827  
3.597460081  
-7.184367913  
-19.94030756  
-31.26729875  
-38.38728229  
-39.84082713  
-35.67349179  
-27.14215361  
-16.1354571  
-4.560797932  
6.102369413  
14.99744703  
21.86063702  
26.85104241  
30.32914009  
32.63875148  
33.92432927  
34.01469505  
32.41966218  
28.48522476  
21.70860756  
12.13243313  
0.6565646071  
-10.91925899  
-20.23444676  
-25.04577624  
-24.02302329  
-17.33591039  
-6.742476664  
4.922521056  
14.69790154  
20.50534327  
21.78268447  
19.45745987  
15.27693524  
10.82171225  
6.696319601  
2.314759942  
-3.589611594  
-11.97599638  
-22.54391619  
-33.35317613  
-41.29672903  
-43.28967765  
-37.65684302  
-25.05563582  
-8.4450481  
7.959732669  
20.32518713  
26.70354019  
27.711133  
26.05323738  
25.10274347  
27.1872592  
32.387104  
38.41525355  
41.64757848  
38.83234409  
28.68959459  
12.66162039  
-5.528353291  
-21.30455585  
-31.00534343  
-33.2082168  
-29.06292623  
-21.55519243  
-14.10455547  
-9.167685231  
-7.455383836  
-8.033032449  
-9.137592893  
-9.228350105  
-7.733826829  
-5.171839166  
-2.670050427  
-1.21796959  
-1.082629438  
-1.688815772  
-1.984085425  
-1.043500926  
1.44415436  
5.07126324  
9.014750236  
12.53646359  
15.36321366  
17.71255848  
19.95306538  
22.1179325  
23.59672372  
23.2429185  
19.90249259  
13.1120653  
3.586582209  
-6.812567225  
-15.68612786  
-21.03999548  
-22.12700008  
-19.77377899  
-16.01381981  
-13.18157386  
-12.88811309  
-15.35977749  
-19.44340772  
-23.25466483  
-25.13032361  
-24.40625012  
-21.64163461  
-18.20389239  
-15.45805392  
-14.00677794  
-13.39512323  
-12.44588033  
-10.05321401  
-6.00941809  
-1.400774552  
1.688570238  
1.083878059  
-4.36040128  
-13.9579032  
-25.11586209  
-34.08154481  
-37.23658609  
-32.41822643  
-19.73336257  
-1.546934244  
18.32653424  
35.88292448  
48.14127686  
53.87359052  
53.64993416  
49.28518445  
42.98750621  
36.57294772  
31.015173  
26.41797437  
22.31478463  
18.09730839  
13.37487474  
8.145892532  
2.76821477  
-2.205754986  
-6.234455573  
-8.95345658  
-10.26041224  
-10.30868471  
-9.42298361  
-7.961707878  
-6.166634956  
-4.052714925  
-1.395908668  
2.146305128  
6.797157538  
12.38797942  
18.17969688  
22.9025369  
25.06707947  
23.48189723  
17.79920456  
8.858478289  
-1.356094445  
-10.19025054  
-15.09894242  
-14.46541875  
-8.164081235  
2.342456404  
14.40610924  
24.94743059  
31.29606277  
31.84969373  
26.38116255  
15.97006488  
2.65552733  
-11.04104161  
-22.60074614  
-29.93894767  
-31.77198548  
-27.90623777  
-19.39503352  
-8.466958811  
1.858724826  
8.466979288  
9.007536737  
2.653416064  
-9.543234501  
-24.89245867  
-39.88234995  
-51.30285099  
-57.25612249  
-57.65034087  
-53.9757161  
-48.46487713  
-43.01424406  
-38.35193873  
-33.83006283  
-27.930213  
-19.23647287  
-7.402945707  
6.364608636  
19.57406816  
29.37171938  
33.72320387  
32.31342268  
26.74079346  
19.89042551  
14.74024155  
13.10942621  
14.89314062  
18.11833146  
19.80566764  
