-13.61087296  
-26.50422247  
-36.49336615  
-40.72920139  
-38.12624018  
-29.91073769  
-19.27880582  
-10.2478514  
-6.129282475  
-8.229526964  
-15.31275648  
-24.05878269  
-30.34204456  
-30.8214751  
-24.20424986  
-11.68900165  
3.561524149  
17.667099  
27.46192337  
31.52772277  
30.44402935  
26.22357821  
21.24929763  
17.22025343  
14.57252959  
12.59169941  
10.10148573  
6.345841009  
1.604601845  
-2.777508112  
-4.976584035  
-3.613461373  
1.436736238  
8.765882727  
15.86627526  
20.12668583  
19.96820735  
15.60508296  
9.058371532  
3.367447367  
1.306112975  
4.149023301  
11.04290448  
19.29632641  
25.50948537  
27.08421824  
23.45894746  
16.49411191  
9.776139974  
7.072403865  
10.56268912  
19.61513361  
30.69321058  
38.53093496  
38.17802333  
27.11765206  
6.577282763  
-18.56482031  
-41.32459072  
-55.06518382  
-55.92143495  
-44.24199811  
-24.46519923  
-3.462029948  
12.00976622  
17.74348677  
13.46797514  
2.66683342  
-9.042884153  
-16.2781475  
-16.03389473  
-8.764587652  
1.970520251  
11.07493862  
13.99907379  
8.483339198  
-4.694811615  
-22.17111635  
-39.34493462  
-52.00815095  
-57.59795797  
-55.66735944  
-47.55221804  
-35.55068752  
-22.06869123  
-9.088001062  
1.94313845  
9.956883604  
14.13691576  
14.02915985  
9.893063124  
3.064632214  
-3.996814149  
-8.206078328  
-6.850958548  
1.251153784  
14.95685631  
30.80973932  
44.0068324  
50.04327648  
46.42030147  
33.70925065  
15.4848387  
-2.908251184  
-16.29672594  
-21.55768988  
-18.67238727  
-10.53268966  
-1.600091508  
4.001744807  
4.153014758  
-0.5221098628  
-7.111210077  
-11.8167748  
-11.66441401  
-5.777065084  
4.299825837  
15.29662091  
23.57433603  
26.51514546  
23.36929507  
15.27377812  
4.552962692  
-6.284411617  
-15.35992259  
-21.72878652  
-25.15809425  
-25.65062779  
-23.09327898  
-17.29531067  
-8.407691167  
2.557489425  
13.5091604  
21.64750803  
24.40643115  
20.61076191  
11.29440993  
-0.3056448263  
-9.733522207  
-12.97970602  
-8.1669524  
3.488886587  
17.93602826  
29.75029648  
34.25944072  
29.45813307  
16.89150258  
1.097509172  
-12.19271204  
-18.36102505  
-15.75165576  
-6.290366451  
5.375780061  
13.8352622  
15.12511449  
8.270473167  
-4.460936955  
-18.63236777  
-29.51353962  
-33.92109799  
-31.25646737  
-23.37726174  
-13.47788691  
-4.577857577  
1.663345665  
5.30457287  
7.591493663  
9.904078644  
12.77846401  
15.51470973  
16.55256893  
14.38980121  
8.542374307  
0.03227476718  
-8.863766477  
-15.49514462  
-17.92468517  
-15.70493986  
-9.988409296  
-2.951662912  
3.158284811  
6.883241995  
7.930068624  
6.94753203  
4.904946028  
2.465868409  
-0.2791532031  
-3.588851778  
-7.525731007  
-11.464866  
-14.02405146  
-13.55686246  
-9.02113593  
-0.7838529005  
9.111968634  
17.46878841  
21.11520044  
18.2637863  
9.423421657  
-2.600729831  
-13.69071749  
-20.00324643  
-19.48542663  
-12.65651012  
-2.311024586  
7.71578073  
14.15974866  
15.59402276  
12.80172437  
8.133277767  
4.199811645  
2.551744706  
2.975835732  
3.725619593  
2.542861903  
-2.054412585  
-9.859533638  
-18.89198813  
-26.18381177  
-29.06302953  
-26.3249754  
-18.74283957  
-8.688011232  
0.9487569591  
8.024080224  
12.00982373  
14.07681388  
16.37708592  
20.87453595  
28.26502936  
37.46998775  
45.91949135  
50.49318673  
48.71927197  
39.749512  
24.7488598  
6.59103761  
-10.98877061  
-24.46109549  
-31.44157105  
-31.24702272  
-24.96537383  
-15.0768716  
-4.757067661  
2.966490278  
6.019514958  
3.864600629  
-2.302676587  
-9.850548364  
-15.4912625  
-16.37178599  
-11.15069605  
-0.6682533009  
12.10263575  
22.9091564  
27.64844329  
23.88365581  
11.86130738  
-5.410396924  
-23.11716301  
-36.30630907  
-41.63832366  
-38.53442238  
-29.26343695  
-17.94047161  
-8.857773542  
-4.839059254  
-6.283549911  
-11.25583297  
-16.52422804  
-19.05026601  
-17.26711327  
-11.61407498  
-4.15476714  
2.478026985  
6.28332909  
6.685044172  
4.589784153  
1.748141812  
-0.2180193922  
-0.623190492  
0.02819924689  
0.4422116915  
-0.6376559977  
-3.608179175  
-7.611710711  
-10.77954237  
-11.0161888  
-6.968770861  
1.261230273  
11.99232387  
22.48908508  
29.92345205  
32.37389283  
29.4637551  
22.40638493  
13.47768063  
5.162075672  
-0.6735072077  
-3.270907161  
-2.994771971  
-0.932585183  
1.700193562  
4.079850996  
6.014260198  
7.836828221  
10.04073413  
12.84041342  
15.86800925  
18.14694016  
18.37102122  
15.39358757  
8.746772136  
-1.011013951  
-12.26885967  
-22.70443741  
-29.90894379  
-32.1061823  
-28.72705724  
-20.63217558  
-9.884135594  
0.8757655809  
9.246950231  
13.80362479  
14.48295677  
12.48478989  
9.723480499  
8.042256541  
8.495527673  
10.9773179  
14.33464213  
16.90653881  
17.25594477  
14.78383941  
9.970639066  
4.150720669  
-1.071354714  
-4.504477627  
-5.855741767  
-5.810312711  
-5.679835952  
-6.780967398  
-9.820499127  
-14.55562214  
-19.87239728  
-24.2406875  
-26.33877872  
-25.57263321  
-22.26314497  
-17.42773291  
-12.26252215  
-7.567610033  
-3.38621599  
0.9627972022  
6.452746579  
13.69493235  
22.35655727  
30.93962554  
37.08138514  
38.32586896  
33.1099512  
21.58308457  
5.902365439  
-10.18950128  
-22.4334423  
-27.44129461  
-23.91572566  
-13.23571124  
0.8596947559  
13.4366685  
20.00845536  
18.08081742  
8.039563681  
-6.957156611  
-22.0550447  
-32.36059903  
-34.57325405  
-28.00531575  
-14.64670369  
1.691147804  
16.76989075  
27.29209246  
31.73704404  
30.42223377  
24.89384802  
17.02121598  
8.248832247  
-0.6789421458  
-9.481746898  
-17.83305473  
-24.94608111  
-29.55740358  
-30.37247509  
-26.76278496  
-19.33074437  
-9.988693473  
-1.419583317  
3.902990285  
4.716940777  
1.530380029  
-3.548125011  
-7.666101896  
-8.409428554  
-4.796098359  
2.348912734  
10.77980871  
17.77296736  
21.17995616  
20.12485378  
15.08394935  
7.405688934  
-1.403817825  
-10.22198955  
-18.41389099  
-25.51798555  
-30.79937531  
-33.05188481  
-30.89738298  
-23.52782203  
-11.52917505  
2.712112101  
15.39026366  
22.46291763  
21.23061155  
11.63845283  
-3.341917578  
-18.53978459  
-28.39072622  
-29.02701824  
-19.78975634  
-3.507916885  
14.59726458  
28.93601052  
35.65514442  
33.95161204  
26.0806639  
16.12570562  
8.132390746  
4.459571967  
5.054556833  
7.902308076  
10.343837  
10.57468465  
8.585940185  
6.115769145  
5.674054987  
9.152874202  
16.72316792  
26.56487826  
35.56554058  
40.65475668  
40.14154547  
34.42766463  
25.77003697  
17.21343329  
11.19480711  
8.463982178  
7.807019535  
6.68693254  
2.501196608  
-6.11245051  
-18.50023981  
-32.08398815  
-43.28186744  
-48.87554963  
-47.27137737  
-39.16158639  
-27.34299813  
-15.77433304  
-8.227630948  
-7.011744098  
-12.19634085  
-21.57660508  
-31.37161219  
-37.42441835  
-36.53193203  
-27.50234366  
-11.62014005  
7.636362752  
25.56736358  
37.64901934  
40.94294763  
35.07018906  
22.40408674  
7.368506835  
-4.97790245  
-10.62601819  
-7.997051145  
1.482649678  
13.85094667  
23.99217766  
27.45905744  
22.08598015  
8.808173286  
-8.611122053  
-24.84347071  
-34.78621382  
-35.24111956  
-25.90521954  
-9.37287361  
9.785949924  
26.49270878  
36.64842447  
38.17412868  
31.34809818  
18.44713667  
2.914679895  
-11.62995337  
-22.25449679  
-27.27045729  
-26.4267632  
-20.77313213  
-12.26999249  
-3.238098199  
4.245286776  
8.874049245  
10.4242557  
9.730457969  
8.294938463  
7.627327991  
8.540861128  
10.69321358  
12.60362356  
12.2037445  
7.749803897  
