-4.144707135  
-22.81664897  
-44.37797458  
-62.24368989  
-69.99606009  
-63.76971138  
-43.80982881  
-14.5750113  
16.68584971  
42.35444589  
56.94374618  
58.73731579  
49.98270826  
35.64103882  
21.26995198  
10.93620207  
5.992617966  
5.140047841  
5.620662591  
4.903436454  
2.042723757  
-1.91443387  
-4.6189628  
-3.82376308  
1.225479482  
9.128022881  
16.75761074  
20.61375599  
18.47060532  
10.53420815  
-0.4674286772  
-10.34778398  
-15.22364135  
-13.18754679  
-5.133147623  
5.636789232  
14.83307471  
18.97720713  
16.76073781  
9.379271073  
-0.2474417301  
-8.932901673  
-14.61981145  
-17.0449132  
-17.39950241  
-17.23986607  
-17.28813766  
-16.81827238  
-14.00632353  
-7.103162988  
4.182006392  
17.86280109  
29.9664069  
35.94416284  
32.63702568  
19.89725034  
1.058030139  
-18.07019291  
-31.32818205  
-34.58066419  
-27.30945237  
-12.73237979  
3.598156741  
16.08840785  
21.27717698  
18.96148223  
11.85052463  
4.00560899  
-1.136381267  
-2.218312044  
-0.2629439059  
2.220386616  
2.779078721  
0.3772691541  
-4.120341621  
-8.55010304  
-10.76657667  
-9.93352294  
-7.064950391  
-4.497817344  
-4.553578631  
-8.101611819  
-13.82676494  
-18.67189948  
-19.32680865  
-14.06892607  
-4.014448518  
6.939319015  
13.60370914  
11.83969771  
0.7043398338  
-16.63708693  
-33.77210202  
-43.43348274  
-40.4699726  
-24.13375388  
1.333937568  
28.13357671  
47.81422029  
54.47881818  
46.97819942  
29.20615819  
8.406545534  
-7.775568711  
-14.26710358  
-10.3644118  
0.3180524944  
11.63324193  
17.60336043  
14.88906686  
4.038917099  
-10.91052659  
-24.21371767  
-30.76636865  
-28.04759843  
-16.92214131  
-1.090265402  
14.46456298  
25.31989169  
29.00655217  
25.48304728  
16.66079632  
5.341899475  
-5.887562355  
-15.34490844  
-22.3321507  
-26.74665453  
-28.56798182  
-27.57411601  
-23.46092488  
-16.27009743  
-6.828475889  
3.137488942  
11.39055876  
15.98154315  
16.11510294  
12.64572494  
7.891742584  
4.755938193  
5.480251647  
10.57978352  
18.47210436  
26.04241327  
29.9638331  
28.22273672  
21.15385952  
11.4621271  
3.13757401  
-0.3213195818  
2.392456326  
9.565435479  
16.95677942  
19.49459514  
13.49851374  
-1.528153696  
-22.35881045  
-43.06256653  
-57.21283361  
-60.37610771  
-51.82306266  
-34.72063995  
-14.72173453  
2.426207248  
13.19728156  
17.5097737  
18.33490379  
19.90904048  
25.40195169  
35.14230563  
46.23769045  
53.78199904  
53.10590342  
42.0429898  
22.17267933  
-1.535040358  
-22.52862575  
-35.14935756  
-36.70940118  
-28.31818996  
-14.18354689  
0.216794887  
10.24180463  
13.58015931  
10.59696709  
3.57031128  
-4.658623266  
-11.90728421  
-17.20973191  
-20.59322458  
-22.38410548  
-22.56748328  
-20.62919087  
-15.97310228  
-8.634118021  
0.1982688974  
8.246260455  
12.88052336  
12.22170336  
6.066527886  
-3.854054872  
-14.46105953  
-22.51734514  
-25.87209294  
-24.18390382  
-18.80774916  
-11.95440503  
-5.587198624  
-0.6318645302  
3.119688467  
6.422714299  
9.699613377  
12.41622834  
13.11979066  
10.16724378  
2.771908477  
-8.215087955  
-20.26653943  
-29.99217868  
-34.46102132  
-32.40685741  
-24.72154176  
-13.98736426  
-3.28064775  
5.150217433  
10.67148406  
14.14057341  
16.98720897  
20.04313787  
22.80843291  
23.60970201  
20.61424605  
13.16850491  
2.699608645  
-7.408963521  
-13.04926676  
-11.22314046  
-1.605887016  
12.96957528  
27.44066866  
36.51208107  
36.84411226  
28.42991269  
14.52190075  
0.147169817  
-10.07852054  
-13.80523102  
-11.61737199  
-6.263802344  
-0.9127173503  
2.625362264  
4.769985451  
7.685383419  
13.70714395  
23.53744349  
35.21876956  
44.52326679  
46.67996303  
38.65787512  
20.89148167  
-2.450977748  
-24.88239653  
-40.11881781  
-44.58448173  
-38.76193531  
-26.77571012  
-14.41843347  
-6.54676549  
-5.049191939  
-8.290913084  
-12.22702188  
-12.58378587  
-7.032015102  
3.680390412  
16.12946611  
25.89086684  
29.63075299  
26.59049239  
18.78110701  
9.857777051  
3.284825382  
0.7184493366  
1.383059542  
2.69505067  
1.760804218  
-3.037227731  
-11.16432569  
-20.17943875  
-26.94433883  
-29.16444458  
-26.48963233  
-20.64494344  
-14.55745832  
-10.93491905  
-11.00179698  
-13.99376524  
-17.62253624  
-19.25033223  
-17.19223236  
-11.53384857  
-4.114111699  
2.274283763  
5.065781551  
2.951733586  
-3.652434968  
-12.82437117  
-21.85739015  
-28.13745339  
-29.84012909  
-26.26910693  
-17.85099822  
-5.916977427  
7.593844826  
20.455534  
30.52246924  
36.1698742  
36.75055557  
32.90354149  
26.50628906  
20.14987169  
16.22373092  
15.92954209  
18.66636634  
22.14618261  
23.30753695  
19.71769899  
10.86448571  
-1.289329653  
-12.84475267  
-19.47341989  
-18.29636019  
-9.304795931  
4.366786007  
17.53110309  
25.00609925  
23.78141131  
14.33771393  
0.5041332201  
-12.13028697  
-18.5861854  
-16.61841137  
-7.660360944  
3.831318101  
12.34500083  
13.72733453  
6.981707949  
-5.326532567  
-18.21140303  
-26.42837106  
-26.69664106  
-19.02785369  
-6.629267974  
5.508678705  
12.67145999  
12.22284191  
4.424330993  
-7.970711154  
-21.0386937  
-31.25329461  
-36.60223508  
-36.85632245  
-33.03922172  
-26.52089888  
-18.27573532  
-8.679687251  
2.129098044  
13.63516031  
24.52789245  
32.81353278  
36.47949668  
34.40120917  
27.01279065  
16.34714082  
5.358332047  
-3.193517873  
-7.773923488  
-8.522072601  
-6.894575237  
-4.691660693  
-2.976330301  
-1.474087145  
1.191208235  
6.497675869  
14.75949947  
24.28854234  
31.53335556  
32.30307633  
23.64322338  
5.546758859  
-18.34175215  
-41.50068897  
-56.62934269  
-58.31115414  
-45.1708458  
-20.60135728  
8.312029123  
33.30226937  
47.89338622  
49.65541199  
40.84945512  
27.2335217  
15.55867063  
10.80973486  
14.32195823  
23.50007263  
33.1728729  
37.93002942  
34.410345  
22.58684398  
5.578096789  
-11.82644322  
-25.1982679  
-32.14328824  
-32.92749781  
-29.88729884  
-26.0170851  
-23.47297455  
-22.7107348  
-22.61970873  
-21.50250298  
-18.33401511  
-13.608065  
-9.302033077  
-7.941092107  
-11.2106086  
-18.81182056  
-28.17139935  
-35.22700439  
-36.00842108  
-28.34476772  
-12.94238271  
6.666760932  
25.31855296  
38.07020288  
41.94747762  
36.87636884  
25.45372115  
11.71779401  
-0.5024477927  
-8.932076438  
-13.34384025  
-15.0711255  
-15.86854917  
-16.73004022  
-17.26524979  
-15.93620846  
-11.02366434  
-1.823431295  
10.55223683  
23.22094616  
32.48030233  
35.28478392  
30.59970248  
20.00253438  
7.20954405  
-3.327330098  
-8.193585016  
-6.409619274  
0.1531961402  
7.54329193  
11.39039653  
8.779774804  
-0.4412260327  
-13.47902641  
-25.6284294  
-32.11729389  
-30.01820173  
-19.45119209  
-3.591737675  
12.51804625  
23.87159549  
27.34951183  
22.78765346  
12.85893051  
1.852310121  
-6.122008821  
-8.754949279  
-6.332017823  
-1.401732185  
2.505863929  
2.544148066  
-2.114233939  
-9.834127803  
-17.14629965  
-20.17944763  
-16.29509688  
-5.250469578  
10.58325618  
27.0249877  
39.57404708  
44.98372498  
42.30634461  
33.03619721  
20.358665  
7.869804612  
-1.683668372  
-7.150781835  
-8.975442083  
-8.556846762  
-7.346667584  
-6.141445624  
-4.89150576  
-3.07116163  
-0.3638104945  
2.745579656  
4.837729021  
4.026122226  
-1.142838179  
-10.76631329  
-23.10725213  
-34.87216269  
-42.23145549  
-42.22981952  
-34.02119624  
-19.38921416  
-2.274129752  
12.56982092  
21.29183155  
22.35546597  
17.05641032  
8.903889561  
2.086106472  
-0.368110967  
2.034184782  
6.939463026  
10.08748017  
