47.88098784  
50.01957024  
47.05309102  
41.54341624  
36.31701223  
33.14829161  
31.99517581  
31.13048568  
28.08746751  
20.95690723  
9.418655667  
-4.97123205  
-19.35709902  
-30.73886871  
-37.16297394  
-38.41081878  
-35.90162443  
-31.90128254  
-28.44227564  
-26.46843897  
-25.58137399  
-24.46135673  
-21.71509826  
-16.71861973  
-10.05075603  
-3.326751864  
1.47103055  
2.845806993  
0.4409341119  
-4.771183409  
-10.81378501  
-15.37664562  
-16.54966077  
-13.35794861  
-5.961714864  
4.462342034  
16.03830444  
26.57080169  
33.90462026  
36.25314005  
32.51705068  
22.58761652  
7.562407186  
-10.25028865  
-27.64745692  
-41.18192278  
-48.01675783  
-46.72953788  
-37.77709978  
-23.41958402  
-7.088040063  
7.610847547  
17.91478694  
22.60184943  
22.1379293  
18.26462408  
13.22352004  
8.931204322  
6.405582216  
5.612632544  
5.721774271  
5.60449989  
4.347135319  
1.58746934  
-2.408345701  
-6.89366573  
-10.90533436  
-13.52759261  
-14.08604689  
-12.26265583  
-8.15937175  
-2.332405476  
4.216272355  
10.13715927  
13.96604968  
14.48797496  
11.15227707  
4.393753447  
-4.295900526  
-12.63934858  
-18.15985742  
-18.92173519  
-14.17954677  
-4.694727793  
7.418600209  
19.29191859  
28.15410445  
32.14794515  
30.83285227  
25.20918627  
17.27563397  
9.298992972  
3.072184073  
-0.5742571635  
-1.853101949  
-1.703803062  
-1.241852616  
-1.218645161  
-1.71737991  
-2.200012399  
-1.865860744  
-0.147625004  
2.89070904  
6.448252057  
9.24377962  
10.04292223  
8.236470283  
4.209903803  
-0.6850109852  
-4.586825949  
-5.855090994  
-3.786701153  
0.9909239024  
6.64921967  
10.8044133  
11.45434443  
7.837883608  
0.8507195143  
-7.19069373  
-13.38834442  
-15.40007989  
-12.42583825  
-5.627164511  
2.225091488  
7.77234954  
8.376394435  
3.196469396  
-6.406894586  
-17.32387919  
-25.84212753  
-29.04304059  
-25.89562531  
-17.61534642  
-7.152580131  
1.972773616  
7.013574746  
6.978015546  
2.87740301  
-2.823123435  
-7.285925713  
-8.445019051  
-5.744831167  
-0.2042590629  
6.162564092  
11.26648647  
13.78038692  
13.53986906  
11.37738771  
8.526554009  
5.920953585  
3.738835948  
1.405526451  
-1.967318788  
-6.942529337  
-13.2506398  
-19.68351501  
-24.46417641  
-25.94107911  
-23.29940633  
-16.96745776  
-8.529199624  
-0.1699795438  
6.116216341  
9.232059677  
9.314437733  
7.586053414  
5.8063651  
5.561608965  
7.678229656  
11.96860797  
17.36688352  
22.35698907  
25.50054417  
25.86842917  
23.2531657  
18.14337361  
11.52559468  
4.611579751  
-1.428261329  
-5.685608192  
-7.681128564  
-7.47289325  
-5.682547562  
-3.399464104  
-1.935047514  
-2.449185836  
-5.540056526  
-10.94001407  
-17.45788921  
-23.23809468  
-26.29009075  
-25.12660511  
-19.28964912  
-9.571459728  
2.153306659  
13.42440691  
21.84588981  
25.6741671  
24.17863312  
17.71627479  
7.569995773  
-4.342109541  
-15.7910034  
-24.55736099  
-28.76694301  
-27.26379007  
-19.98655474  
-8.225214519  
5.417618836  
17.49788972  
24.62380518  
24.557051  
17.13898932  
4.629775242  
-8.792199987  
-18.31412082  
-20.15786426  
-13.01931315  
1.313770684  
18.47312305  
33.01477874  
40.36316998  
38.43392066  
28.28719926  
13.55746989  
-1.08137073  
-11.75082907  
-16.72411649  
-16.75620702  
-14.31391761  
-12.13053224  
-11.80148969  
-13.08972471  
-14.24277071  
-13.12119468  
-8.537038233  
-1.100620384  
6.877919629  
12.4101591  
13.28033458  
9.201339389  
2.077538767  
-4.79556262  
-8.241415592  
-6.708531952  
-1.041146806  
5.875252654  
10.44502208  
10.04627702  
4.266156394  
-4.904419564  
-14.00938933  
-19.74526387  
-20.47513888  
-16.90794734  
-11.62051996  
-7.666929039  
-6.967837167  
-9.282880081  
-12.28555552  
-12.72111084  
-8.095074558  
1.927309673  
15.10152855  
27.39418682  
34.64148934  
34.3263526  
26.67227035  
14.57290994  
2.411475417  
-5.684872243  
-7.388757064  
-2.885137164  
5.464393591  
14.24898299  
20.36000638  
21.98230397  
18.89609499  
12.13120187  
3.30427647  
-5.96062124  
-14.28596741  
-20.49471418  
-23.50014225  
-22.391118  
-16.8029602  
-7.407776567  
3.817469872  
13.85758108  
19.52842465  
18.67632568  
11.18702233  
-0.7191754636  
-13.1514782  
-21.97977205  
-24.45327621  
-20.29543512  
-11.77074358  
-2.678981788  
3.270741338  
3.967266055  
-0.3869016421  
-7.631388907  
-14.83318034  
-19.66753511  
-21.29821319  
-20.3567342  
-18.11708629  
-15.40052057  
-11.88720292  
-6.280240434  
2.72195573  
15.17682523  
29.12037516  
40.82392141  
46.13037814  
42.32756621  
29.66108006  
11.67396569  
-5.929599246  
-17.49636978  
-19.75772732  
-13.21280946  
-1.884946999  
8.484769815  
13.00863565  
9.814896576  
0.8039605526  
-9.348643364  
-15.46800639  
-14.35869155  
-6.31964902  
5.010683796  
14.39131786  
17.46398348  
12.80889143  
2.610253561  
-8.363062097  
-14.96399814  
-14.02153103  
-5.761944793  
6.322375006  
17.04389529  
21.77106373  
18.3335526  
7.775373012  
-6.277898342  
-19.23736595  
-27.35793238  
-28.94764598  
-24.56216496  
-16.28748657  
-6.613725633  
2.497648437  
9.966353014  
15.36084736  
18.40098821  
18.61632411  
15.41887052  
8.543542431  
-1.453639828  
-13.01221428  
-23.89881826  
-31.94957056  
-35.86138585  
-35.61548794  
-32.3008834  
-27.43257896  
-22.14340735  
-16.70507046  
-10.65122455  
-3.42666364  
4.833995027  
12.90195514  
18.74603328  
20.45652124  
17.3517738  
10.65185414  
3.268320113  
-1.309390645  
-0.5645395081  
5.806433784  
15.62043002  
25.1171791  
30.68067928  
30.56556962  
25.76913885  
19.57103088  
15.90685774  
17.33534787  
23.59969262  
31.53562146  
36.44372763  
34.32492728  
23.92585572  
7.590104475  
-9.548694229  
-21.71528641  
-25.01727193  
-19.18144526  
-7.689167731  
3.761562863  
9.762228333  
7.519568619  
-2.050121189  
-14.91912911  
-25.90569472  
-31.03758667  
-29.21418994  
-22.43184984  
-14.54441274  
-9.226554574  
-8.158375506  
-10.30070919  
-12.56910687  
-11.52583923  
-5.229244005  
5.668451371  
18.09260687  
27.87971055  
31.61570826  
28.10738811  
18.82313457  
7.150472569  
-3.126695882  
-9.394964428  
-11.11815429  
-9.738743472  
-7.720315973  
-7.258727109  
-9.289002761  
-13.20919557  
-17.3588702  
-19.92990048  
-19.82243404  
-17.04879182  
-12.55998475  
-7.668374607  
-3.41281898  
-0.1875910518  
2.229170467  
4.341328514  
6.53512321  
8.849063707  
11.01307989  
12.68207036  
13.68044464  
14.08878459  
14.1234188  
13.90394712  
13.28157443  
11.86476216  
9.250508409  
5.329856217  
0.4724424029  
-4.548510641  
-8.880377247  
-11.99867707  
-13.96306502  
-15.3541456  
-16.89544412  
-18.95088922  
-21.17992684  
-22.57027302  
-21.87691056  
-18.27146663  
-11.87361583  
-3.87193627  
3.8618702  
9.503005567  
12.00133725  
11.45109451  
8.925744606  
5.875238368  
3.411041776  
1.858804668  
0.8073315217  
-0.3973289598  
-2.022533327  
-3.583457676  
-4.004100352  
-2.266705589  
1.793821141  
7.029711894  
11.21034138  
11.95455568  
7.983297865  
0.07143883158  
-8.859269087  
-14.70139182  
-13.86648026  
-5.01569985  
9.995596861  
26.48224909  
38.56459888  
41.45415139  
33.43869032  
16.70281365  
-3.400433395  
-20.35019714  
-28.90639938  
-26.99847077  
-16.30363755  
-1.343570589  
12.44036305  
20.77218451  
21.92339167  
16.90661956  
8.555573135  
0.04253669031  
-6.436234533  
-10.25394937  
-12.08857227  
-13.09781479  
-14.06778703  
-15.00655398  
-15.3492949  
-14.57215853  
-12.78103319  
-10.86767786  
-10.08858094  
-11.27236586  
-14.10441181  
-16.93625385  
-17.31378692  
-13.04170182  
-3.29649415  
10.7674827  
26.2611163  
39.59762519  
