27.27658195  
16.81860131  
1.569529765  
-13.46850113  
-23.32621205  
-24.98001123  
-18.42128681  
-6.456261999  
6.624347353  
16.87844598  
22.23012992  
23.03690674  
21.53189648  
20.48336882  
21.74706509  
25.39158998  
29.76619674  
32.41403864  
31.33853782  
25.98902756  
17.50077773  
8.108159616  
0.05762039773  
-5.421842691  
-8.580179605  
-10.82656174  
-13.8096096  
-18.37599543  
-23.94487866  
-28.62970785  
-30.07274075  
-26.60773304  
-18.19916016  
-6.702269274  
4.704102519  
12.68207483  
14.99673779  
11.33497927  
3.342671213  
-6.109394046  
-14.08667341  
-18.66639772  
-19.47923567  
-17.53266189  
-14.46319573  
-11.61560203  
-9.40360468  
-7.24898404  
-4.104172651  
0.7273534431  
6.910315503  
12.91845052  
16.53714351  
15.85033141  
10.2820614  
1.194220844  
-8.302383287  
-14.3473978  
-13.80841825  
-5.665569336  
8.282537013  
23.74932733  
35.29194746  
38.2077631  
30.30498834  
12.86557583  
-9.605172692  
-30.80067481  
-44.71576421  
-47.66702285  
-39.48296072  
-23.42338861  
-4.87042604  
10.69432311  
19.63822627  
21.30215565  
17.88841463  
13.20342944  
10.81166644  
12.39311564  
17.00347516  
21.54946371  
22.27241429  
16.59617221  
4.529544205  
-11.01062991  
-25.14013984  
-32.86106621  
-31.08308349  
-19.97941764  
-3.106075243  
13.7876578  
24.79838402  
25.95877637  
16.57244114  
-0.6923721955  
-20.92466863  
-38.80136005  
-50.36677926  
-54.07604128  
-50.7741601  
-42.75672866  
-32.43936376  
-21.2881098  
-9.488646424  
3.552496828  
18.19465272  
33.60826386  
47.42587324  
56.25983483  
56.93250418  
47.90942748  
30.29366003  
7.892973095  
-13.75427603  
-29.07502313  
-34.25415843  
-28.45099543  
-13.99376266  
4.491757558  
21.65843334  
33.11540051  
36.61489703  
32.39720795  
22.69816965  
10.73384848  
-0.3807454753  
-8.389336965  
-12.15822644  
-11.52674724  
-6.986741868  
0.5633757124  
9.877270907  
19.30438943  
26.81303001  
30.27416585  
28.03994143  
19.64389736  
6.30240448  
-9.102175978  
-22.69955091  
-30.83017065  
-31.3592517  
-24.58399015  
-13.31741351  
-2.029264628  
4.698029415  
3.845502653  
-4.871578308  
-18.80460379  
-33.24538857  
-43.06453077  
-44.51227421  
-36.52393307  
-21.0671591  
-2.434538289  
14.22744918  
24.60367368  
26.51722142  
20.44266147  
9.118375938  
-3.530539968  
-13.73682653  
-19.03726777  
-18.8717592  
-14.50339702  
-8.356128106  
-3.037824163  
-0.3845994162  
-0.8271515885  
-3.264104851  
-5.467973026  
-4.891072165  
0.3867186126  
10.87863054  
25.35495521  
41.09584836  
54.6851696  
63.09830667  
64.70359299  
59.79617763  
50.43243038  
39.5949762  
29.99495116  
22.99240185  
18.09995456  
13.31410802  
6.172098172  
-4.898361473  
-19.53235072  
-35.18890583  
-47.90117384  
-53.7674758  
-50.59003357  
-38.96262546  
-22.30709739  
-5.785109907  
5.51335382  
8.386488148  
2.610597002  
-9.12905895  
-22.41371771  
-32.86125709  
-37.74658162  
-36.81862298  
-32.02958145  
-26.36915722  
-22.37008967  
-20.96093736  
-21.15057047  
-20.63599652  
-17.01307081  
-9.022048837  
2.725252242  
15.83615  
26.98014084  
33.10972388  
32.55776053  
25.60205309  
14.33370876  
1.943672001  
-8.266401576  
-13.8008848  
-13.55680597  
-7.981039542  
1.159957578  
11.27862254  
19.60158815  
23.8293809  
22.71681285  
16.45868113  
6.754594918  
-3.54163597  
-11.18057267  
-13.5238001  
-9.494291851  
-0.1119745047  
11.65293502  
21.74876961  
26.38803993  
23.40286894  
13.09407166  
-1.78012264  
-16.90718932  
-27.89622752  
-31.77584075  
-27.95268354  
-18.28726846  
-6.295548462  
4.178155775  
10.28932272  
11.03542468  
7.355723355  
1.542112324  
-3.731772746  
-6.357309103  
-5.383626655  
-1.119631209  
5.181969793  
11.85135041  
17.31341827  
20.43669574  
20.68401691  
18.11278128  
13.29548656  
7.202120742  
1.044719376  
-3.929842978  
-6.688893427  
-6.649994058  
-3.822656475  
1.207114978  
7.450507959  
13.77491203  
19.13795868  
22.70956876  
23.8727978  
22.17923964  
17.37136144  
9.539384973  
-0.629920073  
-11.66925005  
-21.40946514  
-27.44049655  
-27.89216346  
-22.2689183  
-11.95839252  
-0.09101743843  
9.336607337  
12.83735911  
8.802905266  
-1.71036428  
-15.17241299  
-26.7601465  
-32.11799734  
-29.01628667  
-18.23293934  
-3.284621662  
10.89794018  
19.81988767  
21.05616021  
15.0338518  
4.696659114  
-5.747436555  
-12.4393517  
-13.18959921  
-8.039442199  
1.041342012  
11.06276757  
19.07398854  
22.9547363  
21.73765217  
15.52529137  
5.232263337  
-7.623826594  
-21.01092828  
-32.46295275  
-39.35124802  
-39.46683105  
-31.82010465  
-17.34143921  
0.9230736124  
18.39602325  
30.28707962  
33.23100354  
26.59962109  
12.89017949  
-3.070574362  
-15.87118052  
-21.5406053  
-19.02439153  
-10.48386255  
-0.2836713299  
6.901533343  
8.043176466  
2.935633833  
-5.895037781  
-14.46834558  
-19.19976931  
-18.4680752  
-13.19363549  
-6.196257118  
-0.6747591733  
1.444341068  
0.4898319806  
-1.113223952  
-0.07488272909  
6.035381188  
17.38708802  
31.483708  
43.97510144  
50.35628227  
47.82162073  
36.47391135  
19.37286933  
1.410073296  
-12.50735953  
-19.21338419  
-18.28859614  
-11.96899961  
-4.078698473  
1.515944726  
2.291109941  
-2.212055703  
-10.50706519  
-19.94850154  
-27.77887079  
-32.00293295  
-31.80984617  
-27.5053888  
-20.1189445  
-10.93643838  
-1.161193663  
8.222664223  
16.43582614  
22.85046273  
26.98409378  
28.55460379  
27.54142051  
24.18521219  
18.90227474  
12.15948074  
4.400030348  
-3.912163578  
-12.13818252  
-19.30542307  
-24.09676401  
-25.10038533  
-21.30842585  
-12.69788909  
-0.6255821741  
12.21778012  
22.40093877  
26.77308058  
23.58054414  
13.25348319  
-1.484277254  
-16.29699785  
-26.52597748  
-28.66045135  
-21.48065386  
-6.474794864  
12.60587417  
30.88351854  
43.77831599  
48.24762286  
43.47001722  
30.82975196  
13.30480694  
-5.463948986  
-22.09603576  
-34.1352383  
-40.34489148  
-40.6683043  
-35.97514391  
-27.72824828  
-17.66541999  
-7.53390271  
1.122563782  
7.131584207  
9.809168442  
9.008367552  
5.088437138  
-1.18317628  
-8.758778539  
-16.42623045  
-22.89431339  
-26.86998332  
-27.18095704  
-22.99030536  
-14.09701648  
-1.237124263  
13.76319252  
28.13336811  
38.67396486  
42.56901681  
38.27141054  
26.15106057  
8.626874641  
-10.34212717  
-26.30299411  
-35.57721076  
-36.32872024  
-29.0619299  
-16.37516857  
-2.062640174  
10.1090771  
17.51915834  
19.33428416  
16.50138381  
11.16767391  
5.804174441  
2.381728359  
1.878104641  
4.223098016  
8.598686418  
13.88683451  
19.04278565  
23.2617766  
25.94388692  
26.57674319  
24.68896683  
19.96897414  
12.52496562  
3.147383765  
-6.612304795  
-14.68316087  
-19.03839055  
-18.42191873  
-12.962357  
-4.388950955  
4.321925019  
9.835630475  
9.626706323  
3.01862145  
-8.319545562  
-20.68036784  
-29.41705453  
-30.51958406  
-22.1381264  
-5.486473442  
15.26810948  
34.18071125  
45.43091572  
45.31222887  
33.59022873  
13.69767851  
-8.361346572  
-26.04729448  
-34.54001673  
-32.38117822  
-21.88300431  
-8.141506291  
2.968478834  
7.039135163  
2.742366763  
-7.810927007  
-20.07720492  
-29.01170111  
-31.11567004  
-25.76165318  
-15.28250635  
-3.843384461  
4.37084785  
6.851173266  
3.628755359  
-3.008930482  
-9.744154632  
-13.78275733  
-14.00882748  
-11.24056128  
-7.538712336  
-4.974214373  
-4.505251679  
-5.531449946  
-6.33199533  
-5.135560984  
-1.241761563  
4.418417688  
9.614618422  
11.91424641  
10.00983354  
4.591562574  
-1.729408915  
-5.491337209  
-3.996543241  
3.27754344  
14.16750784  
24.52051136  
29.8541442  
