-3.123318904  
-16.70394903  
-30.27483209  
-38.33929988  
-37.26528272  
-27.17799784  
-12.10649284  
1.766023171  
8.96391295  
7.332171836  
-0.8815598736  
-10.04975219  
-13.85672195  
-8.403251673  
5.763823024  
23.70127884  
38.22765292  
43.21159348  
36.45738376  
20.82116247  
3.008726691  
-9.412035324  
-11.41206084  
-2.748563064  
11.97163658  
25.42656436  
30.91078652  
25.3246005  
10.46561391  
-7.925071635  
-22.85978469  
-29.25431499  
-26.06804495  
-16.48649328  
-6.140090913  
-0.2702226473  
-1.217597309  
-7.413951047  
-14.31465811  
-16.78232768  
-11.75603857  
0.06964883915  
14.34853478  
24.92071094  
26.54093188  
17.2639292  
-0.5659086181  
-21.13077942  
-37.37400902  
-43.67937835  
-37.88878331  
-21.90192537  
-0.7407841627  
19.41004387  
33.33083664  
38.25560995  
34.29131981  
23.82495068  
10.35238346  
-2.722210595  
-12.90593785  
-18.92368529  
-20.6272739  
-18.72941648  
-14.52870609  
-9.65718163  
-5.780051026  
-4.187831212  
-5.333146214  
-8.500063299  
-11.83825389  
-12.89129372  
-9.523076984  
-0.9100340887  
11.84510013  
25.82277102  
37.17527629  
42.49334757  
40.10118739  
30.71931562  
17.19001536  
3.367486248  
-7.348127517  
-13.19568659  
-14.45642332  
-12.94915885  
-10.91905588  
-9.897978096  
-10.0995946  
-10.61775782  
-10.26619559  
-8.556763139  
-6.234682261  
-5.024595527  
-6.671527377  
-11.77064086  
-19.04547218  
-25.55895569  
-27.88739385  
-23.7776226  
-13.49605461  
-0.1441091706  
11.34834481  
16.21830463  
12.01065763  
-0.1218233053  
-15.62723217  
-28.28416938  
-32.76095318  
-26.89654232  
-12.66991806  
4.617563465  
18.62627621  
24.73094913  
22.00697423  
13.5371465  
4.877257858  
1.359841518  
5.465087933  
15.48262629  
26.12390253  
30.86486507  
25.00371659  
8.067141846  
-15.54129042  
-37.99829311  
-51.04968144  
-49.28426529  
-32.31734102  
-4.980055438  
24.53666601  
47.77583861  
59.05235346  
57.22273149  
45.56782697  
29.99195132  
16.42547483  
8.571112797  
6.880970347  
9.033515067  
11.50624843  
11.40830254  
7.725203329  
1.497139903  
-4.999324145  
-9.542878632  
-11.04974892  
-9.947568386  
-7.743740357  
-6.098683454  
-5.924939868  
-6.965764886  
-8.019647502  
-7.635328304  
-4.882639981  
0.1921624531  
6.617349178  
12.96384965  
17.94301233  
20.81846757  
21.46455887  
20.12361394  
17.08012206  
12.4868677  
6.449526525  
-0.7164330813  
-8.274177448  
-15.10718756  
-20.06851443  
-22.4870189  
-22.54623276  
-21.28046142  
-20.12183956  
-20.18662674  
-21.66268793  
-23.64856979  
-24.57938382  
-23.06396373  
-18.70976663  
-12.47665526  
-6.311836984  
-2.188589278  
-1.010573321  
-1.96931186  
-2.763838421  
-0.6792648927  
5.933785916  
16.49828113  
28.00730935  
36.00494834  
36.41706613  
27.45302348  
10.69870427  
-9.168459611  
-26.01213724  
-34.57666631  
-32.54793349  
-21.44794867  
-5.972546768  
7.940841228  
15.48091015  
14.76013921  
7.313123598  
-2.845655855  
-11.11804596  
-14.30602196  
-11.83580355  
-5.768056778  
0.3005500777  
2.87191339  
-0.0248520774  
-8.178144686  
-19.47603299  
-30.86809517  
-39.50148412  
-43.54864805  
-42.47714953  
-36.81805376  
-27.69693153  
-16.41953597  
-4.269331068  
7.515807805  
17.74159442  
25.36934028  
29.75616316  
30.89359365  
29.46056597  
26.58368741  
23.37202537  
20.45302702  
17.77702105  
14.83354225  
11.19305232  
7.07460231  
3.579867396  
2.378387275  
4.921294367  
11.54928905  
20.9817617  
30.53787204  
37.09476265  
38.39690364  
34.10313119  
26.02578306  
17.37745387  
11.32373131  
9.509300161  
11.27916883  
14.01058392  
14.43787979  
10.35135969  
1.836576988  
-8.585366987  
-17.03598858  
-20.09309082  
-16.47789904  
-7.784889323  
2.129536613  
8.840637585  
9.342120346  
3.385952335  
-6.459513088  
-16.05030726  
-21.59991036  
-21.37217365  
-16.33603237  
-9.506463762  
-4.345971141  
-3.050578083  
-5.575321189  
-9.852159858  
-13.03391638  
-13.07435319  
-9.799347822  
-4.908944716  
-0.9287625875  
0.305003315  
-1.216562379  
-3.567766165  
-3.923005767  
-0.2244040511  
7.396892727  
16.24663586  
22.03883128  
20.83031413  
11.01806669  
-5.586104481  
-24.18874041  
-38.83518188  
-44.83248671  
-40.68599287  
-28.67334313  
-13.80573289  
-1.668208063  
3.868176697  
2.04207113  
-4.863720174  
-12.91745427  
-18.51982202  
-19.99924792  
-18.09254608  
-15.1679124  
-13.67115645  
-14.63765549  
-17.03936399  
-18.28720298  
-15.6133157  
-7.619282225  
4.797120582  
18.60667759  
29.83561581  
35.2146262  
33.52348644  
26.02994544  
15.86463274  
6.665035196  
1.132341051  
0.131719982  
2.668678103  
6.647012796  
9.974626248  
11.48104193  
11.26845261  
10.43027232  
10.37003964  
12.09497786  
15.79997589  
20.85671395  
26.1097939  
30.26649449  
32.19563132  
31.07458974  
26.45167129  
18.33002409  
7.312703078  
-5.274017973  
-17.4424194  
-26.92088922  
-31.82194509  
-31.38006899  
-26.41500114  
-19.22389187  
-12.82735494  
-9.802976196  
-11.17940794  
-15.90174807  
-21.16836034  
-23.56177642  
-20.52064417  
-11.513143  
1.627459756  
15.38420546  
25.97853272  
30.91338948  
29.95467702  
25.11585015  
19.66158533  
16.58773631  
17.2667237  
20.86175265  
24.75637399  
25.78462681  
21.69672136  
12.20858125  
-0.8084286844  
-14.04997173  
-24.06986038  
-28.57841921  
-27.2231783  
-21.58424697  
-14.45885875  
-8.781407832  
-6.61865869  
-8.584215244  
-13.80109704  
-20.32571252  
-25.81337802  
-28.19522166  
-26.20458859  
-19.68183212  
-9.640290919  
1.909956491  
12.38324339  
19.2523956  
20.78368025  
16.66301638  
8.258614784  
-1.669788434  
-9.817742734  
-13.49586343  
-11.66810369  
-5.412915012  
2.459586959  
8.550047031  
10.33285987  
7.30437429  
1.268315612  
-4.435561062  
-6.473629698  
-3.15872122  
4.582877167  
13.42887321  
19.05212228  
18.11745424  
9.989935058  
-2.670704357  
-14.79221641  
-20.95435028  
-17.77911771  
-5.59266188  
11.42443125  
26.74289879  
34.06473213  
29.90349544  
15.06490772  
-5.61579077  
-25.17716275  
-37.27036706  
-38.57612616  
-29.90116882  
-15.54428366  
-1.279948896  
8.110422108  
10.67363892  
7.731605557  
2.83874762  
-0.1778060529  
0.8623465748  
5.506140159  
11.03141037  
13.93276443  
11.77772482  
4.528644713  
-5.302280203  
-13.7349443  
-17.12705418  
-13.85567618  
-5.092593951  
5.684466384  
14.21896751  
17.34590194  
14.36234701  
7.292749073  
-0.05610882478  
-3.817224509  
-1.798550815  
5.522244663  
15.15917769  
22.84929934  
24.82150303  
19.36794774  
7.591384958  
-6.941241067  
-19.47074442  
-25.73331553  
-23.43553243  
-13.01158712  
2.550753543  
18.69905339  
30.75192512  
35.31345424  
31.24785245  
19.95832945  
4.917857772  
-9.39982215  
-18.88824762  
-21.08772634  
-15.99088189  
-6.091778174  
4.400110275  
10.99469823  
10.56473982  
2.621929884  
-10.29292235  
-23.34907862  
-31.12250758  
-29.67287787  
-18.20804846  
0.3664905439  
20.31603606  
35.10177301  
39.80128498  
32.95762876  
17.08702743  
-2.381056123  
-19.29740326  
-29.19240641  
-30.86287737  
-26.48756079  
-20.2752259  
-16.31185367  
-16.631007  
-20.40965959  
-24.64270867  
-25.92762164  
-22.44384194  
-15.10455517  
-7.257796376  
-3.031266602  
-5.11024055  
-13.06242653  
-23.10948011  
-29.57168572  
-27.3996013  
-14.64090377  
6.338261127  
29.5223386  
47.58575731  
54.89565381  
49.83929645  
35.42653684  
17.90040299  
4.002103059  
-1.85528982  
0.7703889229  
8.585026676  
16.46847637  
20.07457411  
17.84257758  
11.47187483  
4.701147363  
1.082533213  
1.935852528  
5.558727269  
8.115716052  
