26.66417875  
25.14890199  
19.73407051  
12.82343223  
7.105995736  
4.477204247  
5.354937676  
8.672733221  
12.5134171  
15.05103628  
15.34003178  
13.58758421  
10.81675003  
8.138491248  
6.044051904  
4.109768869  
1.284505915  
-3.383186074  
-9.96610205  
-17.26664341  
-23.07715249  
-25.03859017  
-21.73465152  
-13.51255007  
-2.614454245  
7.501209247  
13.40626532  
13.01275346  
6.401431819  
-4.175434504  
-15.11191211  
-22.7429928  
-24.59125481  
-20.09376017  
-10.58422402  
1.372136624  
12.94501996  
21.88971138  
26.98376924  
27.98667925  
25.28575097  
19.50267408  
11.28968721  
1.381944152  
-9.207436707  
-19.06367528  
-26.49772224  
-29.95867326  
-28.58675771  
-22.64969186  
-13.62217809  
-3.811173185  
4.366229414  
9.180250828  
10.14102238  
8.081241986  
4.738852555  
2.016493708  
1.22339098  
2.600606139  
5.30286046  
7.817435267  
8.628565151  
6.853111603  
2.60387851  
-3.040363119  
-8.424088551  
-11.90250365  
-12.41138857  
-9.828006559  
-5.015960192  
0.4461639196  
4.757670612  
6.456227663  
4.877858835  
0.3777906354  
-5.760218965  
-11.70976596  
-15.67417822  
-16.46778052  
-13.90986405  
-8.883525382  
-3.021392947  
1.882340071  
4.520481115  
4.531958071  
2.58536872  
0.04951143764  
-1.612718259  
-1.467317606  
0.5226102315  
3.543205255  
6.361613225  
7.932080335  
7.881425544  
6.635280808  
5.123608514  
4.217959768  
4.197482563  
4.539807194  
4.177355608  
2.120929261  
-1.853482079  
-6.824067803  
-10.89835692  
-11.93640638  
-8.536834339  
-0.8395561424  
9.258662996  
18.64037857  
24.08672041  
23.53536658  
16.94651614  
6.39585816  
-4.663410687  
-12.67380396  
-15.26170026  
-12.02404808  
-4.524359373  
4.448157438  
12.00019562  
16.15198412  
16.35799516  
13.39312994  
8.756774224  
3.934839764  
-0.1311572985  
-3.175775474  
-5.377045243  
-6.972702928  
-7.981395546  
-8.184146946  
-7.345024258  
-5.500844158  
-3.111104808  
-0.9477602362  
0.2347564883  
0.0703470041  
-1.220802918  
-2.930544112  
-4.21525551  
-4.513051433  
-3.79354354  
-2.497257269  
-1.197870075  
-0.1852168866  
0.774834858  
2.335408148  
5.14358533  
9.315463893  
14.11771139  
18.08137651  
19.55781078  
17.48206181  
11.9690065  
4.414724874  
-2.999290497  
-8.20443368  
-10.13365571  
-9.16739356  
-6.903249096  
-5.343522492  
-5.889559715  
-8.640789223  
-12.35579965  
-15.1058365  
-15.29732443  
-12.5416387  
-7.913544588  
-3.442359085  
-1.073974319  
-1.627673173  
-4.297562995  
-6.990353742  
-7.370866474  
-4.11277996  
2.281054983  
9.538712128  
14.58597326  
14.98883772  
10.17981621  
1.850189028  
-6.724701127  
-12.14438868  
-12.44942741  
-8.042499623  
-1.503168191  
3.641554873  
4.622547925  
0.8000530466  
-5.963549883  
-12.12693583  
-14.11821029  
-10.04059037  
-0.6339947667  
10.96234313  
20.54008425  
24.63018097  
21.96057085  
13.911336  
3.793845829  
-4.672532632  
-8.957306423  
-8.659251099  
-5.402218409  
-1.808350582  
-0.099208093  
-1.020666072  
-3.591987893  
-5.752095717  
-5.534118832  
-2.157690455  
3.504567546  
9.299350292  
12.79790902  
12.42718718  
8.179194993  
1.577627846  
-5.049241183  
-9.613491377  
-11.12753026  
-9.997605021  
-7.664429996  
-5.817830231  
-5.590774887  
-7.106577617  
-9.545175254  
-11.62939284  
-12.24589014  
-10.89263731  
-7.777594734  
-3.594901878  
0.8378052645  
4.864573361  
8.07434805  
10.20909491  
11.03729724  
10.34173832  
8.073828708  
4.587679974  
0.77686938  
-2.042741596  
-2.532726672  
0.1252200309  
5.793084977  
13.27991937  
20.67222736  
25.97476927  
27.78933713  
25.73564446  
20.44440794  
13.16354494  
5.204065457  
-2.485323665  
-9.420363117  
-15.36267208  
-19.97416132  
-22.61366869  
-22.46010981  
-18.9434246  
-12.25659878  
-3.630046764  
4.863962566  
10.97695626  
13.15986934  
11.24044691  
6.548617648  
1.38033472  
-1.990570675  
-2.308146237  
0.1303981688  
3.660339536  
6.072644481  
5.680130872  
2.11255973  
-3.539685277  
-9.288732675  
-13.22257186  
-14.3908302  
-13.15863432  
-10.86599194  
-8.994758803  
-8.303980423  
-8.410215825  
-8.05060783  
-5.895791173  
-1.47062965  
4.339462161  
9.520720243  
11.84273953  
10.01884723  
4.519150541  
-2.422586003  
-7.683267821  
-8.639591262  
-4.425521658  
3.556308603  
12.14736251  
17.76476202  
17.95082177  
12.42930168  
3.186402233  
-6.44386343  
-13.24359997  
-15.43186505  
-13.24230173  
-8.537539779  
-3.714377207  
-0.4873999466  
0.8336006669  
1.238330331  
2.192447866  
4.579543724  
8.007089352  
10.87403517  
11.18644823  
7.702842855  
0.799835857  
-7.42481235  
-13.91609605  
-15.95681491  
-12.38129257  
-4.123563632  
6.164485641  
15.23906752  
20.59412385  
21.37109412  
18.45193293  
13.75438861  
9.140434506  
5.518726478  
2.588470228  
-0.6878291069  
-5.190612761  
-10.8579431  
-16.4719614  
-20.16265028  
-20.37505884  
-16.77834184  
-10.60392216  
-4.187095154  
0.09601646717  
0.9725147599  
-1.092445267  
-4.120844583  
-5.626703344  
-3.916099037  
0.9705097235  
7.166853075  
11.81847272  
12.46244359  
8.280547942  
0.6034346488  
-7.600213869  
-13.02335306  
-13.49768131  
-8.949081931  
-1.385915838  
6.057361372  
10.54760111  
10.76492641  
7.339148758  
2.346438392  
-1.83421945  
-3.705573785  
-3.287811299  
-1.920246381  
-1.381136497  
-2.821869869  
-6.088927355  
-9.784236599  
-12.01450698  
-11.41436836  
-7.888788546  
-2.677129524  
2.290601272  
5.392522323  
6.124033214  
5.274106939  
4.370280823  
4.697484687  
6.443067332  
8.471710661  
8.904629217  
6.236859582  
0.4034997361  
-6.816329396  
-12.36416712  
-13.25000726  
-8.066220495  
2.092450832  
13.82731332  
22.75888473  
25.42614325  
20.89558624  
11.30207878  
1.012252614  
-5.261791526  
-4.566076729  
2.932513019  
13.9620995  
23.55267392  
27.20778842  
22.86225729  
11.74593906  
-2.22059461  
-14.19949049  
-20.55130937  
-20.32854118  
-15.49183973  
-9.797900581  
-6.919626013  
-8.693519218  
-14.29980587  
-20.7211395  
-24.22311276  
-22.13824494  
-14.12404198  
-2.341543428  
9.48218943  
17.63635673  
19.91924949  
16.39513005  
9.145684545  
1.217569829  
-4.692830688  
-7.215200603  
-6.562705959  
-4.067519731  
-1.325968025  
0.5782185256  
1.412505412  
1.610272833  
1.761380347  
2.1262732  
2.465847798  
2.266467112  
1.195146411  
-0.5185319398  
-2.036249711  
-2.268424964  
-0.4651250364  
3.279659806  
7.905992496  
11.75608  
13.28431149  
11.77243827  
7.692765968  
2.524544193  
-1.904805563  
-4.245904097  
-4.226510625  
-2.736067927  
-1.357519343  
-1.575427622  
-4.043866173  
-8.264129933  
-12.81954495  
-16.04421042  
-16.79710055  
-14.97048724  
-11.4991624  
-7.882484279  
-5.463248145  
-4.815027549  
-5.524442513  
-6.456195431  
-6.355078612  
-4.48524804  
-1.001063267  
3.117735606  
6.52336066  
8.126907693  
7.603669648  
5.55386787  
3.258735903  
2.150280112  
3.225619097  
6.642419861  
11.64010076  
16.79342436  
20.48449  
21.41870132  
19.02188014  
13.61518282  
6.339325355  
-1.13816865  
-7.058639802  
-10.05221274  
-9.548418861  
-6.000660768  
-0.8301692224  
3.943210025  
6.318107848  
5.004427839  
-0.04819291419  
-7.510272739  
-15.02947467  
-20.00866467  
-20.54660935  
-16.18605689  
-8.158533483  
1.001730754  
8.350422956  
11.59296378  
9.893949774  
4.116899839  
-3.58729714  
-10.65174372  
-15.0476722  
-15.92818719  
-13.72840205  
-9.744445684  
-5.444587493  
-1.862367256  
0.6570519416  
2.292386169  
3.325723955  
3.755638645  
3.199227763  
1.160100616  
-2.485511892  
-7.081663827  
-11.15098033  
-12.82940287  
-10.63564504  
-4.230764131  
5.216676176  
15.29081171  
23.16210386  
