-27.05378364  
-24.79636311  
-23.81560588  
-22.99577314  
-19.99698277  
-12.52658331  
0.3911802232  
17.73247792  
36.6586915  
53.44423529  
64.71209413  
68.45548806  
64.47733129  
54.17203242  
39.85470674  
23.98364951  
8.581966908  
-5.005763469  
-16.07565773  
-24.40727023  
-30.13431922  
-33.68605784  
-35.73372416  
-37.03911572  
-38.16724213  
-39.14795768  
-39.27069056  
-37.19538318  
-31.43796832  
-21.09544146  
-6.510068719  
10.4633358  
26.7919504  
39.15375271  
45.0698186  
43.82762309  
36.79554889  
26.96746615  
17.89557121  
12.42825459  
11.75017101  
15.08743935  
20.15697851  
24.13455912  
24.72540464  
20.92096475  
13.19939511  
3.18299719  
-7.020452326  
-15.48288147  
-20.8855094  
-22.63277265  
-20.73256254  
-15.60557944  
-7.960300276  
1.229910786  
10.7134583  
19.01718674  
24.63753648  
26.33904892  
23.45172026  
16.0434662  
4.901754929  
-8.642978217  
-22.94764393  
-36.23571067  
-46.69403377  
-52.55700604  
-52.2993575  
-45.01607987  
-30.93300188  
-11.83705043  
8.861072099  
26.64743409  
37.00196826  
36.78544677  
25.42316864  
5.38318621  
-18.33244669  
-39.5884112  
-52.94315577  
-55.24326995  
-46.4070653  
-29.14920103  
-7.828639542  
13.05943494  
30.13375723  
41.69024579  
47.51033889  
48.20090387  
44.5257427  
37.10649518  
26.59409949  
14.09725532  
1.483659134  
-8.767984914  
-14.22339574  
-13.39682064  
-6.457255901  
4.658314572  
16.84243356  
26.88461331  
32.52215667  
32.98907189  
28.84206437  
21.22561843  
11.04068025  
-1.471599588  
-16.46295373  
-33.67117086  
-51.57478117  
-67.10596997  
-76.27831494  
-75.60922848  
-63.74809121  
-42.51045806  
-16.7065859  
7.324944659  
23.9514837  
30.31267666  
27.30359874  
19.01499957  
10.86475205  
7.252581314  
9.785832199  
16.84772293  
24.64058135  
29.1474799  
28.04440224  
21.66337821  
12.60610587  
4.287387171  
-0.7964538125  
-2.179942552  
-1.384034746  
-0.8014165239  
-2.159160022  
-5.421045461  
-8.746348257  
-9.549088465  
-6.100561145  
1.199199252  
9.613606915  
15.12921522  
14.32948133  
6.183268584  
-7.157656845  
-21.01170809  
-30.04334827  
-30.54314206  
-22.08225929  
-7.786129175  
6.90366175  
16.43360608  
17.34814335  
9.576839133  
-3.68839143  
-17.38342411  
-26.56749452  
-28.17628084  
-21.88312892  
-9.870924671  
4.214494582  
16.58674033  
24.39085499  
26.242179  
22.25293259  
13.76536137  
3.018581048  
-7.162267053  
-13.72611793  
-13.93192491  
-6.084012336  
9.707523299  
31.07898207  
53.6127548  
71.81139197  
80.63595264  
77.09518544  
61.27021387  
36.33206346  
7.502947964  
-19.65010333  
-40.91757784  
-54.48410438  
-60.93836328  
-62.34656694  
-60.87853981  
-57.6374281  
-52.21020969  
-43.097579  
-28.77335188  
-8.853381214  
15.17213241  
39.97128586  
61.15815744  
74.51898452  
77.21413704  
68.54654124  
50.08820316  
25.20146271  
-1.824910294  
-26.7354712  
-46.1143714  
-57.89018155  
-61.49682193  
-57.72649116  
-48.35510859  
-35.64748712  
-21.86379632  
-8.887361058  
1.94079412  
9.77002085  
14.05245561  
14.37364067  
10.45392988  
2.382732125  
-9.002886765  
-21.82153933  
-33.19761589  
-39.81663213  
-38.91715686  
-29.39901988  
-12.58221704  
7.795545297  
26.49173177  
38.35610872  
40.06279452  
31.31143818  
14.99627102  
-3.7680999  
-19.41873811  
-27.84426775  
-27.69276544  
-20.61420102  
-10.39819364  
-1.399724649  
3.10508477  
2.017035497  
-3.383042323  
-10.10016669  
-14.61789341  
-14.13895544  
-7.460648997  
4.724279583  
20.08424716  
35.29205642  
46.8391511  
51.84122553  
48.7109813  
37.60178173  
20.52429633  
1.045627492  
-16.45511474  
-27.86727282  
-30.49751279  
-23.91493938  
-10.15407241  
6.870786887  
22.59261805  
33.24154475  
36.98189526  
34.30563467  
27.5509574  
19.7761396  
13.4830238  
9.726196571  
7.946089477  
6.523377812  
3.731072893  
-1.388443622  
-8.611398799  
-16.71184389  
-24.06076837  
-29.28816559  
-31.67059935  
-31.10301961  
-27.77041617  
-21.80700964  
-13.22008518  
-2.17267565  
10.53426913  
23.11408726  
32.90375207  
37.04665421  
33.55960651  
22.34787798  
5.676941689  
-12.20738783  
-26.27281833  
-32.31373845  
-28.38710397  
-15.51996338  
2.587654543  
20.75488833  
33.96656635  
38.88637767  
34.73417372  
23.28753693  
8.091334176  
-6.785070944  
-17.99648989  
-23.78776854  
-24.26091129  
-21.04143421  
-16.52241011  
-12.96813471  
-11.77176654  
-13.09084154  
-15.95478033  
-18.78161374  
-20.09829182  
-19.17859521  
-16.33210961  
-12.70843011  
-9.685721738  
-8.113711904  
-7.782112028  
-7.419295449  
-5.299344411  
-0.2328485847  
7.516698495  
15.88609814  
21.52216403  
21.04935397  
12.60877261  
-3.018703906  
-22.27907191  
-39.87544852  
-50.61275645  
-51.3104614  
-41.9645855  
-25.64788075  
-7.196004779  
8.72536796  
19.30379891  
24.28752005  
25.47892805  
25.37279555  
25.70053264  
26.64581215  
27.10252344  
25.75522681  
22.29851825  
18.01904612  
15.3148844  
16.33737824  
21.48682818  
28.66653527  
33.87130819  
33.00284803  
24.10171984  
8.849384135  
-7.567429099  
-18.39547702  
-18.31866689  
-6.175730142  
13.95240978  
33.95707775  
44.84717377  
40.52302705  
20.51737099  
-9.554175796  
-40.09066464  
-61.26923812  
-66.85006495  
-56.39449593  
-35.00942818  
-10.85592149  
8.358163936  
18.29694566  
19.09708426  
14.34091964  
8.607717707  
4.920198176  
3.348461378  
1.368105663  
-4.344863536  
-15.70119647  
-31.74204  
-48.67215607  
-61.33484465  
-65.36334787  
-58.95128024  
-43.43497365  
-22.51711864  
-0.6360808794  
18.65061461  
33.50989524  
43.64279347  
49.39045893  
50.82821111  
47.48130675  
38.8655309  
25.50699087  
9.741273365  
-4.357587816  
-12.12889003  
-10.16684675  
1.978504854  
21.10673752  
41.13486562  
55.12177411  
57.75227854  
47.25295993  
25.95568332  
-0.6791940978  
-26.10655501  
-44.91678351  
-54.3491488  
-54.61101651  
-48.08494742  
-37.96597712  
-27.01722175  
-16.9355801  
-8.419986789  
-1.663527227  
3.166497167  
5.785118492  
6.024944  
4.219968659  
1.405414727  
-0.8829242699  
-1.170416335  
1.307236515  
6.215924731  
12.21566919  
17.49739902  
20.49410206  
20.41911927  
17.40162853  
12.22961656  
5.924322341  
-0.5642893895  
-6.37748078  
-10.5504812  
-11.85527766  
-8.959132285  
-0.9884073725  
11.70336586  
26.99180924  
41.09558391  
49.52491022  
48.62764379  
37.13231365  
16.98071884  
-7.023504196  
-28.72766781  
-42.75502231  
-46.38663846  
-40.42359372  
-28.68827136  
-16.41592184  
-8.257217486  
-6.736597591  
-11.7440247  
-21.11950378  
-31.88968178  
-41.47460862  
-48.3097044  
-51.72807719  
-51.39275805  
-46.80896774  
-37.35100246  
-22.87046951  
-4.520653972  
14.79997484  
30.86748826  
39.46599604  
38.156335  
27.66197213  
12.10751962  
-2.191730874  
-9.025279675  
-4.752272671  
10.13194596  
31.05446232  
51.07944636  
63.57804366  
64.73011737  
54.81561181  
37.80579258  
19.51917606  
5.218006535  
-2.294434733  
-3.320325354  
-0.5288057155  
2.658814251  
3.710396906  
1.892349865  
-1.860455723  
-5.867407906  
-8.797991556  
-10.30840579  
-10.91710554  
-11.28885889  
-11.44852034  
-10.479817  
-6.970217629  
-0.00251229669  
9.871643339  
20.30025065  
27.76976889  
29.03179538  
22.67834732  
10.06931986  
-4.934843601  
-17.43125133  
-23.52818698  
-22.06556693  
-15.17518215  
-7.361935351  
-3.470960312  
-6.439807669  
-15.86361226  
-28.04989452  
-37.57028604  
-39.63347849  
-32.22804898  
-17.08564811  
0.9535729326  
15.87854121  
22.88790776  
20.18533357  
9.45840279  
-5.082715432  
-18.59630211  
-27.54768765  
-30.85704904  
-29.83393152  
