12.74832348  
4.676882419  
-8.749440955  
-22.90273296  
-33.43629071  
-37.92646944  
-36.50285664  
-31.29991088  
-25.11016539  
-19.95687246  
-16.27799817  
-13.06065154  
-8.766513991  
-2.498006962  
5.242037231  
12.61018299  
17.27756158  
17.64044954  
13.76019984  
7.537485865  
2.005125122  
0.05541287027  
3.193109778  
10.88717176  
20.80464776  
29.79225431  
35.13452642  
35.5182402  
31.30772292  
24.08674516  
15.76817179  
7.746518031  
0.4967785643  
-6.244882138  
-12.89498419  
-19.40942921  
-25.01025324  
-28.4169616  
-28.46277932  
-24.76372  
-18.07330341  
-10.11406915  
-2.941973851  
1.864229165  
3.808055873  
3.591769252  
2.69597651  
2.624038346  
4.162301338  
6.988013388  
9.789481853  
10.83204365  
8.717445564  
3.02078437  
-5.43833893  
-14.77456482  
-22.57820357  
-26.62322836  
-25.51913908  
-19.13269248  
-8.684315426  
3.497313458  
14.51716243  
21.65206133  
23.12966275  
18.74374103  
10.08831067  
0.2517042092  
-7.038976511  
-8.629403128  
-3.123991344  
8.406316644  
22.54252839  
34.53303239  
39.92145114  
36.21476513  
23.93898475  
6.618050411  
-10.38560179  
-21.77047397  
-24.21558728  
-17.56642862  
-4.814459976  
9.115987447  
19.27609262  
22.522071  
18.54586289  
9.740603743  
0.03015020495  
-6.790538212  
-8.49614057  
-5.09663501  
1.450881218  
8.241869261  
12.62551256  
13.08549548  
9.506156711  
2.860134877  
-5.385288541  
-13.7785766  
-21.08612834  
-26.21128593  
-28.06039841  
-25.62583281  
-18.39940712  
-6.970705766  
6.548628775  
18.65571192  
25.31517409  
23.35978846  
11.91296772  
-6.813847152  
-27.82213048  
-44.77317738  
-52.12711678  
-47.17632701  
-31.15356296  
-8.931377975  
12.6146968  
26.96565881  
30.13997631  
21.88188813  
5.465221974  
-13.71392746  
-30.12143656  
-39.84641689  
-41.5198175  
-36.18932114  
-26.39970934  
-15.00722495  
-4.257418578  
4.581509955  
11.06924843  
15.20992296  
17.16014821  
17.19831882  
15.8863591  
14.18611312  
13.30096935  
14.19761785  
17.01348665  
20.71231562  
23.29970774  
22.64760534  
17.62739048  
9.002242766  
-0.4569036891  
-6.861675256  
-6.850924576  
0.6890317507  
13.65356296  
27.07838721  
34.85292455  
32.18004535  
17.7673156  
-5.240247394  
-30.09307566  
-48.79923746  
-55.10127671  
-46.85157407  
-26.79674074  
-1.446705858  
21.4821593  
35.96084425  
39.6734136  
34.38282752  
24.59807742  
15.24649146  
9.455929172  
7.433821232  
6.87120479  
4.566544511  
-1.591183246  
-11.27020707  
-21.62151702  
-28.49438218  
-28.33774285  
-19.87690428  
-4.788935945  
12.90532713  
28.41258516  
37.95904311  
40.0104266  
35.44928555  
26.75698245  
16.70025407  
7.194514162  
-1.153234163  
-8.71977723  
-16.07071402  
-23.21825537  
-29.372912  
-33.31072572  
-34.11223934  
-31.81057426  
-27.53750734  
-23.04017636  
-19.80189337  
-18.24005527  
-17.43596874  
-15.58363865  
-10.96412604  
-2.958216217  
7.433245483  
17.86164168  
25.59783824  
28.73833464  
27.05707048  
22.0703452  
16.26589495  
11.86220209  
9.705605264  
8.858129029  
7.100215931  
2.131078282  
-7.095457399  
-19.53941137  
-32.16687992  
-40.96816022  
-42.48979158  
-35.24147339  
-20.39773441  
-1.517528336  
16.59210374  
29.41753072  
34.11592289  
30.27331776  
19.85608501  
6.463236582  
-5.80886818  
-13.51817249  
-14.74113921  
-9.476975976  
0.4497373043  
11.9307218  
21.43189204  
25.98192925  
24.05134863  
16.0645791  
4.339250146  
-7.602431577  
-16.18577257  
-19.02441016  
-15.78048957  
-8.269242157  
0.2894047905  
6.609396559  
8.721198657  
6.793788753  
3.004738144  
0.483502719  
1.782438668  
7.573541413  
16.19258679  
24.27772188  
28.24056852  
25.90344939  
17.5375122  
5.800136503  
-5.420727857  
-12.72797625  
-14.70236334  
-12.45648943  
-8.996298047  
-7.694673652  
-10.6028087  
-17.40007585  
-25.47679142  
-31.10742898  
-31.16173441  
-24.56055579  
-12.82126192  
0.5260003495  
11.34822014  
16.49095702  
14.84765041  
7.522979958  
-2.859768645  
-13.28275053  
-21.33803399  
-25.7176824  
-26.12460469  
-22.85169211  
-16.40274797  
-7.416192347  
3.113696681  
13.57563332  
21.77347975  
25.43551374  
23.08297044  
14.86622264  
2.894534296  
-9.231739957  
-17.60666432  
-19.46703925  
-14.2700335  
-3.892626044  
8.168771787  
18.25861736  
24.0299863  
25.26500329  
23.70281171  
22.00358708  
22.37664885  
25.53528699  
30.44725345  
34.9358049  
36.76608448  
34.63942779  
28.61184993  
19.79272729  
9.574808746  
-1.11385991  
-12.09027079  
-23.57799802  
-35.48106369  
-46.75335682  
-55.32434432  
-58.74761823  
-55.3266302  
-45.16282287  
-30.5430691  
-15.36592143  
-3.769104062  
1.469560167  
0.03709127181  
-5.821234156  
-12.2800612  
-15.54984948  
-13.4078433  
-5.977461888  
4.5415037  
14.99458327  
22.66898439  
26.30623397  
26.31148865  
24.16912121  
21.46395852  
19.06700209  
16.90292274  
14.36338201  
11.06268098  
7.446442726  
4.855204469  
4.958134044  
8.835029527  
16.20222497  
25.22744415  
33.0919836  
37.07699467  
35.67639818  
29.21276113  
19.66542158  
9.795928843  
1.983886251  
-2.694155537  
-4.746620522  
-5.83335906  
-7.872761682  
-12.13357765  
-18.71684262  
-26.60752718  
-34.19143273  
-39.9358879  
-42.90965616  
-42.95714383  
-40.5462541  
-36.46377139  
-31.55501917  
-26.60999733  
-22.35678926  
-19.43786309  
-18.26866962  
-18.79303138  
-20.27625191  
-21.31973452  
-20.19936813  
-15.45702168  
-6.506818035  
6.034768096  
20.48245757  
34.64271838  
46.54404503  
54.98301036  
59.62946956  
60.68096894  
58.31985726  
52.35707543  
42.35148528  
28.20952349  
10.94552414  
-6.898124693  
-21.57707732  
-29.27589388  
-27.65341048  
-17.10474864  
-1.056675713  
15.01169949  
25.54753994  
27.11172526  
19.80248846  
7.216467064  
-5.118572076  
-12.19877532  
-11.79948669  
-5.490414137  
2.090938013  
5.413028443  
0.6946605974  
-12.19941878  
-29.50635518  
-45.10365786  
-53.15799249  
-50.68780424  
-38.87817265  
-22.56133813  
-8.116152723  
-0.7540950065  
-2.416041544  
-11.19099957  
-22.44502784  
-31.06193147  
-33.71623327  
-30.13836932  
-22.8524616  
-15.60953962  
-11.34026194  
-10.640439  
-11.50236599  
-10.38173265  
-4.050925001  
8.664728166  
26.08817356  
44.18858295  
58.13188072  
64.17785478  
61.10056009  
50.56430326  
36.37188024  
22.97702876  
13.91367479  
10.74566338  
12.84955413  
17.96657415  
23.18063849  
25.89740563  
24.51139092  
18.6557409  
9.110240858  
-2.48234683  
-13.97614982  
-23.12368621  
-28.03032639  
-27.64248056  
-22.16136254  
-13.20117788  
-3.523048584  
3.691963121  
5.866170191  
1.999946921  
-6.799765039  
-17.5117364  
-26.1242233  
-29.00169771  
-24.20446703  
-12.26324803  
3.8962805  
19.86433533  
31.16748982  
34.69291684  
29.62839363  
17.62648546  
2.186173973  
-12.49350115  
-22.78536682  
-26.63266542  
-24.00121017  
-16.70334772  
-7.697896409  
-0.1036872712  
3.778601793  
3.158179965  
-1.035714768  
-6.492926953  
-10.32173524  
-10.075815  
-4.68266824  
5.04931928  
16.55304236  
26.25690036  
30.74363767  
27.9225462  
17.79646154  
2.53975872  
-14.14505527  
-28.15927731  
-36.22090587  
-36.74566052  
-30.13662854  
-18.46732856  
-4.760015968  
7.83803125  
16.72148337  
20.22413064  
17.78272028  
9.974317684  
-1.504671792  
-13.95833339  
-24.03279445  
-28.3825589  
-24.61558825  
-12.26311864  
6.630040149  
27.6747237  
45.20931059  
54.04255656  
51.28707243  
37.55835836  
16.98030331  
-4.123114295  
-19.42858571  
-24.88080667  
-20.12606804  
-8.525687784  
4.260914468  
