-15.33435582  
-11.76056313  
-5.481065457  
2.107472568  
9.566288592  
16.12231005  
21.82282067  
27.11692797  
32.20098045  
36.60449015  
39.33480739  
39.53211377  
37.2304826  
33.69105537  
30.96905152  
30.8071937  
33.38434113  
36.63614234  
36.66734996  
29.26310022  
11.91862879  
-14.54465345  
-45.62272799  
-74.35752614  
-93.74894435  
-99.36495675  
-91.01296678  
-72.7153347  
-50.97606937  
-32.09459323  
-19.7118119  
-13.65834115  
-10.56894298  
-5.913965792  
3.538066373  
17.98112132  
34.3403059  
47.61341196  
53.12508308  
48.63983276  
35.38802748  
17.59255037  
0.7777873216  
-10.33782682  
-13.44204742  
-9.105029271  
-0.07155505439  
10.1644176  
18.78236151  
24.44661447  
27.28025739  
28.21267266  
28.18007177  
27.64113893  
26.60884012  
25.0574684  
23.33956018  
22.25664739  
22.65971305  
24.77002593  
27.62830647  
29.07187895  
26.39658796  
17.50560081  
2.057808956  
-17.93753874  
-38.43264211  
-54.53036526  
-62.13052083  
-59.39558547  
-47.45228928  
-30.0471233  
-12.2908918  
1.025045189  
6.915121605  
4.977215279  
-2.748850461  
-12.69908879  
-21.07670944  
-25.03814784  
-23.40374906  
-16.74820572  
-6.957807798  
3.504244334  
12.34944224  
18.02250716  
19.96844051  
18.61270276  
15.11882588  
11.00818431  
7.72477902  
6.228638698  
6.708959314  
8.505656403  
10.29925762  
10.55635427  
8.121556187  
2.761275929  
-4.561398385  
-11.83880743  
-16.61167002  
-16.83905699  
-11.74295767  
-2.293705817  
8.894650052  
18.28003097  
22.50114037  
19.49305242  
9.199826434  
-6.384000714  
-23.85674048  
-39.48750092  
-50.31558485  
-54.86831875  
-53.27189443  
-46.79679605  
-37.11526586  
-25.64448005  
-13.26572628  
-0.4877122682  
12.12449823  
23.58009479  
32.44545032  
37.27130702  
37.28866922  
33.00317221  
26.31078365  
19.95900159  
16.50267284  
17.19131493  
21.32118272  
26.42005104  
29.26311523  
27.31417811  
19.94505643  
8.844356946  
-2.624017428  
-10.86321652  
-13.64151777  
-11.09833325  
-5.667284041  
-0.931016215  
0.06076876665  
-3.792148839  
-11.17498581  
-19.06925546  
-24.2835994  
-25.03191319  
-21.75332774  
-16.74801355  
-12.81204271  
-11.58835431  
-12.52891366  
-13.07665245  
-10.05281449  
-1.583167298  
11.44576905  
25.24483496  
34.52039692  
34.85738979  
24.97587608  
7.719046543  
-10.82901784  
-23.81998736  
-26.64042257  
-19.04413075  
-5.368816117  
7.348960918  
12.55892671  
7.239858697  
-6.61752217  
-22.80790948  
-33.65809904  
-33.47835117  
-21.13549514  
-0.5657154075  
20.99824927  
36.24999352  
40.98139607  
35.74635562  
25.2846515  
16.03369096  
12.94487454  
17.12226969  
25.38332443  
31.91299834  
31.19345734  
20.80678863  
2.794147668  
-17.04769111  
-31.58499752  
-35.3581512  
-26.83026232  
-8.915437476  
12.35691994  
30.350589  
40.34136269  
40.97164423  
34.13451092  
23.53261439  
12.7307337  
3.661520167  
-3.776614399  
-10.98431084  
-19.30372718  
-28.81557631  
-37.92915023  
-43.96186034  
-44.39663418  
-38.17955088  
-26.42118575  
-12.16866085  
0.6441581866  
8.596900021  
9.940019266  
5.064209111  
-3.835450641  
-13.67936998  
-21.58634342  
-25.70354068  
-25.54364609  
-21.82486155  
-15.99358083  
-9.670460068  
-4.206168837  
-0.4227304222  
1.477930723  
1.888457109  
1.682297378  
2.003486292  
3.948671949  
8.175674726  
14.54528713  
21.95158393  
28.47354872  
31.87821905  
30.35595092  
23.24200526  
11.43929821  
-2.661209994  
-15.7891691  
-24.75490872  
-27.43734453  
-23.45198897  
-14.26132777  
-2.69153901  
7.967717833  
14.96155221  
16.82848487  
13.68687231  
6.999464047  
-1.047049163  
-8.291112053  
-13.20326073  
-15.16961007  
-14.41649303  
-11.68326639  
-7.82952827  
-3.553394345  
0.6887144714  
4.588298321  
7.834307496  
10.04220398  
10.83855862  
10.06887523  
8.000182931  
5.363004183  
3.143196965  
2.168724927  
2.673242837  
4.077405697  
5.164178694  
4.645751674  
1.904895125  
-2.447524617  
-6.537190183  
-7.849312799  
-4.337550321  
4.430661358  
16.64043603  
28.50101882  
35.44870963  
33.87776222  
22.7043664  
4.068154101  
-17.20480243  
-35.23792223  
-45.21102484  
-45.07962223  
-36.191733  
-22.55600258  
-9.101014343  
0.2993878558  
4.17734833  
3.652998121  
1.455846207  
0.3306813651  
1.633326944  
4.787929101  
7.821692066  
8.645633342  
6.383881113  
2.046210912  
-1.812139301  
-2.278433687  
2.476706854  
12.22094133  
24.61985406  
36.13845854  
43.43191852  
44.56260059  
39.5118966  
29.84652301  
17.8282592  
5.498918507  
-5.795835405  
-15.30126371  
-22.40314052  
-26.2798329  
-26.01960161  
-21.23263308  
-12.80155514  
-3.217127724  
3.917293927  
5.201661994  
-0.9373801125  
-13.12019575  
-27.07560425  
-37.07284028  
-38.23220759  
-28.72235552  
-10.8031806  
9.858855233  
26.39188027  
33.49647055  
29.55454176  
17.11143401  
1.530992241  
-11.50897664  
-18.46614936  
-19.16220317  
-16.25170617  
-13.28963542  
-12.46535853  
-13.23581996  
-12.61343874  
-6.986175722  
5.485578196  
23.20406669  
41.18641239  
52.96603414  
53.51459275  
41.77628801  
21.51952627  
-0.02118606814  
-15.17800718  
-19.18884183  
-12.28597139  
0.4599105089  
11.48621779  
14.18922725  
5.878505684  
-11.11837927  
-30.66543495  
-45.71365164  
-51.48140452  
-47.43072761  
-37.17383761  
-26.45707342  
-20.27563844  
-20.53678316  
-25.35795815  
-30.24819243  
-30.50041018  
-23.57601768  
-10.33218604  
5.431176021  
18.78479948  
25.88664652  
25.51815825  
19.27225785  
10.44180541  
2.297735074  
-3.313722609  
-6.378415675  
-8.041083724  
-9.362032  
-10.29927419  
-9.543830765  
-5.319383893  
3.317245656  
15.45614595  
28.25770374  
37.9866193  
41.71005678  
38.81018703  
31.49160425  
23.92833111  
20.37045406  
23.07600247  
31.07055741  
40.38151497  
45.7087484  
42.80596442  
30.48898701  
11.33680559  
-9.259134325  
-25.28754444  
-32.57651863  
-30.4289677  
-21.72832338  
-11.50670255  
-4.655323325  
-3.818234055  
-8.393351818  
-15.03568059  
-19.37148779  
-18.10496953  
-10.56016377  
1.003837372  
12.39108358  
19.28272251  
19.03773184  
11.70535323  
-0.1329337759  
-12.53911862  
-21.83036531  
-25.90440845  
-24.74824719  
-20.01101231  
-13.95117981  
-8.318815967  
-3.703013303  
0.4003819289  
4.920547524  
10.35222605  
16.18532863  
20.93407829  
22.75759803  
20.35848291  
13.70247792  
4.187574607  
-5.839247769  
-14.00128211  
-18.81756212  
-20.20233742  
-19.31372992  
-17.8422707  
-17.10025167  
-17.36418105  
-17.79221407  
-16.94856751  
-13.66321426  
-7.7851431  
-0.4395763011  
6.354046776  
10.52659868  
10.8567545  
7.485574393  
1.803619317  
-4.217293427  
-8.899943986  
-11.5019632  
-12.31387903  
-12.207469  
-11.92670702  
-11.55598254  
-10.49672406  
-7.987374362  
-3.865247556  
0.9164616363  
4.420510683  
4.579610233  
0.4269200974  
-6.927347703  
-14.18206661  
-16.84713993  
-11.07565921  
4.425950967  
27.30842953  
51.93000923  
71.16092189  
78.98801158  
72.85647034  
54.73678908  
30.4230783  
7.326381022  
-8.318181753  
-13.66056865  
-9.964340794  
-1.625275236  
5.995197195  
8.906763626  
5.971832779  
-1.036795121  
-8.681240674  
-13.69939043  
-14.5220767  
-11.789189  
-7.7355794  
-4.883049213  
-4.77431186  
-7.387007571  
-11.44537372  
-15.34739126  
-18.11242217  
-19.79039937  
-21.12302217  
-22.70592997  
-24.21050256  
-24.20567229  
-20.78359946  
-12.71774561  
-0.5327098493  
13.15576477  
24.339183  
29.13369168  
25.45061377  
14.02400522  
-1.731210631  
-17.01471011  
-27.52524537  
-31.08815761  
-28.30762082  
-21.9949781  
-15.70273309  
-12.09196572  
-11.89170652  
-13.87092813  
-15.72356201  
