7.300553257  
-4.215378154  
-14.25866411  
-21.0662679  
-24.39454381  
-24.77182787  
-22.59583205  
-17.6799732  
-9.494252665  
2.122699843  
16.30641403  
31.05465861  
43.8120622  
52.46701457  
56.20681531  
55.73520788  
52.71392872  
48.74108998  
44.46018184  
39.33289082  
32.22812139  
22.48916115  
10.82246698  
-0.5972004312  
-8.993303109  
-12.44637649  
-11.16115753  
-7.762597822  
-6.287936401  
-10.22498389  
-20.51203794  
-34.5499674  
-46.8709532  
-51.33341012  
-43.93640467  
-24.96534955  
0.5931114878  
24.6777257  
39.1964713  
39.1947519  
24.77450269  
0.9465720109  
-24.47001746  
-43.92768928  
-52.84071656  
-50.77437915  
-40.77673537  
-27.37710961  
-14.34978722  
-3.343626158  
6.061118081  
15.09834077  
24.21851648  
32.14863704  
36.21268335  
33.79012318  
24.12391014  
9.432702427  
-5.416481367  
-14.70723602  
-14.40250294  
-4.222295568  
11.7821779  
26.56248398  
32.8415833  
26.16033575  
6.874517235  
-19.79101484  
-45.68313755  
-62.84341144  
-66.49880207  
-56.68889136  
-37.91316472  
-17.04154569  
-0.4519697259  
8.371055796  
9.815094897  
7.402418276  
5.793130669  
8.488499942  
16.24936095  
26.86129122  
36.2530307  
40.39449152  
37.10925965  
27.03359128  
13.36605802  
0.5793451329  
-7.322618194  
-8.279505594  
-2.825091445  
6.271595758  
15.15220725  
20.30058818  
19.70631603  
13.37053871  
3.058555276  
-8.504119367  
-18.61611382  
-25.37752818  
-28.01403285  
-26.72110994  
-22.20552384  
-15.20713381  
-6.256875496  
4.215649517  
15.5051558  
26.22332953  
34.15315289  
36.57054933  
31.04078506  
16.46015554  
-6.058968155  
-32.8850831  
-58.41430295  
-76.43478261  
-81.94337055  
-72.81487816  
-50.70131605  
-20.75829981  
9.802156939  
33.89619952  
46.75352508  
47.33033605  
38.44009784  
25.55750295  
14.74758927  
10.4971927  
14.25111083  
24.16491043  
36.09882196  
45.39280664  
48.67662223  
44.99873603  
35.87864577  
24.35900112  
13.54897236  
5.332690177  
-0.2020990314  
-4.420160233  
-9.113010989  
-15.33047186  
-22.6534828  
-29.26496804  
-32.78529206  
-31.46911759  
-25.18445713  
-15.68947418  
-6.046119638  
0.5916891464  
2.284985415  
-0.8701702291  
-6.778971347  
-12.23436646  
-14.27409336  
-11.42914632  
-4.338916762  
4.510468865  
11.7914648  
14.64704302  
11.76559065  
3.805220484  
-6.955483677  
-17.54131105  
-25.37029483  
-29.07812488  
-28.79866433  
-25.86939964  
-22.15350756  
-19.28377562  
-18.10868751  
-18.49375733  
-19.47619296  
-19.65466905  
-17.65465018  
-12.53361544  
-4.044242865  
7.276290235  
20.1924469  
33.01325803  
43.94756299  
51.49066029  
54.73027007  
53.46417334  
48.0808335  
39.25823291  
27.63742054  
13.66524029  
-2.266063174  
-19.416097  
-36.24625573  
-50.24274863  
-58.27378956  
-57.5170833  
-46.68370117  
-27.02152599  
-2.551193484  
20.77404235  
36.85013716  
41.55387329  
34.37764283  
18.82291435  
1.26330091  
-11.37687829  
-14.24372686  
-6.405588053  
8.85584625  
25.4623167  
37.07727455  
39.68515165  
33.10760779  
20.82417371  
8.219260167  
0.07807344996  
-1.526101749  
1.986177914  
6.558768634  
7.547151224  
1.97001625  
-10.08266747  
-25.50607075  
-39.61759493  
-48.25151542  
-49.509959  
-44.3779419  
-35.98402331  
-27.94055158  
-22.61189677  
-20.14409444  
-18.67343012  
-15.53376878  
-8.804085929  
1.591873159  
13.75788429  
24.68398401  
31.61838669  
33.25419345  
30.16812418  
24.35838351  
18.1883983  
13.31908115  
10.17026615  
8.132063605  
6.330614391  
4.458588077  
3.165086402  
3.757742215  
7.361995825  
13.99639566  
22.0954222  
28.80415533  
30.98854708  
26.54394853  
15.41996832  
-0.1098820516  
-16.07945661  
-28.12325235  
-32.92657265  
-29.28819871  
-18.43695212  
-3.551638785  
11.27723829  
22.25033701  
26.84380012  
24.33169899  
15.78440176  
3.628939021  
-9.06111798  
-19.35839708  
-25.1798149  
-25.73768017  
-21.63367484  
-14.5606527  
-6.690004413  
0.06024629148  
4.610915775  
6.928657797  
7.768620943  
8.077200311  
8.353005621  
8.303203359  
6.997279944  
3.460438077  
-2.605312212  
-10.3920721  
-18.15018275  
-23.94222952  
-26.64073976  
-26.63115706  
-25.76714626  
-26.47692269  
-30.37684909  
-37.07522487  
-43.85115811  
-46.53083813  
-41.30461404  
-26.71198835  
-4.839103877  
18.94988023  
37.79007266  
45.93614699  
41.12121488  
25.60776252  
5.432241136  
-11.8641181  
-20.0601815  
-16.4527056  
-2.559969871  
16.83788413  
35.75697344  
49.17989593  
54.42819027  
51.32987748  
41.41501179  
26.8136823  
9.547936118  
-8.471747974  
-24.97496397  
-36.98217539  
-41.14269497  
-34.89410982  
-17.9884747  
6.46567842  
32.23457515  
51.70807493  
58.63280505  
50.6882588  
30.67671742  
5.631488736  
-15.91741741  
-27.38827165  
-26.77436379  
-17.24865255  
-5.45960777  
1.684876019  
0.2317201603  
-9.113466784  
-21.56420619  
-30.77096174  
-31.99895463  
-24.38382697  
-11.17074687  
2.128493544  
10.67424505  
12.80097846  
10.78778444  
9.499763629  
13.60454684  
24.81122767  
40.58529688  
55.0533906  
61.70149546  
56.54824635  
40.21271018  
17.82582596  
-3.205928498  
-16.5166442  
-19.58109124  
-14.66447125  
-7.503933135  
-4.413967667  
-9.256032018  
-21.73903656  
-37.81652817  
-51.88915507  
-59.63667179  
-60.03256631  
-55.55672473  
-50.56561781  
-48.72150208  
-50.84370639  
-54.30694744  
-54.30517323  
-46.34445885  
-28.70813152  
-3.655339056  
23.24774093  
45.34380466  
57.5812  
58.42597856  
50.14630466  
37.44391968  
25.19936343  
16.4689222  
11.66262146  
9.167195024  
6.922391139  
3.995579481  
1.260498819  
0.8190141635  
4.517014657  
12.42144539  
22.17024571  
29.66104974  
30.83620126  
23.71881126  
9.66996599  
-6.827123832  
-19.85245528  
-24.48430664  
-18.88110898  
-5.049679152  
12.0576111  
26.69806044  
34.7481518  
35.26252534  
30.49065031  
24.39580307  
20.42946216  
19.66215492  
20.19592495  
18.16731458  
9.882340438  
-5.936704516  
-26.90328152  
-47.40133074  
-60.62931402  
-61.43217932  
-48.69946382  
-26.24021149  
-1.663893116  
16.36201565  
21.40376479  
11.76892823  
-8.803080531  
-32.56306359  
-50.7168363  
-56.73602313  
-48.691452  
-29.71066653  
-6.451848175  
13.69627681  
25.48274234  
27.55389307  
22.45663508  
15.02244221  
9.959118745  
9.769439112  
13.89487478  
19.36568861  
22.52514013  
20.91921478  
14.42238582  
5.09828768  
-4.04792351  
-10.71301234  
-14.44247543  
-16.67245922  
-19.65706142  
-24.87550825  
-31.81017485  
-37.81236316  
-39.21214386  
-33.16241504  
-19.28551122  
-0.2416708911  
19.14492457  
33.83843453  
40.69032979  
39.64810457  
33.46801735  
26.08486522  
20.49487272  
17.27935812  
14.5785037  
9.558146194  
0.5853422936  
-11.1173987  
-21.37566545  
-24.78503595  
-17.5301945  
0.103283012  
22.93151947  
42.45804624  
50.36120863  
42.38754845  
20.80518857  
-5.897955007  
-26.1756503  
-30.21030344  
-14.261133  
17.39225136  
53.86323171  
81.90085523  
91.16731367  
78.29109943  
47.98795575  
10.85289755  
-21.11494351  
-39.25419773  
-41.24019183  
-31.21865715  
-17.2835305  
-7.64957839  
-7.308531641  
-16.54209422  
-31.66231429  
-47.28634651  
-58.84440694  
-64.11799864  
-63.28674932  
-57.8192379  
-49.11064308  
-37.76710418  
-23.91643778  
-8.210803287  
7.292314424  
19.1518604  
23.71763997  
18.97745589  
6.089975601  
-10.36225054  
-23.78704058  
-28.20106604  
-20.90541331  
-3.929750652  
16.53894072  
32.60385035  
37.9454542  
30.48875343  
13.2532492  
-6.982019691  
-22.57073825  
-28.13649191  
-22.5824013  
-9.177378474  
6.168687406  
17.52999198  
21.26313723  
17.03153127  
