43.00273079  
43.00888339  
41.26470608  
39.6946213  
38.45152959  
36.19293728  
31.19458056  
22.61630591  
11.22682601  
-0.7618488909  
-10.60401417  
-16.15666367  
-16.65408955  
-12.77799345  
-6.079950419  
1.855815269  
10.032103  
18.14401438  
26.1968847  
33.94403885  
40.52770876  
44.55602064  
44.57253574  
39.64107108  
29.71843199  
15.63389662  
-1.25447856  
-19.46681281  
-37.59825735  
-54.20760088  
-67.55006966  
-75.47025752  
-75.72734589  
-66.77824743  
-48.72620976  
-23.94087357  
3.087097225  
26.78032216  
42.09187125  
46.08159185  
38.79656006  
23.09137538  
3.500587085  
-15.30739409  
-29.81566545  
-38.20387829  
-40.10197476  
-35.9237644  
-26.32906819  
-12.19667386  
4.918469235  
22.28004732  
35.99793083  
41.93500183  
37.31941708  
22.36443659  
0.985591811  
-20.0230941  
-33.30579058  
-33.92881037  
-21.7304622  
-1.856078376  
16.98270813  
25.96517602  
19.92642972  
-0.2249255674  
-27.5835947  
-51.8966682  
-63.71476293  
-58.27714741  
-37.45246464  
-8.903163786  
17.13820819  
32.05462861  
32.18407497  
19.93362637  
2.317003235  
-12.300485  
-17.73657201  
-12.28169944  
1.115113194  
16.62776101  
28.31707258  
32.56806489  
29.18894197  
20.88533249  
11.59184139  
4.592605078  
1.315629335  
1.227159739  
2.654214316  
3.938649406  
4.265275632  
3.791161169  
3.145865418  
2.716101642  
2.203988113  
0.7390096355  
-2.526903633  
-7.699663746  
-13.72969301  
-18.56651811  
-19.84274474  
-15.78288991  
-5.940804553  
8.523203763  
25.08553299  
40.46768952  
51.3616254  
55.07088654  
49.99127957  
35.94974681  
14.42154139  
-11.43764885  
-37.0906564  
-57.37774926  
-67.70763269  
-65.4078046  
-50.76590261  
-27.27916137  
-0.8607743311  
21.84537294  
35.49010081  
37.63456437  
29.33337479  
14.47176013  
-1.834379667  
-15.08413597  
-22.72340854  
-24.48576148  
-21.75509849  
-16.41263172  
-9.82687887  
-2.488050719  
5.615249023  
14.21856696  
22.17568631  
27.49610804  
28.12177401  
23.08520228  
13.41594861  
2.218047765  
-6.276612685  
-8.357912381  
-2.474779591  
9.915078292  
24.73738032  
36.8362043  
42.02038406  
38.74161256  
28.67327495  
15.94084914  
5.346532348  
0.3579744676  
1.715991321  
7.223547293  
12.76172608  
14.067564  
8.521494909  
-3.765602289  
-19.95527042  
-35.51386005  
-45.83425204  
-47.82753133  
-40.93249541  
-27.24376023  
-10.77912993  
3.815944748  
12.68193753  
13.83107222  
7.589659454  
-3.705967196  
-16.62910444  
-27.86798827  
-35.29033117  
-38.47985249  
-38.54473836  
-37.28016294  
-36.04685317  
-34.88242635  
-32.30364461  
-25.97841812  
-14.04446721  
3.497409655  
24.01060769  
42.56839918  
53.45454671  
52.31628254  
38.10070842  
13.90179918  
-13.75828008  
-37.04548563  
-49.54506704  
-48.52376533  
-35.80090029  
-16.87350907  
1.330459476  
13.1321597  
16.12168933  
11.74341514  
4.309164798  
-1.03761853  
-0.4888569401  
7.018993858  
19.63872673  
33.60485084  
44.83612611  
50.42971675  
49.48839711  
43.09100059  
33.59147033  
23.64825301  
15.37809013  
9.863677578  
7.043976369  
5.893207866  
4.782070659  
1.958830813  
-3.889248754  
-13.08376135  
-24.5943949  
-36.09568138  
-44.58086553  
-47.43838445  
-43.61604979  
-34.3296128  
-22.85873758  
-13.33558227  
-8.928875063  
-10.21600238  
-14.58067478  
-17.09133286  
-12.64092724  
1.530367962  
24.10334657  
49.65566372  
70.52248009  
79.82687216  
74.35643681  
55.96234772  
30.80309006  
6.758601361  
-9.785269605  
-16.27883398  
-14.4145862  
-8.512255026  
-2.824184745  
0.7531680365  
3.312758862  
7.579960169  
15.35617207  
25.29160365  
32.44479694  
30.19192771  
13.76094946  
-16.35097744  
-52.99759355  
-84.13404322  
-97.30711581  
-85.06237572  
-48.79890884  
0.8777251024  
47.75189315  
76.17967649  
77.24152569  
52.17569512  
11.579691  
-29.23681968  
-56.63505227  
-63.90887553  
-53.15900687  
-33.14717327  
-14.3867457  
-3.961116105  
-2.565546056  
-5.066948924  
-4.086014402  
5.38240949  
22.75458743  
41.7167017  
53.22691257  
50.12034601  
30.96351611  
1.183249019  
-29.13655226  
-49.73548617  
-54.75549889  
-45.20500238  
-28.15378754  
-13.11264377  
-7.40989344  
-12.81581604  
-24.99686944  
-35.95598804  
-38.16014401  
-28.28512201  
-8.776229739  
13.43504738  
30.30561041  
36.41150761  
31.22191337  
18.91941401  
6.035741167  
-1.772445043  
-2.155367296  
3.415950257  
11.10958912  
17.19527462  
20.07919689  
20.81249988  
21.88340255  
25.08652067  
29.78669754  
32.67830516  
29.31019606  
16.64378435  
-4.7150149  
-29.88321406  
-51.16728697  
-61.06462011  
-55.42691514  
-35.2810206  
-6.425588811  
23.01127726  
45.88935707  
58.68610045  
62.25049555  
60.44603811  
57.49578109  
55.45872571  
53.14977557  
47.0354997  
33.59781932  
11.88897971  
-15.11154799  
-41.12936468  
-59.00276467  
-63.74740555  
-54.80464726  
-36.37157758  
-15.62270168  
0.3640399418  
7.554972142  
6.436815009  
1.385275373  
-1.715546295  
1.554594482  
11.97888677  
26.29921025  
38.69832178  
43.41944583  
37.29706887  
21.083041  
-0.9371713516  
-22.74893866  
-38.94588352  
-46.5679128  
-45.74278687  
-39.04514216  
-30.06008914  
-21.91057876  
-16.38531079  
-13.89953925  
-14.06906128  
-16.4130351  
-20.73409883  
-26.99989054  
-34.88968765  
-43.37662208  
-50.68456798  
-54.72039179  
-53.78884696  
-47.21890016  
-35.57305417  
-20.34536819  
-3.34333154  
13.87467081  
30.18263878  
44.61288797  
55.85990858  
61.9878369  
60.71285748  
50.33346348  
30.97818567  
5.552050593  
-20.24422023  
-39.11893192  
-44.38219017  
-32.38461973  
-4.233165997  
34.00064476  
72.82000864  
102.1368543  
114.4101177  
106.9432589  
82.50883548  
48.116623  
12.45699743  
-16.96242394  
-35.91211499  
-44.06913168  
-44.12041542  
-39.90198435  
-34.47935926  
-29.01006249  
-22.80717385  
-14.44657021  
-3.282933627  
9.430643386  
20.4289053  
25.46692228  
21.106642  
6.498859998  
-15.64617023  
-39.41276351  
-57.35878365  
-62.98724937  
-53.13703058  
-29.40055511  
2.009644245  
31.98768274  
51.3335342  
53.71116187  
37.77218591  
7.715364935  
-27.92923357  
-58.90482242  
-76.3654823  
-75.51212648  
-56.87219444  
-25.84139348  
9.28951118  
40.08666287  
60.52478587  
68.48044631  
65.73782655  
56.64879595  
46.0793698  
37.49371527  
31.90075189  
27.98014397  
23.19645929  
15.31793792  
3.638539118  
-10.60524237  
-24.73478712  
-35.74299791  
-41.47454637  
-41.34892887  
-36.36505128  
-28.48221382  
-19.74790726  
-11.61106975  
-4.703944224  
0.901854686  
5.210309825  
7.921443416  
8.38951962  
5.925343429  
0.2372363148  
-8.269335825  
-18.5149754  
-29.06351297  
-38.51978755  
-45.75144029  
-49.81421535  
-49.695243  
-44.17178992  
-32.07843448  
-13.04697097  
11.56378916  
38.10015576  
60.95840385  
74.05324526  
73.06188222  
57.57697121  
32.11864084  
5.270034585  
-13.05592849  
-15.339805  
0.3011668962  
28.80795214  
59.58746935  
80.29916403  
81.62483232  
61.09959794  
24.36645449  
-16.76716799  
-48.76477616  
-61.51954919  
-52.14573375  
-25.88320472  
6.187481695  
31.59433309  
41.20534568  
32.33489588  
9.104926939  
-19.84228656  
-45.09365123  
-60.00194103  
-62.61429717  
-55.45628754  
-43.62808495  
-32.32696738  
-24.96740348  
-22.56669934  
-24.32340891  
-28.73265509  
-34.44704499  
-40.42183102  
-45.44634902  
-47.61678152  
-44.37379765  
-33.37741452  
-13.91960885  
11.8772731  
38.88137393  
60.18292025  
69.43313424  
63.37037289  
43.40132447  
15.44290567  
-12.02667923  
-30.95416672  
-36.5048342  
-28.51918042  
-11.09068371  
9.439148198  
27.10516559  
38.40110946  
