24.82145922  
23.48324257  
14.21227985  
1.262598002  
-10.29002682  
-16.62801166  
-16.61971416  
-11.99641025  
-6.23909079  
-2.718666926  
-2.97201532  
-5.932149787  
-8.486019602  
-7.109658329  
0.1881137012  
12.5489898  
26.24453558  
36.03517125  
37.35278483  
28.35239149  
10.90509331  
-9.946283529  
-27.87641834  
-37.72565948  
-37.46975961  
-28.87944856  
-16.60576617  
-6.106779717  
-1.322038111  
-3.091861887  
-8.976482436  
-14.5130554  
-15.32997545  
-9.185728668  
2.943115727  
17.17137468  
28.25417793  
31.70341502  
25.58802666  
11.30288203  
-6.953530749  
-23.71703884  
-34.15014914  
-35.54371363  
-27.91143491  
-13.57983821  
3.911847664  
21.05796043  
35.27025992  
45.14654609  
50.20402106  
50.40393656  
45.83718447  
36.77917947  
24.04854783  
9.374027472  
-4.586008077  
-14.77508708  
-18.72878369  
-15.64014573  
-6.986476154  
3.679962086  
11.84015697  
13.66802076  
7.594922226  
-4.900989096  
-19.68912471  
-31.49563934  
-35.97322257  
-31.50129883  
-19.95349116  
-6.066540547  
4.381805809  
6.876316207  
0.01873071424  
-13.82922785  
-29.38844624  
-40.45974335  
-42.27559631  
-33.27238048  
-15.59994077  
5.788364216  
25.04859955  
37.56453392  
41.43550342  
37.80447605  
29.99944871  
21.94179623  
16.53109751  
14.65896689  
15.18030532  
15.73924364  
14.00117124  
8.720860781  
0.2127800977  
-9.902764897  
-19.47255506  
-26.69346326  
-30.69610022  
-31.60538943  
-30.12601624  
-26.92645656  
-22.1767589  
-15.49936269  
-6.375222885  
5.191173751  
18.09388527  
29.97266146  
37.6603647  
38.15107865  
29.76899365  
13.08967413  
-8.792094184  
-30.84663758  
-47.44263361  
-54.03594216  
-48.6544924  
-32.64558011  
-10.37752745  
12.05941362  
28.74796689  
35.79772603  
32.51335515  
21.46224217  
7.422128566  
-4.399219221  
-10.20879705  
-8.856240097  
-2.01103952  
6.727976433  
13.38820669  
15.19457855  
11.53046913  
3.947455473  
-4.70185186  
-11.56693942  
-14.9396989  
-14.74856974  
-12.24801182  
-9.126458704  
-6.514376015  
-4.393800125  
-1.690884018  
3.016426055  
10.54871344  
20.42470215  
30.77688952  
38.94964133  
42.51703414  
40.25854358  
32.65362612  
21.68327418  
10.04587014  
0.1497861746  
-6.676417108  
-10.44390602  
-12.18133613  
-13.24094415  
-14.58702443  
-16.38668115  
-18.04771831  
-18.62455196  
-17.35522776  
-14.06341244  
-9.258208719  
-3.926060911  
0.8536525096  
4.283206822  
6.066113161  
6.420344515  
5.925149619  
5.285524384  
5.091293466  
5.616112747  
6.680377966  
7.608261455  
7.325271803  
4.637087816  
-1.325772738  
-10.60854579  
-22.07813047  
-33.43186718  
-41.69074586  
-44.10593044  
-39.1931284  
-27.48336044  
-11.62288431  
4.318547812  
16.14590265  
20.97574525  
18.242527  
9.851469861  
-0.6023722474  
-9.234976691  
-13.31477478  
-12.15356552  
-7.105941185  
-0.7359799318  
4.428806108  
6.977742014  
7.066864425  
6.097075819  
5.848075836  
7.534749636  
11.24897887  
16.02190017  
20.41256533  
23.26982335  
24.25304386  
23.85424725  
22.9474889  
22.14723345  
21.3514535  
19.73322314  
16.19236934  
10.02387322  
1.439055236  
-8.349503616  
-17.54010657  
-24.45283154  
-28.18877215  
-28.91740814  
-27.66722361  
-25.74655478  
-24.10065037  
-22.92582643  
-21.71153908  
-19.65259355  
-16.18744816  
-11.37047648  
-5.89344193  
-0.7674114735  
3.14550283  
5.497451519  
6.538177016  
6.902479003  
7.247111349  
7.948940651  
9.020459462  
10.25899896  
11.50772283  
12.84830927  
14.59621116  
17.09583468  
20.43636414  
24.2583308  
27.76972178  
29.97210141  
29.98530612  
27.31750879  
21.97779895  
14.43100554  
5.481138392  
-3.819295745  
-12.2063815  
-18.25974424  
-20.59695048  
-18.2734048  
-11.30681625  
-1.085714903  
9.638237871  
17.36149566  
18.96540726  
12.99290238  
0.5044510549  
-14.97323957  
-28.55021809  
-35.79621893  
-34.56283957  
-25.98902822  
-14.16119278  
-4.467580872  
-1.292755982  
-6.049783752  
-16.45729146  
-27.44886638  
-33.37127921  
-30.52346085  
-18.89694225  
-2.310365193  
13.15715201  
21.75645295  
20.53338974  
10.57082686  
-3.536610881  
-15.71822056  
-21.04211147  
-17.7381286  
-7.75762117  
4.314109113  
13.42933694  
16.30943892  
12.74092539  
5.419220577  
-1.486948388  
-4.314007509  
-1.49874912  
5.885399064  
14.78921915  
21.63218242  
23.81158574  
20.61817713  
13.25724695  
4.123848039  
-4.209606503  
-9.79816205  
-11.64417585  
-9.574142187  
-3.945112444  
4.525060519  
14.69046527  
24.80896938  
32.56217504  
35.49309901  
31.84375597  
21.47249796  
6.361874778  
-9.681951857  
-22.19916339  
-27.73826283  
-25.32094952  
-17.01116424  
-7.224360959  
-0.9605086183  
-1.654624389  
-9.568357818  
-21.46526011  
-31.78565183  
-34.88737415  
-27.43873728  
-9.95704491  
13.17098867  
35.21825079  
49.5827412  
52.19513271  
42.91765084  
25.42079788  
5.657560579  
-10.39045917  
-18.77363581  
-18.66608318  
-12.16546676  
-3.025926727  
5.043566059  
9.776029884  
10.91051148  
9.807556794  
8.418204798  
8.153115276  
9.180306518  
10.43088538  
10.24330553  
7.28911338  
1.32039872  
-6.60867851  
-14.53232762  
-20.37857573  
-22.81595553  
-21.76948672  
-18.4011878  
-14.59801141  
-12.22023752  
-12.44419679  
-15.45725522  
-20.57568239  
-26.65561462  
-32.54934912  
-37.37839886  
-40.53019478  
-41.46347691  
-39.52610747  
-33.98548695  
-24.34077595  
-10.7983406  
5.349975456  
21.71692261  
35.30463431  
43.3748779  
44.38015174  
38.55516159  
27.88321716  
15.41651615  
4.22474134  
-3.579513654  
-7.323130598  
-7.589308423  
-5.524863952  
-2.048182411  
2.590831061  
8.651736354  
16.24691848  
24.60379827  
31.76161253  
35.02872498  
32.12433723  
22.50913289  
8.204995869  
-6.451816478  
-16.21655783  
-17.01869723  
-7.833372422  
8.55697207  
26.37996948  
39.04183859  
41.77217787  
33.59259618  
17.70554842  
0.08638791525  
-13.12019725  
-18.23364948  
-15.5017382  
-8.726904683  
-3.240861772  
-3.193582913  
-9.451254528  
-19.11318268  
-26.88867642  
-27.68489391  
-19.17348246  
-3.10692898  
15.25429223  
29.34963453  
34.13910441  
28.23731719  
14.4018722  
-1.7985382  
-14.464286  
-19.81861281  
-17.52986897  
-10.38495618  
-2.600676256  
2.318046717  
3.114768364  
1.027697038  
-1.255828693  
-1.297718217  
1.659979811  
6.253173067  
9.713933535  
9.316569665  
3.773495658  
-6.122254136  
-17.88000518  
-28.44989225  
-35.48421578  
-38.0878035  
-36.76051859  
-32.7064998  
-27.01993592  
-20.27256698  
-12.72456288  
-4.945374313  
1.673518614  
5.011568752  
3.065119756  
-4.800472979  
-16.8906944  
-29.19262075  
-36.61293094  
-35.06128511  
-23.47287782  
-4.749931895  
14.99582404  
28.75381854  
31.56364223  
22.79613122  
6.66930593  
-9.351710655  
-17.6645361  
-13.82178015  
1.458688619  
22.49699366  
41.02760498  
49.73580949  
45.41295913  
30.34951508  
11.36040492  
-3.122822458  
-6.623162969  
2.681698045  
21.25453204  
41.72990081  
55.96749256  
58.30692801  
47.68497605  
27.82403896  
5.541763888  
-12.01016138  
-20.00670209  
-17.48723152  
-7.295956182  
5.370377573  
15.08796057  
18.12278743  
13.46564899  
2.752048019  
-10.7089017  
-23.28310239  
-32.18854956  
-36.13266741  
-35.32398319  
-31.01970693  
-24.89526591  
-18.50320868  
-12.97234268  
-8.955449559  
-6.72978038  
-6.321105603  
-7.554750329  
-10.00979699  
-12.92768559  
-15.17525134  
-15.36305249  
-12.1682887  
-4.820210159  
6.397846176  
19.84467312  
32.62469712  
41.20047392  
42.42727058  
34.71517751  
18.889909  
-1.653850164  
-21.70704655  
-35.77194858  
-39.88289294  
-33.05471902  
-17.75993596  
0.8318911968  
16.63820233  
