8.352527345  
-1.660418859  
-10.61977745  
-16.20556892  
-17.33040511  
-14.32293278  
-8.649729447  
-2.338435161  
2.67713899  
5.093453018  
4.534803914  
1.572442558  
-2.507709891  
-6.118781766  
-7.86480633  
-6.983255846  
-3.604153869  
1.277194321  
6.138063461  
9.486142973  
10.44184836  
9.105484809  
6.529812045  
4.271354906  
3.685537886  
5.269610161  
8.367912925  
11.41250636  
12.63083738  
10.91839421  
6.467448285  
0.8250822624  
-3.695196622  
-5.018535095  
-2.282931657  
3.676998096  
10.58871314  
15.65314531  
16.70696726  
13.10401341  
5.908907613  
-2.679043635  
-10.38166633  
-15.85361922  
-19.14946939  
-21.42299599  
-24.03024953  
-27.52541193  
-31.1092787  
-32.87197289  
-30.76089752  
-23.80917173  
-12.97959438  
-1.124319502  
8.028142918  
11.45873857  
8.294429588  
0.3871163331  
-8.311396756  
-13.37296368  
-11.82589581  
-3.529456948  
8.657616914  
20.02997041  
26.02734019  
24.19308147  
15.23384315  
2.714013493  
-8.468799471  
-14.1416968  
-12.53871323  
-4.891519932  
5.278226864  
13.78729816  
17.57368591  
15.84489582  
10.14070469  
3.381456567  
-1.571934157  
-3.14399905  
-1.519810967  
1.759625295  
4.775794807  
6.229222794  
5.948420736  
4.706375037  
3.527928104  
2.936242637  
2.597244549  
1.576931441  
-0.9341608449  
-4.857927424  
-8.904573937  
-10.94935011  
-8.997259837  
-2.285271426  
8.051275951  
19.15061041  
27.44844042  
30.14231979  
26.43744755  
17.97337388  
8.183311487  
0.8248838366  
-1.681535046  
0.6435208949  
5.316927201  
8.500327835  
6.775139149  
-1.19071295  
-13.83230716  
-27.12224023  
-36.10267834  
-36.89119176  
-28.32636609  
-12.56591614  
5.614831211  
20.53888682  
27.66561234  
25.1450698  
14.30592525  
-1.055997687  
-16.23529596  
-27.35226678  
-32.57157488  
-32.37164473  
-28.85493307  
-24.48938651  
-20.88074567  
-18.11779622  
-14.94329502  
-9.621981589  
-1.06541351  
10.32943806  
22.53254935  
32.51212374  
37.38149322  
35.56665559  
27.4862875  
15.44638397  
2.791420106  
-7.327336931  
-13.04544091  
-14.29121337  
-12.52048979  
-9.842585467  
-7.964443639  
-7.449191389  
-7.622295184  
-7.143069173  
-4.93338717  
-0.9775358052  
3.439023729  
6.21460268  
5.444090676  
0.4835242264  
-7.470240187  
-15.62418586  
-20.62254943  
-19.95385897  
-13.10995324  
-1.951715437  
9.930341177  
18.62438263  
21.4821427  
18.18983124  
10.85035178  
3.034965488  
-1.775824198  
-1.671238032  
2.94308736  
9.645815368  
15.18644309  
16.9984284  
14.34413663  
8.582711159  
2.468210463  
-1.167903676  
-0.7238718516  
3.472248885  
9.362909545  
14.12662748  
15.4287777  
12.3747123  
5.759401303  
-2.434253079  
-9.980306055  
-15.30963676  
-17.94825862  
-18.35426523  
-17.33591556  
-15.43846073  
-12.66666696  
-8.688670242  
-3.366858641  
2.745470214  
8.302766108  
11.60885494  
11.43353497  
7.790295504  
2.226073312  
-2.619941898  
-4.07170511  
-0.6411498913  
7.153587526  
16.80260798  
24.70982103  
27.63062302  
24.01920787  
14.68420853  
2.454539622  
-8.996588405  
-16.64162969  
-19.24095516  
-17.64625507  
-14.16994974  
-11.35334837  
-10.73003909  
-12.15763798  
-14.00416539  
-14.06377238  
-10.74085216  
-3.932281381  
4.801102699  
12.84059933  
17.60106851  
17.60886488  
13.09559906  
5.874700353  
-1.40975961  
-6.31301647  
-7.465069518  
-4.96434637  
-0.1926894757  
4.806925843  
8.104192455  
8.514868482  
5.906746906  
1.141337097  
-4.265296214  
-8.623348217  
-10.55825465  
-9.404364447  
-5.427930223  
0.181170959  
5.584567779  
8.817436601  
8.444723826  
4.147093837  
-3.007381929  
-10.7833557  
-16.49611018  
-18.01178919  
-14.6458807  
-7.557038926  
0.5967553583  
6.667851471  
8.308606126  
4.989050459  
-1.735947155  
-8.878700998  
-13.34525227  
-13.35960066  
-9.327468691  
-3.705286592  
0.1154746153  
-0.5664619425  
-6.368267125  
-15.33069164  
-23.60909627  
-27.08949476  
-23.23270194  
-12.31616279  
2.508663728  
16.40537298  
24.79033728  
25.18171026  
18.15906177  
7.031172568  
-3.616315455  
-9.832616906  
-9.833665782  
-4.516662761  
3.197159802  
9.817497604  
12.83105807  
11.64354811  
7.553406665  
2.872394805  
-0.3005692018  
-1.023673251  
0.2606120608  
2.256651911  
3.753358438  
4.425863964  
5.054901617  
7.045375266  
11.5077426  
18.40805742  
26.26621911  
32.60700649  
34.98058772  
32.07031766  
24.34463639  
13.92215766  
3.697963673  
-3.861855124  
-7.690234754  
-8.402742512  
-7.781320727  
-7.734072508  
-9.259860125  
-11.93599241  
-14.18310109  
-14.16974339  
-10.89798497  
-4.912191226  
1.749317248  
6.374892164  
6.808572719  
2.514308597  
-5.03661178  
-12.86288262  
-17.65967369  
-17.16110332  
-11.08530451  
-1.253661975  
9.155736947  
16.88282088  
19.83202834  
17.76811405  
12.20023102  
5.558178419  
0.06355000615  
-3.192988488  
-4.58222712  
-5.57251688  
-7.882064166  
-12.55539408  
-19.37880947  
-26.87350502  
-32.83979086  
-35.19245182  
-32.72616559  
-25.511441  
-14.80385801  
-2.559313537  
9.206372465  
18.95210798  
25.86819937  
29.83169141  
31.16647394  
30.37047257  
27.93837471  
24.31880516  
19.95241861  
15.29503991  
10.75413513  
6.542286298  
2.527875627  
-1.801853788  
-7.185297314  
-14.24747387  
-23.09146268  
-32.99818805  
-42.4020121  
-49.217064  
-51.45058193  
-47.90879178  
-38.7379013  
-25.57488667  
-11.20799792  
1.180798518  
8.962349543  
10.88525767  
7.494568336  
0.9879379173  
-5.462452736  
-8.712651329  
-6.655542014  
1.090220323  
13.03190177  
26.24154951  
37.23967585  
43.04248186  
42.04703451  
34.48863651  
22.34767918  
8.758321181  
-2.880999246  
-9.817375777  
-10.61280624  
-5.405825344  
4.263438706  
15.96464969  
27.04092211  
35.22708347  
39.07206992  
38.10059113  
32.73565187  
24.06283625  
13.53480483  
2.694963388  
-7.040569979  
-14.53939691  
-19.0634677  
-20.34551953  
-18.62705163  
-14.63601871  
-9.481909317  
-4.461311927  
-0.7995324874  
0.6161340395  
-0.5624684948  
-4.074140014  
-9.1420079  
-14.71371551  
-19.78164296  
-23.68393883  
-26.2855552  
-27.97091362  
-29.43911338  
-31.36025634  
-34.00758097  
-37.00030008  
-39.2699113  
-39.29435584  
-35.55444592  
-27.07973274  
-13.90250186  
2.751117441  
20.62924314  
36.96130136  
49.16276667  
55.51768837  
55.61431185  
50.38750639  
41.75565974  
31.98303089  
22.99273104  
15.86782501  
10.69729958  
6.788784604  
3.130467604  
-1.098158527  
-6.165696346  
-11.6943536  
-16.82707879  
-20.54751064  
-22.00232813  
-20.70811996  
-16.60777961  
-10.02359308  
-1.593190462  
7.753549353  
16.78924236  
24.03776281  
27.97272747  
27.40099604  
21.94802609  
12.45024715  
1.022713067  
-9.348734952  
-15.65709289  
-15.91493449  
-9.992023514  
0.1337425024  
10.90446764  
18.37619269  
19.66600423  
14.08820308  
3.492323255  
-8.387226645  
-17.35848771  
-20.42628926  
-17.00185077  
-9.155496927  
-0.786393046  
3.965966509  
2.419243711  
-5.545220382  
-17.42171444  
-29.07770335  
-36.38052493  
-36.76906138  
-30.13229057  
-18.67314541  
-5.88062989  
4.896573238  
11.64572066  
14.17529435  
13.76345691  
12.23034679  
10.93291004  
10.1712673  
9.25179368  
7.108030402  
3.104179241  
-2.426470577  
-8.199450029  
-12.54259232  
-14.20560283  
-12.98554689  
-9.831618952  
-6.360618043  
-4.021801346  
-3.337104755  
-3.616693023  
-3.317268301  
-0.8884001625  
4.304004992  
11.44498892  
18.42578084  
22.66156655  
22.22607389  
16.79166829  
7.934065839  
-1.365536232  
-7.833445479  
-9.174137789  
-4.971006231  
3.148413732  
12.13702794  
18.67303877  
20.36038748  
