23.11000549  
24.86821966  
25.25147989  
24.83517957  
24.08040389  
23.21475508  
22.27149779  
21.20995157  
20.00085222  
18.60162082  
16.84074844  
14.31675763  
10.43692051  
4.652707694  
-3.174545432  
-12.45426719  
-21.79589535  
-29.30288496  
-33.18010606  
-32.43414089  
-27.36489067  
-19.60342223  
-11.63132355  
-5.941417104  
-4.164899746  
-6.515532114  
-11.77220422  
-17.79430524  
-22.3424727  
-23.86119358  
-21.91682679  
-17.15337487  
-10.84499186  
-4.288745354  
1.676617121  
6.831378321  
11.39111891  
15.62106873  
19.47483592  
22.45366751  
23.76098384  
22.67713966  
18.9733232  
13.16547201  
6.481535133  
0.5394508232  
-3.147262225  
-3.653626023  
-0.9432742399  
4.116936339  
10.02608312  
15.10656161  
17.99845008  
18.035369  
15.389106  
10.94433383  
5.94923292  
1.559211944  
-1.570511161  
-3.497364586  
-4.922853863  
-6.85421756  
-10.11125741  
-14.86556444  
-20.40478822  
-25.24353506  
-27.57358682  
-25.90748279  
-19.67913025  
-9.565192451  
2.611352502  
14.37565978  
23.31878122  
27.77926495  
27.25047897  
22.39305678  
14.69242949  
5.933351805  
-2.28943445  
-8.857866648  
-13.16790836  
-14.99541879  
-14.33522209  
-11.33859775  
-6.383694459  
-0.2055783218  
6.050496906  
10.96977412  
13.22249653  
12.026289  
7.521357975  
0.8632197753  
-6.062769947  
-11.24299389  
-13.24168898  
-11.73359508  
-7.634884395  
-2.756996027  
0.8980030468  
1.929146052  
0.0975175683  
-3.577401586  
-7.237519065  
-8.9659385  
-7.619718429  
-3.378058467  
2.228937642  
6.847012245  
8.197789892  
5.015794842  
-2.341952154  
-11.86746225  
-20.49584967  
-25.12919324  
-23.72801086  
-16.07100068  
-3.896374714  
9.638866538  
20.99292286  
27.39394811  
27.69824795  
22.64965902  
14.46827169  
5.951572879  
-0.5492231298  
-3.884557208  
-4.326320457  
-3.214443439  
-2.225780306  
-2.600418917  
-4.651485501  
-7.735971644  
-10.6505975  
-12.23306423  
-11.87903178  
-9.751122315  
-6.619598124  
-3.452566378  
-0.9795082107  
0.5594664527  
1.381680905  
1.9056244  
2.440660701  
3.008224619  
3.392331773  
3.379149005  
3.032117506  
2.821254596  
3.499906632  
5.758232521  
9.810749893  
15.12596542  
20.45343289  
24.1716157  
24.83336675  
21.69551366  
15.02451371  
6.065431819  
-3.303812608  
-11.0980749  
-15.75057841  
-16.48761562  
-13.47551543  
-7.740289875  
-0.9072814594  
5.177376997  
8.882322281  
9.21359391  
6.130786236  
0.644866548  
-5.393984579  
-9.828275877  
-10.9251943  
-8.064893478  
-2.094674954  
4.860261032  
10.13653948  
11.58122579  
8.488073071  
1.992078879  
-5.312313222  
-10.43188795  
-11.29145185  
-7.724406553  
-1.654532997  
3.675920206  
5.143937428  
1.230816134  
-7.126333619  
-16.74595727  
-23.441188  
-23.78078948  
-16.61058003  
-3.657932867  
11.06255014  
22.79639343  
27.88425956  
25.10197105  
15.95964395  
3.889812998  
-7.25382572  
-14.68788518  
-17.53722224  
-16.72546358  
-14.08855535  
-11.23332018  
-8.738943619  
-6.075866614  
-2.22099836  
3.416709561  
10.29620398  
16.67506419  
20.23981427  
19.13780079  
12.90348084  
2.818510829  
-8.480338758  
-17.97287113  
-23.36902438  
-23.87956177  
-20.34151277  
-14.70510157  
-9.16896919  
-5.368437185  
-3.939252712  
-4.557198825  
-6.319888266  
-8.209691327  
-9.405923416  
-9.362231865  
-7.730454009  
-4.295761598  
0.9538809201  
7.635245852  
14.79828629  
20.96304085  
24.4672429  
24.05398251  
19.46444426  
11.7436631  
3.062392384  
-3.932108489  
-7.001579034  
-5.08251623  
1.378458255  
10.63911061  
20.30348572  
28.09469903  
32.44034458  
32.68303548  
28.93548023  
21.76838176  
11.9620097  
0.4554499874  
-11.54486945  
-22.47467498  
-30.53494967  
-34.10380394  
-32.31822054  
-25.55274237  
-15.50672859  
-4.762657675  
4.070821256  
9.291062322  
10.69320823  
9.532862185  
7.851769241  
7.4615306  
9.054038323  
11.86085046  
14.03080788  
13.55485454  
9.302779432  
1.677916249  
-7.426376123  
-15.3564362  
-19.78065805  
-19.63079097  
-15.48339974  
-9.232061907  
-3.231398384  
0.674272374  
1.797966512  
0.6748260985  
-1.420403233  
-3.21262118  
-4.034340055  
-4.01561784  
-3.805584391  
-4.022461214  
-4.760656251  
-5.437770887  
-5.072955511  
-2.851540198  
1.324881032  
6.603807875  
11.40859062  
14.04343484  
13.40603109  
9.481099121  
3.389838148  
-3.025812594  
-7.89698549  
-9.999481315  
-9.130941539  
-6.068487057  
-2.171794021  
1.162705713  
2.957021597  
2.855593995  
1.05588695  
-1.930629536  
-5.52992227  
-9.247886758  
-12.67425119  
-15.41110801  
-17.02873345  
-17.12108984  
-15.4545468  
-12.126541  
-7.623608099  
-2.709700068  
1.833160884  
5.500093106  
8.244356199  
10.43638908  
12.59903901  
15.03744939  
17.55283768  
19.40871581  
19.60702383  
17.37698636  
12.65642393  
6.317522904  
-0.01732840071  
-4.544033741  
-6.01369458  
-4.314539461  
-0.609388274  
3.086317377  
4.752848115  
3.297129309  
-0.8520209649  
-5.790006752  
-8.86757396  
-7.84314953  
-1.977680957  
7.423692526  
17.31521188  
23.99989841  
24.59558433  
18.2744137  
6.732880159  
-6.349304963  
-16.6812557  
-21.0214396  
-18.44447637  
-10.68238829  
-1.392537107  
5.343424338  
6.660456574  
2.009061625  
-6.727959281  
-16.11398439  
-22.62160209  
-24.0387515  
-20.23250377  
-12.99520732  
-5.111111926  
0.8910752132  
3.736036762  
3.747442535  
2.466298899  
1.797894179  
3.122347465  
6.762048597  
11.97848355  
17.39932461  
21.59475268  
23.51191335  
22.62201617  
18.83440241  
12.36447296  
3.727974675  
-6.108438513  
-15.56844456  
-22.53544303  
-24.81119873  
-20.90755706  
-10.8685834  
3.30565887  
17.97054035  
28.9200217  
32.89906764  
28.93432404  
18.86715586  
6.767618066  
-2.613559844  
-5.749457378  
-1.793817461  
7.05471933  
16.46361282  
21.7756268  
19.93761923  
10.71766122  
-3.298019466  
-17.88740057  
-28.99157283  
-34.31472803  
-34.03640575  
-30.38396715  
-26.34659253  
-24.1883456  
-24.46824297  
-25.98969849  
-26.63307263  
-24.60479183  
-19.46299944  
-12.42269355  
-5.816463869  
-1.998994281  
-2.234068921  
-6.084539566  
-11.56356683  
-15.9437702  
-16.83604848  
-13.06782031  
-5.028171245  
5.58649853  
16.43741699  
25.30276444  
30.65075506  
31.89379922  
29.35323475  
24.05361112  
17.45704558  
11.17954474  
6.674885971  
4.880067113  
5.888097559  
8.791903237  
11.85256093  
13.04611278  
10.86225872  
5.056540844  
-3.000520926  
-10.61749113  
-14.69736323  
-12.95743618  
-4.955268269  
7.541747048  
21.04945524  
31.55888386  
35.95100243  
33.05341555  
23.91608233  
11.23189134  
-1.79774498  
-12.62765358  
-20.06915844  
-24.28809311  
-26.21523422  
-26.75276503  
-26.21655271  
-24.2842721  
-20.41950346  
-14.47917006  
-7.11958574  
0.2597864741  
6.031281431  
9.050069742  
9.184843672  
7.383756874  
5.23547475  
4.249147852  
5.217541128  
7.972289295  
11.62174117  
15.1022522  
17.71618975  
19.35742113  
20.32203422  
20.85353936  
20.73611312  
19.22968724  
15.44244539  
8.967905255  
0.4246721767  
-8.457069247  
-15.34818545  
-18.26318329  
-16.50870184  
-11.16001338  
-4.776781796  
-0.4208514671  
-0.3814639061  
-5.176458017  
-13.29347131  
-21.80624684  
-27.60213628  
-28.6777439  
-24.93264932  
-18.1270994  
-11.0526137  
-6.313038688  
-5.265779801  
-7.56911614  
-11.48204288  
-14.7198587  
-15.44355427  
-12.94685205  
-7.790697205  
-1.41116088  
4.544295432  
8.819751922  
10.85142684  
10.71472585  
8.848970655  
5.770200593  
1.935292423  
-2.212208928  
-6.113509088  
-9.034228488  
-10.17258766  
-8.918580645  
-5.137903971  
0.6821111922  
7.52595378  
14.16291586  
19.54474636  
