-36.63372848  
-52.99065454  
-71.18330296  
-88.69615084  
-101.0107894  
-102.1027915  
-86.30800105  
-50.95473915  
1.423863847  
62.51475763  
119.9361703  
160.9061846  
176.6064676  
165.5214721  
134.3073178  
95.6758659  
63.97903036  
50.14442897  
57.90807053  
82.77803336  
114.0650484  
139.0854774  
147.8214092  
136.2270921  
107.0294697  
67.96017378  
28.39214129  
-4.097874808  
-25.86697618  
-37.38557049  
-41.72559805  
-42.33147415  
-41.22781135  
-38.45301018  
-32.80155805  
-23.29388869  
-10.47088958  
3.222615047  
14.17324861  
19.05323094  
16.21609904  
6.297880085  
-8.291018869  
-24.71618347  
-41.2002334  
-57.84184607  
-76.3006278  
-98.44708669  
-124.6123562  
-152.3227835  
-176.230556  
-189.4429883  
-185.8228761  
-162.3772843  
-120.763694  
-67.26451611  
-11.17335879  
37.8541857  
72.54641515  
89.90690341  
91.64713223  
83.10414125  
71.12483685  
61.71659027  
58.27637001  
60.92923994  
67.07264857  
72.79408755  
74.56446417  
70.57785317  
61.30049849  
49.11763613  
37.30012749  
28.73859859  
24.93462247  
25.59632604  
28.92636218  
32.41172473  
33.74719368  
31.50780108  
25.33846958  
15.67403207  
3.233323237  
-11.37589855  
-27.683944  
-44.99463032  
-61.86748395  
-75.83842166  
-83.71824397  
-82.54495054  
-70.90123176  
-50.0252293  
-24.10062473  
0.6245652163  
17.75254637  
23.04239824  
16.18848167  
1.252457092  
-14.57825891  
-23.55602403  
-20.32034511  
-4.069193402  
20.944972  
46.83657919  
64.89517486  
68.69336531  
56.29887462  
30.78793096  
-1.040895178  
-31.14545123  
-52.8953543  
-62.92909631  
-61.66533802  
-52.51820461  
-40.33881722  
-29.78122894  
-24.1329675  
-24.80887206  
-31.38809836  
-41.93914192  
-53.45110606  
-62.36348055  
-65.29264638  
-59.98182583  
-46.27330417  
-26.67587919  
-6.058790206  
9.729268483  
16.02261564  
11.48335744  
-0.7834742576  
-13.8914402  
-19.65053633  
-12.03217093  
9.817572016  
40.46209354  
69.7161167  
86.47068756  
83.343197  
60.17250987  
24.7321998  
-9.850677411  
-30.05996485  
-27.33737591  
-1.571613085  
38.76379559  
79.89364187  
108.0490271  
114.559656  
98.64483476  
66.89697853  
29.93504662  
-2.086219228  
-23.05306638  
-32.09590015  
-32.20617812  
-27.32801662  
-19.65371246  
-8.614367958  
7.943082859  
31.14357226  
58.61470271  
83.74234554  
97.38072775  
91.47564307  
62.99769756  
16.27734459  
-37.54347385  
-83.95527273  
-110.1083387  
-109.3655202  
-83.50401905  
-41.71444822  
3.072194889  
38.89969146  
58.57741167  
61.14102247  
50.70740225  
33.61341775  
15.37304869  
-1.141008771  
-15.66248234  
-29.02213767  
-41.25842531  
-50.53944329  
-53.5577583  
-47.20012486  
-30.57109285  
-6.222188112  
20.18319669  
41.76223215  
53.06958122  
52.32454489  
42.18524079  
28.69669607  
18.8557838  
17.83308195  
27.00399435  
43.55325801  
61.71363672  
75.03100179  
78.68391953  
70.96223834  
53.44425952  
29.97735482  
5.015430659  
-17.97349038  
-37.45854945  
-53.92021185  
-69.17404846  
-85.30520734  
-103.6363929  
-124.054808  
-144.8517598  
-163.0613719  
-175.1682417  
-177.9900319  
-169.5253174  
-149.5672402  
-119.9291987  
-84.20768698  
-47.12096126  
-13.57368378  
12.32200176  
28.03523954  
33.05018385  
28.88744237  
18.75728832  
6.938104318  
-2.03006069  
-4.260061463  
2.550968252  
18.33882421  
40.28762099  
63.1218115  
80.23425745  
85.53117563  
75.52469493  
50.9357406  
17.07121897  
-17.41472984  
-43.15648409  
-53.24914788  
-45.73907608  
-24.34897167  
2.989051939  
27.3000289  
42.14616381  
46.06599996  
42.75548284  
38.86478443  
40.40500265  
49.47194122  
62.92636496  
73.79565548  
74.85148039  
62.68928658  
40.24749657  
16.31683396  
1.9599448  
5.28969755  
26.99670386  
58.87981755  
86.40558301  
94.51317199  
74.31025623  
27.71659379  
-32.16393216  
-85.39618506  
-112.7013731  
-103.0643348  
-58.31236277  
7.269423693  
72.15987242  
115.5400354  
124.7558223  
99.40613037  
50.65277803  
-3.653721348  
-45.80738038  
-64.23346861  
-56.45912832  
-28.36984095  
9.347330307  
45.67315182  
72.69673463  
86.91205687  
88.44610985  
79.2360349  
61.44552927  
36.95931506  
7.955933814  
-22.17578887  
-48.53722409  
-65.60679026  
-69.13246154  
-58.15366181  
-36.05691018  
-9.946209744  
11.58984969  
21.42980316  
16.31735754  
-2.329828767  
-29.48857336  
-58.87944247  
-85.42729386  
-106.6814638  
-122.6386602  
-134.2677929  
-141.7107511  
-143.2816396  
-135.9309962  
-117.0190235  
-86.48031224  
-48.15717108  
-9.408238285  
21.09144657  
36.53472296  
34.77981245  
19.47161978  
-1.103984378  
-17.03391352  
-20.43288902  
-8.233198437  
17.00606697  
48.50801257  
78.18528057  
99.72258201  
110.5199327  
111.7745088  
106.8655364  
98.96756406  
89.11811377  
75.68303905  
55.45725662  
25.8411175  
-12.98116375  
-56.94546433  
-98.6916996  
-129.6769653  
-142.9857675  
-135.7003362  
-109.8771003  
-71.76056229  
-29.5885867  
9.101596385  
39.60056445  
60.80582514  
74.4678722  
83.36596387  
89.30323971  
91.85150061  
88.42322929  
75.65084054  
51.47471613  
17.00362704  
-22.73258946  
-59.59894482  
-84.57635344  
-90.64612448  
-75.29244685  
-41.67247612  
2.035469087  
44.94055814  
76.64198442  
90.24370381  
84.18487395  
62.32692474  
32.36623427  
3.211148964  
-17.73418807  
-26.48991444  
-23.10646388  
-10.95302732  
4.859771944  
19.24277723  
28.45769703  
30.6713511  
25.76066561  
14.67446463  
-1.235702751  
-20.5958576  
-41.99570257  
-63.70448244  
-83.38013872  
-98.04179287  
-104.4566311  
-99.91208168  
-83.16673245  
-55.26529737  
-19.88696265  
17.0130645  
48.33379487  
67.55908355  
70.67857635  
57.71927745  
33.2919995  
5.749649963  
-15.03995501  
-20.79323633  
-7.824922363  
21.14506098  
57.26445575  
88.11351265  
101.90537  
91.91709041  
59.45779233  
14.05165564  
-29.51428319  
-56.40424923  
-57.33566895  
-32.38489298  
8.621426877  
49.46927794  
73.51344482  
69.96961276  
38.07486539  
-12.54545357  
-65.45713752  
-103.5058892  
-114.9821227  
-97.45767647  
-57.91693191  
-9.387915012  
34.29639052  
63.3131693  
74.32389954  
69.88978055  
55.55378979  
36.32493452  
14.4192056  
-10.6836282  
-40.10177962  
-72.70725003  
-103.3668735  
-123.5411816  
-124.3009703  
-100.5196935  
-54.24171556  
4.571562811  
60.62964704  
98.44708216  
108.0196846  
88.6830467  
49.47359151  
5.75270186  
-26.58597892  
-37.01069162  
-24.01681568  
4.801306472  
36.14586287  
56.37872762  
56.67069164  
35.99960873  
1.06233845  
-36.56350394  
-64.67524731  
-74.44069908  
-62.81167614  
-32.83292713  
7.84220932  
49.39451859  
82.34484454  
99.51569875  
97.24173589  
75.88897267  
39.77978399  
-3.494147988  
-44.46713202  
-73.89049468  
-85.19143691  
-76.60800846  
-52.13907666  
-20.66964532  
6.757538186  
20.76469144  
17.19029407  
-1.089137678  
-24.97605411  
-42.50175197  
-43.52447974  
-23.93773013  
12.35813264  
54.6195805  
89.18956885  
104.6640581  
96.23165361  
67.44469091  
28.73802886  
-6.652070133  
-27.67536368  
-29.35985219  
-14.14351018  
9.696264311  
31.65627702  
43.0422542  
39.78817394  
23.10126712  
-1.992862271  
-29.24367699  
-53.58621624  
-72.33561158  
-84.87960888  
-91.38604809  
-91.50429643  
-83.94649098  
-67.26317367  
-41.39477807  
-9.067433562  
23.90767718  
49.8743121  
61.78209195  
55.86536767  
33.35723087  
0.4036595765  
-33.89198518  
-60.54535707  
-73.65156211  
-72.06033618  
-59.1865728  
-41.19753608  
-24.49244448  
-13.59974279  
-10.29373405  
-14.05437761  
