-4.393831742  
-7.515627548  
-10.37736752  
-12.1947182  
-12.71278441  
-12.19012084  
-11.18082688  
-10.20113594  
-9.416584377  
-8.48759116  
-6.65570867  
-3.056845806  
2.85469885  
10.94820805  
20.29097496  
29.33452769  
36.3622121  
40.03115885  
39.79252514  
36.01970867  
29.79748956  
22.4716652  
15.16082597  
8.439675882  
2.314860865  
-3.529628054  
-9.36728375  
-15.14208659  
-20.40407331  
-24.48625742  
-26.81118947  
-27.15005788  
-25.69115839  
-22.89083009  
-19.21076279  
-14.91791501  
-10.09020696  
-4.844918634  
0.344063259  
4.463663498  
6.102156369  
3.946166219  
-2.537966079  
-12.55849561  
-23.90827219  
-33.48310634  
-38.28781389  
-36.55833991  
-28.52491415  
-16.45096664  
-3.872502646  
5.693241317  
10.0562517  
9.141930434  
4.932821848  
0.5962285093  
-0.8259192195  
2.385454426  
10.02350975  
20.15109288  
29.94987241  
36.81426048  
39.21967228  
37.04817938  
31.33208146  
23.63891509  
15.44207398  
7.759135881  
1.145146666  
-4.082321773  
-7.61956816  
-9.146296482  
-8.519206341  
-6.044986837  
-2.604099868  
0.5385681968  
2.218925632  
1.941272104  
0.2196569184  
-1.541416411  
-1.644316867  
1.065178891  
6.517757657  
13.25853248  
18.94057738  
21.29826727  
19.17590658  
13.13078321  
5.304525357  
-1.413792288  
-4.579564815  
-3.214623459  
1.7945428  
8.093998305  
12.86771232  
13.99623203  
10.86246366  
4.479432638  
-3.06380133  
-9.538307704  
-13.44898114  
-14.47377075  
-13.33678645  
-11.2627857  
-9.340009956  
-8.117231631  
-7.594776255  
-7.537452688  
-7.865319905  
-8.85432424  
-11.00767063  
-14.66351008  
-19.57050269  
-24.69850269  
-28.43850979  
-29.14394888  
-25.78265648  
-18.40068191  
-8.181331157  
2.928702041  
12.85582425  
20.02020206  
23.6930784  
23.99059353  
21.58488459  
17.33303443  
12.02546372  
6.346307292  
0.9881890311  
-3.239413532  
-5.465189741  
-5.022278708  
-1.822668035  
3.369751094  
8.969414128  
12.97898104  
13.6683523  
10.25872729  
3.310265375  
-5.383306064  
-13.38535573  
-18.47419025  
-19.43150798  
-16.45190867  
-11.024175  
-5.35186655  
-1.558741307  
-0.9877671417  
-3.834523225  
-9.198989866  
-15.47176943  
-20.86583214  
-23.8959364  
-23.68065373  
-20.0434931  
-13.46546673  
-4.95994618  
4.090160745  
12.13596365  
17.72733068  
19.8300326  
18.12963033  
13.20819282  
6.483495066  
-0.1308182503  
-4.773840021  
-6.219013845  
-4.272120405  
0.181242609  
5.515206449  
9.970932524  
12.2994875  
12.18939084  
10.31708095  
8.014059717  
6.701893036  
7.334577386  
10.07092932  
14.2892217  
18.90259897  
22.80958485  
25.27023303  
26.05332574  
25.32151171  
23.35078207  
20.25698171  
15.889653  
9.961280277  
2.352030837  
-6.57069844  
-15.80264914  
-23.84118424  
-29.09908054  
-30.44731111  
-27.66299511  
-21.57979417  
-13.85199756  
-6.404047363  
-0.7757987314  
2.373908855  
3.402254678  
3.403723973  
3.643012665  
4.950957873  
7.352754726  
10.09378387  
12.04858261  
12.32031238  
10.74498661  
8.051303861  
5.580468494  
4.674609943  
6.002580242  
9.134645631  
12.57762547  
14.2832907  
12.43348829  
6.180454819  
-3.962042937  
-16.23141299  
-28.17387019  
-37.4091776  
-42.29968707  
-42.29139008  
-37.86067443  
-30.17378423  
-20.66466874  
-10.71951012  
-1.545381226  
5.832726228  
10.57848284  
12.16157822  
10.58310236  
6.582296947  
1.640051944  
-2.345428455  
-3.675863265  
-1.547073405  
3.496445898  
9.611836599  
14.27921331  
15.29595628  
11.74298237  
4.490297419  
-4.021537583  
-10.68013142  
-12.92980023  
-9.817985342  
-2.412036144  
6.593644567  
13.91076107  
16.88986379  
14.44184714  
7.297064013  
-2.442531497  
-12.19623108  
-19.81725  
-24.1469827  
-25.05042569  
-23.04211473  
-18.79314137  
-12.81963226  
-5.498531235  
2.665579111  
10.76237992  
17.44020632  
21.22488893  
21.0885708  
16.9937967  
10.11266131  
2.558172091  
-3.302174226  
-5.673101415  
-3.946972357  
1.147699872  
7.903146546  
14.30792659  
18.73222313  
20.3494347  
19.18219648  
15.85425  
11.24865066  
6.261864623  
1.723851477  
-1.589177121  
-2.993769793  
-2.086343566  
0.9652321593  
5.207149592  
8.98060555  
10.40448121  
8.147761059  
2.170180246  
-5.961939935  
-13.44379388  
-17.24301003  
-15.3819204  
-7.931305297  
2.777910164  
12.90186072  
18.5367121  
17.28272184  
9.24387961  
-2.981233937  
-15.31873795  
-23.80184238  
-26.02905667  
-21.89177468  
-13.32356902  
-3.280490466  
5.507410764  
11.42515166  
14.15878542  
14.23132129  
12.27772218  
8.546276432  
2.931052374  
-4.514888951  
-12.95907721  
-20.53945983  
-24.77900793  
-23.58063785  
-16.3490597  
-4.637583273  
8.109891679  
17.7270137  
20.94174626  
16.71531062  
6.664069619  
-5.660427281  
-16.31448336  
-22.60676603  
-24.06964423  
-22.3143705  
-19.88327466  
-18.71471545  
-19.02907884  
-19.22387816  
-16.83970317  
-10.09260383  
0.8473529827  
13.54756778  
24.21058251  
29.39417659  
27.7233032  
20.72301955  
12.29942256  
7.045326729  
8.131555603  
15.77337835  
27.01535483  
36.96919232  
40.95724734  
36.58716902  
24.81248842  
9.505705407  
-4.243572502  
-12.31771519  
-13.26041312  
-8.73890593  
-2.632589432  
0.7779235359  
-1.325860687  
-9.197660701  
-20.60016404  
-31.91586099  
-39.71211074  
-42.03954595  
-38.94505427  
-32.09583165  
-23.82070748  
-16.08864848  
-9.884413713  
-5.172726741  
-1.326669927  
2.304344384  
6.010195974  
9.67167514  
12.97663661  
15.68603646  
17.74500681  
19.17464346  
19.85405795  
19.39420969  
17.2577428  
13.11608602  
7.257799306  
0.781210548  
-4.61875119  
-7.254018668  
-6.194517555  
-1.801490065  
4.260538999  
9.608862151  
12.11065377  
10.81513827  
6.419097223  
1.030309259  
-2.690452284  
-2.643602057  
1.823249307  
9.636904202  
18.43087505  
25.47623207  
28.69168969  
27.30728074  
21.94129293  
14.13035651  
5.58953576  
-2.434419376  
-9.444948796  
-15.55090709  
-21.04811591  
-25.99485798  
-30.01718565  
-32.43158792  
-32.59537015  
-30.28105922  
-25.8737023  
-20.29564619  
-14.70774712  
-10.13965552  
-7.214554155  
-6.060574008  
-6.390780524  
-7.654553297  
-9.156920339  
-10.10536887  
-9.629776635  
-6.869064401  
-1.191306779  
7.479394009  
18.36288885  
29.7353552  
39.19308966  
44.26741681  
43.21872147  
35.7178454  
23.12282946  
8.192526279  
-5.704044659  
-15.61569506  
-19.90137572  
-18.66094319  
-13.55851576  
-7.130466356  
-1.862536608  
0.6108231714  
-0.09086815193  
-3.18351758  
-7.19370584  
-10.57949216  
-12.23956678  
-11.74599713  
-9.28333708  
-5.405436881  
-0.7749584772  
3.985859433  
8.300643053  
11.56671241  
13.12091448  
12.33390898  
8.840915244  
2.820478357  
-4.824571024  
-12.51662941  
-18.33322343  
-20.54864268  
-18.21662844  
-11.58138511  
-2.144878819  
7.672847446  
15.2036657  
18.33542863  
16.19664782  
9.493218126  
0.3700155283  
-8.185425801  
-13.23423823  
-12.80985959  
-6.586997708  
3.927746508  
15.77065037  
25.37621646  
29.66913533  
27.05707363  
17.99682933  
4.923917835  
-8.466801993  
-18.38501076  
-22.1833331  
-19.25263338  
-11.25016691  
-1.553058124  
5.902659309  
8.010983448  
3.627629517  
-5.967160665  
-17.4596836  
-26.62910534  
-29.82084051  
-25.24469181  
-13.6308926  
1.994272268  
17.33338326  
28.27384746  
32.25289063  
29.05063779  
20.74709644  
10.88710071  
3.179891139  
0.2120250118  
2.624195671  
9.011580738  
16.53560058  
21.98553286  
22.89200677  
18.3109859  
9.044952997  
-2.717130506  
-14.16424971  
-22.74341956  
-26.86714411  
-26.2543105  
-21.85221198  
-15.42193072  
-8.95442422  
-4.106215029  
-1.807687575  
-2.127076406  
