-46.08514417  
-52.48986857  
-58.28326087  
-62.46660184  
-63.29755812  
-58.91990713  
-48.2930077  
-32.01026696  
-12.57624613  
6.096124325  
19.88329281  
25.93204907  
23.83866213  
16.00498367  
6.945493377  
1.734123786  
4.142143261  
15.17809644  
32.61690207  
51.73698146  
67.01396752  
74.13285516  
71.54110331  
60.9349698  
46.490873  
33.15685822  
24.69979157  
22.30432735  
24.29060728  
27.05008204  
26.78665051  
21.30738485  
11.0865619  
-0.8615568176  
-10.24943954  
-13.37512623  
-8.765060507  
2.112190023  
15.36578961  
26.19815077  
30.74646239  
27.4533758  
17.40569553  
3.566989466  
-10.66364938  
-22.84627163  
-32.19264353  
-39.28885014  
-45.09127533  
-49.82109428  
-52.4341915  
-51.03246037  
-44.05689646  
-31.63349349  
-16.27795146  
-2.417657699  
5.240038695  
3.845435632  
-5.951752164  
-19.74345578  
-30.80412559  
-32.76675433  
-22.43646299  
-1.478098585  
23.87443163  
45.10527319  
54.82476393  
49.87775613  
32.79990777  
10.93926572  
-6.446972127  
-11.93696118  
-2.975272229  
17.06510741  
40.20912682  
57.01345928  
60.19650531  
47.30367282  
21.41444659  
-10.24815896  
-39.09325909  
-58.12929076  
-63.9891738  
-57.40565278  
-42.23510186  
-23.68728425  
-6.594986536  
5.663896801  
11.4322143  
10.48831836  
3.645950747  
-7.447156326  
-20.30269675  
-31.64304573  
-37.83313137  
-35.81049412  
-24.27421968  
-4.60179511  
19.06837039  
40.85848104  
55.04630521  
58.13530573  
50.22005975  
34.9918482  
18.28972296  
5.749797827  
0.5372313381  
2.141935231  
6.770461055  
9.163311464  
5.03305  
-6.953004859  
-24.50813142  
-42.64140386  
-55.7093361  
-59.67432397  
-53.59008299  
-39.72811927  
-22.39558314  
-6.071283288  
6.264025715  
13.89820703  
18.04111085  
20.68877853  
23.36554253  
26.38975127  
28.96596916  
29.93473514  
28.66621027  
25.53978876  
21.72141336  
18.37857055  
15.82144079  
13.13162405  
8.587967573  
0.7489973415  
-10.35679787  
-22.62149844  
-32.28974834  
-35.39174338  
-29.5986267  
-15.62661913  
2.566315451  
19.04252449  
28.18131216  
27.0567877  
16.82557398  
2.424837124  
-9.398674739  
-12.95945275  
-6.193906881  
8.216644818  
23.70505558  
32.36724286  
28.18018355  
9.571334812  
-19.71648276  
-51.81513534  
-77.48282607  
-89.30983306  
-84.13300773  
-63.79709857  
-34.11348278  
-2.588276323  
24.08316577  
41.78965628  
49.51048685  
48.62573931  
41.5945604  
30.73452339  
17.64282539  
3.37132875  
-10.95783496  
-23.62265835  
-32.29175851  
-34.63956177  
-29.30847659  
-16.71385971  
0.769897717  
19.40975849  
35.28109831  
45.49725817  
48.96350008  
46.35234326  
39.37981901  
29.80196917  
18.67155514  
6.23694358  
-7.49178402  
-21.86259998  
-34.93985842  
-43.57103876  
-44.29289557  
-34.77530666  
-15.18012945  
11.22982323  
38.62971767  
60.2476959  
70.51790316  
66.97574207  
51.16484457  
28.18951871  
5.054758502  
-11.61698897  
-17.68953616  
-12.72835619  
0.03988016692  
14.94260966  
25.78807749  
27.84607399  
19.26339867  
1.522132129  
-21.13211232  
-43.05860766  
-58.94041265  
-65.33515239  
-61.60554759  
-49.96585102  
-34.64123433  
-20.4106012  
-11.00940921  
-7.936968656  
-10.09749659  
-14.4198702  
-17.23358499  
-15.86440146  
-9.792232887  
-0.8634417913  
7.567246216  
12.21740313  
11.4824817  
6.311740148  
-0.1047798179  
-3.763608946  
-1.773622501  
6.121473203  
17.19665149  
26.83267909  
30.61635371  
26.50695693  
16.01995995  
3.778843678  
-4.469121131  
-4.528743974  
4.110007998  
17.73543237  
29.82966882  
33.88565947  
26.38473606  
8.56074058  
-13.90891987  
-33.20760907  
-42.67053161  
-39.57719487  
-26.17275253  
-8.465076599  
6.613287291  
14.32089589  
14.02023663  
8.998974624  
4.33722563  
3.922174267  
8.142679387  
13.47229759  
14.21909333  
5.63026732  
-13.17768661  
-37.97519309  
-60.61125786  
-72.23820596  
-67.16680577  
-45.59374462  
-13.90349667  
17.67410952  
39.07574471  
44.3560546  
33.88093518  
13.86282927  
-6.475370691  
-18.79541219  
-18.88219404  
-7.891314302  
8.773266015  
24.25875171  
33.3596352  
34.51209776  
29.90900604  
23.88386572  
20.49263836  
21.50675901  
25.72375429  
29.79770919  
30.05719842  
24.36117708  
13.11557757  
-0.9478210091  
-14.01078647  
-22.760781  
-25.58846372  
-22.92582671  
-16.71996264  
-9.430196574  
-3.076851008  
1.269780738  
3.476149128  
4.000145557  
3.510684673  
2.67584322  
2.123918245  
2.427683086  
3.959051711  
6.606045134  
9.531092527  
11.23191623  
10.05946318  
5.079055891  
-3.114393369  
-12.12606197  
-18.36584138  
-18.45305082  
-10.89275612  
2.765153538  
17.96353053  
28.57653057  
29.30350181  
18.05476492  
-2.746559219  
-26.64142106  
-45.34386822  
-51.86558241  
-43.29048636  
-22.03194673  
4.977521503  
28.84672915  
41.98470902  
40.73506609  
26.36861241  
4.146683066  
-19.0095331  
-37.16998513  
-47.2556815  
-49.44991566  
-46.20701728  
-40.51927273  
-34.3561559  
-27.99013356  
-20.40750731  
-10.44316495  
2.058261852  
15.70724978  
27.94877539  
36.1523455  
38.8437005  
36.44449339  
31.13538245  
25.88945996  
23.11853034  
23.55118475  
25.84891103  
27.13047846  
24.18183289  
14.85038135  
-0.9298127754  
-20.86692996  
-40.87581164  
-56.25995646  
-63.10155536  
-59.41698554  
-45.74313  
-25.00863295  
-1.747296066  
19.11870155  
33.59105456  
39.63866196  
37.66491908  
30.23773782  
21.13668001  
14.00242891  
11.04197409  
12.26623779  
15.5792393  
17.72724073  
15.76817306  
8.476027361  
-2.921757624  
-15.03442082  
-23.56620572  
-25.06056824  
-18.40838907  
-5.463288418  
9.538231139  
21.55378667  
26.68108796  
23.67651495  
14.42067798  
3.14114843  
-5.283874304  
-7.249060687  
-1.807858703  
9.002099826  
20.97657416  
29.34234006  
30.50220555  
23.28681662  
9.308308046  
-7.638761898  
-22.85764445  
-32.25263747  
-33.58151149  
-27.10817678  
-15.50208651  
-3.031809326  
5.729367153  
7.345931437  
0.7079197208  
-12.41924269  
-27.73540762  
-39.64738196  
-43.1094721  
-35.48643545  
-17.75235404  
5.515107203  
27.48613466  
41.39164135  
42.97642458  
32.12798863  
12.97771592  
-7.643054914  
-22.8204461  
-28.19621188  
-23.52866278  
-12.51736629  
-0.9817034958  
5.790322759  
5.335268717  
-1.069309907  
-9.247813857  
-14.29368666  
-13.01125571  
-5.468589927  
5.066802364  
13.74875146  
16.51792596  
12.04176248  
2.277929445  
-8.604364906  
-16.39154182  
-18.97951414  
-17.41191671  
-15.24969862  
-16.55721505  
-23.50088693  
-34.78614449  
-45.78593542  
-50.4075181  
-43.8931104  
-25.26271456  
1.771347006  
29.91479129  
51.00444283  
59.17314939  
53.10963227  
36.4638775  
16.27107329  
0.1187392337  
-6.718795351  
-3.015789374  
8.401082152  
22.20773156  
32.89349819  
36.81061719  
33.19361134  
23.92965215  
12.41910199  
2.176500722  
-4.220371789  
-5.542626274  
-1.774722381  
6.242922536  
17.08078468  
28.79857114  
38.98336332  
45.00647125  
44.64510632  
36.94598479  
22.94590968  
5.790013643  
-10.01621468  
-20.08896214  
-21.84456364  
-15.64431596  
-4.823930724  
5.522631221  
10.57384937  
7.792667751  
-1.958290687  
-14.71728744  
-25.05263972  
-28.34741965  
-22.7720076  
-10.10686622  
4.923933712  
16.51057456  
20.01542816  
13.70251026  
-0.7245783546  
-18.90885752  
-35.53549329  
-46.1929123  
-48.67222696  
-43.29653828  
-32.32198059  
-18.82092567  
-5.591413799  
5.489813718  
13.54392784  
18.36076691  
19.97826241  
18.44518308  
13.85890019  
6.568668554  
-2.672374889  
-12.77802816  
-22.63731988  
-31.501585  
