-2.150732811  
-7.656653201  
-13.76405122  
-17.71389667  
-17.71281968  
-13.80756398  
-7.825302849  
-2.428084003  
0.235452092  
-0.3915751518  
-2.994315796  
-5.037020345  
-4.022852372  
1.24607755  
10.00824342  
19.78814945  
27.42621552  
30.41551522  
27.9450971  
21.2051774  
12.85563373  
5.92450141  
2.626205647  
3.579376606  
7.694611753  
12.70354336  
16.05612074  
15.81543577  
11.24499981  
2.952536494  
-7.370405505  
-17.46142453  
-25.07817561  
-28.53171852  
-27.07563122  
-21.09538847  
-12.05035964  
-2.141467152  
6.26622765  
11.34143203  
12.38782558  
10.10446144  
6.34162974  
3.372493356  
2.919128189  
5.320288894  
9.223039329  
11.99439409  
10.75128476  
3.622027738  
-9.282552774  
-25.62219164  
-41.4525535  
-52.5075838  
-55.64361502  
-49.88118828  
-36.65080756  
-19.18574038  
-1.349389884  
13.60980246  
23.90195469  
29.38292033  
31.13294316  
30.71825268  
29.50550402  
28.29551554  
27.33294753  
26.54812419  
25.80294277  
24.96984528  
23.8278566  
21.90880487  
18.48015254  
12.77590254  
4.424617381  
-6.128423583  
-17.45851003  
-27.42016858  
-33.79300699  
-35.0797072  
-31.11793567  
-23.22514499  
-13.78917258  
-5.459509403  
-0.2661539599  
0.9841250809  
-1.180016001  
-5.265130978  
-9.456494746  
-12.23921527  
-12.76196066  
-10.87088155  
-6.911856145  
-1.488081725  
4.671989599  
10.70450505  
15.55826782  
18.05766812  
17.17940815  
12.49513898  
4.585145501  
-4.831082954  
-13.21967084  
-17.98795884  
-17.42373904  
-11.43885171  
-1.770293258  
8.506091975  
16.00869129  
18.24651371  
14.50960841  
6.099483721  
-4.187000858  
-13.10418829  
-18.11220691  
-18.19634305  
-14.06870364  
-7.736426935  
-1.66909475  
2.076055815  
2.44854765  
-0.441301784  
-5.567191751  
-11.44686767  
-16.59957162  
-19.85535671  
-20.48711106  
-18.22808036  
-13.25793786  
-6.193215633  
1.952716678  
9.910588898  
16.43561952  
20.67809664  
22.50402063  
22.59377784  
22.21181838  
22.68353628  
24.77345321  
28.24514571  
31.84274938  
33.7644225  
32.47107467  
27.49128703  
19.84286603  
11.82501271  
6.199146807  
5.056506197  
8.840735257  
15.96710042  
23.25489319  
27.05620806  
24.66242539  
15.43133695  
1.171806815  
-14.39041602  
-26.87553921  
-32.76270971  
-30.57943146  
-21.33327126  
-8.059962729  
5.292222615  
15.18168158  
19.49628505  
17.94347091  
11.75622129  
2.941361852  
-6.552341878  
-15.39392315  
-22.98455248  
-29.18511511  
-33.89297535  
-36.74751919  
-37.14262489  
-34.54014776  
-28.90627544  
-21.018171  
-12.44698264  
-5.179043393  
-1.014362845  
-0.9881949127  
-5.050696111  
-12.11904901  
-20.45031663  
-28.15369684  
-33.63004669  
-35.80132063  
-34.1260123  
-28.51053443  
-19.25862454  
-7.133092571  
6.518791221  
19.72919488  
30.12657163  
35.46568189  
34.35439764  
26.90228089  
14.96973865  
1.809737223  
-8.865336793  
-14.09251949  
-12.68181887  
-5.621985055  
4.332218642  
13.75383658  
19.88059552  
21.63760557  
19.91358972  
16.97888365  
15.31256802  
16.36878223  
19.83946897  
23.74740385  
25.32756647  
22.30280972  
13.98537802  
1.721389664  
-11.50828763  
-22.14724801  
-27.32649507  
-25.81748642  
-18.32997053  
-7.113860984  
4.887911903  
14.94683371  
21.17814128  
22.75057202  
19.75470868  
12.93923338  
3.505922352  
-6.978442093  
-16.64556692  
-23.52187909  
-25.9446188  
-23.11767898  
-15.56725176  
-5.212067099  
5.109975803  
12.56752062  
15.37072331  
13.46051526  
8.506692971  
3.168509295  
-0.07629357886  
0.0002691334015  
2.921278018  
6.890063402  
9.828617021  
10.54286652  
9.400787706  
8.1378328  
8.844410728  
12.6329667  
18.69120247  
24.28516924  
25.82695749  
20.57709962  
8.184381952  
-8.728371926  
-25.3205308  
-36.3949255  
-38.57764841  
-31.82596985  
-19.5361535  
-7.14262208  
0.2042039809  
-0.1471463363  
-7.240854953  
-17.01518568  
-24.1818235  
-24.61967112  
-17.19235368  
-4.178946985  
9.836645542  
20.05730377  
23.54866643  
20.34869982  
13.15428639  
5.824290247  
1.491818583  
1.225953687  
3.860999381  
6.992640473  
8.54131186  
8.00606051  
6.714625824  
6.92263284  
10.24324935  
16.27719901  
22.25202648  
23.99184657  
17.85758792  
2.762428448  
-18.74638144  
-40.96894961  
-57.02066745  
-61.50464153  
-52.74239535  
-33.5674992  
-10.29833345  
9.703132828  
20.86344795  
21.43609927  
13.91978717  
3.738523457  
-3.195994558  
-2.976526777  
4.783994711  
16.97679899  
28.44847297  
34.18650584  
31.30259178  
20.04425297  
3.531634193  
-13.54556944  
-26.66076192  
-32.92284738  
-31.80342159  
-24.9897663  
-15.56956364  
-6.932282251  
-1.766900132  
-1.398221742  
-5.540044819  
-12.43109445  
-19.28229358  
-22.96448204  
-20.84793019  
-11.64386281  
3.981864159  
23.28181037  
41.95900873  
55.32002178  
59.74171489  
53.94441857  
39.54938912  
20.62031362  
2.279900167  
-11.10466068  
-17.4485396  
-17.54597028  
-14.46562901  
-11.98977227  
-12.77648664  
-17.06966133  
-22.55646725  
-25.46241698  
-22.40736678  
-12.1780049  
3.414375613  
20.02482  
32.44129748  
36.70961467  
31.77522468  
19.90355667  
5.684164813  
-5.936333117  
-11.70961728  
-11.30999294  
-7.196521975  
-3.211887242  
-2.600718062  
-6.391425157  
-12.90574422  
-18.62055066  
-19.96108336  
-15.15797348  
-5.263911465  
6.181333309  
14.70688295  
16.9716168  
12.3580083  
3.330194727  
-5.643644565  
-10.13201961  
-7.80926837  
0.4112299194  
10.72442473  
18.12682923  
18.6949732  
11.4089797  
-1.320607487  
-14.67585868  
-23.54983239  
-24.80242236  
-18.63256016  
-8.448257468  
0.699322009  
4.400673072  
0.8552124257  
-8.358686625  
-19.03739108  
-26.26072263  
-26.5744822  
-19.46236285  
-7.471045595  
5.020726983  
13.78545889  
16.56177108  
13.89410342  
8.669032444  
4.627798146  
4.587294147  
9.193817368  
16.74260486  
24.07283437  
28.05172236  
26.92389143  
20.92142664  
11.92760135  
2.455718024  
-5.490286949  
-11.10298436  
-14.71959711  
-17.15489809  
-18.86489554  
-19.45510131  
-17.83491016  
-12.94415045  
-4.641401212  
5.773567613  
15.76225369  
22.46428709  
23.93357813  
20.10046961  
12.96020612  
5.838234415  
2.018736941  
3.334991039  
9.353748687  
17.52322362  
24.21931726  
26.22576518  
22.00385553  
12.22586977  
-0.60387268  
-13.20844502  
-22.7718166  
-27.81595448  
-28.41146433  
-25.74819092  
-21.37768196  
-16.53761098  
-11.85393228  
-7.469070044  
-3.406657801  
0.1194873478  
2.668629984  
3.826661588  
3.567575074  
2.456299281  
1.505824869  
1.703245866  
3.426444503  
6.071108995  
8.131663702  
7.765874177  
3.625821692  
-4.414369653  
-14.98047563  
-25.52617583  
-33.15651605  
-35.62146493  
-32.08864239  
-23.41056165  
-11.82156842  
-0.2205479153  
8.67490787  
13.02566241  
12.25307149  
7.080842626  
-0.6917483422  
-8.59332198  
-13.99785234  
-14.71750912  
-9.608362823  
0.9450737846  
14.86298865  
28.70180436  
38.52845772  
41.15474818  
35.32956148  
22.39975111  
6.07723486  
-8.724856587  
-17.6239269  
-18.40984845  
-11.90972377  
-1.664085204  
7.508544632  
11.49454348  
8.588977898  
0.1897322379  
-9.821582045  
-16.74364953  
-17.03851714  
-9.775760877  
3.063495304  
17.50203674  
29.23485336  
35.27398792  
34.85448177  
29.27938017  
20.90517965  
11.86384267  
3.193696365  
-5.215405397  
-13.92094045  
-22.94434092  
-31.13042889  
-36.28422861  
-36.08929907  
-29.36499157  
-16.99623628  
-1.989813584  
11.47343882  
19.61983606  
20.58894506  
15.15980315  
6.343721512  
-1.980510532  
-6.760426345  
-7.012324493  
-4.054924114  
-0.6629330798  
