-34.31455337  
-45.67537871  
-55.93705584  
-62.30427249  
-62.6596756  
-56.63932461  
-46.06530311  
-34.3849993  
-25.23578063  
-20.72847677  
-20.2694077  
-20.57718775  
-17.03272161  
-5.863049509  
13.79900297  
38.97124583  
63.55014643  
80.53182447  
84.84734894  
75.59649862  
56.66403204  
35.37080735  
19.6613363  
14.97722938  
22.12343953  
37.01849976  
52.42030216  
60.88332359  
57.70201298  
42.64060834  
19.80594928  
-4.170757803  
-22.78026731  
-31.96246419  
-31.19410419  
-23.03171569  
-11.50044804  
-0.1885146509  
9.056441655  
16.3083161  
22.69129187  
29.03949453  
34.86559854  
38.21729015  
36.51900477  
27.97418613  
12.8009441  
-6.369920197  
-25.21347504  
-39.28951251  
-45.79688632  
-44.70590696  
-38.72632234  
-32.08287178  
-28.60987449  
-29.99754604  
-34.97652784  
-39.83252804  
-40.06321979  
-32.48435731  
-16.87552275  
3.570768531  
23.24104039  
36.1738927  
38.39053262  
29.53267228  
13.122837  
-4.691063703  
-17.43352946  
-20.75156747  
-14.06099414  
-0.751608155  
13.1203021  
21.13782921  
18.93834746  
5.829222836  
-14.97318766  
-37.51920618  
-55.22388304  
-63.08419568  
-59.22079284  
-45.26086318  
-25.54074228  
-5.532766704  
9.875143121  
17.65847487  
17.16063499  
9.826933602  
-1.558268111  
-13.75744566  
-23.79145968  
-29.36463445  
-29.06526656  
-22.4821417  
-10.32582849  
5.483676116  
21.91347481  
35.26020294  
41.9804812  
39.74809644  
28.39398996  
10.32622125  
-9.848504966  
-26.50543955  
-34.66458407  
-31.5892039  
-17.74298307  
3.269409921  
25.79610701  
43.90667743  
53.22797281  
52.22029257  
42.47803121  
27.99451304  
13.69442504  
3.767478117  
0.3694481046  
3.086330495  
9.273123077  
15.08601593  
16.82667335  
12.16171254  
0.8641280782  
-15.10405197  
-32.14850667  
-46.05260289  
-53.15089609  
-51.35079863  
-40.730369  
-23.54725622  
-3.6400763  
14.63036444  
27.61186294  
33.40013808  
32.35292886  
26.88839628  
20.60455704  
16.99412061  
18.19258485  
24.20992291  
32.9416011  
40.97361854  
44.89469366  
42.62157631  
34.22466381  
21.92279749  
9.239299767  
-0.3556871857  
-4.780399458  
-4.119531229  
-0.5298333288  
2.69379379  
2.519770527  
-2.51503032  
-11.62108126  
-21.97119666  
-29.73173952  
-31.50686549  
-25.63374786  
-12.83761108  
3.983250509  
20.72993572  
33.43617428  
39.45354043  
38.07513824  
30.43497482  
18.81779537  
5.726913686  
-6.888434842  
-17.96990756  
-27.20041042  
-34.54463891  
-39.78100109  
-42.29857014  
-41.27699311  
-36.16223214  
-27.19360569  
-15.70260919  
-3.998677802  
5.159901122  
9.334360816  
7.136137998  
-1.335010359  
-14.48000783  
-29.58926231  
-43.47566916  
-53.15066569  
-56.38107821  
-52.04881539  
-40.31287094  
-22.60269431  
-1.455893406  
19.82035617  
37.68397036  
49.05433076  
52.0396694  
46.48039094  
34.0840659  
18.02707525  
2.084556894  
-10.44827905  
-17.66706303  
-19.45986151  
-17.25389057  
-13.23126373  
-9.367469148  
-6.71753451  
-5.249316962  
-4.254235767  
-3.078165813  
-1.757654319  
-1.198571494  
-2.775789074  
-7.54888521  
-15.50831052  
-25.27800505  
-34.48100392  
-40.63388555  
-42.14741639  
-38.93174416  
-32.29013376  
-24.14847903  
-16.02540146  
-8.305813921  
-0.2371127775  
9.314008085  
20.74366135  
32.87926002  
42.99718041  
47.84139455  
45.25276796  
35.62179019  
22.3521169  
10.92281406  
6.798171823  
13.03932074  
28.71617613  
48.93748781  
66.61895689  
75.30071916  
71.79621689  
57.47848975  
37.60068835  
18.94438368  
6.871384757  
3.139515844  
5.483550152  
9.115878816  
9.376496771  
4.203622977  
-4.811381255  
-13.31764921  
-16.60249938  
-12.2812948  
-1.892031382  
9.474039322  
15.41077403  
11.2671211  
-3.4358837  
-24.45246531  
-44.45873246  
-56.17873435  
-55.54865153  
-43.446817  
-25.19308231  
-8.07801856  
1.894060252  
2.520097332  
-3.961598779  
-12.31193778  
-17.01616596  
-14.91993452  
-6.513494571  
4.666832349  
14.08894911  
18.58853652  
17.80971925  
14.02750998  
10.54412636  
9.610578109  
11.06365752  
12.4596125  
10.64998948  
3.927813556  
-6.488868283  
-16.56662762  
-21.26395073  
-17.21474259  
-4.919666905  
10.77954736  
22.38258917  
22.94847588  
9.417223606  
-15.54297584  
-44.12915092  
-66.30475242  
-73.8075267  
-63.5329107  
-38.81841499  
-8.084926181  
18.54866403  
33.1973102  
33.031599  
20.89158491  
3.604169179  
-11.10500924  
-17.70049691  
-14.66691096  
-4.495835957  
7.902867665  
17.47508733  
20.94854971  
17.71107989  
9.520239695  
-0.5594800468  
-9.38109545  
-14.61050996  
-15.12322406  
-11.0260193  
-3.529230344  
5.215747684  
12.39117254  
15.07567537  
11.15978718  
0.4032356865  
-14.84684211  
-29.80821511  
-38.54447271  
-36.11187655  
-20.78671106  
4.639375965  
33.25935286  
56.23478944  
66.03087206  
59.4007917  
38.80326531  
11.54349553  
-13.09469266  
-27.54480339  
-28.8936765  
-19.77964128  
-6.879642673  
2.29860389  
2.839973801  
-5.493854491  
-18.42607484  
-29.41085236  
-32.83284389  
-26.60879767  
-12.97395381  
2.853545831  
15.3976417  
21.64163608  
22.37640392  
21.5234916  
23.80035827  
31.93226756  
44.84902959  
57.82782693  
64.58272843  
60.33323385  
44.37301939  
20.86284988  
-2.613132693  
-18.14289424  
-20.86804897  
-11.13493003  
5.558666555  
20.81455401  
26.80895887  
19.50208429  
0.2388311701  
-24.87596234  
-47.4875836  
-60.28047452  
-59.68518087  
-46.97271271  
-27.43605472  
-8.147598052  
4.704732762  
7.847483246  
1.637137253  
-10.62011766  
-24.28151202  
-35.16766117  
-40.86043864  
-41.12098943  
-37.44895436  
-32.11712961  
-27.13854169  
-23.55143691  
-21.21562465  
-19.09739611  
-15.8644797  
-10.54423624  
-3.015732003  
5.82271797  
14.26883122  
20.36245949  
22.60508347  
20.61891186  
15.49278941  
9.630114916  
6.065337472  
7.417990134  
14.82617688  
27.27084232  
41.61182672  
53.42287364  
58.41049855  
53.95140436  
40.19106449  
20.26644688  
-0.4891225952  
-16.13590846  
-21.99708103  
-16.17907806  
-0.2293310904  
21.2901002  
42.17039596  
56.41799718  
60.01727362  
52.05341882  
34.87403133  
13.27590754  
-7.003715429  
-21.01472545  
-26.01784756  
-22.18932455  
-12.41760108  
-1.281748419  
6.448664415  
7.309510864  
0.1592311716  
-13.59235101  
-30.58294699  
-46.67972776  
-58.30650796  
-63.44707022  
-62.00578133  
-55.47219569  
-46.11233302  
-36.07276029  
-26.77169936  
-18.77078442  
-12.06860953  
-6.554378018  
-2.309690077  
0.4279858697  
1.596710124  
1.685726223  
1.840716585  
3.513215513  
7.731098438  
14.3305061  
21.59513433  
26.62400436  
26.41895766  
19.30277548  
6.037308626  
-9.949946179  
-23.48649723  
-29.47903214  
-24.95727447  
-10.48451191  
9.715070141  
29.06072646  
40.90512785  
40.94224966  
28.79786579  
8.192215818  
-14.36664002  
-31.82853712  
-38.9241797  
-33.73340998  
-18.02221474  
3.627851247  
25.44553839  
42.20885768  
50.54124395  
49.48253608  
40.35633931  
26.15615124  
10.71263886  
-2.170231489  
-9.517142016  
-9.858770364  
-3.677838086  
6.547407695  
16.85937461  
22.91209838  
21.40577236  
11.39993196  
-5.041255951  
-23.25396296  
-37.43007844  
-42.66892313  
-36.85562664  
-21.586873  
-1.705537638  
16.43569239  
27.31777712  
28.26675732  
20.31940728  
7.611678739  
-4.416343667  
-11.21408981  
-10.79201556  
-4.220369968  
5.152941997  
13.31772744  
17.28192023  
16.09925608  
10.89359581  
4.019086353  
-2.136022452  
-6.106577145  
-7.685836311  
-7.623828381  
-6.996474092  
-6.664269956  
-7.101980646  
-8.595407624  
-11.5484347  
-16.57433977  
