2.926793818  
3.005900852  
-2.354378182  
-11.64129133  
-21.38130748  
-27.47087251  
-26.81754576  
-18.62885248  
-4.841761496  
10.46135371  
22.41597094  
27.01370414  
22.449252  
9.750568893  
-7.471440532  
-24.04103982  
-34.68695923  
-35.55260138  
-25.34820637  
-5.838553852  
18.49082705  
41.55430238  
57.32737193  
61.61311867  
53.37873492  
35.18366127  
12.46189078  
-8.200430584  
-21.25953118  
-24.10671125  
-17.92583854  
-7.129596943  
2.465394192  
6.036341005  
1.759921715  
-8.420740285  
-19.62335031  
-26.13387231  
-23.9189991  
-12.471622  
4.815788685  
21.92932012  
32.62942458  
32.9486153  
22.73796988  
5.634767829  
-12.48414168  
-25.85427881  
-30.96065198  
-27.59160566  
-18.46686901  
-7.739727378  
0.8631378571  
5.422555431  
6.194659891  
4.957678114  
3.802933391  
4.033345952  
5.686400236  
7.811437474  
9.223809136  
9.244742738  
8.00999486  
6.231676533  
4.63675397  
3.489096056  
2.525422393  
1.349500049  
0.00890282525  
-0.6796959347  
0.6231068558  
4.978634226  
12.2089427  
20.3609102  
26.0497664  
25.71567806  
17.3165379  
1.655063852  
-17.40362267  
-34.10904504  
-43.01972813  
-41.29236783  
-30.00214157  
-13.80272396  
1.02757597  
9.33760482  
9.412371582  
3.74357925  
-2.159453127  
-2.43479635  
6.186133152  
22.52020334  
41.06748495  
54.14798981  
55.13175945  
41.34306535  
15.35629028  
-15.87875787  
-43.67634734  
-60.8495358  
-64.15519291  
-54.98309973  
-38.15781302  
-19.56610357  
-3.784900285  
7.236355657  
13.99389284  
18.07954679  
20.54586272  
20.9376163  
17.51435033  
8.507128159  
-6.325661349  
-24.75582582  
-42.36350047  
-54.01653163  
-55.90660165  
-47.19268659  
-30.46556399  
-10.79478804  
6.222403277  
16.54500812  
19.00974884  
15.38205967  
9.224999999  
4.188798912  
2.520200454  
4.402034055  
8.286473523  
11.91748563  
13.47341221  
12.30264439  
9.005881039  
4.970126263  
1.687321329  
0.2063186169  
0.901314791  
3.522411741  
7.365620433  
11.42066296  
14.48366722  
15.33947522  
13.11856937  
7.795841742  
0.6055999405  
-5.952891819  
-8.744566507  
-5.188724065  
5.421096627  
21.10822083  
37.45412606  
49.00626962  
51.39756822  
43.28617493  
27.17896063  
8.624778771  
-6.002189737  
-12.2063392  
-9.327630263  
-0.7903131114  
7.548269648  
10.22643224  
4.849493637  
-6.714080418  
-19.2538665  
-26.8689844  
-26.07520628  
-17.80390956  
-7.20995862  
-1.256517394  
-5.164148376  
-19.44431943  
-39.04713524  
-55.19503087  
-59.19153676  
-46.49991952  
-19.17718651  
14.55057042  
43.48700056  
58.06525077  
54.30889778  
35.39041064  
10.11533713  
-10.94520977  
-19.9096198  
-14.65367937  
0.7860757828  
18.49482544  
30.46080524  
32.06665613  
23.75585085  
10.28450593  
-1.882247474  
-7.668858548  
-5.52300752  
2.282574095  
11.10317516  
16.2427068  
14.95910806  
7.281254347  
-4.537289452  
-17.410093  
-28.80521133  
-37.43484879  
-43.06353069  
-45.79066044  
-45.42745291  
-41.44540789  
-33.53657293  
-22.37427737  
-9.978299782  
0.7121083789  
6.979563602  
7.637751121  
3.780373073  
-1.52491662  
-4.552410245  
-2.644897927  
4.509006474  
14.71138568  
24.3091635  
29.93647959  
30.05015293  
25.47458756  
18.7034234  
12.37963244  
7.821812227  
4.435070019  
0.3455800268  
-6.103752679  
-14.87687968  
-23.70363276  
-28.90453973  
-27.25087294  
-17.90476696  
-3.350338125  
11.31441388  
20.51866742  
20.80498272  
12.56888562  
0.01970331669  
-10.70251584  
-14.38166833  
-9.155388578  
2.695216193  
15.99980577  
25.36168682  
27.86143188  
24.3981167  
18.95966819  
16.19660245  
18.58477585  
24.72275314  
29.7611935  
27.86602763  
15.52713443  
-5.994853886  
-30.44901659  
-48.90827974  
-53.66011824  
-41.87821465  
-17.29781427  
10.99502509  
32.20907558  
38.32904069  
27.42938277  
4.354448207  
-21.48892152  
-40.17200286  
-45.27950185  
-36.18942456  
-17.73425775  
2.38933515  
17.11413488  
22.76599376  
19.95951001  
12.46826588  
4.872224312  
0.2618811448  
-0.910527526  
-0.4445202986  
-0.8950803041  
-3.899497924  
-9.235590453  
-15.02655118  
-18.85331984  
-19.07541683  
-15.62509745  
-9.903461599  
-3.936796972  
0.6597979652  
3.322951546  
4.493664116  
5.028490051  
5.524545492  
6.016813604  
6.215033274  
6.054793824  
6.098521029  
7.395694115  
10.76948893  
15.92283684  
20.98154014  
22.94304188  
19.02054972  
8.310651853  
-7.106365312  
-22.38005055  
-31.57562434  
-30.22765275  
-17.61534335  
2.397618742  
22.53434111  
34.9372549  
34.48448512  
21.10090725  
-0.03470113542  
-20.55482526  
-32.36644039  
-30.98600758  
-17.27358325  
3.165818495  
22.57238939  
34.37872485  
35.78756387  
28.48508695  
17.31937271  
7.729530578  
3.235376936  
4.158599865  
8.048150586  
11.4019606  
11.6653689  
8.436419699  
3.314868795  
-1.398656815  
-4.327836745  
-6.000393523  
-8.60216528  
-14.6264968  
-25.16923784  
-38.83713458  
-51.92975014  
-59.88447514  
-59.30055589  
-49.53461245  
-33.06098544  
-14.4088932  
1.79597697  
12.71623567  
18.20353939  
20.32712725  
21.85318376  
24.52636277  
28.07959725  
30.48513898  
29.28244039  
23.23281671  
13.36690272  
2.805882321  
-4.613403522  
-6.23087794  
-1.992709796  
5.361781806  
11.51905207  
12.66287721  
7.390291484  
-2.494294349  
-12.7422778  
-18.65917572  
-17.39739161  
-9.435375494  
1.497574255  
10.06197904  
11.77800772  
5.184397152  
-7.327916013  
-20.42072945  
-28.07510666  
-26.22306497  
-14.58304459  
3.107490473  
20.56440243  
31.4990912  
32.15299738  
22.77484724  
7.462282932  
-7.520281549  
-16.2237879  
-15.28837882  
-5.13825184  
10.30157098  
25.1723699  
33.86804601  
32.99863142  
22.44365475  
5.200195861  
-13.81141053  
-29.4725337  
-38.08441053  
-38.35248152  
-31.48961307  
-20.51649174  
-9.094418287  
-0.3343719482  
4.029254164  
3.888438533  
0.4484911521  
-4.446069411  
-9.050872752  
-12.25399267  
-13.74745949  
-13.84378693  
-13.0830991  
-11.8398863  
-10.11249021  
-7.576933183  
-3.859213127  
1.118533734  
6.893689149  
12.44840927  
16.45316957  
17.68811644  
15.49014034  
10.06310568  
2.537296816  
-5.250614434  
-11.20051182  
-13.49528418  
-11.10599143  
-4.120241049  
6.204782581  
17.70424355  
27.84579784  
34.42810499  
36.24601073  
33.50206989  
27.78671935  
21.57254595  
17.34428484  
16.65308322  
19.46145455  
24.08159757  
27.79722836  
27.9763303  
23.24096443  
14.18292991  
3.261663453  
-6.149579093  
-11.21735961  
-10.98691676  
-6.98379142  
-2.734194451  
-2.323810607  
-8.560246219  
-21.53088133  
-38.22938542  
-53.49541135  
-61.94639938  
-60.12856012  
-47.98265246  
-28.98246821  
-8.854105192  
6.612753447  
13.75969778  
12.3542876  
5.461928907  
-2.022722491  
-5.541009924  
-2.811547735  
5.254842967  
15.0158096  
21.70193825  
21.47095146  
13.06339662  
-1.591631047  
-18.02501613  
-30.83776871  
-35.63221927  
-30.54653776  
-16.86965674  
1.424069622  
19.00113449  
30.87391072  
33.92500978  
27.79410098  
14.89450746  
-0.4093004121  
-13.19686283  
-19.53896484  
-17.73144785  
-8.827732674  
3.724856549  
15.26802775  
21.57704512  
20.41515713  
12.42517561  
0.9787966357  
-9.031393271  
-13.05917485  
-8.737752734  
3.053139814  
18.35591605  
31.53130382  
37.36876193  
33.08402655  
19.39908973  
0.2659389178  
-18.64587879  
-32.06539748  
-36.96799239  
-33.42270599  
-24.1602087  
-13.14433958  
-3.842046666  
2.030969879  
4.786936426  
6.054203648  
7.532856494  
9.897193384  
12.40430599  
13.37849771  
11.27889384  
5.758497108  
-1.872507151  
-9.060978847  
-13.1345752  
-12.59875864  
-7.963651232  
-1.665822691  
