15.68702304  
6.716843669  
-8.425842031  
-22.69711704  
-27.85133108  
-18.30493654  
5.926694568  
38.58314451  
69.20061633  
87.07197609  
85.50375112  
64.58755735  
31.3068779  
-3.088009898  
-27.36636035  
-34.51406364  
-24.1576001  
-2.303004837  
21.39047257  
37.57452049  
40.73605626  
30.87705243  
12.8046004  
-6.466049194  
-20.91763611  
-27.89253362  
-28.63348834  
-26.91747882  
-26.58193048  
-29.22312063  
-33.211877  
-34.5025184  
-28.8279569  
-14.1984547  
7.538102468  
30.87882029  
48.57733765  
54.45494156  
45.85072632  
24.61462781  
-3.775261243  
-32.51824404  
-56.11654612  
-72.10187143  
-81.11724755  
-85.44684168  
-86.87139505  
-85.07708333  
-77.56296171  
-61.20829919  
-34.74711889  
-0.8175701141  
33.67699617  
59.42812551  
68.25751623  
56.862736  
29.01482887  
-5.032636261  
-32.00710897  
-40.74488767  
-26.92555885  
4.631850052  
41.24499741  
66.90439237  
68.38340645  
40.53509293  
-11.33110097  
-72.95260811  
-125.9244049  
-153.9739491  
-148.3540169  
-110.4539242  
-50.88153235  
14.37736969  
69.12676671  
101.5824998  
107.0375456  
88.06903407  
52.70363153  
11.52572012  
-25.22318951  
-49.83065999  
-58.32036584  
-50.75363795  
-30.79935128  
-4.687230047  
20.39439284  
38.2934384  
45.86562373  
44.25583038  
38.80279884  
37.24146843  
46.55637906  
69.56499138  
102.698539  
136.2094059  
157.1550169  
154.2962809  
123.0449265  
68.30642824  
3.733121745  
-52.67745139  
-85.10280514  
-85.94400965  
-58.83083827  
-17.17839101  
21.25244932  
41.58770269  
37.81655884  
14.93837878  
-13.65867221  
-32.44032974  
-30.83196106  
-8.033081373  
26.59656258  
57.72780215  
70.91715139  
59.01253719  
25.21833146  
-18.53397725  
-57.10294596  
-78.957444  
-81.13784962  
-70.08553251  
-58.01590195  
-56.60476163  
-71.01694806  
-97.1438066  
-123.3946569  
-136.2274372  
-126.806815  
-95.60695407  
-52.70086339  
-13.4851539  
8.254176331  
6.738421377  
-12.95633392  
-37.01452649  
-49.09095154  
-37.83848063  
-2.323345121  
47.17864469  
93.42729708  
119.634258  
116.7281685  
87.20799599  
43.86976242  
4.014648565  
-18.21426099  
-17.89932391  
-1.112355328  
18.34388561  
25.64791431  
12.00951341  
-21.15995563  
-62.8025266  
-97.15221647  
-110.7226824  
-98.12466202  
-64.11021652  
-21.03432064  
16.94605681  
40.15737928  
47.26370913  
45.00382156  
44.10655912  
53.47313143  
75.47646777  
104.6207509  
130.1459479  
141.2549638  
132.4028493  
106.0914627  
71.84203186  
41.8649704  
25.51468226  
25.17612623  
35.50499582  
46.32269363  
47.71849607  
34.88610814  
10.39241559  
-17.15773265  
-37.35444438  
-43.037205  
-33.7403759  
-15.91443977  
0.1216257731  
4.983704122  
-5.532884725  
-28.75243378  
-56.67774096  
-79.94416447  
-92.18379434  
-92.68353326  
-86.1159181  
-79.59053993  
-78.58171991  
-83.8087944  
-90.64224014  
-91.33645248  
-78.99804064  
-51.34371416  
-12.40501099  
28.67970327  
61.26358706  
77.5399332  
75.67490241  
60.34520734  
40.50880178  
25.47508863  
21.04787318  
27.3915137  
39.42256807  
49.38473523  
50.35483583  
39.14030075  
17.42723548  
-9.11619695  
-33.20598354  
-48.68398724  
-52.54411174  
-45.59133574  
-31.70240752  
-16.1596288  
-3.752727254  
2.729049746  
3.236892319  
0.3216008504  
-1.799717458  
1.253375753  
12.2944219  
31.07912216  
53.59839725  
72.62241758  
79.64234861  
67.8283301  
35.0676801  
-14.15193604  
-69.05675685  
-115.4128746  
-140.1459824  
-136.1306478  
-105.2065783  
-57.98999812  
-10.27089478  
22.76709137  
32.23711541  
18.78264815  
-8.060669263  
-34.15776157  
-46.9019345  
-40.5180886  
-18.22831841  
9.635581462  
30.65304731  
36.12699594  
24.99968074  
4.092298953  
-15.37687594  
-23.28723882  
-15.48169848  
4.315843582  
26.42323201  
40.00898043  
38.45625566  
22.69530125  
0.9054821014  
-15.26824977  
-16.18180892  
1.245699755  
31.99906375  
65.1324351  
88.55853157  
94.19686178  
81.13259621  
55.46455434  
27.12805227  
5.370595169  
-4.927622986  
-4.465623728  
2.028905741  
9.023079936  
13.23154882  
14.89282595  
16.72555567  
21.33058459  
28.66971588  
35.21281853  
35.42832858  
24.97612152  
3.933273951  
-21.79325584  
-41.92552249  
-45.8009346  
-27.22541962  
12.04804522  
61.97297414  
107.4063157  
133.6625698  
132.1304278  
103.5670809  
57.66110039  
9.056937408  
-28.45397924  
-47.12356555  
-47.70074565  
-38.26408513  
-30.11689326  
-32.63511162  
-49.29225464  
-76.45535075  
-105.2668666  
-125.6035746  
-130.2921586  
-117.7910564  
-92.33761311  
-61.71675142  
-33.81227385  
-13.52603474  
-1.361986923  
5.860138448  
12.66998469  
22.18543243  
34.24553731  
45.29023514  
50.01795801  
44.03982118  
26.29570262  
0.0954758962  
-27.75947495  
-49.47703044  
-59.37464905  
-56.25437927  
-43.98198636  
-29.93416271  
-21.87636687  
-24.5466807  
-37.40745837  
-54.60064596  
-67.24332784  
-67.18882459  
-50.69801388  
-20.41692963  
15.28220584  
45.43622869  
60.84973386  
57.83170624  
39.67139511  
15.15513407  
-5.276074537  
-14.05868362  
-9.707010396  
2.778112793  
14.5013965  
17.09191157  
6.898735301  
-13.02677409  
-34.15383797  
-46.39696299  
-42.93780047  
-23.65846799  
4.502570724  
30.54574382  
44.43549716  
41.82827543  
26.2491347  
7.607910156  
-2.343961843  
4.442083899  
28.34928404  
61.60837733  
91.5868543  
106.3956373  
100.2546015  
76.14357764  
44.50075006  
18.54466041  
8.347094154  
16.34352722  
36.29565582  
56.13226573  
63.34263212  
50.4871418  
18.40889676  
-24.16124776  
-64.27337948  
-89.95860844  
-94.66819534  
-79.16942746  
-50.37185148  
-17.93609746  
9.626729457  
27.6633098  
35.97453499  
37.47513466  
35.94903475  
34.15794385  
33.12832883  
32.65537755  
32.37930133  
32.56956507  
34.06976509  
37.47951889  
42.1961717  
46.07238382  
46.09507612  
39.85371653  
27.02155011  
9.952347692  
-7.106061427  
-19.94982974  
-26.60561879  
-28.62546024  
-30.70304279  
-38.62393379  
-56.40550982  
-83.94680557  
-116.3406405  
-145.2609566  
-161.8866842  
-160.1157644  
-138.704789  
-101.4905936  
-55.74103648  
-9.511013158  
30.7646932  
61.46228326  
81.47508227  
90.94763387  
89.99646333  
78.27616622  
55.6723238  
23.67591693  
-13.48419367  
-48.84402234  
-74.19787114  
-82.66572456  
-71.30112664  
-42.57093735  
-3.954079183  
34.30511468  
62.47076314  
74.37315165  
69.12361145  
50.94216512  
27.31353849  
6.288770421  
-6.044026184  
-7.12078894  
1.82086881  
16.56481024  
31.36431961  
40.51147537  
39.68518194  
26.92881978  
3.202701251  
-27.56218427  
-59.03491834  
-83.76214231  
-95.03563232  
-88.9301225  
-65.84176763  
-30.84909363  
7.469667657  
39.56111177  
57.975096  
59.87357318  
47.96536013  
29.42378871  
13.14087092  
6.361915716  
12.01614863  
27.78625539  
47.24578552  
62.5533886  
67.58101794  
60.22744204  
43.06250598  
22.16043828  
4.702139664  
-3.652628962  
-0.6406061808  
12.06660315  
29.6779007  
45.98807844  
55.29342931  
53.9101771  
40.95507444  
18.34217517  
-9.847481791  
-38.39649016  
-62.16498  
-77.28819796  
-82.13689575  
-77.78733571  
-67.77795289  
-57.08602956  
-50.52638982  
-51.05987593  
-58.64627088  
-70.16251742  
-80.53269374  
-84.70398019  
-79.69027348  
-65.80390593  
-46.49222145  
-26.79730326  
-11.09104958  
-1.11579806  
4.734194183  
10.49823418  
20.47235171  
36.77201932  
57.81472994  
78.52784691  
92.3023042  
93.87640092  
81.84582818  
59.59982084  
34.16293049  
13.37341894  
2.622224935  
2.625020583  
9.277496974  
