-54.1532586  
-82.73584882  
-110.0884114  
-126.1051868  
-123.3057129  
-100.1445896  
-62.06720993  
-19.74319633  
14.89552157  
33.21759118  
33.16541972  
19.85951655  
3.275101684  
-6.031930321  
-1.347936919  
17.47620702  
44.11263361  
68.5555315  
81.39184541  
77.71304922  
59.04284807  
32.54461551  
7.945914798  
-6.443651168  
-6.924542199  
4.464062938  
21.22004636  
35.36422148  
40.77091001  
35.42815354  
21.77396613  
5.146264136  
-8.806454958  
-16.52682671  
-17.72196868  
-14.90817994  
-11.69505855  
-10.7321374  
-12.33188729  
-14.40369423  
-13.67028971  
-7.520194623  
4.445316647  
19.94942183  
34.90973878  
45.23817983  
48.71291497  
46.00648374  
40.33748832  
35.85518069  
35.48304343  
39.2424943  
43.91235871  
44.30330528  
35.68960401  
16.36562309  
-10.84630932  
-38.93948554  
-58.96151205  
-63.37182154  
-49.19902261  
-19.67355019  
16.43984464  
47.68198441  
63.89699874  
59.87108829  
37.19663843  
3.619866034  
-29.88332101  
-53.17329104  
-60.58282756  
-52.74930507  
-36.00133423  
-19.63193497  
-12.19497171  
-18.28604016  
-36.99664577  
-62.50719854  
-86.42625544  
-100.8537727  
-100.9738097  
-86.30529424  
-60.36320737  
-29.1191085  
0.9752223711  
24.64127439  
38.67027469  
42.0587137  
35.69781312  
21.98434498  
4.537260457  
-12.07714471  
-22.87465648  
-23.43970934  
-11.27945563  
12.8948851  
44.59888618  
76.24217633  
99.11518973  
106.1835297  
94.70547068  
67.58752204  
32.77302471  
0.6965051849  
-19.3545474  
-22.61586473  
-10.61796359  
9.404395655  
27.30230101  
33.95049872  
24.80333882  
1.678101983  
-27.92237195  
-53.66195714  
-66.26281922  
-60.93237384  
-39.05043034  
-7.570175337  
23.52016493  
44.62629671  
49.58117717  
37.27284356  
11.48654596  
-20.72938747  
-51.39550319  
-73.76277282  
-83.6902148  
-80.058593  
-64.41836921  
-40.25053018  
-12.15621989  
14.89626462  
36.31218765  
48.67009769  
50.52575383  
42.97783908  
29.65561089  
15.88955383  
7.131333649  
7.065244291  
16.11662881  
31.03395953  
45.8712796  
54.13251959  
51.30941063  
36.79408561  
14.32950435  
-9.277517005  
-26.73036278  
-33.08785294  
-27.71106002  
-14.49292684  
-0.2608666951  
7.985227443  
5.853737944  
-6.780940135  
-25.88195652  
-44.99366025  
-57.81490438  
-60.49026194  
-52.70537982  
-37.26393773  
-18.51922228  
-0.5050628775  
14.35122291  
25.4348176  
33.17212143  
37.88525972  
39.03333302  
35.3340806  
25.73073814  
10.64919727  
-7.22996224  
-23.26326783  
-32.2503142  
-30.41453689  
-17.07202969  
4.81197843  
29.49328102  
50.39938246  
62.32080345  
62.90731737  
52.90290171  
35.18130902  
13.22128851  
-10.12084744  
-32.93121212  
-53.62506893  
-69.96983232  
-78.59006478  
-75.57760328  
-58.20102032  
-26.98621181  
12.96510068  
52.39520388  
80.30339385  
87.6469423  
70.88545716  
33.80089612  
-13.36162038  
-57.27504786  
-86.16505809  
-93.82898313  
-81.40005137  
-56.17820054  
-28.13188958  
-5.673969607  
7.417776649  
12.65814884  
14.97983635  
19.39818061  
27.93029989  
38.29376626  
44.98879994  
42.18586496  
26.95708592  
1.242256836  
-28.43193573  
-53.36511091  
-66.10388042  
-63.29711402  
-46.73018242  
-22.18241238  
3.22318881  
23.86467809  
37.36777474  
44.61162109  
48.25176972  
50.72224142  
52.82787563  
53.60173794  
51.34494154  
45.10870348  
35.67280148  
25.4144813  
17.13558801  
12.54616061  
11.31582202  
11.29839081  
9.856276715  
5.557489434  
-0.7474478536  
-6.163399617  
-7.283502071  
-2.245975863  
7.824922788  
18.88855674  
25.6995068  
24.40208277  
14.69436307  
0.3674137526  
-12.21963541  
-17.11892954  
-11.82490208  
1.173773738  
15.19710796  
22.27883756  
16.86290222  
-1.466503204  
-27.57064625  
-52.91818582  
-69.34388681  
-72.63567723  
-64.25025805  
-50.35319826  
-38.67161639  
-34.70067909  
-39.10204699  
-47.52729128  
-52.90377225  
-49.01465354  
-33.60441738  
-9.512628023  
16.64936865  
37.54318122  
48.31012972  
48.36460342  
40.97557627  
31.00071477  
22.07590766  
14.80634092  
6.924772045  
-4.702007756  
-21.36600637  
-40.68071773  
-56.77667441  
-62.64588375  
-53.60094023  
-30.14207829  
1.296963829  
30.3065968  
46.46059552  
43.5910035  
22.47874703  
-9.267034839  
-40.12473588  
-59.12390822  
-59.95915558  
-43.06293036  
-14.8944744  
15.0780766  
38.28538974  
50.18304561  
51.40760367  
46.72186534  
42.44882328  
43.62447665  
52.03296617  
65.7521486  
80.13150619  
89.59875275  
89.52523361  
77.56559132  
54.2323133  
22.76536997  
-11.52527967  
-42.29399046  
-63.47867425  
-70.77433734  
-62.97535686  
-42.73319473  
-16.26704853  
8.178177899  
22.84239211  
23.1365652  
9.448778988  
-12.78631741  
-34.97482938  
-48.58899901  
-48.46260407  
-34.76370676  
-12.76453314  
9.521946853  
24.80223975  
29.50985596  
25.00406985  
16.44732308  
9.937790857  
9.304293955  
14.12248006  
19.91295385  
20.41477618  
10.81275142  
-9.668008399  
-37.07041204  
-64.24831094  
-83.87479411  
-91.44182039  
-86.80203166  
-73.56467809  
-56.75078807  
-39.99857035  
-23.83006364  
-5.92514935  
16.71811373  
44.89084277  
75.17211974  
100.0822861  
110.624107  
100.2254197  
68.29945957  
21.65877163  
-27.10389453  
-63.82201209  
-77.91168545  
-66.35427623  
-34.82806975  
4.502451707  
37.63409258  
53.90913015  
49.67744517  
29.08256614  
1.86196941  
-20.74070859  
-30.18492901  
-23.32124934  
-2.711228418  
25.19904663  
52.98220148  
74.84924428  
87.97002644  
92.21799677  
88.83191275  
78.91540327  
62.63272551  
39.480206  
9.389947033  
-26.02919023  
-62.88398207  
-95.47989154  
-117.8129114  
-125.4993601  
-117.3437195  
-95.88486859  
-66.67626233  
-36.56904883  
-11.6435482  
4.463039336  
11.2821442  
11.13282661  
7.889270348  
5.423976706  
6.302616197  
11.1311205  
18.66715923  
26.51744863  
32.07303999  
33.32279123  
29.31370652  
20.21507327  
7.10470207  
-8.340980137  
-24.11014085  
-38.04042443  
-47.99769171  
-52.15963546  
-49.44899761  
-40.03245078  
-25.66673238  
-9.63328877  
3.902667235  
11.04834328  
9.5330089  
-0.2494962485  
-14.99097264  
-29.25861576  
-37.17281635  
-34.43388636  
-19.94384956  
3.636442907  
30.67331527  
54.43230398  
69.32551973  
72.65328941  
65.17059185  
50.31714999  
32.53626526  
15.49564574  
1.031799766  
-10.7525682  
-20.40886112  
-27.7778349  
-31.20378749  
-27.91394646  
-15.52222048  
6.037950129  
33.20632367  
59.00978065  
75.0454885  
74.62297875  
55.7891626  
22.83046664  
-14.62879483  
-44.82837072  
-58.23558272  
-51.3311594  
-28.19306559  
0.9029945392  
23.43123902  
29.58933237  
16.29723821  
-11.42483886  
-42.30264014  
-63.1740023  
-64.14893566  
-42.52644086  
-3.939801952  
39.67801322  
74.47376574  
89.67940158  
81.35363758  
53.5273942  
16.45757668  
-17.22720988  
-36.99072129  
-37.85705754  
-21.75125644  
3.58468467  
27.54752887  
40.37319816  
36.32120432  
15.36837071  
-16.99909898  
-51.68916144  
-78.90706732  
-91.13171029  
-85.28562426  
-63.51051437  
-32.38376094  
-0.8636860611  
22.39781025  
31.57098891  
25.25921651  
6.758741225  
-17.05768698  
-37.84038788  
-48.16874912  
-43.53987368  
-23.40454675  
8.931938423  
47.36271328  
84.55364817  
113.5552426  
129.0909505  
128.3673794  
111.419996  
81.07163575  
42.5352878  
2.625413277  
-31.45581573  
-53.65707724  
-60.62849877  
-52.78784859  
-34.40603745  
-12.46507808  
5.502964281  
13.91790439  
11.05006438  
-0.502300365  
-15.06283067  
-26.43734033  
-30.75052673  
-28.31303343  
-23.61293193  
-23.30643254  
