2.806125743  
-5.443706237  
-15.79538621  
-25.22938336  
-31.23251754  
-32.57890135  
-29.5761609  
-23.76191527  
-17.23129605  
-11.87586783  
-8.796102247  
-8.049535172  
-8.763993487  
-9.534995471  
-8.960087441  
-6.145890235  
-1.042482884  
5.493832443  
11.94163577  
16.60598343  
18.22017926  
16.45485632  
12.13110416  
7.014110682  
3.214746648  
2.393819429  
5.076288722  
10.37465486  
16.27668621  
20.42030064  
21.05559006  
17.78817274  
11.77044053  
5.237537138  
0.5780674114  
-0.6556440262  
1.643265226  
6.175654029  
10.89123821  
13.93653295  
14.44062574  
12.77316554  
10.17915827  
8.010481358  
6.974559873  
6.799279604  
6.483270315  
4.97637755  
1.893661808  
-2.161629754  
-5.880497389  
-8.00795933  
-8.160558926  
-7.208652418  
-6.930666116  
-9.035033842  
-14.02109856  
-20.50933826  
-25.50023625  
-25.5833166  
-18.61405865  
-5.067570543  
11.65944712  
26.28781309  
33.69877968  
31.12581104  
19.49569274  
3.242823656  
-11.41195138  
-19.02116552  
-17.1979471  
-7.608254366  
4.790820233  
13.93865628  
15.31096228  
7.836905441  
-5.741325318  
-20.18158021  
-30.0798528  
-32.14256958  
-26.37641363  
-15.72883874  
-4.459795907  
3.891877731  
7.94330656  
8.65530221  
8.287730569  
8.766276854  
10.38575561  
11.56989378  
9.828294478  
3.397029621  
-7.339859571  
-19.47276652  
-28.54096173  
-30.47264206  
-23.57741879  
-9.595406649  
6.779660866  
19.76735504  
24.94494237  
21.1538107  
10.97738108  
-0.4483083197  
-7.757011841  
-7.748917138  
-0.7697220904  
9.541557416  
17.99452921  
20.25740509  
14.82576461  
3.670095186  
-8.691547328  
-17.22773137  
-18.58449436  
-12.45531764  
-1.568274785  
9.62118511  
16.87359924  
17.85145422  
12.84185974  
4.302163717  
-4.436542726  
-10.63107412  
-13.07968015  
-12.21456272  
-9.43360673  
-6.127670127  
-2.952427628  
0.29987759  
4.233476127  
9.120010589  
14.37232924  
18.55869849  
19.9896577  
17.58697275  
11.57614253  
3.613696454  
-3.767463613  
-8.174379618  
-8.376896696  
-4.863821  
0.3354747644  
4.500138615  
5.374216375  
2.131824011  
-4.257065523  
-11.40619619  
-16.46641382  
-17.25192946  
-13.08647095  
-5.052447005  
4.421659664  
12.44229881  
16.64859079  
15.9639705  
10.8643258  
3.118884635  
-4.855186478  
-10.77497745  
-13.15116583  
-11.63951667  
-7.019123504  
-0.8513092559  
5.043118431  
9.116394759  
10.48301781  
9.068679707  
5.502002901  
0.8102446533  
-3.960870738  
-8.065069917  
-11.20159138  
-13.45011162  
-15.0413798  
-16.08080901  
-16.36513204  
-15.39506024  
-12.59917231  
-7.684651784  
-0.9587871207  
6.539766838  
13.19644353  
17.24528416  
17.33047352  
13.00592218  
4.98326932  
-4.977568528  
-14.51422396  
-21.3063975  
-23.7135068  
-21.20906197  
-14.48721686  
-5.22671634  
4.399910325  
12.31722752  
17.06940278  
18.14031588  
16.00239913  
11.90079943  
7.446379643  
4.134722737  
2.925659861  
3.998975742  
6.754761376  
10.05521968  
12.62962831  
13.50683708  
12.32544148  
9.410230052  
5.587738812  
1.81443059  
-1.229906566  
-3.411972994  
-5.156258456  
-7.184506721  
-10.08839602  
-13.92277913  
-18.01052925  
-21.07110709  
-21.65151193  
-18.70547305  
-12.09168374  
-2.779204117  
7.346481712  
16.02857161  
21.34839907  
22.34198623  
19.29723347  
13.62174502  
7.331751376  
2.351453783  
-0.1204610771  
0.04926855419  
1.994851691  
4.282754392  
5.532229001  
4.981440377  
2.782099092  
-0.08783703328  
-2.253872381  
-2.543995363  
-0.5144328489  
3.314619505  
7.618539926  
10.77115068  
11.49627193  
9.403845199  
5.183566265  
0.3598508867  
-3.307108195  
-4.537978268  
-3.070704784  
0.2166201637  
3.662540071  
5.520336811  
4.705541953  
1.269304242  
-3.616450226  
-8.167890303  
-10.77781827  
-10.74020689  
-8.585197137  
-5.86591654  
-4.479979825  
-5.818470213  
-10.11679514  
-16.29608043  
-22.36775942  
-26.22595067  
-26.48266473  
-22.99066287  
-16.84474798  
-9.889879567  
-3.97709014  
-0.302299217  
0.9026575298  
0.2415371099  
-1.287338706  
-2.789019068  
-3.777029656  
-4.169704571  
-4.043741761  
-3.345643689  
-1.774650119  
1.060472118  
5.284507961  
10.41242149  
15.25912897  
18.22967794  
17.92170451  
13.78999825  
6.555019143  
-1.876564032  
-9.001463391  
-12.60688154  
-11.59409284  
-6.390609833  
1.227612438  
8.830611316  
14.2557556  
16.379301  
15.44078144  
12.82213811  
10.41130898  
9.831989745  
11.84227614  
16.09971916  
21.3249215  
25.74758241  
27.64966028  
25.83676488  
19.94003743  
10.52223877  
-0.9997607208  
-12.60215061  
-22.05859568  
-27.46503041  
-27.78611996  
-23.25678484  
-15.45038211  
-6.895486188  
-0.283654757  
2.493817394  
1.110460279  
-2.986106002  
-7.08686553  
-8.32226142  
-4.931869307  
2.843388431  
12.67940746  
21.00259597  
24.43575415  
21.25032456  
12.1759207  
0.1719881257  
-10.7792397  
-17.35068187  
-18.27520835  
-14.8348255  
-10.19502116  
-7.87310862  
-10.03734239  
-16.42692905  
-24.40755959  
-30.15568888  
-30.43480403  
-24.14149644  
-12.89190972  
-0.3583854513  
9.354354659  
13.55140553  
12.15427894  
7.703480874  
4.140325705  
4.915306845  
11.28621429  
21.58907266  
31.82912622  
37.34415676  
34.81383674  
23.73719083  
6.742872338  
-11.38794515  
-25.54900633  
-32.20311799  
-30.56411561  
-22.62817907  
-12.12487938  
-2.905582599  
2.520859041  
3.720690653  
2.118963153  
0.04352527132  
-0.466406904  
1.461846327  
5.317635904  
9.663314269  
12.97078023  
14.40131581  
14.16204842  
13.30092954  
13.07496496  
14.2152531  
16.442833  
18.4610529  
18.43285387  
14.74493553  
6.748924178  
-4.813201371  
-17.86404695  
-29.51475185  
-36.88641495  
-37.96848648  
-32.249696  
-20.93270938  
-6.664958797  
7.145996751  
17.24862451  
21.44145858  
19.18593576  
11.74626681  
1.795499585  
-7.411769186  
-13.05156581  
-13.60422893  
-9.295053806  
-1.946852744  
5.70676777  
11.00083662  
12.25425346  
9.287654631  
3.36624855  
-3.38437204  
-8.835964883  
-11.6383858  
-11.62052141  
-9.6830352  
-7.273092358  
-5.701359341  
-5.607812821  
-6.791526204  
-8.43778804  
-9.591479055  
-9.624436329  
-8.470908328  
-6.537929083  
-4.371396502  
-2.280801124  
-0.1412732565  
2.509684202  
6.12542161  
10.74056312  
15.73300506  
19.91757125  
21.96942815  
21.00351781  
17.04037281  
11.12057584  
4.978617988  
0.3885071954  
-1.548791913  
-0.8630054944  
1.294700674  
3.142588342  
3.043257036  
0.2381292167  
-4.771472328  
-10.36232858  
-14.39392249  
-15.03389563  
-11.47244385  
-4.247455944  
4.930630882  
13.76318894  
20.11270761  
22.63285405  
21.07065797  
16.18458079  
9.373259678  
2.199001  
-4.013736827  
-8.403458822  
-10.62104698  
-10.77454381  
-9.349570227  
-7.138081233  
-5.147782774  
-4.433794938  
-5.824271526  
-9.587408445  
-15.16830952  
-21.15318213  
-25.56372888  
-26.45479411  
-22.63788897  
-14.25433872  
-2.935665298  
8.575950478  
17.26232586  
20.83690117  
18.54795249  
11.46009088  
2.091486246  
-6.461267035  
-11.57699186  
-11.94273686  
-7.867405481  
-0.996888886  
6.407240473  
12.30623389  
15.50985021  
15.88902076  
14.17413148  
11.51045152  
9.008624902  
7.471998969  
7.344759166  
8.791411342  
11.76080288  
15.93762422  
20.60415311  
24.54939286  
26.19278662  
24.00442154  
17.13430051  
6.001540778  
-7.468098169  
-20.17278999  
-28.72332258  
-30.61469765  
-25.23103898  
-14.24346744  
-1.172359757  
9.781176955  
15.21502431  
13.74519373  
6.475638431  
-3.476156354  
-12.21262384  
-16.55719742  
-15.23058423  
-9.252776226  
-1.445740695  
4.727458217  
