-12.3788563  
-26.06925036  
-39.60625431  
-49.28742609  
-52.61761957  
-49.06822522  
-40.06749979  
-28.27647932  
-16.4886044  
-6.62792585  
0.7517450391  
6.301832817  
11.1872661  
16.23522814  
21.34985823  
25.47902664  
27.15070573  
25.32008023  
20.11187895  
13.07698615  
6.796048976  
3.955928648  
6.272594768  
13.71672618  
24.38517655  
35.09576504  
42.48322162  
44.16908306  
39.55312316  
29.93596074  
17.9579569  
6.606425522  
-1.803441127  
-6.292589033  
-7.315974275  
-6.326866215  
-5.042703894  
-4.737039842  
-5.828497439  
-7.883721999  
-9.970151342  
-11.16545283  
-10.99684413  
-9.646062784  
-7.870720005  
-6.708032986  
-7.093737831  
-9.536604683  
-13.94420789  
-19.63393999  
-25.50514897  
-30.31508929  
-32.9872898  
-32.88200929  
-29.96522858  
-24.82964153  
-18.5481371  
-12.38450425  
-7.433655545  
-4.30051585  
-2.927589703  
-2.641162086  
-2.40862107  
-1.218842637  
1.555094247  
5.946118111  
11.41009877  
17.04780785  
21.92784795  
25.37100066  
27.08784398  
27.13920122  
25.77685556  
23.27217061  
19.83144033  
15.63271297  
10.93912249  
6.189787566  
1.976630898  
-1.121575733  
-2.786682987  
-3.16542921  
-2.902649397  
-2.946506468  
-4.175520115  
-6.99581566  
-11.08941247  
-15.44463855  
-18.68381333  
-19.57423772  
-17.52377924  
-12.86256902  
-6.794954991  
-1.036556395  
2.731227211  
3.395078404  
0.7574723661  
-4.399115321  
-10.52691287  
-15.72339329  
-18.21733253  
-16.81742537  
-11.23696808  
-2.237105608  
8.449716439  
18.43282864  
25.19248809  
26.74083653  
22.25860617  
12.50300627  
-0.1994383417  
-12.46034863  
-20.75372669  
-22.50119107  
-16.95610164  
-5.551656413  
8.45893812  
20.98931858  
28.4112853  
28.69717834  
22.00499613  
10.50362041  
-2.473457182  
-13.60545244  
-20.63900075  
-22.94122513  
-21.39352322  
-17.74299737  
-13.73404812  
-10.39967341  
-7.784079735  
-5.15744885  
-1.565707376  
3.566907115  
10.05611636  
16.94190987  
22.81102662  
26.29036268  
26.4993126  
23.30072514  
17.30183012  
9.660241497  
1.803066724  
-4.847956129  
-9.105698315  
-10.21105758  
-8.006543675  
-3.071229957  
3.253227253  
9.033644203  
12.16006839  
10.94920559  
4.768904276  
-5.551712575  
-17.73202495  
-28.54581222  
-34.71248143  
-33.89855632  
-25.48581746  
-10.82995335  
7.088931049  
24.50142432  
37.87876995  
44.81356907  
44.49007773  
37.65428325  
26.17993435  
12.44540929  
-1.247799147  
-13.06484497  
-21.80373148  
-26.90313038  
-28.38479608  
-26.78681762  
-23.07597065  
-18.48561419  
-14.2395543  
-11.19439016  
-9.516742857  
-8.555219466  
-7.025764532  
-3.509808941  
2.88783984  
11.98179622  
22.31402235  
31.46860355  
36.83229193  
36.53784247  
30.22248471  
19.27881326  
6.465456422  
-5.000179797  
-12.52681865  
-14.99201084  
-13.01465203  
-8.561092236  
-4.058636543  
-1.388503826  
-1.16851757  
-2.605040209  
-3.947344335  
-3.328704076  
0.3730717355  
7.011315271  
15.17964754  
22.71834285  
27.47926118  
28.02348383  
23.98508014  
16.00249008  
5.316588938  
-6.733228742  
-19.06796754  
-30.94076779  
-41.74257596  
-50.70937429  
-56.75049502  
-58.55791728  
-55.00958102  
-45.71989784  
-31.49079953  
-14.42810785  
2.395080168  
15.66903286  
22.7541674  
22.46552304  
15.46984509  
4.155984744  
-7.988987857  
-17.31514033  
-20.9880631  
-17.74417262  
-8.229027279  
5.159461554  
18.88148169  
29.17338593  
33.05711979  
29.19181083  
18.33411046  
3.245436444  
-11.9864968  
-23.07716001  
-26.82659532  
-22.1574913  
-10.53728395  
4.419909219  
18.10443496  
26.45734688  
27.36868727  
21.39198831  
11.46853056  
1.730945526  
-4.162227742  
-4.489724449  
-0.1088314675  
6.020719256  
10.25204933  
10.0017736  
5.053996208  
-2.2052212  
-7.790048441  
-7.964986659  
-1.137972802  
11.08143889  
24.21546253  
32.60403372  
31.78995514  
20.59262453  
1.934645119  
-18.02158587  
-32.15450859  
-35.18595776  
-25.84835985  
-7.493958173  
13.14420764  
28.55946343  
33.39307005  
26.48432679  
11.2308786  
-5.854999492  
-17.7682325  
-19.72632586  
-10.8986674  
5.478387353  
23.54356713  
37.1318585  
42.00052918  
37.11175163  
24.58942127  
8.540866387  
-6.635023903  
-17.71709623  
-23.38306608  
-24.0622104  
-21.19051603  
-16.34328121  
-10.6667265  
-4.786579091  
0.91889827  
5.9720227  
9.658709075  
11.21197342  
10.20479263  
6.895019237  
2.278183585  
-2.237694029  
-5.406132972  
-6.687611275  
-6.486052614  
-5.945768504  
-6.397982296  
-8.724104643  
-12.94268726  
-18.21309671  
-23.23726395  
-26.84607472  
-28.47412361  
-28.29907055  
-27.00294072  
-25.31061278  
-23.5663531  
-21.57540048  
-18.78270551  
-14.6737131  
-9.160666621  
-2.730525705  
3.735577613  
9.375561751  
13.76302124  
17.08789934  
19.9860002  
23.0919668  
26.55085431  
29.76119925  
31.51924479  
30.53269155  
26.07864766  
18.49011206  
9.219695865  
0.4187037169  
-5.804196043  
-8.130665117  
-6.466852025  
-1.889174069  
3.851990781  
9.029662099  
12.52441146  
14.05413247  
13.99294481  
12.92071841  
11.16385842  
8.573463305  
4.65221471  
-1.044453087  
-8.449002393  
-16.71604127  
-24.3110925  
-29.45132296  
-30.73042648  
-27.67417545  
-20.99731764  
-12.45317483  
-4.326578084  
1.248469402  
2.913132043  
0.4515196359  
-5.194516948  
-12.24339321  
-18.60690788  
-22.47612534  
-22.80013364  
-19.53967962  
-13.63978266  
-6.73290593  
-0.6498200642  
3.131865446  
3.944939812  
2.148823068  
-0.9800350571  
-3.67196452  
-4.277207917  
-1.86397326  
3.41789874  
10.35441154  
17.07696108  
21.72223291  
23.09559844  
21.08214284  
16.64580322  
11.4209568  
7.068560591  
4.662167243  
4.353718846  
5.443830849  
6.807019643  
7.469177261  
7.07490789  
6.035668596  
5.296520886  
5.829899537  
8.088396097  
11.66919231  
15.35510608  
17.53640854  
16.85558411  
12.81663821  
6.105372962  
-1.528626583  
-7.810687255  
-10.72310515  
-9.252841296  
-3.830150251  
3.717058589  
10.70171787  
14.44518215  
13.18708607  
6.724623698  
-3.451344977  
-14.58988915  
-23.55339258  
-27.83983893  
-26.40065323  
-19.96095579  
-10.72348558  
-1.5597315  
5.012948033  
7.686539143  
6.729293062  
3.735210037  
0.8724577101  
-0.05139384676  
1.680401548  
5.464120963  
9.722657779  
12.65588211  
13.04745724  
10.76646952  
6.749048397  
2.491300257  
-0.6888838116  
-2.257856534  
-2.647670117  
-2.930693824  
-4.15747171  
-6.697385006  
-9.927364568  
-12.44540444  
-12.72866294  
-9.926971506  
-4.402681768  
2.266072482  
7.853073921  
10.38512981  
8.97392784  
4.20011547  
-2.126425494  
-7.718648896  
-10.73356302  
-10.44839686  
-7.40715168  
-3.010322194  
1.214350994  
4.283764511  
6.048482807  
6.987101856  
7.658672917  
8.147847686  
7.839267092  
5.681859559  
0.8319120715  
-6.658577583  
-15.50132007  
-23.42591313  
-27.9910868  
-27.62493324  
-22.41790712  
-14.26611151  
-6.236026129  
-1.372891147  
-1.444386344  
-6.16524255  
-13.26034106  
-19.36563382  
-21.40347235  
-17.85569247  
-9.398014479  
1.370700198  
10.98505956  
16.50737581  
16.67805792  
12.35753075  
6.103369494  
1.089445508  
-0.1673465337  
3.246513875  
10.37335205  
18.84886363  
25.85208411  
29.12537889  
27.66582649  
21.87242828  
13.18498282  
3.453739006  
-5.649723575  
-12.94908632  
-17.7533395  
-19.64345405  
-18.27371139  
-13.36834654  
-4.957885299  
6.270851768  
18.74201728  
30.09293906  
37.69037722  
39.43857758  
34.58467014  
24.17244588  
10.89424953  
-1.684825397  
-10.29791256  
-13.12298546  
-10.46214689  
-4.663938497  
0.7167473077  
2.228897014  
