-43.45237153  
-60.26933598  
-74.78575287  
-83.43558338  
-83.17455701  
-72.59404127  
-52.55670543  
-26.09950902  
2.354419191  
28.17151118  
47.64881178  
58.75905154  
61.32749484  
56.69405896  
47.07558133  
34.89030665  
22.24640482  
10.67792337  
1.102473766  
-6.086139547  
-10.87894564  
-13.52237834  
-14.41594375  
-14.03308334  
-12.85772383  
-11.33258895  
-9.815699085  
-8.536041927  
-7.539127901  
-6.62584451  
-5.313624978  
-2.871668031  
1.521222658  
8.490154663  
18.11461893  
29.65021633  
41.47657141  
51.37199815  
57.09251104  
57.08838474  
51.09502795  
40.34252319  
27.25330631  
14.69890715  
5.075663114  
-0.4473063569  
-2.210638518  
-1.76556665  
-1.119084551  
-1.836235588  
-4.364182573  
-7.841243802  
-10.44607437  
-10.12433684  
-5.397443432  
4.041148458  
17.1178489  
31.56855487  
44.40328474  
52.48122612  
53.07269569  
44.36339415  
25.90104709  
-1.039632493  
-33.27514891  
-65.88648877  
-92.90267446  
-108.5138679  
-108.6025794  
-92.15904465  
-62.05043019  
-24.72863637  
11.21497836  
37.31734238  
47.64796312  
40.54240357  
19.04339044  
-10.1291482  
-38.72463779  
-59.46349763  
-68.01942766  
-63.83941784  
-49.63521154  
-29.89918776  
-9.140995216  
9.431554856  
24.34618558  
35.42567893  
42.88962626  
46.58798099  
45.82551457  
39.87362181  
28.86211124  
14.49663859  
0.09408508305  
-10.25185578  
-13.11794789  
-7.200976834  
5.916104376  
22.11551299  
36.16474083  
43.66244734  
42.69579263  
34.47844472  
22.66626752  
11.6257767  
4.411187199  
1.359125307  
-0.04016126501  
-3.891509085  
-13.78077705  
-30.72330213  
-52.1129467  
-72.2090111  
-84.0537218  
-82.09799525  
-64.49223892  
-34.1093932  
2.139345548  
35.46374406  
58.02785426  
65.41350715  
57.84079366  
39.76937251  
18.11431305  
-0.2069139307  
-10.49943592  
-11.5511713  
-5.600008162  
2.844096737  
8.805046266  
8.614007163  
1.082177044  
-12.23359539  
-27.66195223  
-40.67053611  
-47.31646297  
-45.45579685  
-35.37304076  
-19.66894106  
-2.455423038  
11.89909131  
20.0928221  
20.87054077  
15.3404201  
6.515918766  
-1.767414277  
-6.185078115  
-5.032533497  
1.282606716  
10.52257013  
19.53099236  
25.39250408  
26.38746851  
22.41270256  
14.79559383  
5.689418608  
-2.621387682  
-8.220725504  
-9.763879571  
-6.494522435  
1.710580231  
14.12828102  
28.87393792  
42.7647905  
51.70077554  
51.72425565  
40.55517622  
19.02285223  
-8.345599844  
-34.12081993  
-50.15463715  
-50.49256735  
-33.88632587  
-4.76587905  
27.94267898  
53.88522057  
65.10549136  
59.07059858  
39.58054542  
15.10021647  
-4.8337035  
-13.60710225  
-10.18376682  
0.7513814523  
11.2185358  
13.83437086  
5.389776792  
-11.52729589  
-29.61275705  
-40.13977561  
-36.96035326  
-19.39767465  
7.26521355  
33.8821303  
51.13868009  
53.1744156  
39.56881139  
14.9499469  
-13.39497178  
-38.6497505  
-56.85434285  
-67.5547169  
-72.66433955  
-74.38041556  
-73.40510524  
-68.46277441  
-57.33893054  
-38.81055802  
-14.33610793  
11.51954066  
32.30175265  
42.05202852  
37.77809557  
20.8531377  
-3.314382905  
-27.19483701  
-43.7843357  
-48.86149417  
-41.99772414  
-26.09863612  
-5.913573679  
13.68903696  
28.96369937  
37.74716006  
39.31417608  
34.06920556  
23.42782897  
9.904360644  
-2.915810752  
-10.92622125  
-10.71594428  
-1.117748169  
15.65238852  
34.04505094  
46.76768065  
47.52680668  
33.84894169  
8.666431169  
-20.24772017  
-42.99939311  
-51.43199138  
-42.48763003  
-19.55123772  
8.891492273  
32.74281503  
44.39179629  
41.59456946  
27.87848135  
10.38661943  
-3.710176873  
-10.45290889  
-10.43204407  
-7.666033014  
-6.729622657  
-9.73671895  
-14.84810083  
-17.16883384  
-11.62534377  
3.681056029  
25.48708688  
45.97794368  
55.94108308  
49.08742921  
25.46886865  
-7.767625906  
-38.8535838  
-56.14181003  
-53.04403936  
-30.92946087  
1.361097374  
31.20069172  
47.4289097  
44.84752275  
26.02077906  
-0.2967441358  
-23.24903572  
-34.54519721  
-31.61842683  
-18.00778954  
-1.046316229  
11.83914227  
16.38460983  
12.84934654  
5.067313119  
-2.069933414  
-5.263442536  
-4.232546052  
-1.314312437  
0.3548205806  
-1.060031216  
-4.92599831  
-8.551446988  
-8.904033349  
-4.631790738  
2.800232086  
9.571579436  
11.40799655  
5.95702113  
-5.639055404  
-18.88759651  
-27.86392076  
-28.037506  
-18.63011712  
-3.300975644  
11.26379982  
18.26583572  
13.87684306  
-0.9556792766  
-20.83377608  
-38.21913855  
-46.6529273  
-43.40068854  
-30.33929409  
-12.7573108  
3.27085943  
13.63313063  
17.74776926  
18.27776537  
19.24903865  
23.60369597  
31.45844715  
39.94337414  
44.67584173  
42.09560854  
31.46140878  
15.48749608  
-0.7135759923  
-11.87385075  
-14.90684555  
-10.21309254  
-1.347285509  
6.751464172  
10.07256646  
7.262536253  
-0.03173924308  
-8.285868839  
-14.03337695  
-15.57400777  
-13.57629476  
-10.31117054  
-7.999645839  
-7.249220564  
-6.515294249  
-2.978135722  
5.567809013  
18.83251969  
33.28284042  
43.15810056  
42.99139423  
30.54016184  
8.665051371  
-14.96024885  
-30.49120056  
-29.97325242  
-11.11475458  
20.96692209  
54.99731228  
77.49906376  
77.95013064  
53.0485002  
8.288776338  
-43.85490597  
-88.43491066  
-113.4026116  
-113.6947281  
-92.46585167  
-59.13865171  
-25.2719087  
-0.08782756634  
12.49436095  
14.2646037  
10.70608055  
7.734715869  
8.798280342  
13.60573664  
18.87109821  
20.47301037  
15.81940547  
5.22856862  
-8.265553324  
-20.44226463  
-27.86941525  
-29.2950411  
-25.81473789  
-19.86947675  
-13.74257386  
-8.441158772  
-3.568624619  
1.813546378  
7.926931273  
13.46381271  
15.82877847  
12.44215367  
2.472409861  
-11.96759882  
-25.94774019  
-33.33926027  
-29.33018059  
-12.72720382  
13.06199468  
40.92377936  
62.52679155  
71.38368648  
65.19164845  
46.47765035  
21.33734407  
-3.100753572  
-21.32694234  
-31.0850118  
-33.40049761  
-31.19606873  
-27.32536959  
-23.05415018  
-17.70452834  
-9.536271421  
2.698660157  
18.41309087  
34.79915099  
47.64087757  
52.95808659  
48.70959636  
35.76476966  
17.7084976  
-0.4178503629  
-13.88297949  
-19.81330014  
-17.95826508  
-10.48948064  
-1.044358299  
6.541146697  
9.364649592  
6.175583067  
-2.386878438  
-13.97096838  
-25.01705366  
-31.54031892  
-30.1439383  
-19.12325504  
0.6310192204  
25.32961619  
48.91283377  
64.65511707  
67.36344087  
55.41219422  
31.75067382  
3.297002166  
-21.26264297  
-34.56053481  
-33.34674516  
-19.83872733  
-0.982159043  
14.17241863  
17.97322696  
7.149109105  
-15.93601633  
-44.24465192  
-68.80948336  
-82.09916554  
-80.63766071  
-65.88860421  
-43.19864773  
-19.41371038  
-0.2709198729  
11.35667258  
15.78310939  
15.51231172  
13.59233441  
12.17200003  
11.87096642  
12.08167302  
11.8415519  
10.6880262  
9.014994182  
7.797227854  
7.92437855  
9.58745799  
12.09272548  
14.2012451  
14.78132922  
13.38812384  
10.44714821  
6.961194055  
3.941390789  
1.913208036  
0.784827589  
0.1323130752  
-0.3101887968  
-0.3001212294  
0.8573439277  
3.832819436  
8.642250308  
14.26744299  
18.83756322  
20.38479379  
17.84811995  
11.8042069  
4.479970012  
-1.070414264  
-2.315449378  
1.490300155  
8.758378142  
16.0613177  
19.51395536  
16.45102846  
6.645228455  
-7.499564386  
-21.88231086  
-32.35145686  
-36.3286003  
-33.69630074  
-26.59308857  
-18.26958495  
-11.57858623  
-7.807918092  
-6.358291849  
-5.340629152  
-2.728546746  
2.532450627  
9.987805637  
17.91683784  
24.16394737  
27.09178957  
26.16921436  
21.93454106  
15.42159911  
7.417905049  
-2.001235545  
-13.38329856  
-27.28386461  
