-25.54768211  
-47.49561668  
-60.54640449  
-59.44807294  
-42.71008134  
-12.93103057  
24.12996483  
61.31094533  
91.97740265  
111.5074577  
117.9871567  
112.1177374  
96.60201954  
75.3548939  
52.78015778  
33.16980284  
20.14284962  
16.03721652  
21.300609  
34.09176507  
50.38746541  
64.78818381  
71.95128058  
68.25969537  
53.12725301  
29.38223694  
2.476055537  
-21.27280072  
-36.77151611  
-41.78450361  
-37.46917699  
-27.63497631  
-17.07447453  
-9.699350041  
-7.262316337  
-9.149607261  
-13.22050172  
-17.20025466  
-19.91308251  
-21.77521829  
-24.37369542  
-29.42724179  
-37.72209075  
-48.59643141  
-60.22668517  
-70.52511399  
-78.1223154  
-82.86741324  
-85.54778838  
-86.98193914  
-87.01691623  
-84.06764438  
-75.58485319  
-59.35139216  
-35.02185616  
-5.10191726  
25.25545341  
49.73886247  
63.13118415  
63.38165964  
52.55647171  
36.17054583  
21.10935411  
12.98237015  
14.02349761  
22.42222485  
33.34425811  
41.15858151  
41.87696423  
34.75454286  
22.41786411  
9.565613048  
0.9111875028  
-0.6831910601  
4.897074978  
15.3547797  
27.22385  
37.31649192  
43.67858609  
45.70796559  
43.58514286  
37.52848046  
27.4351083  
13.17972749  
-4.603330389  
-23.79038438  
-40.68317813  
-50.86699193  
-50.80525903  
-39.50939475  
-19.46360861  
3.766911708  
23.25775347  
33.1750544  
30.97601862  
18.4298564  
1.000143901  
-14.19501531  
-21.03502739  
-16.61622981  
-2.198440136  
17.41216285  
35.70345963  
46.73645315  
46.99443092  
36.20824627  
17.03522417  
-6.090706634  
-28.38873618  
-45.93368022  
-56.35203241  
-59.00327565  
-54.80357699  
-45.86795794  
-35.05415861  
-25.40418016  
-19.47647121  
-18.66082333  
-22.69286484  
-29.63094051  
-36.44274913  
-40.09944253  
-38.79658316  
-32.77697519  
-24.32404539  
-16.82718079  
-13.2480246  
-14.64322042  
-19.43881365  
-23.86393158  
-23.44169058  
-14.93950844  
2.066291224  
24.72158372  
47.76693788  
65.40908585  
73.41267464  
70.54839868  
58.84024569  
42.59314706  
26.7059735  
15.02883048  
9.412629551  
9.696906145  
14.4126657  
21.67751701  
29.77569495  
37.20883454  
42.39526712  
43.44856493  
38.43506955  
26.19334771  
7.382582579  
-14.85402898  
-35.17754441  
-47.47114326  
-47.00239559  
-32.48993952  
-7.13286539  
21.98955469  
46.08102629  
57.59766646  
52.87877626  
33.39266448  
5.109669517  
-23.71574165  
-45.43149948  
-55.39768068  
-53.04689064  
-41.35374254  
-25.15241837  
-9.164479021  
3.411418838  
11.29047242  
14.57827454  
13.86350302  
9.562058764  
1.889526101  
-8.604286273  
-20.38651277  
-30.73145667  
-36.27314785  
-34.20662803  
-23.61603146  
-6.252777393  
13.71340872  
30.98914147  
41.01573859  
41.62220008  
33.77014894  
21.0860427  
8.406826839  
-0.01692242863  
-1.909601082  
2.564572387  
11.32359611  
21.50455732  
30.62320168  
37.25386877  
41.04136894  
42.22461048  
41.06803999  
37.56990995  
31.57927204  
23.16274132  
12.89135736  
1.76866201  
-9.235803875  
-19.79404275  
-30.55961848  
-42.9147235  
-58.10572042  
-76.11670181  
-94.86588762  
-110.2530842  
-117.2437735  
-111.6826537  
-92.13194526  
-60.92620009  
-23.90467424  
11.18548403  
37.0560015  
49.12121207  
46.77045729  
33.23112445  
14.1650569  
-4.365802988  
-17.74127163  
-23.78611229  
-22.7274224  
-16.36865088  
-7.029040284  
3.224058384  
12.79712394  
20.36112203  
24.5723168  
24.08872654  
18.01671392  
6.596773176  
-8.289769704  
-23.20092917  
-33.95409105  
-36.95965648  
-30.5450443  
-15.68452733  
4.217338572  
24.43224442  
40.44983798  
49.31781498  
50.26193391  
44.43007748  
34.02106688  
21.32223507  
8.151896799  
-4.089621831  
-13.957529  
-19.56301049  
-18.70802792  
-9.715391382  
7.33973152  
29.65541024  
51.68747029  
66.45075811  
67.88460778  
53.43379617  
25.7166498  
-7.627053301  
-36.13979728  
-50.15779273  
-44.50668702  
-20.77880966  
12.84495554  
44.33089859  
62.14725431  
59.59428647  
37.4128847  
3.613081018  
-29.45072138  
-49.64325639  
-49.49288962  
-28.8225654  
5.384055072  
41.73353411  
68.63079084  
78.28109824  
69.00093264  
45.11567301  
14.72112702  
-13.60140904  
-33.72427406  
-43.47058261  
-44.29740451  
-39.59926594  
-32.60647664  
-24.90338536  
-16.18453883  
-5.205510314  
8.693651863  
24.3629745  
38.59863546  
47.05980095  
45.95047207  
33.70008083  
11.87131555  
-15.12323468  
-41.38639988  
-61.41163209  
-71.71238293  
-71.60422807  
-62.94341294  
-49.07583868  
-33.54220296  
-19.09535368  
-7.34459242  
1.0151562  
5.711177499  
6.535763875  
3.366525423  
-3.470041001  
-12.77370798  
-22.33962204  
-29.3394878  
-31.15458595  
-26.33378068  
-15.23751474  
-0.04094718454  
15.94690349  
29.37142327  
37.86269802  
40.57406017  
38.04286838  
31.51786365  
22.15345247  
10.51456812  
-3.348107944  
-19.31594139  
-36.46719933  
-52.65318962  
-64.71157444  
-69.32841164  
-64.21547495  
-49.082654  
-25.94448688  
1.407405336  
28.55387295  
51.72238799  
68.6448509  
78.67535576  
82.21874121  
79.86381019  
71.75266788  
57.57394471  
37.21741422  
11.73308513  
-15.98230999  
-41.28645431  
-58.85069652  
-64.38385496  
-56.35459339  
-36.95594267  
-11.80309734  
11.65216343  
26.47890837  
28.54748271  
17.88942388  
-1.368849762  
-22.46283962  
-38.29271456  
-43.73834512  
-37.19249581  
-20.84539396  
0.2782435898  
20.10281743  
33.44810165  
37.49937103  
32.38755216  
20.79954572  
6.843729737  
-5.400736275  
-13.1744283  
-15.7779434  
-14.55947363  
-12.17792893  
-11.39584424  
-13.81616133  
-19.02662542  
-24.51424141  
-26.4710357  
-21.2806885  
-7.174571668  
14.60629933  
39.70424423  
61.80033544  
74.73723765  
74.86410194  
62.66167691  
42.89534924  
23.07591685  
10.70309113  
10.32370179  
21.60331632  
39.27197573  
55.07228349  
60.99967833  
52.54473152  
30.59260922  
1.15721328  
-26.98133584  
-45.77460248  
-51.08698844  
-44.22915174  
-31.2131408  
-20.07000903  
-17.39413429  
-25.58959684  
-41.96396557  
-59.99395131  
-72.14865482  
-73.01282024  
-61.38321777  
-40.52172485  
-16.59525603  
3.889224174  
16.47079885  
19.94556627  
16.02914722  
7.846099695  
-1.864960558  
-11.89376529  
-22.52780242  
-34.47915645  
-47.45882668  
-59.27166204  
-66.03764667  
-63.55638167  
-49.22805975  
-23.6156672  
9.147089833  
42.39494822  
69.05455197  
83.99795592  
85.66582302  
76.32449947  
60.91651181  
45.05110959  
32.99717731  
26.46478908  
24.54699413  
24.66684831  
23.97183895  
20.51905629  
13.80400302  
4.572530286  
-5.79659612  
-15.90464028  
-24.61869038  
-30.98234356  
-33.97542628  
-32.45084927  
-25.46161715  
-12.91363331  
3.7868592  
21.52937202  
36.03164149  
43.06723733  
39.9774822  
26.84462504  
6.769692575  
-14.96236494  
-32.58189857  
-41.76399366  
-41.03230374  
-32.0817398  
-18.9097806  
-6.135579406  
2.788535469  
6.749673793  
7.091912484  
6.700517279  
8.500738199  
14.03898433  
22.7372124  
32.09759309  
38.72104949  
39.68289062  
33.6928606  
21.59878395  
6.085176568  
-9.259169746  
-21.11108151  
-27.38455708  
-27.69637309  
-23.24020257  
-16.20419627  
-8.997978573  
-3.572174561  
-1.023148337  
-1.543454487  
-4.64776133  
-9.528460675  
-15.38140378  
-21.58524682  
-27.69465484  
-33.29114979  
-37.79791376  
-40.38974192  
-40.09746336  
-36.12973386  
-28.32283368  
-17.53585712  
-5.770555495  
4.14447971  
9.313902364  
7.787320496  
-0.5342566727  
-13.49837697  
-27.08282298  
-36.56120541  
-38.12670151  
-30.40619796  
-15.25365798  
2.575103847  
16.86767254  
22.07567082  
15.36824022  
