18.81517959  
16.72633326  
4.689942238  
-15.68810748  
-38.02388457  
-52.87792917  
-51.27725387  
-28.63301831  
12.67276341  
63.29886338  
109.773969  
139.1582864  
143.72986  
123.8202732  
87.64621793  
48.20256712  
18.46140147  
6.775240695  
14.23868281  
34.90419819  
58.57300453  
74.88232147  
77.0088407  
63.62026733  
38.55025285  
8.649127319  
-19.06626394  
-39.71612616  
-51.49917696  
-55.18082223  
-52.69652684  
-45.74753712  
-35.10877619  
-20.88967007  
-3.43942424  
15.74040143  
33.68592215  
46.52514486  
50.68390367  
44.18509295  
27.41985259  
3.023170783  
-25.08860039  
-53.07436202  
-78.30951177  
-99.82997721  
-117.9426158  
-133.2599226  
-145.6715029  
-153.7770634  
-155.0753397  
-146.8548491  
-127.4164207  
-97.11333487  
-58.76676379  
-17.25673759  
21.60119143  
52.53590279  
72.18418896  
79.91437754  
77.86432223  
70.18477117  
61.71272587  
56.46294721  
56.38873286  
60.80143759  
66.66290643  
69.70634815  
66.06441788  
53.87936398  
34.3190268  
11.57362716  
-8.264507629  
-19.1309391  
-17.09278443  
-1.87395145  
22.78450627  
50.10899947  
72.31001032  
82.9312784  
78.7135803  
60.35547168  
31.9913127  
-0.3118672376  
-30.40528329  
-53.58079307  
-67.32563533  
-71.25518895  
-66.51639318  
-55.09877518  
-39.38802181  
-22.030076  
-5.909668461  
6.060252295  
11.51907312  
9.50889602  
1.216622326  
-9.87585829  
-18.74570647  
-20.41672896  
-11.87425784  
6.454933044  
30.35510197  
52.90392174  
66.70455125  
66.48658042  
51.08703989  
24.02770519  
-7.567930103  
-35.33362893  
-52.42764947  
-55.708269  
-46.57154632  
-30.23132445  
-13.78457053  
-3.794803434  
-4.215413027  
-15.26985536  
-33.53364037  
-53.07867184  
-67.27037846  
-70.70131798  
-60.77468163  
-38.5628518  
-8.717353052  
21.60928023  
44.65174108  
54.30577358  
48.15827984  
28.57852324  
2.345150192  
-21.29297233  
-33.65402607  
-29.78009264  
-10.52951467  
17.32984544  
43.28056948  
56.84096894  
51.62285127  
28.06829675  
-6.316824996  
-39.47930347  
-59.22739875  
-57.86119226  
-35.19967541  
1.224917381  
38.91354929  
65.01493273  
70.99060571  
55.52161515  
24.60382  
-11.05776507  
-40.16876774  
-54.76388206  
-52.43036356  
-36.17139618  
-12.29502164  
12.5022195  
33.49256088  
48.78987131  
58.63940953  
63.8112302  
64.16703146  
58.27694659  
44.32564712  
21.8015285  
-7.010609336  
-36.67453866  
-59.79923362  
-69.43930566  
-61.73527055  
-37.65064444  
-3.015223787  
33.20055728  
61.71266491  
75.7429772  
72.78683563  
54.78439568  
26.8508987  
-4.716552296  
-34.25896034  
-57.74821311  
-72.82089403  
-78.22572978  
-73.29741633  
-57.9393516  
-33.17864863  
-1.901528096  
30.86339092  
58.61742314  
75.0708279  
76.31961037  
62.62702741  
38.93307372  
13.65330881  
-3.97042023  
-7.053951312  
6.424061856  
32.8103603  
64.02574676  
90.42343071  
104.1551202  
101.7398794  
84.87035086  
59.22145944  
31.84465477  
8.28410647  
-9.384408986  
-22.83233759  
-36.06508779  
-53.02608472  
-75.31994327  
-101.0593746  
-125.3124838  
-141.9195954  
-145.8694662  
-135.2241676  
-111.8278345  
-80.59479143  
-47.78268498  
-19.03823335  
1.993854483  
14.06528348  
17.80024226  
14.74669045  
6.614241176  
-4.917812393  
-17.86202934  
-29.48236602  
-36.3056739  
-34.91095252  
-23.35301187  
-2.600999817  
22.82609783  
45.6259675  
57.89301449  
54.01859025  
33.15283178  
0.0879058404  
-36.00892012  
-64.69009033  
-77.99612933  
-73.36539935  
-54.44377212  
-29.41113382  
-7.517776768  
4.681847229  
5.762678721  
-0.514507763  
-7.483398483  
-9.074960971  
-2.855958628  
8.861990514  
20.38690782  
25.82346518  
22.4859109  
12.79672058  
3.591482721  
2.986956601  
16.18617217  
42.21611588  
73.29069444  
97.36399711  
102.982366  
84.41845407  
44.81357097  
-4.18838209  
-46.3674608  
-66.93339526  
-58.20561466  
-22.65504796  
27.92365646  
76.75745042  
108.1930198  
113.1431525  
91.85047419  
53.11458769  
10.5742608  
-22.2849801  
-36.42455272  
-29.40828315  
-5.024106301  
28.98076798  
63.80869936  
91.97618959  
108.5052069  
111.0254454  
99.35348392  
75.14590774  
41.8720317  
4.870010452  
-29.02337264  
-52.66177289  
-60.52615178  
-50.78127442  
-26.52117233  
4.572853569  
32.32882422  
47.31573932  
44.00370349  
22.57144421  
-11.40519168  
-49.26194755  
-82.56595845  
-106.0279134  
-118.7965063  
-123.6829729  
-124.8200581  
-124.9709755  
-123.8318731  
-118.1658842  
-103.7037104  
-77.87521603  
-42.00941563  
-1.854828312  
33.96778133  
57.0182125  
62.32410742  
50.49101276  
27.705629  
3.589345529  
-12.24448213  
-13.56046229  
0.5004308655  
25.48758163  
53.6103087  
76.70947772  
89.0117524  
88.6470932  
77.50333246  
59.70270219  
39.50689032  
19.59521676  
0.3960245616  
-19.36751561  
-41.28955454  
-65.75430236  
-90.98274818  
-113.0845975  
-127.1129573  
-128.7084658  
-115.6987395  
-89.04751587  
-52.80184283  
-13.0572051  
23.69098863  
52.23648459  
69.82574107  
76.43521106  
74.13720379  
65.86579897  
54.11398953  
40.11040208  
23.81544904  
4.726355214  
-16.89216541  
-38.9666926  
-57.35879454  
-66.701913  
-62.17464625  
-41.59855111  
-6.999591833  
35.13385018  
75.22895081  
103.3454701  
112.3561001  
100.4408715  
71.90829958  
35.93093513  
3.557682015  
-15.96667594  
-18.24836616  
-5.052497676  
16.58456176  
37.06139028  
47.67867011  
43.5559543  
24.94908257  
-3.406765742  
-34.51050355  
-61.85606747  
-81.5808391  
-93.17972706  
-98.6310669  
-100.486302  
-99.91641727  
-95.69831749  
-84.67653082  
-63.53997467  
-31.11898476  
9.893857635  
52.72143951  
88.10893003  
107.3166358  
105.4142347  
83.56019551  
49.24174715  
14.17742348  
-9.516334732  
-13.57421057  
3.324040817  
34.84065429  
69.03984384  
92.58406606  
95.59317332  
75.38427962  
37.66254459  
-5.355826717  
-39.26408936  
-52.67220811  
-41.3747553  
-9.916185873  
30.04366792  
63.95727922  
79.6221386  
71.46444519  
42.30576391  
2.036727627  
-36.18717641  
-60.69350091  
-65.16542153  
-50.26947006  
-22.63383549  
8.154018311  
33.14335489  
46.73420145  
47.57809539  
37.63625279  
20.19381782  
-1.986766965  
-27.40976117  
-55.21316507  
-83.69139194  
-109.0215488  
-125.2005678  
-125.6099522  
-105.7562972  
-66.01836362  
-13.02114206  
41.29473108  
82.90876224  
100.2415581  
88.28482327  
50.69323653  
-1.093171836  
-51.49189219  
-85.90401729  
-95.46414288  
-79.70321741  
-46.22891437  
-7.656498005  
22.98313612  
36.65368752  
31.02413326  
10.68844989  
-14.95204463  
-35.20627209  
-41.70893839  
-30.96807913  
-5.17953538  
28.72853582  
61.33246235  
83.47477038  
88.78097518  
75.33917458  
46.20481968  
8.651192642  
-27.67132062  
-53.27725369  
-61.49715548  
-50.52614852  
-24.20130648  
8.890052297  
37.88863417  
53.08572872  
49.21784623  
27.46385614  
-4.680506941  
-35.76584592  
-54.27422456  
-52.68377973  
-30.22605096  
6.719289424  
46.78352035  
77.54997466  
89.82593308  
80.68264313  
54.19643781  
19.71959924  
-11.56062258  
-30.4332757  
-32.47562511  
-18.99572283  
3.98266605  
28.06548789  
45.16651658  
49.60459956  
39.12708277  
14.88552178  
-19.25181342  
-57.60410571  
-93.54211937  
-120.3297488  
-132.1101652  
-125.1211038  
-98.95013091  
-57.35756541  
-8.113578108  
38.4699835  
72.12688768  
85.60522078  
76.96056533  
50.23148983  
14.11291992  
-20.96774264  
-46.29040946  
-57.47421758  
-55.30153395  
-44.50407172  
-31.16100471  
-19.94038537  
-12.43555537  
-7.281596327  
-1.852605043  
5.443094822  
