7.800932566  
-6.531320117  
-21.30455957  
-33.73511124  
-41.60831451  
-43.6044237  
-39.41697682  
-29.71450755  
-15.99136297  
-0.3259832694  
14.95104186  
27.65891291  
36.17353276  
39.73557011  
38.55567054  
33.66845068  
26.57906585  
18.83102326  
11.65432841  
5.807826989  
1.627455221  
-0.8134373121  
-1.573879577  
-0.8489048402  
0.9008376514  
2.819210379  
3.701588894  
2.332616547  
-1.933637459  
-8.583135997  
-15.67265765  
-20.15060434  
-18.80832989  
-9.594609814  
7.215878348  
28.5516099  
49.10894942  
62.88691496  
65.19633527  
54.38912916  
32.60246953  
5.171694387  
-21.10289642  
-40.17795942  
-48.61732886  
-46.3757109  
-36.28474332  
-22.56381423  
-9.070473427  
1.941431052  
10.08841315  
16.18384549  
21.11379861  
24.93711698  
26.71374596  
25.13367233  
19.55493005  
10.80778055  
1.224773161  
-6.234749725  
-9.387659904  
-8.04119792  
-4.327715038  
-1.867444887  
-4.057567777  
-12.2695492  
-24.85937679  
-37.56642674  
-45.23374891  
-44.12736069  
-33.78966658  
-17.51813453  
-1.163626431  
9.279626739  
10.2361208  
2.102362747  
-10.93076665  
-22.72359892  
-27.87185468  
-24.01511122  
-12.73505503  
1.330522584  
12.70378096  
17.55462134  
15.3044233  
8.63819232  
1.987861604  
-0.7292107015  
1.994856168  
8.628840135  
15.49912046  
18.72679922  
16.22976712  
8.805483674  
-0.2183790542  
-6.574242799  
-7.099854983  
-1.251620497  
8.621350112  
18.34319733  
23.78273493  
22.64020769  
15.33906171  
4.669097016  
-5.573645505  
-12.26067905  
-14.13661194  
-12.05923512  
-8.270450823  
-5.147529936  
-4.078968294  
-4.975624024  
-6.562051948  
-7.197183569  
-5.750143376  
-2.097320133  
2.936014997  
8.05505084  
12.06592526  
14.2234087  
14.2372573  
12.05854791  
7.704828191  
1.327492961  
-6.478707651  
-14.35334689  
-20.15983106  
-21.49444125  
-16.6361563  
-5.551081016  
9.5766752  
24.68792955  
35.09208699  
37.19154866  
29.96961619  
15.54814297  
-1.512669395  
-15.94654933  
-23.83194105  
-24.07057066  
-18.63578867  
-11.48248263  
-6.626210379  
-6.286518692  
-9.960322048  
-14.84787969  
-17.40599221  
-15.25704202  
-8.505351162  
0.2050183839  
6.94566544  
8.477982391  
3.981405165  
-4.336070606  
-12.09606859  
-14.72354699  
-9.630796863  
2.423443806  
17.47160074  
29.95318097  
35.09356646  
30.96196721  
19.26060593  
4.482175957  
-8.166589674  
-15.09963084  
-15.84647398  
-13.00790166  
-10.70436649  
-12.27248507  
-18.3353902  
-26.21047429  
-30.99430845  
-27.86647803  
-14.55784905  
7.182886122  
31.85799791  
52.17619555  
61.87396364  
58.17805583  
42.8364367  
21.28490837  
0.3494138811  
-14.47460809  
-20.96528989  
-20.53220326  
-16.93328607  
-14.05264393  
-13.84921221  
-15.46062499  
-15.85667046  
-11.67056359  
-1.263398289  
14.02961175  
30.11729045  
41.76342085  
44.83758762  
38.13891627  
23.92789281  
6.920459081  
-7.767727922  
-16.74661965  
-19.55249568  
-18.39699168  
-16.65448747  
-16.89118213  
-19.44914649  
-22.30328232  
-22.25716441  
-16.85891678  
-6.041639062  
7.387030171  
18.71998348  
23.3771359  
19.03403602  
6.825290294  
-8.982271528  
-22.73210441  
-29.75135975  
-28.27286974  
-20.04111855  
-9.3594914  
-1.062799313  
1.621006711  
-1.656957594  
-8.48892791  
-15.07652515  
-18.11394885  
-16.26219006  
-10.54618094  
-3.574321755  
1.934823522  
4.521895478  
4.559246018  
3.782495931  
4.090400975  
6.29431379  
9.507061021  
11.51119714  
9.929135461  
3.597972471  
-6.557933182  
-17.61691549  
-25.7023199  
-27.51176461  
-21.6511075  
-9.203750383  
6.66336743  
21.82534166  
32.54233743  
36.49049212  
33.17550146  
23.74245642  
10.43549744  
-3.988428721  
-16.71323997  
-25.19657765  
-27.50856719  
-22.76227902  
-11.55858363  
3.799546486  
19.59935485  
31.62781161  
36.50348004  
32.94947704  
22.43567992  
8.809566629  
-3.045892286  
-9.035293249  
-7.40011084  
0.6800663124  
11.70221743  
21.38983559  
26.46857591  
25.86692873  
20.83247333  
13.98966806  
7.874078929  
3.707091386  
1.011819688  
-1.79562316  
-6.22565685  
-12.63487804  
-19.85918398  
-25.7657438  
-28.40930705  
-27.13113084  
-22.95910852  
-18.04907904  
-14.44927472  
-12.87418812  
-12.2096401  
-10.1009083  
-4.382762939  
5.389380698  
17.17518556  
26.97979671  
30.5526076  
25.48943407  
12.68867478  
-3.644407224  
-17.57711636  
-23.9592716  
-20.71238585  
-9.798105758  
3.636745739  
13.57474075  
15.83084801  
9.871578213  
-1.102569676  
-11.82715074  
-17.56520227  
-16.3477726  
-9.779986625  
-2.045940938  
2.357139716  
1.000349686  
-5.182127515  
-12.33439136  
-15.63247698  
-11.77067786  
-0.737058041  
14.00685714  
27.03381034  
33.40473167  
30.87273458  
20.78331408  
7.276346948  
-4.764090778  
-11.96821783  
-13.83876742  
-12.59058547  
-11.63802235  
-13.57260291  
-18.70305498  
-24.90396859  
-28.81724362  
-27.73897152  
-21.17001522  
-11.19162575  
-1.449812631  
4.730516224  
6.108912984  
4.221842943  
2.594600184  
4.8292913  
12.52825143  
24.13866983  
35.38098346  
41.14858074  
38.0192468  
26.17053211  
9.721974879  
-4.760548205  
-11.00344294  
-5.810175649  
9.362067863  
28.76979339  
44.57403091  
49.93145467  
41.6757198  
21.47536954  
-4.966862304  
-30.26240969  
-48.18588406  
-55.82340503  
-54.18820907  
-47.17792895  
-39.46272324  
-34.30509185  
-32.26370295  
-31.27544538  
-27.97277225  
-19.56554596  
-5.416916975  
12.36807482  
29.55821081  
41.31494593  
43.96369326  
36.31605331  
20.07815579  
-0.7257371864  
-21.0137692  
-36.08971424  
-42.78863241  
-40.04228057  
-28.83874106  
-11.74825708  
7.742747564  
25.90113298  
39.34128151  
45.55054229  
43.35873784  
33.29762317  
17.71337015  
0.4694440676  
-13.83933786  
-21.06249107  
-18.75500928  
-7.093424259  
10.94769651  
30.33684049  
45.48777174  
52.04851577  
48.33900991  
35.88284564  
18.7975946  
2.247302284  
-9.45592558  
-14.35688016  
-13.36980711  
-9.60340902  
-6.799893263  
-7.569574667  
-12.19494018  
-18.53369587  
-23.06938896  
-22.64478122  
-16.098789  
-5.05328807  
6.539049677  
13.92994281  
13.55219762  
4.587425801  
-10.5597548  
-27.09965284  
-39.66239032  
-44.31565713  
-39.96456999  
-28.58562261  
-14.25830884  
-1.462860705  
6.60763779  
9.032834994  
7.114802702  
3.430864275  
0.501840732  
-0.2999622542  
0.84527648  
2.57538703  
3.217139055  
1.687642756  
-1.995884288  
-6.782263174  
-11.11595381  
-13.61553823  
-13.5675397  
-11.04857555  
-6.708702801  
-1.410853082  
4.050339745  
9.033777635  
12.98493043  
15.36957503  
15.74974127  
14.01903759  
10.66081465  
6.812047199  
3.978548731  
3.432832131  
5.539676281  
9.367350867  
12.86797931  
13.66119954  
10.139027  
2.39401115  
-7.51824374  
-16.20791324  
-20.28754849  
-17.86728817  
-9.523819144  
1.757252745  
11.72711337  
16.66609339  
15.05116494  
8.336482757  
0.447583491  
-3.846887378  
-1.01129487  
9.630641281  
25.4406179  
41.40272308  
52.06792779  
53.68506455  
45.62238935  
30.50230111  
13.03674307  
-1.895785075  
-11.09049525  
-14.01271693  
-12.59687979  
-10.03474805  
-9.16620757  
-11.21318034  
-15.38851128  
-19.47935847  
-21.05869752  
-18.72233353  
-12.78364663  
-5.148277249  
1.515920601  
4.890426998  
3.887021262  
-1.060612213  
-8.350886884  
-15.97262667  
-22.27431756  
-26.40185441  
-28.27228698  
-28.20236345  
-26.47189735  
-23.10133991  
-17.96849793  
-11.17478724  
-3.411385209  
3.943679167  
9.133646049  
10.65781847  
7.964511796  
1.869953554  
-5.533873059  
-11.50424766  
-13.59198725  
-10.54479688  
-2.815276607  
7.52412595  
17.42389827  
23.81303339  
24.52298375  
18.87807916  
