27.04527256  
19.07611438  
9.199985709  
-0.2743988554  
-6.764413767  
-8.450935866  
-5.185072895  
1.230839385  
7.628841601  
10.75734667  
8.723264192  
1.926913379  
-6.986109493  
-14.197455  
-16.37200959  
-12.16335697  
-2.876347793  
8.034521092  
16.4234027  
19.21816707  
15.6992888  
7.723130149  
-1.191407482  
-7.472110433  
-9.047131306  
-6.136245067  
-0.9467607759  
3.535957707  
5.052107563  
3.13023679  
-0.7941732379  
-4.242080465  
-5.092630434  
-2.818407029  
1.072689464  
3.636569142  
1.880469998  
-5.698787971  
-18.15292588  
-32.17772572  
-43.27578869  
-47.51874026  
-43.16598732  
-31.450337  
-16.19020147  
-2.379365642  
5.675517469  
5.927631965  
-0.731124687  
-10.91345741  
-20.08083113  
-24.23397728  
-21.29937235  
-11.72816439  
1.840416589  
15.63765307  
26.09205511  
30.92829208  
29.69154498  
23.60671136  
14.93313984  
6.123529717  
-0.8954901151  
-5.115270784  
-6.466097556  
-5.564839523  
-3.352911603  
-0.772727552  
1.439453938  
2.842564242  
3.305866899  
2.992289132  
2.321029047  
1.887561459  
2.31481944  
4.040480051  
7.0977195  
10.98442854  
14.71261617  
17.07081587  
17.03977756  
14.2153263  
9.059117506  
2.84243146  
-2.73596671  
-6.137724562  
-6.555425776  
-4.229287222  
-0.3644677742  
3.333800222  
5.325200238  
4.824580496  
2.069312222  
-1.846089636  
-5.485610183  
-7.699360601  
-8.076238225  
-7.023128734  
-5.453040194  
-4.256550363  
-3.835725181  
-3.944941916  
-3.921295072  
-3.177499768  
-1.67861974  
-0.1143641739  
0.3760003499  
-1.168447419  
-4.852491815  
-9.571957469  
-13.24029133  
-13.58354524  
-9.198864257  
-0.3972469816  
10.60692055  
20.33665381  
25.33064713  
23.55148727  
15.31165085  
3.273587829  
-8.535731813  
-16.32297629  
-18.07556309  
-14.38727752  
-8.181100199  
-3.416875356  
-3.315665026  
-8.856348112  
-18.20066993  
-27.31880117  
-31.58083547  
-27.6700391  
-15.03324136  
3.726814095  
23.68003399  
39.28790109  
46.33629698  
43.34240807  
31.93081221  
16.09596941  
0.6987336374  
-10.19271209  
-14.50086919  
-12.49537862  
-6.286695641  
1.23354574  
7.525504759  
11.16753591  
12.02761057  
10.88739356  
8.788883852  
6.450801753  
4.020406159  
1.233813208  
-2.150446595  
-5.911515889  
-9.184677806  
-10.67412025  
-9.198424013  
-4.332895113  
3.161412507  
11.364633  
17.74064741  
20.02733349  
17.13428936  
9.669598433  
-0.1586183332  
-9.276674555  
-14.85809415  
-15.38190729  
-11.20168049  
-4.377034842  
2.178307199  
5.884457124  
5.519720437  
1.643615515  
-3.759420191  
-8.248750031  
-10.06422836  
-8.908416121  
-6.014582552  
-3.475287563  
-3.158067826  
-5.736898297  
-10.31701387  
-14.84712471  
-17.12645121  
-15.91449567  
-11.5875507  
-5.999203737  
-1.591363308  
-0.181335651  
-2.026137087  
-5.643873443  
-8.504419962  
-8.267819033  
-3.963053131  
3.484285153  
11.65263865  
17.76598891  
20.00998423  
18.35749255  
14.48006416  
10.78750132  
9.093826663  
9.615001768  
10.84670675  
10.41637802  
6.481980441  
-1.068659487  
-10.29814924  
-18.02620557  
-21.41518944  
-19.53834987  
-14.07647616  
-8.679840018  
-7.1974936  
-11.59061301  
-20.58711854  
-29.85336378  
-33.75749676  
-28.00761551  
-11.9511241  
10.61024743  
32.60524619  
46.47483284  
47.37102066  
35.337223  
15.44253402  
-4.256593543  
-16.0682745  
-15.86332595  
-4.707951489  
11.77751832  
26.01681738  
31.84087398  
27.10347326  
14.41080177  
-0.2885172199  
-10.53135673  
-12.24933917  
-5.443348275  
6.070755356  
16.62459541  
21.37851087  
18.45673817  
9.596574577  
-0.8904123142  
-8.258584124  
-9.519035347  
-4.682159421  
3.437125784  
10.64580844  
13.28539537  
9.739373424  
0.9227524199  
-10.32881897  
-20.5533184  
-26.98277512  
-28.33923921  
-24.90193217  
-18.02189312  
-9.472008483  
-0.9803840174  
5.933221164  
9.947802632  
9.999160431  
5.554329278  
-2.974414464  
-13.95476307  
-24.70509636  
-32.2265174  
-34.28943402  
-30.40048765  
-22.1331591  
-12.55181157  
-4.893281379  
-1.077729598  
-0.7758847515  
-1.55248079  
-0.1068253975  
5.923620242  
16.46484987  
28.60251028  
37.58325611  
38.86324564  
30.30673194  
13.50095713  
-6.49464142  
-22.9555502  
-30.12830299  
-25.56697181  
-11.14603649  
7.699548085  
24.17928495  
32.84074191  
31.60426436  
22.31297071  
9.647790892  
-1.030569333  
-5.923932616  
-4.170338084  
2.151080329  
9.245864288  
13.40302336  
12.53087051  
6.809204715  
-1.696652816  
-10.13482596  
-16.08952188  
-18.38155521  
-17.19313385  
-13.6253075  
-9.039247246  
-4.551796859  
-0.8757127687  
1.555982046  
2.408587567  
1.429659931  
-1.341593278  
-5.28329077  
-9.075986253  
-10.9631538  
-9.380438017  
-3.707233068  
5.23639359  
15.25708745  
23.48089159  
27.42274273  
25.97240781  
19.84283394  
11.25769286  
3.007022518  
-2.702865841  
-5.080367662  
-4.891734411  
-3.879559023  
-3.765909719  
-5.338891561  
-8.06429598  
-10.39136542  
-10.5756336  
-7.592619387  
-1.687278184  
5.698557758  
12.5597826  
17.18688301  
18.81891891  
17.78755205  
15.12543197  
11.89126185  
8.598731446  
5.062918472  
0.7345870591  
-4.684546904  
-10.71999183  
-16.0346512  
-18.88755684  
-17.96050092  
-13.15381629  
-5.92810781  
1.040957239  
4.811642122  
3.351950365  
-3.561868624  
-14.12877299  
-25.10680815  
-32.97692284  
-35.22274745  
-31.22225229  
-22.41850998  
-11.73756368  
-2.51559466  
2.635425685  
2.613583498  
-1.970709787  
-9.167850735  
-16.42887677  
-21.41243408  
-22.59867074  
-19.56990771  
-12.95522212  
-4.132202595  
5.188273273  
13.3851682  
19.28182943  
22.37978701  
22.92888429  
21.8056306  
20.20654135  
19.22450899  
19.43929697  
20.68141484  
22.08960037  
22.47528389  
20.86988751  
17.02808757  
11.6473479  
6.168725537  
2.205000417  
0.8256859779  
2.02190427  
4.621819485  
6.740154935  
6.599791017  
3.372350765  
-2.353846086  
-8.728837591  
-13.39592923  
-14.5436637  
-11.7906773  
-6.485097326  
-1.240209517  
1.134085385  
-1.137765491  
-7.94171257  
-17.19090112  
-25.58512283  
-29.91469235  
-28.36397796  
-21.25797753  
-10.92967554  
-0.7635954312  
6.17245243  
8.322230535  
6.160790291  
1.842669525  
-1.832689357  
-2.655717107  
0.1094457819  
5.562592988  
11.75267187  
16.6925072  
19.29929291  
19.81435678  
19.52221571  
19.93696721  
21.88261721  
24.94338574  
27.5743726  
27.83625797  
24.40529098  
17.36507645  
8.379024878  
0.1296979639  
-4.744393646  
-4.743746418  
-0.145556025  
7.098530937  
14.15107185  
18.40606623  
18.44430272  
14.43312362  
7.847718826  
0.7027631242  
-5.314444663  
-9.414261401  
-11.76778788  
-13.1200453  
-14.2255084  
-15.4315522  
-16.61407045  
-17.44523419  
-17.77766852  
-17.86744572  
-18.2657806  
-19.42241568  
-21.24117198  
-22.8909456  
-23.05915724  
-20.5910381  
-15.21789093  
-7.975298522  
-1.021696424  
3.151467916  
2.807582816  
-2.150752297  
-9.955838756  
-17.5794351  
-21.950262  
-21.25592735  
-15.73077586  
-7.548045985  
0.1537382415  
4.670140872  
4.905426549  
1.773265201  
-2.358741687  
-4.900971544  
-4.3424756  
-0.9792991699  
3.287229861  
5.976953879  
5.362707756  
1.428872844  
-4.042727619  
-8.324250801  
-9.122173519  
-5.797539388  
0.2013690734  
5.946697532  
8.420075611  
6.028065919  
-0.4953470918  
-8.263232916  
-13.44646722  
-12.98483688  
-6.018522384  
5.620128368  
18.08466398  
27.06031017  
29.49118853  
24.74233793  
14.73070365  
3.038035938  
-6.539630533  
-11.34613496  
-10.57836724  
-5.165849672  
2.97302541  
11.8366095  
19.9543902  
26.49661016  
30.98557077  
32.93671828  
