66.08800318  
69.45088182  
61.79204723  
45.20153396  
24.64603647  
5.956385916  
-6.427982591  
-11.01648809  
-9.517029495  
-5.749678896  
-3.767148331  
-6.038521594  
-12.47935724  
-20.69972747  
-27.28627159  
-29.48416741  
-26.49859007  
-19.840359  
-12.59582148  
-7.989077246  
-7.909729655  
-12.07087222  
-18.15671842  
-22.86799138  
-23.37919595  
-18.56170263  
-9.456852434  
1.167934517  
9.943384303  
14.19329455  
12.85564495  
6.691286408  
-2.223552752  
-11.41898378  
-18.92466469  
-23.76519252  
-25.9220373  
-25.89713732  
-24.18762324  
-20.98216816  
-16.22985109  
-10.00233222  
-2.893211279  
3.83538232  
8.520320791  
9.716458067  
6.898111867  
0.8923299683  
-6.216622583  
-11.74537186  
-13.40662137  
-10.24340636  
-3.102984077  
5.57404687  
12.59447371  
15.16740527  
11.92530097  
3.417232506  
-8.105725498  
-19.51118305  
-27.8794786  
-31.44982208  
-30.079931  
-25.08982398  
-18.60438038  
-12.68711736  
-8.606447831  
-6.488796998  
-5.43984362  
-4.033565057  
-0.9488490801  
4.489292558  
12.03867214  
20.59901348  
28.54645775  
34.21577526  
36.38182989  
34.61484241  
29.42826136  
22.18781414  
14.79638989  
9.214459756  
6.91944006  
8.442031054  
13.12662729  
19.22659092  
24.35965327  
26.22962287  
23.40756872  
15.90877691  
5.335316449  
-5.515850323  
-13.4938833  
-16.12194989  
-12.45773317  
-3.468092307  
8.239630211  
19.25529376  
26.4858527  
28.15927207  
24.35282942  
16.86244861  
8.474203746  
1.920969816  
-1.0845122  
-0.3891710543  
2.6659186  
5.859582229  
6.995131079  
4.742554966  
-0.8909140671  
-8.613327348  
-16.37087244  
-22.11766895  
-24.53463672  
-23.44088563  
-19.77475471  
-15.18765917  
-11.42953958  
-9.761163003  
-10.59420512  
-13.45669652  
-17.25459624  
-20.69911989  
-22.7289235  
-22.78310191  
-20.85783141  
-17.37078017  
-12.92681853  
-8.099607109  
-3.315810998  
1.135335572  
5.010708866  
8.024454536  
9.841111296  
10.18266128  
9.012161071  
6.699881114  
4.062675275  
2.206889795  
2.189269672  
4.602580222  
9.250879561  
15.07247529  
20.38491796  
23.39966348  
22.83183989  
18.37069696  
10.81355871  
1.79196078  
-6.812661969  
-13.52971288  
-17.76027636  
-19.84135158  
-20.69083125  
-21.20229412  
-21.68350497  
-21.62323345  
-19.92584422  
-15.53039478  
-8.131845182  
1.35606994  
10.86664337  
17.8173581  
20.09243967  
16.96011443  
9.505236945  
0.3431767231  
-7.314597056  
-10.88065656  
-9.390799913  
-3.851548679  
3.222670318  
8.891096565  
11.0220428  
9.147362427  
4.570177256  
-0.3062566442  
-3.112067162  
-2.586110455  
0.8916058027  
5.539444997  
9.053857833  
9.703951089  
7.123996998  
2.440204354  
-2.309998123  
-5.16969633  
-5.178331085  
-2.771229  
0.5176799746  
2.88466634  
3.189520671  
1.517557055  
-0.9159666542  
-2.470117344  
-2.026997489  
0.3158962863  
3.194941545  
4.640063448  
3.146599091  
-1.372081551  
-7.262608228  
-11.67357583  
-11.78373637  
-6.187262249  
4.211527025  
16.26055223  
25.63492939  
28.52175152  
23.21569769  
10.93331948  
-4.532146871  
-18.20420794  
-25.80480666  
-25.35380622  
-17.83558603  
-6.679725966  
3.697703444  
9.662567266  
9.704393318  
4.825771441  
-2.122191015  
-7.810795664  
-9.885114927  
-7.873378509  
-3.202701353  
1.62314442  
4.267540598  
3.64976747  
0.40109088  
-3.487397928  
-5.637207699  
-4.421364165  
0.2412545915  
6.783210283  
12.6174571  
15.22586978  
13.24654029  
7.107771971  
-1.051221658  
-8.142349331  
-11.27440251  
-8.841298048  
-1.143673995  
9.680074975  
20.37509571  
27.66997878  
29.3550474  
24.96364207  
15.83900581  
4.597561053  
-5.788036538  
-12.94147841  
-15.73689409  
-14.4525713  
-10.42419003  
-5.387157846  
-0.8045487569  
2.542902392  
4.5628114  
5.504012701  
5.47546203  
4.116138786  
0.6321588184  
-5.763849926  
-15.19026616  
-26.53896776  
-37.35858821  
-44.35700744  
-44.43993998  
-35.93896132  
-19.54043231  
1.51847919  
22.17200616  
36.99907813  
41.96475925  
35.80418567  
20.52174957  
0.7909762557  
-17.55255433  
-29.39276806  
-31.91993874  
-25.37417297  
-12.72458425  
1.537367862  
12.99924605  
18.72601165  
17.98602266  
12.13162838  
3.79421574  
-4.212525474  
-9.835018264  
-12.25223014  
-11.79904387  
-9.491779781  
-6.438164528  
-3.401108382  
-0.6602949381  
1.851483036  
4.285122184  
6.663675783  
8.838011706  
10.61019206  
11.9252062  
12.99420151  
14.25296336  
16.15286988  
18.8764084  
22.12004776  
25.06677486  
26.59250823  
25.64632919  
21.66489133  
14.85675293  
6.233896177  
-2.640518202  
-10.11378821  
-14.95966925  
-16.76619966  
-16.05055896  
-14.04583443  
-12.2211041  
-11.69685004  
-12.77044967  
-14.74345896  
-16.14543716  
-15.30460577  
-11.07252886  
-3.426539201  
6.309336487  
15.75812113  
22.23510688  
23.68895022  
19.47671292  
10.64840966  
-0.4034643037  
-10.81565415  
-18.30389346  
-21.95236768  
-22.39844535  
-21.32303011  
-20.47016279  
-20.64814104  
-21.19919264  
-20.23162509  
-15.56317297  
-5.976937166  
7.796650434  
22.88484572  
35.05899152  
40.26313381  
36.28573439  
23.86129145  
6.682373775  
-9.762749513  
-20.12071807  
-21.12933525  
-12.8252345  
1.478100709  
16.42935975  
26.5979525  
28.38293311  
21.15439564  
7.247996175  
-9.093158421  
-23.33546097  
-32.16976277  
-34.38067643  
-30.85058936  
-23.84846487  
-16.00693265  
-9.434583438  
-5.256345807  
-3.627341117  
-4.053385305  
-5.770304964  
-7.996372934  
-10.0165367  
-11.18404882  
-10.96129467  
-9.055749583  
-5.592526472  
-1.187121558  
3.199045094  
6.622279132  
8.592921983  
9.351851703  
9.795135699  
11.02079873  
13.68431694  
17.49181466  
21.14028861  
22.82000322  
21.10688493  
15.83577414  
8.491338163  
1.833685158  
-1.176606579  
1.27060372  
8.820634996  
18.79944495  
27.0905435  
29.75026098  
24.70472303  
12.78599847  
-2.386567517  
-15.68881569  
-22.43975198  
-20.21679116  
-9.786071366  
5.228707074  
19.77672279  
29.29068048  
31.28095581  
25.9935269  
15.94830496  
4.664162402  
-4.803607757  
-10.8740959  
-13.63673626  
-14.28618116  
-14.1989243  
-14.17250767  
-14.19563595  
-13.78989335  
-12.64153788  
-11.09223137  
-10.15485838  
-11.00408358  
-14.20752958  
-19.13821181  
-23.94577516  
-26.18920997  
-23.88678052  
-16.49808288  
-5.349181738  
6.745901943  
16.5380271  
21.61482966  
21.32183303  
16.91885414  
10.9116907  
5.881392849  
3.359307715  
3.260394061  
4.110222943  
3.919443206  
1.259209156  
-3.985050984  
-10.52944188  
-16.2878082  
-19.33263322  
-18.74506434  
-14.95712879  
-9.457574577  
-4.049633462  
-0.05472510798  
2.146769906  
3.046736853  
3.507457238  
4.142001564  
4.933510732  
5.297874123  
4.533392302  
2.377765376  
-0.6737916295  
-3.505276175  
-4.929273673  
-4.361296414  
-2.23434437  
0.1177441285  
1.106528402  
-0.2320464496  
-3.582169424  
-7.299634635  
-9.073737537  
-7.041448523  
-0.8375587508  
7.954148112  
16.2363929  
20.5997515  
18.79238498  
10.79933049  
-0.984212705  
-12.60893573  
-20.11557275  
-21.10484053  
-15.64944065  
-6.154836504  
3.750697943  
10.78142452  
13.3038321  
11.81558396  
8.419184009  
5.590346203  
4.864445485  
6.084103441  
7.560924842  
7.04777568  
3.016413167  
-4.414612337  
-13.38349198  
-21.08689254  
-25.09587246  
-24.53433353  
-20.52057087  
-15.62432406  
-12.57582218  
-12.84523799  
-15.80052132  
-18.89562065  
-18.85333042  
-13.31578005  
-2.179542302  
12.05910474  
25.18477377  
33.03682771  
33.40376474  
27.16811879  
18.13259686  
11.53130693  
11.82314639  
20.7062865  
36.22619353  
