1.489312861  
5.208371697  
12.37643055  
19.19808519  
21.89933345  
18.5410378  
9.905520349  
-0.9226619462  
-10.01719854  
-14.36098755  
-13.04048756  
-7.362397537  
0.06210796118  
6.711440269  
11.27634716  
13.9666211  
15.93529821  
18.23995252  
20.99262674  
23.20746631  
23.42680247  
20.73410532  
15.51556832  
9.454487801  
4.67630733  
2.471772474  
2.324254014  
1.874080977  
-2.009788551  
-11.48145926  
-26.14989937  
-42.55570899  
-55.11443309  
-58.2522186  
-48.84825225  
-27.88233629  
-0.4869104449  
25.70674087  
43.27980579  
47.67664159  
38.71272406  
20.37520656  
-0.9019396591  
-18.68160443  
-28.6528863  
-29.65944439  
-23.40411566  
-13.19683669  
-2.451596751  
6.40217593  
12.27053006  
15.11431541  
15.42057992  
13.81534643  
10.98058327  
7.753424812  
5.135216908  
4.014318345  
4.657651614  
6.276199757  
7.040331529  
4.732728759  
-2.1376957  
-13.27284741  
-26.18109939  
-36.79690736  
-41.0020236  
-36.43137751  
-23.71667431  
-6.506844467  
9.852498283  
20.45151531  
22.80630134  
17.78003919  
8.995636547  
1.020379821  
-2.799005541  
-1.802432747  
1.914923226  
4.828638281  
4.001564213  
-1.256324853  
-8.942616391  
-15.35754335  
-17.01897  
-12.49553184  
-3.19415311  
7.322327127  
15.14556221  
18.02177297  
16.48836439  
13.52653149  
12.87418084  
16.84879979  
24.81312512  
33.12281223  
36.66688996  
31.30922219  
16.06538692  
-6.055655988  
-28.9968918  
-45.99567138  
-52.27991602  
-46.92048248  
-33.04994762  
-16.41726886  
-2.986910675  
3.336079461  
1.91755844  
-4.839647799  
-12.88454553  
-18.31013831  
-18.73941807  
-13.82189373  
-4.85272238  
6.076352884  
16.87402467  
25.86125003  
31.79358754  
33.74821079  
31.16223993  
24.11870234  
13.70321377  
2.092994129  
-7.881750739  
-13.67302823  
-14.07413652  
-9.854382165  
-3.545277145  
1.650535817  
3.383931332  
1.382240197  
-2.29372281  
-4.18730789  
-1.209635278  
7.600718136  
20.22189289  
32.21233938  
38.53736988  
35.86470233  
24.25545114  
7.40892533  
-8.730022721  
-18.42603378  
-18.58383219  
-10.0566572  
2.761537718  
13.87390078  
18.27151861  
14.0206041  
2.942193894  
-10.36433139  
-20.65816697  
-24.36866027  
-21.06756023  
-13.51049519  
-6.309914261  
-3.881900078  
-8.567583745  
-19.683702  
-33.81321304  
-46.12510632  
-52.14298238  
-49.28589289  
-37.67838497  
-20.04602116  
-0.8289790916  
15.14728402  
24.04342075  
24.06489807  
15.95724777  
2.812935483  
-10.79111238  
-20.13910196  
-21.85212276  
-15.03190057  
-1.63755419  
14.13232724  
27.32719937  
34.10403197  
33.23959467  
26.64093053  
18.56785473  
13.8212143  
15.63028102  
24.15548924  
36.29851447  
46.95357235  
51.18529253  
46.38127954  
33.41664544  
16.30382818  
0.4876465623  
-9.438153064  
-11.56236975  
-7.234922976  
-0.1917186413  
5.296133508  
6.340337617  
2.530745016  
-4.236564533  
-11.00512073  
-15.374057  
-16.64745173  
-15.97337682  
-15.48231754  
-16.95402213  
-20.75992071  
-25.64464235  
-29.43422176  
-30.25318813  
-27.56632438  
-22.47123727  
-17.08851483  
-13.39342246  
-12.13968905  
-12.47411297  
-12.46308926  
-10.25136621  
-5.22237173  
1.481930377  
7.388108695  
9.866473682  
7.453277881  
0.6330999382  
-8.3254332  
-16.39135599  
-21.11430304  
-21.59244688  
-18.58407236  
-13.75359528  
-8.518795547  
-3.185123612  
3.108824995  
11.57112901  
22.51353478  
34.42429103  
43.98662835  
47.20589127  
41.21563965  
25.92020456  
4.625048996  
-16.77098034  
-31.78698096  
-35.76344641  
-27.6345139  
-10.30765989  
10.49653937  
28.41921694  
38.70999235  
39.62951943  
32.5288135  
20.74775705  
7.978627852  
-3.106855585  
-11.40811754  
-17.04864878  
-20.52048962  
-21.92054168  
-20.74825621  
-16.35398296  
-8.718981496  
0.9646352267  
10.34936484  
16.70902867  
18.11096151  
14.40603809  
7.504395598  
0.7294359231  
-2.515200134  
-0.1923515526  
7.449910894  
17.89552566  
27.30266208  
31.95826939  
29.63201828  
20.29848576  
6.002235436  
-9.986249536  
-24.3107199  
-34.49916215  
-39.45182358  
-39.39322389  
-35.45912774  
-29.18303555  
-22.09270389  
-15.48847596  
-10.34786465  
-7.257867206  
-6.324615062  
-7.101586653  
-8.633595529  
-9.689464916  
-9.156611735  
-6.457504509  
-1.795969873  
3.905795036  
9.377955333  
13.52424076  
15.85039955  
16.59672331  
16.51831911  
16.44005935  
16.82874025  
17.6114254  
18.32804897  
18.51262574  
18.06115017  
17.34170918  
16.94663814  
17.20144844  
17.71479837  
17.27715755  
14.26195692  
7.422941529  
-3.260791426  
-16.12818472  
-28.07867117  
-35.5241955  
-35.72231696  
-27.94508733  
-13.95846414  
2.448987054  
16.7500489  
25.27900143  
26.49988707  
21.42222937  
13.00228603  
4.799318104  
-0.52808887  
-2.241216695  
-1.634117374  
-1.221776681  
-3.392713039  
-9.144124597  
-17.47300044  
-25.69842296  
-30.57470311  
-29.70484845  
-22.63200517  
-11.12863258  
1.446531391  
11.44896014  
16.34971227  
15.64290177  
10.88483868  
4.870867984  
0.3306078847  
-1.272855933  
-0.3079457275  
1.339872287  
1.308064569  
-1.96116345  
-8.298255931  
-15.69074046  
-21.06470814  
-21.64439247  
-16.29341217  
-6.223512491  
5.286389805  
14.091193  
16.82039185  
12.26581376  
1.912060835  
-10.63896865  
-21.12239954  
-26.33132274  
-25.36853051  
-19.89102533  
-13.24649722  
-8.884989422  
-8.747853765  
-12.34541244  
-16.93060054  
-18.69377441  
-14.45729844  
-3.136316619  
13.65671721  
32.10665549  
47.5591175  
56.16816306  
56.15782895  
48.23520028  
35.08241421  
20.24169558  
6.91599898  
-2.838481274  
-8.305812686  
-9.785689075  
-8.065499617  
-4.025689802  
1.450750987  
7.335842308  
12.32508758  
14.96234607  
14.09419909  
9.481198545  
2.220745167  
-5.347809732  
-10.36627912  
-10.59519015  
-5.489829399  
3.31308696  
12.41252962  
17.88395821  
16.86608197  
8.811245804  
-4.177959364  
-18.12204579  
-28.74986218  
-33.21944871  
-31.21902549  
-24.95615362  
-18.04061685  
-13.76655058  
-13.57523508  
-16.39993412  
-19.19272146  
-18.39541745  
-11.68735493  
0.7815178839  
16.23034595  
30.23681011  
38.44701751  
38.2715733  
29.8608747  
15.98634838  
0.9326456928  
-11.08926621  
-17.34247396  
-17.25262087  
-12.2128606  
-4.719977416  
2.697077267  
8.286009944  
11.34980487  
12.02006951  
10.78218866  
8.073519879  
4.164268772  
-0.6782774266  
-5.923922893  
-10.65000201  
-13.69614863  
-14.06923599  
-11.40168756  
-6.212233106  
0.1942282494  
6.16978368  
10.31538997  
11.94959404  
11.24540428  
8.99552859  
6.149963892  
3.37241346  
0.8316911511  
-1.698864032  
-4.532835445  
-7.759522152  
-11.11992936  
-14.13275064  
-16.37229239  
-17.70021257  
-18.27967145  
-18.33922848  
-17.82954763  
-16.21922143  
-12.63349856  
-6.35779139  
2.505873144  
12.59427319  
21.38637216  
25.96362732  
24.20567544  
15.92418061  
3.372122427  
-9.228111814  
-17.08478674  
-16.67443776  
-7.271072598  
8.517641359  
25.51383359  
37.79909688  
40.91110292  
33.52733673  
17.95181447  
-0.7879931631  
-16.85368868  
-25.73325551  
-25.75514108  
-18.42715812  
-7.558494898  
2.38284266  
7.960301594  
7.850502792  
2.987471328  
-4.136071765  
-10.59657171  
-14.09161227  
-13.55447379  
-9.236034582  
-2.398067178  
5.139424488  
11.41334555  
14.65055149  
13.58203083  
7.793608855  
-1.942432144  
-13.5412444  
-23.90398928  
-29.72962749  
-28.6727089  
-20.42229128  
-7.183735677  
6.795747039  
16.63123365  
18.66060763  
12.00215355  
-0.9098312505  
-15.13871921  
-25.15165917  
-27.04680132  
-20.14125513  
-7.207011826  
6.769192795  
16.75913189  
19.82665564  
16.26455945  
9.240633946  
3.152669162  
