33.0053908  
20.18465399  
-0.06426813602  
-21.37939548  
-37.69648612  
-45.21153029  
-43.2320028  
-33.75016715  
-20.12453825  
-5.577601423  
7.817609292  
19.32159528  
28.99228974  
36.87492555  
42.4434987  
44.62324685  
42.37469026  
35.50112861  
25.21105719  
14.07924287  
5.341945951  
1.782049571  
4.662607298  
13.15597889  
24.51288011  
34.913166  
40.67818357  
39.40610202  
30.64995385  
15.95416503  
-1.697291096  
-18.7814722  
-32.16867595  
-39.81335152  
-41.04919742  
-36.48198942  
-27.58884759  
-16.19693312  
-4.014921537  
7.655351198  
17.97573136  
26.42912237  
32.57843765  
35.86073914  
35.53594615  
30.84204462  
21.31606895  
7.151371007  
-10.57613398  
-29.94529332  
-48.52146531  
-63.88721054  
-74.18242419  
-78.45503997  
-76.70448921  
-69.64177115  
-58.31654637  
-43.81234674  
-27.15048469  
-9.405154554  
8.112046438  
23.80314257  
36.01503155  
43.52897062  
46.10234873  
44.75800755  
41.5794102  
38.98062371  
38.69489144  
40.91608427  
44.02916809  
45.14445096  
41.29401452  
30.81788032  
14.32930238  
-5.211888608  
-23.41621271  
-36.02687098  
-40.47574946  
-36.7644689  
-27.29379832  
-15.73808503  
-5.493341114  
1.584480634  
5.591573941  
7.99958588  
10.44068044  
13.51675147  
16.27661644  
16.65948838  
12.69792955  
3.860918718  
-8.191106477  
-19.90882403  
-27.1716088  
-27.06197483  
-19.27137035  
-6.439029062  
6.804605412  
15.71580664  
17.4181386  
12.09065538  
2.811531887  
-5.891712712  
-10.14094438  
-8.509136112  
-2.704164102  
3.185827389  
4.561245875  
-1.528397357  
-14.88479376  
-31.98392733  
-47.20896603  
-54.98265883  
-51.92211411  
-38.15732845  
-17.32294183  
4.719264837  
21.88440772  
29.82178776  
27.14466926  
15.59093197  
-0.8027959368  
-17.10564463  
-28.94465768  
-33.56452496  
-30.27443818  
-20.29762708  
-6.197718827  
8.891750033  
22.03904579  
31.14798217  
35.36047931  
35.1600654  
32.13922239  
28.4548436  
26.09409725  
26.16889741  
28.49759201  
31.66908233  
33.61925656  
32.53490843  
27.73323772  
20.12977605  
12.04395829  
6.354246269  
5.302744686  
9.428436087  
17.09666495  
24.87538041  
28.67432362  
25.24519625  
13.47824195  
-5.009927636  
-26.23668301  
-45.04513496  
-56.70040732  
-58.32797986  
-49.71108875  
-33.21938423  
-12.9620934  
6.482895343  
21.30790246  
29.2966388  
30.04332798  
24.61884187  
14.91378563  
2.949328619  
-9.606172145  
-21.61078713  
-32.34991521  
-41.29994666  
-47.91342669  
-51.53941801  
-51.51297192  
-47.36819863  
-39.08058363  
-27.23941339  
-13.07655169  
1.672727936  
15.05530143  
25.27073694  
31.04365162  
31.90861899  
28.33061411  
21.61516792  
13.60971155  
6.255071321  
1.09841211  
-1.094384575  
-0.4998846921  
1.892907386  
4.679175362  
6.5766573  
6.91966345  
5.921110457  
4.590055948  
4.318992977  
6.289374561  
10.92964156  
17.65541867  
25.01699519  
31.21478686  
34.77862474  
35.12277996  
32.72305791  
28.8178337  
24.74586567  
21.21199445  
17.83077737  
13.19880242  
5.522480556  
-6.429677819  
-22.45661043  
-40.54498477  
-57.21152445  
-68.49886545  
-71.27462094  
-64.33452556  
-48.87611823  
-28.15923494  
-6.496794756  
12.01947638  
24.57725735  
30.13801018  
29.29099124  
23.66849274  
15.26865924  
5.989819491  
-2.517884888  
-8.804020979  
-11.61878813  
-10.15217159  
-4.493943428  
3.939673067  
12.37640283  
17.30978701  
15.71524103  
6.439675364  
-8.875339832  
-25.89753356  
-38.90482343  
-42.9002724  
-35.70668078  
-19.0925685  
1.685644116  
19.87478561  
29.98293041  
30.11788613  
22.81819608  
13.91021916  
9.807980523  
14.42282104  
27.09913968  
42.59447195  
53.22578509  
52.30384303  
37.33729377  
11.52510483  
-17.22409838  
-39.40601816  
-47.85249593  
-40.76016324  
-22.46629407  
-1.608886271  
12.53126125  
13.90392962  
2.095012149  
-17.74471246  
-37.33917454  
-48.94129704  
-48.55471761  
-37.33599263  
-20.67294698  
-5.501505948  
2.816810472  
2.624861939  
-3.767828521  
-11.63575877  
-16.30551664  
-15.28797103  
-9.09148683  
-0.4629334108  
7.392378522  
12.58778608  
15.38110443  
17.66780441  
21.49727581  
27.49710967  
34.12993701  
38.25098163  
36.72330518  
28.25587124  
14.47168312  
-0.4259688388  
-11.31932759  
-14.4157966  
-8.984461786  
2.27622854  
14.45271655  
22.66132918  
24.26401105  
20.00103317  
13.50107161  
9.404283414  
10.99389966  
18.46124288  
28.62223256  
36.21785693  
36.19518197  
25.92911131  
6.400187144  
-18.15267125  
-41.88822113  
-59.55036994  
-68.2369137  
-68.06192534  
-61.57299742  
-52.33647169  
-43.40941467  
-36.35691616  
-31.12175801  
-26.61100465  
-21.55843874  
-15.18091837  
-7.359107946  
1.613051037  
11.42655726  
21.98000313  
33.26337827  
44.9892302  
56.23989816  
65.41212646  
70.5735048  
70.1047424  
63.32341491  
50.77822279  
34.06927599  
15.29962742  
-3.547101036  
-20.98516729  
-36.00294062  
-47.72771315  
-55.06946853  
-56.661316  
-51.2489062  
-38.40242682  
-19.19336568  
3.578449328  
25.84847017  
43.35907162  
52.94304635  
53.48204405  
46.12025333  
33.64071699  
19.2912771  
5.59540258  
-6.329149535  
-16.68354653  
-26.25982814  
-35.51029669  
-43.93881417  
-50.14958056  
-52.53062011  
-50.20004311  
-43.68992952  
-34.96220934  
-26.68936442  
-21.11563786  
-19.04859899  
-19.49022057  
-20.11803847  
-18.41249172  
-12.90269028  
-3.93165846  
6.437683427  
15.34671805  
20.46596752  
21.09543492  
18.5135072  
15.39972472  
14.58826277  
17.72260826  
24.42661936  
32.37056595  
38.20568048  
38.95591416  
33.26666242  
21.99199042  
7.903173654  
-5.318268412  
-14.36174662  
-17.32756733  
-14.16436002  
-6.424285719  
3.464299224  
13.05394482  
20.53162219  
24.98981131  
26.33289131  
24.97840341  
21.54467313  
16.6508603  
10.84640851  
4.608644966  
-1.66727965  
-7.713794833  
-13.43708949  
-18.89850655  
-24.19532818  
-29.27315639  
-33.76983704  
-37.00253373  
-38.15371104  
-36.6065351  
-32.28557797  
-25.8283008  
-18.4732455  
-11.6787602  
-6.619140219  
-3.773510168  
-2.788614424  
-2.671033076  
-2.21163851  
-0.4394248529  
3.096671466  
8.318503497  
14.82885504  
22.17181393  
29.95706874  
37.7593001  
44.86227269  
50.05028825  
51.67055279  
48.0750012  
38.34255973  
22.98648557  
4.276383798  
-14.08962853  
-27.97009047  
-34.12322885  
-31.40487153  
-21.31449687  
-7.61104166  
4.914479851  
12.07027715  
11.68083231  
4.250474611  
-7.359612338  
-19.07355569  
-27.07546447  
-29.03134753  
-24.62759289  
-15.32488606  
-3.564350683  
8.141557922  
17.83540084  
24.2828018  
26.79169192  
24.97638551  
18.74811178  
8.611348033  
-3.925995739  
-16.19675384  
-24.79638412  
-26.63556996  
-20.29789001  
-7.094776646  
8.803812655  
21.46779372  
25.3030305  
17.392518  
-0.9139664414  
-23.96929323  
-43.57506898  
-51.96516514  
-44.89078752  
-23.52685269  
5.674612776  
33.24013958  
50.20801684  
51.53334417  
37.97157919  
15.6545307  
-6.46703685  
-20.24547545  
-21.5104718  
-11.49171426  
4.04844264  
17.52338257  
22.84984183  
17.95054324  
5.400227902  
-8.968525686  
-18.78533472  
-19.93370869  
-12.19662999  
0.882611034  
13.73507684  
21.21370005  
20.62390034  
12.49197993  
-0.123399061  
-13.28197984  
-23.88416652  
-30.64208351  
-33.94152636  
-34.84894799  
-33.95152061  
-30.76415366  
-24.07852009  
-13.06738311  
1.509476267  
16.76969951  
28.31198997  
31.84593725  
25.16820025  
9.54163412  
-10.27272537  
-27.50663767  
-35.87729787  
-32.07135108  
-17.16149232  
3.674344807  
23.04774159  
