40.51935467  
23.12756809  
3.536743833  
-12.82052299  
-21.51068445  
-20.73557654  
-12.03321566  
0.2765857996  
10.71593959  
14.71155203  
10.28002231  
-1.323875106  
-16.21836214  
-29.46732294  
-36.93184755  
-36.64506364  
-29.20614527  
-17.14813742  
-3.677851318  
8.581213581  
18.29148313  
25.32786429  
30.11775193  
32.86461557  
33.14355326  
30.11165486  
23.20494485  
12.89437651  
1.011091547  
-9.640813404  
-16.2839622  
-17.33192867  
-13.13478552  
-5.892002566  
1.286442339  
5.757950307  
6.506171791  
4.498746973  
2.039331433  
1.407582312  
3.460177932  
6.919911495  
8.774780388  
5.671141719  
-4.322534103  
-20.43343642  
-39.0561545  
-54.93627976  
-63.20624247  
-61.39121867  
-50.47907377  
-34.55186936  
-19.11752252  
-8.868696881  
-5.851328816  
-8.830216952  
-14.0852314  
-17.22505935  
-15.16395577  
-7.377629672  
4.068033164  
15.62559985  
23.90607827  
27.04591761  
25.20189661  
20.05620277  
13.72005085  
7.691726839  
2.431901425  
-2.277804865  
-6.497911556  
-9.411322682  
-9.259426703  
-4.096167963  
6.977378012  
22.77748421  
39.87023384  
53.5476591  
59.63793462  
56.35358544  
45.26566823  
30.8310928  
18.56409235  
12.61201873  
13.84427568  
19.38971047  
23.92625961  
22.20969124  
11.7168662  
-5.831929019  
-24.84042672  
-38.02306824  
-39.50618893  
-27.49743364  
-5.335461034  
19.57438245  
38.51994781  
44.79210299  
36.18419575  
15.69365023  
-9.777851964  
-32.10154385  
-44.83639596  
-45.24512733  
-34.74950349  
-17.8627939  
-0.2320253979  
13.32913849  
20.10138487  
19.73158932  
13.69950379  
4.432212586  
-5.490226355  
-13.82029133  
-18.86880095  
-19.66028201  
-16.15163346  
-9.46239098  
-1.893706637  
3.495594529  
3.802534283  
-2.568767317  
-14.9998263  
-30.4855798  
-44.42349854  
-52.16175025  
-50.71374289  
-39.91219852  
-22.48152259  
-2.982566253  
13.90491938  
24.99572363  
29.41403708  
28.32578401  
23.84805413  
17.79203722  
10.93730924  
3.197236446  
-5.500666743  
-14.24018721  
-20.76422585  
-22.14064472  
-16.25158864  
-3.37207639  
13.08563802  
27.27513457  
32.9940779  
26.32900425  
7.656941926  
-18.03308479  
-42.82217895  
-58.93726863  
-61.90130515  
-52.32464236  
-35.47314648  
-18.76223376  
-8.308521297  
-6.147998202  
-9.446439257  
-12.10136479  
-7.988507971  
5.705218585  
26.70043559  
48.32009567  
62.41020768  
63.15109604  
49.96023808  
28.07284568  
6.457105188  
-6.030734521  
-4.507298474  
9.827756568  
30.29624791  
47.76862749  
54.71091956  
48.39862633  
31.86581506  
12.23410854  
-2.714878892  
-8.07820628  
-3.845699791  
5.470481239  
13.29795227  
14.29403295  
6.867668519  
-6.225550809  
-19.39847998  
-27.02470821  
-26.09860245  
-17.48913655  
-5.25634499  
5.530607117  
11.3203954  
11.68400737  
9.242176294  
8.028342621  
11.17874963  
19.14485672  
29.32553174  
37.27444117  
38.84790373  
32.20391842  
18.66941743  
2.083273166  
-13.00917625  
-23.37889802  
-28.34924754  
-29.67520641  
-30.20036592  
-32.04479267  
-35.29471575  
-37.88689244  
-36.75243887  
-29.63250124  
-16.62563892  
-0.6502952603  
13.46741619  
20.89805878  
18.84213471  
7.762386135  
-8.739071615  
-25.33054184  
-37.00473967  
-40.88131278  
-37.02205258  
-28.00740724  
-17.57964075  
-9.033527382  
-4.066497638  
-2.511348806  
-2.924728016  
-3.623395701  
-3.614758415  
-3.000087231  
-2.738600772  
-3.98288283  
-7.369879499  
-12.62027105  
-18.60066622  
-23.76443599  
-26.72458839  
-26.69653002  
-23.6556194  
-18.21248794  
-11.32328346  
-3.982322412  
3.006365068  
9.153694505  
14.32823678  
18.73388662  
22.80961478  
27.02743691  
31.60339272  
36.2131871  
39.86792704  
41.09367485  
38.44821978  
31.22854459  
20.07131255  
7.113457502  
-4.478473335  
-11.53184155  
-12.07803923  
-6.232804351  
3.690221277  
13.96402294  
20.86046278  
22.10900202  
17.76230704  
10.06998691  
2.407957103  
-2.250760566  
-2.612823171  
0.5064068363  
4.792402261  
7.761458959  
8.133926854  
6.542406314  
5.193012731  
6.623925717  
12.17809407  
20.98081191  
29.99647515  
35.21979075  
33.49061345  
24.08061497  
9.26657328  
-6.444612897  
-18.14509862  
-22.60770788  
-19.6776862  
-12.33292537  
-5.371723538  
-3.312218684  
-8.438485486  
-19.85025428  
-33.90274092  
-45.79378582  
-51.55400913  
-49.55773589  
-40.93754197  
-28.81737966  
-16.8116455  
-7.527884776  
-1.734180423  
1.520287824  
4.019421795  
7.254334851  
11.63467598  
16.37892735  
20.04715043  
21.36008245  
19.84518875  
15.99345094  
10.91000823  
5.714994264  
1.063085886  
-2.957304438  
-6.531059884  
-9.659020142  
-11.86061198  
-12.26046449  
-10.04290117  
-5.022797548  
2.014723984  
9.444684259  
15.38893912  
18.4820871  
18.42012339  
15.99171763  
12.56244045  
9.281198933  
6.444678055  
3.384638288  
-1.033198581  
-7.554853601  
-15.80459876  
-24.12185875  
-30.13292823  
-31.82733682  
-28.60213948  
-21.7000861  
-13.73744772  
-7.476482071  
-4.415875618  
-3.927667753  
-3.454681014  
0.2165671766  
9.150162154  
22.79335967  
37.64165503  
48.34769031  
49.90903185  
40.01146455  
20.44691101  
-3.136365518  
-23.18282395  
-33.14632119  
-30.16482159  
-16.33387603  
2.019306065  
16.81570629  
21.46105767  
13.51035483  
-4.332895654  
-25.27918405  
-41.11849079  
-45.38874808  
-35.77904656  
-14.86463312  
11.01817292  
34.19990197  
48.38594  
50.60438363  
41.75641922  
25.74520453  
7.707438134  
-7.862333942  
-18.39265726  
-23.57530856  
-24.84400203  
-24.38435092  
-24.14899546  
-25.22425485  
-27.65690359  
-30.64177375  
-32.87927622  
-32.94649567  
-29.62149189  
-22.17598287  
-10.64855955  
3.952344116  
19.63770312  
33.73721753  
43.52782901  
47.04303697  
43.77341715  
34.94201614  
23.17067979  
11.6030263  
2.806967084  
-2.087553834  
-3.629836007  
-3.546283257  
-3.710580997  
-5.063870169  
-7.007218967  
-7.590092171  
-4.449402808  
3.909913525  
17.09154907  
32.55360986  
46.30510727  
54.30423295  
53.97872085  
45.21349594  
30.37336307  
13.34730699  
-1.965587263  
-13.07059924  
-19.58881413  
-22.99441824  
-25.55405044  
-29.00464366  
-33.61004322  
-38.04097039  
-40.11767791  
-38.03688915  
-31.46547447  
-21.9422614  
-12.35457868  
-5.701195875  
-3.706344872  
-5.946076782  
-9.934861458  
-12.19298173  
-9.85975685  
-2.147900113  
9.032224625  
19.61205551  
24.91006051  
21.58330611  
9.190020541  
-9.299909463  
-28.30104073  
-41.45401156  
-43.83712243  
-33.72800517  
-13.26814304  
12.19914785  
35.85671401  
51.57221169  
55.73246836  
48.15712942  
31.85934783  
11.83551416  
-6.620195778  
-19.47552938  
-24.90738976  
-23.42171369  
-17.23899427  
-9.273082025  
-2.11294222  
2.654137113  
4.621383224  
4.292809586  
2.568401978  
0.2402758219  
-2.295885254  
-5.034520176  
-8.116013882  
-11.50290844  
-14.75668651  
-17.04408485  
-17.39230063  
-15.09793809  
-10.11475263  
-3.238216285  
4.027467938  
9.910259025  
12.98068234  
12.70627573  
9.723861808  
5.69316258  
2.750674541  
2.742412053  
6.517191319  
13.55662509  
22.10252196  
29.75170342  
34.30323183  
34.53210178  
30.58769856  
23.8599337  
16.37218057  
9.953646408  
5.534868566  
2.854325352  
0.6883589087  
-2.508668704  
-7.83935319  
-15.40656328  
-24.19822326  
-32.44928311  
-38.30792455  
-40.51197625  
-38.79406952  
-33.87524548  
-27.0980302  
-19.9050581  
-13.40912806  
-8.219832971  
-4.531830411  
-2.336888106  
-1.567923454  
-2.052886653  
-3.305929601  
-4.32919126  
-3.646679078  
0.298558078  
8.452202591  
20.43673597  
34.19716753  
46.29741131  
52.90564884  
