33.41297811  
29.98638045  
18.79713243  
1.969218182  
-16.25423379  
-31.0820095  
-38.98636973  
-38.94853339  
-32.60082305  
-23.25625875  
-14.33661245  
-7.966545389  
-4.373730238  
-2.295560721  
-0.07727239102  
3.184904479  
7.081326337  
10.18558885  
11.00391349  
9.010372332  
5.154371234  
1.516473176  
0.258788892  
2.415414238  
7.182594373  
12.13282563  
14.30991256  
11.70221807  
4.376168086  
-5.306879059  
-13.53746731  
-16.61142112  
-12.49974447  
-1.744106136  
12.69286988  
26.51622983  
35.61816828  
37.38135674  
31.28322509  
18.68417324  
2.051264671  
-15.93608122  
-33.00283711  
-47.46150223  
-58.07648296  
-63.87992426  
-64.17130999  
-58.74927359  
-48.21684001  
-34.10455551  
-18.63175216  
-4.128729636  
7.645009261  
15.96404686  
21.15027053  
24.13538891  
25.81375204  
26.54203172  
26.06270439  
23.8874532  
19.9074796  
14.84712444  
10.23940914  
7.851821875  
8.803535481  
12.82162647  
18.06652487  
21.70894309  
21.07609789  
14.88477706  
3.9946926  
-8.699134606  
-19.24451723  
-24.10065171  
-21.49420641  
-12.10381059  
1.198221677  
14.41978604  
23.883201  
27.4447303  
25.05153832  
18.48904696  
10.50260931  
3.699103229  
-0.334539338  
-1.403035353  
-0.5086870525  
0.7453388504  
0.8717185168  
-0.9389310351  
-4.581456685  
-9.154591975  
-13.34307597  
-15.90729475  
-16.11497822  
-13.98680527  
-10.29023139  
-6.288732601  
-3.325148371  
-2.371360201  
-3.694806069  
-6.760657339  
-10.40858548  
-13.24023275  
-14.06926391  
-12.26215032  
-7.850567208  
-1.404003095  
6.238366293  
14.22386029  
21.8100531  
28.33769677  
33.14478644  
35.56317417  
35.08863581  
31.68476634  
26.04810515  
19.61330998  
14.16855406  
11.15354008  
10.92779861  
12.39712091  
13.28628027  
11.064227  
4.183097435  
-6.935046313  
-19.70090219  
-30.17542045  
-34.6553038  
-31.3695625  
-21.49579043  
-8.947140534  
1.085970731  
4.267539618  
-1.009004059  
-12.8683419  
-26.70937544  
-37.16886265  
-40.4216442  
-35.77163951  
-25.80687088  
-15.06081391  
-7.826753678  
-6.169411145  
-9.073480407  
-13.11002909  
-14.26053062  
-9.979369462  
-0.4726782192  
11.42463741  
21.6852037  
27.09369618  
26.79731988  
22.61831833  
17.97899304  
15.99787592  
17.74117506  
21.54163861  
23.7628967  
20.65851088  
10.41618638  
-5.632671833  
-23.26523103  
-37.00589469  
-42.41095158  
-37.9517167  
-25.64241522  
-10.15156619  
3.167342845  
10.41964077  
10.54939386  
5.415180982  
-1.360970856  
-6.159880125  
-6.922707233  
-3.855600748  
0.9138761774  
4.444110965  
4.280476262  
-0.6067503585  
-9.545319651  
-20.50515707  
-30.78310761  
-37.70484446  
-39.14331153  
-33.83316334  
-21.56818968  
-3.34732606  
18.57631953  
40.88510049  
59.74896462  
71.71174695  
74.66997705  
68.56193614  
55.42573921  
38.72218132  
22.15104886  
8.446562346  
-1.326582523  
-7.682395168  
-11.92133495  
-15.08358716  
-17.22466459  
-17.41627488  
-14.47814734  
-8.02880065  
0.7659978685  
9.247147868  
14.21035538  
13.34955951  
6.483375272  
-4.107013452  
-14.49772606  
-20.79899458  
-20.92757964  
-15.61234407  
-8.09625161  
-2.609037807  
-2.292259669  
-7.556292069  
-15.68541955  
-21.94067441  
-21.70679935  
-12.7219382  
3.640291558  
22.65499251  
38.01556668  
44.33928423  
39.33196506  
24.68969697  
5.376194365  
-12.38215189  
-23.51098439  
-25.90632823  
-20.95478438  
-12.63440615  
-5.667767384  
-3.548358127  
-7.241670651  
-15.01637251  
-23.36428166  
-28.54160413  
-28.07159915  
-21.63738333  
-11.090065  
0.342872517  
9.285367811  
13.4029274  
12.15087445  
6.868000103  
0.2372153228  
-4.668912882  
-5.428181525  
-1.058701034  
7.68579194  
18.59803019  
28.77022272  
35.55144258  
37.36725868  
34.10658795  
26.94510694  
17.70228238  
8.02861857  
-1.203836017  
-10.02481603  
-18.95299416  
-28.26837711  
-37.37019141  
-44.60876244  
-47.76322717  
-45.01060496  
-35.94962702  
-22.15630583  
-6.920269439  
5.824297081  
12.96481143  
13.43831135  
8.649260571  
1.847654328  
-3.291033491  
-4.263903067  
-0.7969382979  
5.123397714  
10.25818694  
11.69509893  
8.264296408  
1.134772699  
-6.678249083  
-11.65349426  
-11.31890168  
-5.3021572  
4.589524001  
15.2596574  
23.72949327  
28.38488426  
29.49200563  
28.78326885  
28.36690608  
29.52635752  
32.00365653  
34.10550557  
33.5630261  
28.71948875  
19.4778392  
7.56804146  
-3.982394631  
-11.93642269  
-14.02868993  
-9.769217185  
-0.5915419195  
10.6481368  
20.57232533  
26.23328584  
25.81468836  
18.93606566  
6.572932756  
-9.292314673  
-26.15268843  
-41.48666748  
-53.22614325  
-60.12302975  
-61.94401091  
-59.42473731  
-53.95921484  
-47.09153249  
-39.97589729  
-33.01957517  
-25.87576453  
-17.8123307  
-8.305001065  
2.422297518  
13.18839214  
22.11744033  
27.2929152  
27.52549566  
22.8849414  
14.74138418  
5.284770252  
-3.265012454  
-9.402207255  
-12.70770347  
-13.71396115  
-13.37634608  
-12.45278051  
-11.11887932  
-9.002200036  
-5.582547095  
-0.7022681598  
5.128929199  
10.83533387  
15.25368261  
17.73995207  
18.56544656  
18.8556179  
20.0575987  
23.17472031  
28.14665031  
33.70322194  
37.79965914  
38.45714643  
34.62915137  
26.69246487  
16.33659395  
5.906131563  
-2.496586274  
-7.743407467  
-9.941046829  
-10.15370633  
-9.777738472  
-9.901743794  
-10.95218326  
-12.74080763  
-14.80219891  
-16.76326818  
-18.49637207  
-19.96610027  
-20.89156909  
-20.48914332  
-17.54572836  
-10.89936821  
-0.1578622226  
13.69787499  
28.19245241  
39.89872024  
45.52168734  
43.11920516  
32.94024186  
17.48401235  
0.6997012413  
-13.3811894  
-22.03037756  
-24.65793339  
-22.76231079  
-19.04493881  
-16.1011515  
-15.27445246  
-16.17153169  
-17.02389549  
-15.69315345  
-10.82927561  
-2.634656422  
7.117955591  
15.81119228  
21.10636947  
21.93959524  
18.93534182  
14.06057721  
9.696753085  
7.571344587  
8.043266654  
10.05706642  
11.75832352  
11.45165616  
8.429909048  
3.279195731  
-2.471146167  
-7.16020511  
-9.84966237  
-10.7831948  
-11.21276834  
-12.6731626  
-16.06945769  
-21.0491341  
-26.00300228  
-28.73480983  
-27.50268369  
-21.93272179  
-13.34011004  
-4.259914505  
2.634224264  
5.737445608  
5.274234563  
3.225403354  
2.412945598  
5.135024022  
11.97203546  
21.33131307  
29.97526173  
34.3318751  
32.02145896  
22.92146329  
9.288231807  
-5.127103311  
-16.58177502  
-22.80376553  
-23.77984309  
-21.54857371  
-19.12833325  
-19.09202737  
-22.43837762  
-28.24839115  
-34.23834356  
-37.9064798  
-37.71438597  
-33.75377415  
-27.61305565  
-21.54063658  
-17.32234001  
-15.40653116  
-14.67613593  
-12.96188914  
-8.056815347  
1.216325878  
14.33618933  
29.07811514  
42.15924095  
50.27333585  
51.13648105  
44.20194436  
30.85152447  
14.05673335  
-2.350398691  
-14.58247024  
-19.75956358  
-16.54968567  
-5.461104625  
11.2751812  
30.21898723  
47.52421457  
59.8371795  
65.04468326  
62.65303831  
53.69375008  
40.22059829  
24.61806827  
9.003600558  
-5.060993333  
-16.50843927  
-24.50855197  
-28.2778905  
-27.1742263  
-21.1056464  
-11.04770171  
0.6875499909  
10.74406941  
15.64774075  
13.09605636  
3.076746053  
-11.75419283  
-26.75177026  
-36.8830203  
-38.6659111  
-31.63781737  
-18.6795188  
-4.979002711  
3.990857849  
4.655239439  
-3.239689194  
-16.56742234  
-30.1357671  
-38.78868739  
-39.38145217  
-31.80794244  
-18.71794009  
-4.164513941  
8.123242482  
16.04490538  
19.49578355  
19.78596857  
18.56404232  
16.88995435  
14.93854982  
12.40631591  
9.269311357  
6.336831146  
5.17084666  
7.326129198  
13.29444441  
21.76593345  
29.71467927  
