-13.59515142  
-25.25229272  
-36.08221429  
-43.63651799  
-45.78073328  
-41.53941646  
-31.67460747  
-18.66187456  
-5.949168525  
3.288109847  
7.408080396  
7.013040698  
4.735868078  
4.119129004  
8.027800155  
17.28576126  
30.16757464  
43.0170099  
51.75760027  
53.6403196  
48.44551595  
38.58761135  
28.06681863  
20.73846714  
18.68430501  
21.41589885  
26.24766478  
29.62967839  
28.79120085  
22.92344145  
13.37824439  
2.85080637  
-5.992351719  
-11.73086246  
-14.65163237  
-16.26363052  
-18.1716813  
-20.94923185  
-23.646762  
-24.23808816  
-20.80571819  
-12.85748168  
-2.061108761  
8.057709162  
13.40476089  
11.04367217  
0.5613929576  
-15.5917753  
-32.98926304  
-46.97421848  
-54.4867384  
-55.15023843  
-51.13449828  
-45.88290242  
-42.31885011  
-41.38519584  
-41.60655601  
-39.87893214  
-33.11013472  
-19.93437408  
-1.684170091  
17.85685516  
33.84168049  
42.29231816  
41.73759558  
33.84874202  
22.80524064  
13.6657218  
10.42771229  
14.55934075  
24.55819192  
36.64761935  
46.26613591  
49.72762807  
45.42700221  
34.20828753  
18.8722689  
3.116699365  
-9.643860323  
-17.175313  
-18.81722059  
-15.3724044  
-8.653407062  
-0.9010262152  
5.754468081  
9.700830027  
10.10214542  
7.01322989  
1.343895043  
-5.34640384  
-11.22428138  
-14.67309863  
-14.77364823  
-11.61242159  
-6.282460195  
-0.5409481396  
3.780258307  
5.403921473  
4.03917254  
0.4442247054  
-3.905835431  
-7.413996397  
-8.978955352  
-8.390084145  
-6.349345309  
-4.127419813  
-3.009280464  
-3.76329082  
-6.345754827  
-9.944129939  
-13.31777674  
-15.27803804  
-15.1060481  
-12.75274339  
-8.769545367  
-4.037459377  
0.5632039787  
4.39329185  
7.119693698  
8.615796563  
8.793516588  
7.493499323  
4.524345107  
-0.1470521525  
-6.147386615  
-12.54231369  
-17.91008619  
-20.68958848  
-19.71753158  
-14.75710297  
-6.778462239  
2.184205407  
9.621013875  
13.41134747  
12.65156148  
8.100096275  
2.009951307  
-2.653593109  
-3.353041805  
0.9578441022  
9.295826592  
18.90553262  
26.27296521  
28.53172965  
24.70133674  
16.22023112  
6.493165506  
-0.4322464003  
-1.566182584  
3.635410633  
12.80498195  
21.38587665  
24.33450456  
18.17541997  
2.603370619  
-19.03442163  
-40.62645748  
-55.27792935  
-57.67528259  
-45.96768041  
-22.47585087  
7.018129291  
35.11998658  
55.12509995  
62.95859045  
58.12055528  
43.40910241  
23.64844713  
3.977000744  
-11.66621707  
-21.379901  
-25.30561707  
-24.96972545  
-22.34252731  
-19.02170782  
-15.81299464  
-12.76511742  
-9.52534807  
-5.783665194  
-1.593061256  
2.548479875  
5.847694126  
7.503995453  
7.011807477  
4.375600034  
0.1801523568  
-4.497886296  
-8.320049904  
-10.01656374  
-8.750889652  
-4.423489456  
2.19216794  
9.569303288  
15.82089648  
19.2823421  
19.10036684  
15.60280156  
10.27165033  
5.27990784  
2.729216261  
3.867738864  
8.599363754  
15.49594157  
22.32010065  
26.85038285  
27.66655238  
24.57029869  
18.48095459  
10.88406142  
3.111688014  
-4.198578181  
-11.21889766  
-18.59034144  
-26.82651176  
-35.78667086  
-44.50512328  
-51.47536833  
-55.25046687  
-55.05418636  
-51.09076292  
-44.39832908  
-36.33374795  
-27.97286682  
-19.75706413  
-11.57864128  
-3.248504592  
4.943867671  
11.94781309  
16.1905696  
16.29977926  
11.97692865  
4.542121623  
-3.229482388  
-8.040586238  
-7.438866873  
-1.012460403  
9.189453038  
19.30547322  
25.19098717  
24.20057372  
16.4261191  
4.791505074  
-6.098220146  
-11.88282748  
-10.29895961  
-2.117636807  
9.26986786  
19.42989584  
24.89325008  
24.64567514  
20.39972639  
15.52972498  
13.20479289  
14.65602089  
18.46207047  
21.24487892  
19.46546738  
11.43918046  
-1.460187306  
-15.08204789  
-24.23011454  
-25.08364026  
-17.1633726  
-3.854292124  
8.860321942  
14.96089149  
11.12036342  
-1.655272353  
-18.26913224  
-31.61074509  
-35.57873967  
-27.71725155  
-10.2939067  
10.65479574  
27.87513438  
35.90340173  
33.20913268  
22.57557256  
9.634043497  
0.2919431104  
-1.750118992  
3.691519769  
13.6300478  
23.60579721  
29.83132214  
30.74431016  
27.29623996  
21.97013572  
17.14933438  
13.74115779  
10.77580161  
6.158899537  
-1.856726047  
-13.29076347  
-25.91129637  
-35.8978203  
-39.42096658  
-34.40556136  
-21.63862327  
-4.687971376  
11.35098972  
21.72944962  
23.72980024  
17.47062381  
5.568313934  
-8.096522037  
-19.90295529  
-27.6517013  
-30.96084686  
-30.88829653  
-29.11063661  
-27.11304069  
-25.72908993  
-25.1122233  
-24.97960388  
-24.87729604  
-24.29641048  
-22.65072765  
-19.26970384  
-13.56888872  
-5.418907266  
4.461048187  
14.37583805  
22.01767141  
25.30703866  
23.39952058  
17.36449827  
10.10154473  
5.372723571  
6.261528964  
13.70657341  
25.81056921  
38.33471975  
46.26478716  
45.82412733  
36.05854511  
19.27362133  
0.1067511351  
-16.35954197  
-26.59094803  
-29.80082441  
-27.83656433  
-23.86469993  
-20.54382134  
-18.61347787  
-16.61007709  
-11.84753317  
-2.159884813  
12.49716113  
29.43742088  
44.00340746  
51.39734922  
48.74865842  
36.444789  
18.08550359  
-0.9372404502  
-15.58782959  
-23.08905985  
-23.73733289  
-20.32375349  
-16.51524786  
-15.02276377  
-16.43966042  
-19.26221853  
-20.99642519  
-19.72039134  
-15.26826854  
-9.424439007  
-5.039004386  
-4.532409931  
-8.565726551  
-15.56559515  
-22.35944792  
-25.61998558  
-23.41690072  
-16.12523338  
-6.259572781  
2.671048495  
7.727520174  
7.779863577  
3.859718339  
-1.492080225  
-5.517497374  
-6.524345885  
-4.553240523  
-1.15508245  
1.549082077  
2.017771032  
0.0726092124  
-3.043633618  
-5.314279145  
-4.939599023  
-1.167117965  
5.424256939  
13.27431477  
20.59503558  
26.12118391  
29.4943766  
31.14158063  
31.78392208  
31.89199503  
31.40036682  
29.82344711  
26.67514338  
21.92549193  
16.21103847  
10.66079124  
6.417418588  
4.10698172  
3.54235312  
3.823945308  
3.790783867  
2.591794334  
0.08554488468  
-3.129412359  
-6.058702212  
-7.842223358  
-8.192847328  
-7.522821563  
-6.706032143  
-6.615259206  
-7.684459516  
-9.721693244  
-12.05820617  
-13.93554247  
-14.91176898  
-15.06279042  
-14.87511285  
-14.89734758  
-15.35200995  
-15.93363462  
-15.92020545  
-14.55581814  
-11.51174303  
-7.178782931  
-2.617452086  
0.8431941822  
2.190407661  
1.230145425  
-1.236608816  
-3.666369423  
-4.370744598  
-2.220371088  
2.833820254  
9.640783197  
16.19003935  
20.29327351  
20.35829401  
15.97639006  
8.114000961  
-1.159386946  
-9.317628584  
-14.18531761  
-14.64169674  
-10.98643019  
-4.83856419  
1.413600559  
5.442976601  
5.820973819  
2.564654072  
-2.823766409  
-7.876272083  
-10.08319078  
-7.899280737  
-1.445333999  
7.394805683  
15.56831735  
19.95255861  
18.5567537  
11.35408891  
0.3955394065  
-10.86899638  
-18.81815287  
-20.96407115  
-16.82637386  
-8.041522628  
2.314533528  
10.89587043  
15.27032672  
14.66208548  
10.0108725  
3.402660123  
-2.823965415  
-6.900996229  
-8.078022677  
-6.600904987  
-3.348782704  
0.6208736019  
4.394339832  
7.300829262  
8.858411807  
8.721970514  
6.755405911  
3.223498975  
-1.036095548  
-4.653166163  
-6.091066292  
-4.274618422  
0.7708049243  
7.599753238  
13.5929376  
15.78110776  
11.98099753  
1.791060506  
-12.99731007  
-28.80327412  
-41.36938154  
-47.17446386  
-44.60105411  
-34.41209865  
-19.37795905  
-3.24225189  
10.53635597  
19.77937801  
23.99254322  
24.12709164  
21.90831969  
19.07081522  
16.80071508  
15.52344268  
14.9927765  
14.52828411  
13.25644021  
10.29842394  
4.943155448  
