82.66852055  
79.97785623  
60.59385781  
30.49064644  
-1.68708363  
-27.67651052  
-42.20328734  
-44.20417977  
-36.37112419  
-23.43212092  
-10.0461227  
0.7725111956  
8.151154041  
12.79209574  
15.84119606  
17.88047944  
18.56616739  
17.02739294  
12.71386948  
6.150524901  
-0.876140542  
-5.860528354  
-6.616874642  
-2.314915611  
6.00306054  
15.69765618  
23.50347263  
26.77852275  
24.49322946  
17.55016866  
8.330537476  
-0.3001761044  
-6.0822016  
-8.098993311  
-6.901460016  
-4.041503308  
-1.277852944  
0.1779985523  
0.07272996744  
-0.9432402303  
-1.751787636  
-1.35857318  
0.6147357602  
3.719008258  
6.798426925  
8.371564115  
7.126284713  
2.367509774  
-5.708054336  
-15.97890721  
-26.613703  
-35.48517066  
-40.68627085  
-41.01978392  
-36.32506351  
-27.5355956  
-16.43234677  
-5.153251798  
4.391929731  
11.0105676  
14.45741551  
15.33770523  
14.74023816  
13.75847368  
13.09331754  
12.88134406  
12.7860947  
12.27362921  
10.92372918  
8.632873062  
5.635047043  
2.364079423  
-0.7477802846  
-3.425096274  
-5.591854441  
-7.306052967  
-8.646893437  
-9.627537944  
-10.17426386  
-10.16260094  
-9.466891721  
-7.984659884  
-5.633589523  
-2.359008863  
1.803917163  
6.605702209  
11.4541251  
15.38831387  
17.25030687  
16.06554289  
11.51806485  
4.306247587  
-3.842470102  
-10.60574851  
-13.85730643  
-12.52504195  
-7.137380915  
0.2374496926  
6.714230612  
9.72861855  
8.123399861  
2.693039779  
-4.097399783  
-9.146641659  
-10.0826731  
-6.361624963  
0.4069208082  
7.084644409  
10.33058728  
8.055641125  
0.3614536656  
-10.45614863  
-20.84144083  
-27.43342982  
-28.3946214  
-24.03891357  
-16.51451596  
-8.733155182  
-3.068927011  
-0.4262800349  
-0.07021548404  
-0.2301611508  
0.8768231164  
4.132461091  
9.149259238  
14.5805263  
18.88993783  
21.14065582  
21.38227078  
20.45284102  
19.34202304  
18.50385079  
17.53471733  
15.42939761  
11.30083347  
5.172198908  
-1.625171071  
-6.740358487  
-7.725876159  
-3.201480279  
6.29928406  
18.24972697  
28.92962948  
34.80453355  
33.89746527  
26.54551885  
15.19760087  
3.336620259  
-5.995163973  
-11.41226778  
-13.61025143  
-14.827764  
-17.61195277  
-23.46164016  
-31.965326  
-40.81758056  
-46.69903301  
-46.62765294  
-39.19769389  
-25.19482736  
-7.363733976  
10.53116291  
24.93340429  
33.51673322  
35.64648101  
32.19756113  
24.91972003  
15.69266121  
5.995463895  
-3.246564535  
-11.48353252  
-18.23107886  
-22.86287673  
-24.65032995  
-23.0399683  
-18.02160292  
-10.38307524  
-1.695195484  
6.011669168  
10.78328031  
11.30664664  
7.311570672  
-0.3210301712  
-9.770526592  
-18.73520919  
-25.00181515  
-26.97523382  
-24.04264396  
-16.69564273  
-6.391488435  
4.810581775  
14.75203198  
21.69612327  
24.7332254  
23.95762987  
20.36194012  
15.48022059  
10.89671627  
7.787256327  
6.649871924  
7.307321138  
9.151772371  
11.5003991  
13.88484748  
16.13562852  
18.22936092  
19.9945372  
20.85915998  
19.82072863  
15.72127238  
7.755495507  
-3.998340682  
-18.28514095  
-32.80758637  
-44.80459152  
-51.88956613  
-52.82720536  
-47.92593478  
-38.8680331  
-28.03376445  
-17.59939022  
-8.794389963  
-1.637715893  
4.742371305  
11.37292024  
18.65419712  
25.93255103  
31.66773419  
34.14628706  
32.41057397  
26.936337  
19.675803  
13.36668906  
10.36343194  
11.51114128  
15.61509588  
19.82652535  
20.85653987  
16.52507037  
6.947710218  
-5.2306546  
-15.75132552  
-20.48410428  
-17.26652106  
-7.010876478  
6.472343226  
17.93691243  
22.86743056  
19.41836257  
9.250744023  
-3.147596127  
-12.40455369  
-14.63398129  
-9.178441421  
1.076106207  
10.98662841  
15.48549468  
11.91350861  
1.283651574  
-12.12717805  
-22.70371031  
-26.08079392  
-21.21581723  
-10.98033276  
-0.9651751698  
2.995501973  
-2.51494277  
-16.84261138  
-35.37004732  
-51.34962789  
-58.66418057  
-54.31391166  
-39.56708343  
-19.32511602  
-0.04420624468  
12.83125308  
16.80995971  
12.90430071  
4.69591449  
-3.509639574  
-8.511689934  
-9.207081103  
-6.416868468  
-1.825938097  
3.264895189  
8.644248252  
14.98102273  
22.87328873  
31.77019398  
39.48371587  
42.71278285  
38.4586273  
25.69552648  
6.447310324  
-14.37124612  
-30.44279932  
-36.3317784  
-29.6247389  
-12.00025876  
11.25929868  
33.13923329  
47.38603434  
50.61611499  
43.23077438  
28.8635248  
12.70799367  
-0.4973813661  
-7.993647246  
-9.505750054  
-6.699795375  
-2.016566411  
2.493733955  
5.821240986  
7.950475566  
9.30747663  
10.11034105  
10.01721631  
8.248397363  
4.076224978  
-2.61948029  
-11.04792945  
-19.62017715  
-26.41766905  
-29.7863895  
-28.79395321  
-23.39329174  
-14.30478412  
-2.757739593  
9.746593422  
21.5721109  
31.02859549  
36.51108781  
36.78064787  
31.34953983  
20.80364446  
6.846752755  
-8.0631533  
-21.42538779  
-31.49440463  
-37.80953611  
-41.18470956  
-43.12431161  
-44.91560378  
-46.8316608  
-47.85727144  
-46.1165137  
-39.83751655  
-28.40765392  
-12.99327105  
3.621314653  
17.9608866  
27.16799093  
30.10876593  
27.76792086  
22.74474345  
18.07649527  
15.9259947  
16.72705752  
19.15856747  
20.92422319  
19.94224576  
15.37314467  
8.016028911  
-0.07678318024  
-6.540315131  
-9.717401922  
-9.277202178  
-6.176649644  
-2.04514938  
1.653395279  
4.249028862  
5.995352517  
7.68942075  
10.03506498  
13.11499638  
16.25113678  
18.30431731  
18.22353716  
15.53349413  
10.50407705  
3.94167891  
-3.239917042  
-10.39315873  
-17.22996574  
-23.59642086  
-29.1043745  
-32.90720025  
-33.84233057  
-30.94903564  
-24.12145571  
-14.51760189  
-4.41150021  
3.566011191  
7.522676915  
7.233030879  
4.404555029  
2.054901174  
3.189469384  
9.335737496  
19.62002067  
30.87753378  
38.83868828  
39.93129778  
32.91645405  
19.6032265  
4.26541711  
-8.043323344  
-13.5727269  
-11.44828072  
-4.02474857  
4.16084001  
8.398366342  
5.902591523  
-2.92240285  
-14.61406347  
-24.12707957  
-27.011537  
-21.34590735  
-8.589427044  
7.002959638  
20.13120021  
26.59605698  
24.91831749  
16.76193441  
6.030063794  
-2.921159149  
-7.143348571  
-6.227138053  
-2.255185748  
1.336385377  
1.428165108  
-3.345125187  
-12.0116694  
-21.74449998  
-29.13625241  
-31.65734693  
-28.64293374  
-21.40518135  
-12.48697452  
-4.463336443  
1.123365097  
4.208316791  
5.869564355  
7.440700245  
9.562257146  
11.6803944  
12.26759821  
9.671474615  
3.170890935  
-6.305479641  
-16.20385661  
-23.17709407  
-24.40039495  
-18.80025894  
-7.633164188  
5.880371573  
17.75013152  
24.75392528  
25.67223208  
21.69625769  
15.83739582  
11.59298992  
11.43737487  
15.77232417  
22.76496749  
29.11812886  
31.42999226  
27.57070466  
17.52583965  
3.40380133  
-11.3414344  
-23.11756354  
-29.34582363  
-29.15073362  
-23.41124719  
-14.26109278  
-4.309479125  
4.107176382  
9.423540571  
11.02657062  
9.181427126  
4.814974405  
-0.7533021768  
-6.098526048  
-9.992359309  
-11.69781228  
-11.18263277  
-9.14280775  
-6.758045999  
-5.205864869  
-5.097760537  
-6.090396991  
-6.900693693  
-5.79893425  
-1.425375099  
6.414823137  
16.37103896  
25.82728438  
31.79970094  
32.10356364  
26.2761765  
15.81368359  
3.573870733  
-7.412327802  
-15.18036763  
-19.5337754  
-21.85985936  
-24.14199211  
-27.66383083  
-32.08720261  
-35.43307908  
-35.05849768  
-29.20240642  
-18.32760624  
-5.50465177  
4.51296041  
7.253374547  
0.7131362547  
-13.2551059  
-29.10915115  
-39.44842235  
-37.87399931  
-21.73160377  
6.434922355  
39.40383067  
