11.63123891  
7.44016651  
0.7038223482  
-6.176010713  
-11.15398606  
-13.26691125  
-12.75852197  
-10.604119  
-7.739315037  
-4.436562724  
-0.1778782855  
5.903139074  
14.25240061  
24.23235863  
33.96589302  
40.84531208  
42.52977671  
37.99380955  
28.13200227  
15.60409681  
3.937759592  
-3.760678512  
-5.957685592  
-3.231933182  
2.012589284  
6.527627217  
7.486397068  
3.530744377  
-4.78502559  
-15.27395095  
-24.95240502  
-31.07474767  
-31.98124178  
-27.49878295  
-18.83493028  
-8.091630325  
2.375782419  
10.53562837  
15.05605707  
15.44700396  
12.00969911  
5.663280953  
-2.291409207  
-10.43261194  
-17.47422888  
-22.4850641  
-25.02907234  
-25.19089537  
-23.47837146  
-20.6327573  
-17.4091852  
-14.39403362  
-11.901792  
-9.953646813  
-8.310694629  
-6.532009398  
-4.050792346  
-0.2902119839  
5.156019388  
12.28710847  
20.47333028  
28.37054412  
34.09046216  
35.66872012  
31.73742941  
22.17618271  
8.456107414  
-6.541945933  
-19.26781966  
-26.59604811  
-26.88347543  
-20.56582057  
-10.01830484  
1.307645571  
10.15353315  
14.62382043  
14.7760096  
12.38693679  
10.00342282  
9.698899623  
12.08900276  
16.04568983  
19.23782455  
19.25399864  
14.80005172  
6.426523421  
-3.550913223  
-11.91767671  
-15.84625534  
-14.0531691  
-7.339281197  
1.704106264  
9.685691301  
13.68041346  
12.25959037  
5.899963744  
-3.335192756  
-12.65168912  
-19.5343745  
-22.51509044  
-21.45178466  
-17.30148347  
-11.57130318  
-5.724391523  
-0.7776775456  
2.803174139  
4.956725854  
5.770820179  
5.277611125  
3.396042327  
0.0274307025  
-4.765660989  
-10.59580616  
-16.68372833  
-21.92423783  
-25.07589785  
-25.03410901  
-21.13065789  
-13.39375091  
-2.696201921  
9.278771047  
20.30010439  
28.06999369  
30.8327519  
27.94350209  
20.19487118  
9.741285908  
-0.4209542772  
-7.298836337  
-8.814326041  
-4.46983117  
4.480366274  
15.43058035  
25.26469328  
31.33997587  
32.26515009  
28.20975991  
20.66807808  
11.80974083  
3.693244998  
-2.357060643  
-6.007414414  
-7.770371337  
-8.587664548  
-9.35688875  
-10.60288385  
-12.39597172  
-14.49051608  
-16.56181966  
-18.39597011  
-19.93764357  
-21.19275242  
-22.06528356  
-22.24350067  
-21.22313673  
-18.48366641  
-13.75281754  
-7.242433749  
0.2605137138  
7.513446925  
13.13169122  
16.00138637  
15.64948686  
12.43289368  
7.462466354  
2.266642463  
-1.7051993  
-3.571845584  
-3.319778554  
-1.784532918  
-0.2945509395  
-0.08932721137  
-1.728123542  
-4.734022267  
-7.649922242  
-8.530226544  
-5.710772194  
1.435440836  
12.07308191  
24.01477308  
34.36245002  
40.45139998  
40.73055856  
35.22836544  
25.42432809  
13.60194388  
1.982792093  
-7.971004127  
-15.79337679  
-21.73206531  
-26.15124808  
-28.98189155  
-29.55355565  
-26.93509615  
-20.62476196  
-11.21239681  
-0.6056109836  
8.401530352  
13.1145791  
12.07304763  
5.800026387  
-3.236145083  
-11.50990983  
-15.84059517  
-14.70745313  
-8.882602042  
-1.073513661  
5.289842552  
7.591692737  
5.2002321  
-0.2635745687  
-5.685807236  
-7.906527668  
-5.199301461  
1.885573692  
10.69087748  
17.55391545  
19.34526078  
14.77064939  
4.888982478  
-7.337511451  
-18.22018908  
-24.71717331  
-25.43430825  
-20.89888342  
-13.09398381  
-4.546971622  
2.598405506  
7.170124329  
9.074384793  
9.012430452  
8.035380084  
7.157600302  
7.134916343  
8.380729795  
10.927357  
14.37106628  
17.83151  
20.03025995  
19.58284345  
15.49134768  
7.677609203  
-2.69842896  
-13.35835442  
-21.51820903  
-24.81753907  
-22.20611233  
-14.40470672  
-3.714311819  
6.773795338  
14.2480243  
17.08460869  
15.2342585  
9.977455709  
3.229228763  
-3.237961616  
-8.291691799  
-11.4856447  
-12.74687565  
-11.9909968  
-8.967876941  
-3.473963229  
4.18905878  
12.82365579  
20.34422648  
24.32639552  
22.94162381  
15.87007251  
4.723765332  
-7.305101087  
-16.50840001  
-20.02948746  
-16.9541277  
-8.645764385  
1.824914462  
10.90132647  
15.87454669  
15.76148399  
11.39566991  
4.77717206  
-1.93975171  
-7.315421713  
-10.97338394  
-13.35535615  
-15.12070718  
-16.58539278  
-17.52547322  
-17.42457028  
-15.96845302  
-13.44106024  
-10.73625263  
-8.933705101  
-8.66024664  
-9.611054466  
-10.54664388  
-9.833903233  
-6.29503312  
0.06579987824  
7.859251219  
14.78434281  
18.59071383  
18.08263432  
13.68130492  
7.270602003  
1.400026153  
-1.771228671  
-1.292913533  
2.351699267  
7.658926272  
12.88160776  
16.74092504  
18.72818686  
18.91826891  
17.50978751  
14.45788545  
9.486556179  
2.504719527  
-5.842253674  
-13.89712635  
-19.29741929  
-19.85553498  
-14.646383  
-4.740418787  
6.881680025  
16.32857963  
20.34173611  
17.69184226  
9.745732249  
-0.1198483038  
-8.031909574  
-11.36914725  
-9.907736043  
-5.800579962  
-2.389947052  
-2.436924517  
-6.655634078  
-13.30258599  
-19.04943826  
-20.71421756  
-16.97448666  
-9.169557582  
-0.7408435118  
4.454244274  
4.132187479  
-1.133501577  
-8.025212486  
-12.00012316  
-9.517249647  
0.1042395537  
14.12719775  
27.46048026  
34.88444476  
33.40579674  
23.63141265  
9.507908728  
-3.45348824  
-10.63166558  
-10.28399729  
-4.160098058  
3.501134137  
8.066530801  
6.675797496  
-0.5348962019  
-10.67725239  
-19.62684068  
-24.01722853  
-22.73117705  
-17.2051747  
-10.47760204  
-5.530285953  
-3.789713643  
-4.528402353  
-5.419013994  
-3.903443423  
1.354663372  
9.676406378  
18.61332996  
25.07753656  
26.76702998  
23.17836687  
15.7381148  
7.044458568  
-0.3510610472  
-4.997037977  
-6.936249246  
-7.319253111  
-7.52492052  
-8.307357981  
-9.432832043  
-9.969941705  
-9.024429411  
-6.465005645  
-3.199706563  
-0.8165928508  
-0.7595714334  
-3.475365143  
-7.999900907  
-12.23645329  
-13.82518027  
-11.20025774  
-4.329913714  
5.212911831  
14.87645815  
22.14946109  
25.49633216  
24.79561473  
21.12862557  
16.08375841  
10.95860911  
6.256417451  
1.691560813  
-3.356001287  
-9.221181115  
-15.51719803  
-21.11438693  
-24.54187066  
-24.60675298  
-20.92998139  
-14.15711541  
-5.771817417  
2.375566996  
8.605426674  
11.8066905  
11.59646599  
8.272069634  
2.662168919  
-4.025300989  
-10.33357085  
-14.71534177  
-15.78654656  
-12.68447289  
-5.437508592  
4.823953867  
15.97865966  
25.40276443  
30.72398185  
30.58649373  
25.13003141  
15.97758601  
5.716533699  
-2.937802519  
-7.983809852  
-8.678853261  
-5.624436959  
-0.4189608295  
4.93616861  
8.635499308  
9.487687685  
7.086746157  
1.78365881  
-5.447594856  
-13.18208103  
-19.75222788  
-23.53213415  
-23.31617904  
-18.72945313  
-10.5181816  
-0.5412329397  
8.64192492  
14.5269576  
15.52517749  
11.58929733  
4.312820341  
-3.594522101  
-9.289485955  
-10.85816825  
-8.026635893  
-2.223439869  
4.027753574  
8.12236661  
8.366632778  
4.547064962  
-2.1159284  
-9.54464237  
-15.60638419  
-18.78074417  
-18.44932016  
-14.78623162  
-8.427071748  
-0.1690562591  
9.125259078  
18.42703862  
26.41342708  
31.53104912  
32.36266482  
28.20602031  
19.59024012  
8.407728649  
-2.523460507  
-10.38419998  
-13.41470755  
-11.63846736  
-6.881306634  
-2.018764448  
0.2547749985  
-1.403102898  
-6.41001078  
-12.56199963  
-17.08724613  
-17.96693595  
-14.90419593  
-9.479034714  
-4.408217955  
-2.253373764  
-4.185040561  
-9.385890326  
-15.37474872  
-19.09844615  
-18.28069699  
-12.4064492  
-2.90516633  
7.516161618  
16.042947  
20.86137168  
21.7048047  
19.63930976  
16.27204131  
12.83793478  
9.647839072  
6.16224606  
1.606593857  
-4.248210173  
-10.60428589  
-15.7574649  
-17.79990681  
-15.56725114  
-9.345791068  
-0.9571047052  
6.863423615  
11.5304736  
