-16.58359985  
-34.78127797  
-53.68692638  
-67.11747839  
-69.97089111  
-60.40949407  
-40.71967054  
-16.46139255  
5.716711251  
20.63243309  
26.39143445  
24.72986576  
19.81934229  
16.15839681  
16.54723916  
21.04099807  
27.27470456  
31.89784443  
32.36318462  
28.20057351  
21.20631154  
14.52375743  
11.11593721  
12.38394183  
17.57172373  
24.1870734  
29.18223764  
30.30217734  
26.97644968  
20.39166394  
12.7897431  
6.388617733  
2.456667799  
0.9427620445  
0.762844581  
0.5236351856  
-0.7125669317  
-2.990022097  
-5.512694748  
-7.098472954  
-6.765119124  
-4.156349437  
0.3604210812  
5.903694466  
11.42796996  
16.01068979  
18.95712967  
19.74060221  
17.90679418  
13.08566243  
5.173179218  
-5.386522944  
-17.38833944  
-28.90190725  
-37.63860518  
-41.57856199  
-39.64466091  
-32.16008108  
-20.88471782  
-8.580378987  
1.770144598  
7.834373707  
8.605080069  
4.662825277  
-2.048940124  
-8.855706894  
-13.19062942  
-13.38990905  
-9.213138204  
-1.939692569  
5.994226457  
11.72458865  
12.85478334  
8.251694886  
-1.51348205  
-14.24790954  
-26.75134535  
-35.78681826  
-39.08925627  
-36.05599541  
-27.86062393  
-16.94321091  
-6.074685268  
2.627543047  
8.333807388  
11.53535623  
13.49505442  
15.39901613  
17.63376406  
19.55256831  
19.85616653  
17.40132155  
12.02088194  
4.905866077  
-1.701864592  
-5.421306682  
-4.841711051  
-0.2854277144  
6.195111945  
11.65866099  
13.61820478  
11.27213744  
6.015296116  
0.920442737  
-0.6444806985  
3.32560231  
12.30645234  
23.15909999  
31.25448739  
32.38778319  
24.67788777  
9.608720556  
-8.292490239  
-23.07208511  
-29.63275989  
-25.75793059  
-13.04651515  
3.623202068  
17.87984201  
24.17475043  
19.7224297  
5.351914449  
-14.97310479  
-35.67543314  
-51.46619043  
-58.90140899  
-57.09824142  
-47.51366881  
-33.05966838  
-17.02124  
-2.199542321  
9.509061653  
17.14037747  
20.49389969  
19.9706402  
16.49719488  
11.47018492  
6.584439325  
3.464373756  
3.163736898  
5.743409479  
10.174204  
14.70212365  
17.59053451  
17.93606249  
16.16006148  
13.88354866  
13.16443974  
15.39865559  
20.3949788  
26.11422183  
29.29778406  
26.809928  
17.1563807  
1.503546714  
-16.32042815  
-30.95175062  
-37.37143756  
-32.81742621  
-17.95571143  
3.186839083  
24.53326547  
40.01772248  
45.60850296  
40.53559205  
27.29881245  
10.52597659  
-4.814028642  
-15.126516  
-19.21016157  
-18.27997766  
-15.10737456  
-12.71002536  
-13.1363607  
-16.77693564  
-22.373772  
-27.61850532  
-30.04524487  
-27.88155949  
-20.60998453  
-9.132555642  
4.437479828  
17.26328813  
26.43517588  
29.66831545  
25.92046083  
15.78159717  
1.486074059  
-13.54501477  
-25.59254946  
-31.74640524  
-30.87856276  
-24.10071049  
-14.46318856  
-5.91809152  
-1.877560637  
-3.901372581  
-11.04723699  
-20.18397282  
-27.18504118  
-28.54609675  
-22.77508791  
-10.97794  
3.60450525  
16.91070744  
25.65887879  
28.55065302  
26.57402896  
22.30619814  
18.56187951  
17.01909392  
17.45363842  
17.92772678  
15.8376972  
9.334839291  
-1.538630481  
-14.52722869  
-25.82446493  
-31.4572056  
-28.82315841  
-17.75221935  
-0.6704672496  
18.18123594  
34.15072314  
43.65865214  
45.23074862  
39.76013858  
29.98607371  
19.44837322  
11.31462828  
7.458065658  
8.024728784  
11.54791602  
15.51191805  
17.17526412  
14.43015809  
6.48749952  
-5.789964236  
-20.01688837  
-32.88937196  
-41.13995686  
-42.58245547  
-36.90002226  
-25.85988163  
-12.80211047  
-1.515725074  
5.120880989  
6.211575157  
3.168172058  
-0.8975696443  
-2.515546089  
0.5986478613  
8.455187245  
18.65226389  
27.29320756  
30.59966058  
26.53933905  
15.75664162  
1.384315936  
-12.20048267  
-21.14250271  
-23.63235242  
-20.52982771  
-14.83428699  
-10.26422471  
-9.59763951  
-13.51125799  
-20.40629433  
-27.24365632  
-30.95829481  
-29.78224801  
-23.89473052  
-15.16538315  
-6.197103787  
0.8167256457  
4.866389101  
6.213852002  
5.853736132  
4.726591577  
3.161447997  
0.8610341949  
-2.591358429  
-7.040913911  
-11.35317114  
-13.61796633  
-11.96156468  
-5.602157688  
4.403917206  
15.18925778  
22.99312424  
24.6523998  
19.03155495  
7.727868247  
-5.328190049  
-15.27910147  
-18.20241897  
-12.65787215  
-0.2696223009  
14.90170642  
27.93022592  
34.88577055  
34.23064036  
27.22275019  
17.22816866  
8.293045345  
3.59055336  
4.349849293  
9.614212398  
16.81000927  
22.79608384  
24.93743826  
21.82560325  
13.48681951  
1.150767465  
-13.20639516  
-27.32824889  
-39.03568511  
-46.48147656  
-48.37239194  
-44.20860182  
-34.50271515  
-20.8619442  
-5.802362371  
7.754270411  
17.2123382  
21.04256237  
19.26459384  
13.47389878  
6.375827375  
0.9725635637  
-0.3237645963  
3.634853683  
12.46559714  
24.43049734  
36.94460224  
47.22466694  
52.89361862  
52.4222448  
45.37164643  
32.45118508  
15.41597392  
-3.190888751  
-20.4527271  
-33.62567694  
-40.72902168  
-41.02925378  
-35.24522539  
-25.36009476  
-14.04886103  
-3.88305026  
3.418100368  
7.412165068  
8.866199322  
9.220152327  
9.800094207  
11.11242956  
12.52950671  
12.51882131  
9.340971127  
1.933641337  
-9.394516154  
-22.77727166  
-35.2315464  
-43.59462363  
-45.61656824  
-40.79130267  
-30.59570549  
-18.02890909  
-6.610116305  
0.7947193686  
2.881699285  
0.2193673895  
-5.136527336  
-10.54746306  
-13.83546767  
-14.03747486  
-11.57229906  
-7.781146559  
-4.078528009  
-1.131728504  
1.520167601  
5.189673941  
11.20047417  
19.86445692  
29.79226075  
37.9547374  
40.60516863  
34.77758953  
19.76861175  
-2.064379041  
-25.63297423  
-44.58189095  
-53.40565173  
-49.42247025  
-33.80980954  
-11.25017255  
11.71542334  
28.99840879  
37.03189101  
35.79150271  
28.4020763  
19.55627619  
13.45942324  
12.18009513  
15.06899446  
19.40547294  
21.88401587  
20.20451099  
14.03792654  
4.980028674  
-4.388618718  
-11.80167299  
-16.29347002  
-18.40594443  
-19.57514515  
-21.0885277  
-23.2160396  
-25.00959353  
-24.89234794  
-21.71913611  
-15.71100399  
-8.70375806  
-3.486501938  
-2.483359388  
-6.400746668  
-13.53767859  
-20.17920378  
-21.99600648  
-15.88508848  
-1.450197142  
18.54919842  
39.00964364  
54.23944345  
59.9402025  
54.62543747  
39.96043485  
19.99013119  
-0.3236542182  
-16.60883499  
-26.0755169  
-27.75982111  
-22.16537917  
-10.68414211  
4.827130531  
22.15984171  
38.68273535  
51.38890024  
57.31684643  
54.36272695  
42.19970744  
22.84060644  
0.4394263208  
-19.77398665  
-33.13029712  
-37.12136299  
-32.30763489  
-22.11895349  
-11.58370839  
-5.464587431  
-6.526486796  
-14.59756919  
-26.74790325  
-38.45664967  
-45.26898159  
-44.30424242  
-35.10692559  
-19.63599025  
-1.523383142  
15.05110106  
26.47841576  
30.54930912  
26.87152484  
16.87951935  
3.491808894  
-9.527284059  
-18.43684347  
-20.49274872  
-14.80075571  
-2.752717138  
12.20844746  
25.56078983  
33.1832927  
32.84696551  
25.11770438  
13.23283641  
1.899738965  
-4.567123476  
-4.026280109  
2.563046672  
11.50775803  
17.93647317  
17.90647389  
10.15788343  
-3.256309343  
-17.75073827  
-28.06747775  
-30.40988888  
-23.9399562  
-11.02930308  
3.777951778  
15.57292117  
20.84542909  
18.4823511  
9.695947882  
-2.902379153  
-16.50672635  
-28.98256826  
-39.0600523  
-45.94703193  
-48.79180007  
-46.48363145  
-38.036366  
-23.3947539  
-4.172217263  
16.22939483  
33.3950035  
43.37358395  
44.23653981  
36.95722997  
25.09879646  
13.33795474  
5.428498381  
2.530976478  
2.719563034  
1.961447489  
