20.387845  
10.94015786  
2.937080726  
-0.1613542464  
2.780870484  
10.16156182  
18.47089522  
23.95033678  
24.28819681  
19.56188455  
12.01277496  
4.805069672  
0.4031770431  
-0.6256902338  
0.2026023984  
0.2001306688  
-2.940336539  
-9.724911593  
-18.29030189  
-25.00683086  
-26.01666003  
-19.02457079  
-4.528892126  
14.07409551  
31.57899613  
42.79887691  
44.37280175  
35.83659766  
19.59103438  
-0.1136881615  
-18.66888024  
-32.43952758  
-39.47251367  
-39.47182231  
-33.2810368  
-22.28701178  
-8.087378246  
7.488868578  
22.19549134  
33.34705052  
38.21151314  
34.81200155  
22.84095247  
4.228267407  
-17.02000433  
-35.80594871  
-47.46392896  
-49.26462554  
-41.30185982  
-26.39749451  
-9.06129123  
6.070784314  
15.69801701  
18.67274184  
15.93756102  
9.731920562  
2.502941395  
-3.983473498  
-9.004377359  
-12.68659815  
-15.49723284  
-17.76532215  
-19.49184176  
-20.48793552  
-20.66812163  
-20.23856224  
-19.60759241  
-19.04709634  
-18.3289068  
-16.62252979  
-12.82184491  
-6.219713309  
2.793952671  
12.42827196  
19.86915384  
22.31029845  
18.2569676  
8.51093351  
-3.695509649  
-13.61986922  
-16.72130371  
-10.50940989  
4.250708807  
23.5420979  
41.3916568  
51.99972169  
51.87937427  
41.15776283  
23.52310256  
4.847756729  
-8.955485544  
-14.00224121  
-9.654824593  
1.507963497  
14.85831224  
25.48613686  
29.85531269  
26.7678703  
17.39628778  
4.533995146  
-8.519455796  
-18.96944928  
-25.11408911  
-26.43869157  
-23.36437714  
-16.8911208  
-8.324446025  
0.8616134105  
9.102735806  
14.88733187  
17.031505  
15.03432681  
9.358557876  
1.460720582  
-6.523269881  
-12.38110354  
-14.51724104  
-12.47423207  
-7.072416303  
-0.1047210136  
6.299328821  
10.39633406  
11.36844579  
9.490195208  
5.889598087  
2.026112017  
-0.8929790495  
-2.33174364  
-2.536158738  
-2.320673801  
-2.639878007  
-4.127080556  
-6.784249739  
-9.942594146  
-12.50883165  
-13.40512553  
-12.0354505  
-8.595013675  
-4.087234034  
-0.01476220923  
2.165646526  
1.632757199  
-1.396124707  
-5.631226537  
-9.10058397  
-9.85316153  
-6.724009176  
0.1397450111  
9.22194568  
18.10448251  
24.30021504  
26.13309769  
23.31427356  
16.97932791  
9.177178455  
2.034757055  
-3.038499727  
-5.765963361  
-6.87775695  
-7.535894649  
-8.614222318  
-10.20046943  
-11.57322301  
-11.66424029  
-9.764974661  
-6.099708547  
-1.939045905  
0.8520607646  
0.6521168729  
-3.083530814  
-9.411114927  
-16.14801749  
-20.71767707  
-21.23560873  
-17.35047603  
-10.44774248  
-3.103600099  
1.984061557  
3.121413178  
0.3083419852  
-4.803491988  
-9.649508877  
-11.84617444  
-10.15452137  
-4.908385053  
2.237568993  
9.074886878  
13.7444739  
15.37321438  
14.20605619  
11.25545838  
7.712077935  
4.438750927  
1.777001141  
-0.3054017214  
-1.892037491  
-2.869223603  
-2.93060415  
-1.837847032  
0.2391498029  
2.554815746  
3.968957726  
3.456741519  
0.7209854816  
-3.4244068  
-7.161796917  
-8.308454297  
-5.25793682  
2.187319239  
12.49708198  
22.80908561  
29.92511842  
31.51346733  
27.01581503  
17.87308305  
6.977668676  
-2.409012748  
-7.816001224  
-8.334015278  
-4.731959524  
1.045470196  
6.704844988  
10.36577688  
10.96783513  
8.259600882  
2.532617436  
-5.634505345  
-15.42615514  
-25.63064806  
-34.46525103  
-39.6541777  
-38.92411328  
-30.84095411  
-15.65914333  
4.258246936  
24.780466  
41.13281076  
49.45090453  
48.15913594  
38.57364168  
24.42095235  
10.42202506  
0.5108225221  
-3.564168127  
-2.664583243  
0.4444487194  
2.576503551  
1.673426699  
-2.306783795  
-7.566149605  
-11.58776472  
-12.61570663  
-10.72476185  
-7.907491318  
-7.093341817  
-10.55913873  
-18.52395262  
-28.6711851  
-36.91858937  
-39.15578428  
-33.17693698  
-19.89710313  
-3.233538185  
11.36648562  
19.14145698  
18.00390529  
9.412223169  
-2.268587026  
-11.63334858  
-14.49815923  
-9.560786571  
1.241755274  
13.7730029  
23.5954125  
27.82765534  
26.13267646  
20.4636996  
13.80448107  
8.602328198  
5.691005152  
4.199664293  
2.409465531  
-0.9728636981  
-5.8558532  
-10.66113909  
-13.14800311  
-11.72312008  
-6.515499833  
0.4043494447  
5.847728102  
7.012889222  
2.931784491  
-4.894061642  
-13.0444072  
-17.71432171  
-16.52556689  
-9.744399845  
-0.2931656848  
7.491719082  
9.802177675  
5.106939008  
-5.106558853  
-16.93814348  
-25.7417431  
-28.07853349  
-23.06992378  
-12.5717183  
-0.1604575559  
10.52396384  
17.26882462  
19.93377347  
20.0280783  
19.53498933  
19.65143521  
20.11251462  
19.43084073  
15.89018651  
8.7393627  
-1.061899436  
-10.9544277  
-17.71480552  
-18.76630703  
-13.24117332  
-2.309781685  
11.33222577  
24.5213537  
34.69821417  
40.51655453  
41.80253231  
39.03778692  
32.77222601  
23.3545852  
11.12449071  
-3.113846461  
-17.72623971  
-30.34994518  
-38.55670884  
-40.82057076  
-37.29649897  
-29.94078493  
-21.80213434  
-15.73881592  
-13.15077177  
-13.36386951  
-14.02213761  
-12.35345419  
-6.718677273  
2.328626128  
12.04573707  
18.63976372  
19.04926169  
12.52803572  
1.242128695  
-10.46590458  
-17.86504682  
-17.8831323  
-10.47586667  
1.321483336  
12.69466991  
19.11442123  
18.22877083  
10.74179184  
-0.08009719426  
-9.994851049  
-15.69637745  
-16.16846102  
-12.90012225  
-8.938115317  
-7.290948054  
-9.464953836  
-14.79683565  
-20.82853544  
-24.46873299  
-23.34818068  
-16.7494981  
-5.762051582  
7.284208925  
19.73000185  
29.37882698  
34.87088856  
35.63497983  
31.66064908  
23.38566914  
11.83374535  
-1.125599092  
-12.71551871  
-19.68833758  
-19.31068359  
-10.5891325  
4.834793241  
22.68459378  
37.18608068  
43.06696314  
37.67539885  
22.29777399  
1.998171966  
-16.10996495  
-25.56117193  
-23.13009207  
-10.21778245  
7.60807378  
22.79299657  
28.82895409  
22.88765604  
6.948222902  
-13.05923907  
-29.73403637  
-37.26091768  
-33.75409844  
-21.91236175  
-7.731730249  
2.154645176  
3.369382362  
-4.305821243  
-16.8060456  
-27.47515449  
-29.8579826  
-20.43606321  
-0.1936043189  
25.60618804  
49.32439028  
63.75661969  
64.74231932  
52.57749747  
31.73216874  
9.043354106  
-8.869434022  
-17.95629951  
-17.98088837  
-12.24347625  
-5.968665533  
-4.043847436  
-9.010962901  
-20.0774403  
-33.48883902  
-44.06862589  
-47.28905657  
-41.05591081  
-26.52907647  
-7.695922609  
10.09701759  
22.05824919  
25.57216458  
20.93679654  
10.99949864  
-0.09286261256  
-8.488974545  
-11.94443312  
-10.38670011  
-5.607495626  
-0.3105774429  
3.03226644  
3.051258819  
-0.2102679083  
-5.554876464  
-11.23733386  
-15.60183314  
-17.50235381  
-16.42954732  
-12.43567044  
-6.022134753  
1.898288175  
9.983903198  
16.52611392  
19.7394189  
18.31225388  
12.06184582  
2.383243976  
-7.825997588  
-14.90838354  
-15.69689264  
-8.825288812  
4.471637518  
20.50082317  
34.26603668  
41.2595045  
39.19257015  
28.93367968  
14.21514318  
0.1808662831  
-8.647332431  
-10.13650577  
-5.291855839  
2.327535237  
8.261949864  
9.139799159  
4.127245784  
-4.785698644  
-13.75898109  
-18.86850747  
-17.85519087  
-11.07894816  
-1.284106798  
7.668859951  
12.49052992  
11.79604795  
6.515055738  
-0.7373917829  
-6.961543187  
-10.09768504  
-9.76810798  
-7.157372573  
-4.188552378  
-2.4795424  
-2.626217282  
-4.138491291  
-5.983916189  
-7.366485738  
-8.260925435  
-9.382440466  
-11.60947832  
-15.20626253  
-19.33015761  
-22.1764867  
-21.77091815  
-17.04697333  
-8.643201948  
1.057688805  
8.774237322  
11.73498741  
9.009565763  
2.102577599  
-5.540203058  
-9.960024959  
-8.436689861  
-0.7651959845  
10.5546224  
21.34206629  
27.53969064  
26.99165808  
