-31.03305176  
-27.26089718  
-20.60340169  
-15.60514128  
-14.67808241  
-17.38977671  
-20.89247209  
-21.20123355  
-14.81755489  
-0.173205739  
21.52099798  
46.26415167  
68.13898419  
80.9046258  
79.92885167  
63.90625429  
35.75965904  
2.274021149  
-27.62235816  
-45.52337338  
-46.32122567  
-30.08887473  
-2.283582699  
27.93887751  
50.78813507  
59.18934874  
51.1592861  
30.2870205  
4.129928929  
-18.83196881  
-32.46475115  
-35.17181047  
-30.16675047  
-23.78161362  
-22.56666079  
-30.40738197  
-46.83734135  
-67.19976275  
-84.53789366  
-92.40022323  
-87.40737415  
-70.56031917  
-46.79749248  
-23.01052811  
-5.320518766  
3.310217857  
4.194540796  
2.312581698  
4.173859772  
14.92634435  
35.80262514  
62.92501472  
88.05266585  
101.1671426  
94.09803204  
63.92071566  
14.81912835  
-42.44474815  
-93.49081067  
-124.826689  
-128.3498587  
-104.1766844  
-60.65757474  
-11.46325706  
29.23596205  
51.68641894  
53.66636775  
40.59883957  
22.67694233  
10.2521044  
9.456204414  
19.90163045  
35.37441562  
47.10156139  
48.03814098  
36.19414588  
15.50560697  
-6.080251521  
-20.33380443  
-22.4898141  
-13.25475012  
1.809513682  
15.12865979  
20.732784  
16.86618893  
6.369490578  
-5.2362858  
-12.87210092  
-14.55534038  
-12.19685218  
-10.15645341  
-12.37448892  
-19.67533961  
-28.77439049  
-33.64196223  
-28.6234714  
-11.73422459  
13.63457648  
39.62880373  
57.19224426  
60.18546682  
48.36660997  
27.71893483  
7.867799214  
-2.25496887  
1.533834185  
16.81564549  
35.79110831  
48.97214518  
49.57110128  
36.51633717  
14.73695319  
-7.290587198  
-21.43459797  
-23.32741433  
-13.75699116  
2.413167681  
18.97842044  
31.20758947  
37.28773921  
37.84723506  
34.15767297  
26.3719496  
13.08788949  
-7.330600489  
-34.40824906  
-63.72109449  
-87.03351206  
-94.91116101  
-80.92124875  
-45.45447876  
2.921027138  
49.68341807  
79.58805325  
82.78253773  
59.05837331  
18.17698674  
-24.05754346  
-52.3351008  
-58.08445054  
-42.62477024  
-15.85611516  
8.787145569  
20.65348345  
16.46016811  
1.063744136  
-15.75016249  
-24.6707241  
-21.64741686  
-9.655629158  
3.347041516  
9.079699925  
3.675446419  
-10.04698549  
-24.01398182  
-29.30562991  
-21.23257898  
-2.377991994  
18.08755069  
28.60430027  
20.90136705  
-5.682519913  
-43.43277209  
-79.48704231  
-101.5071257  
-103.0345423  
-85.95355311  
-58.95621064  
-32.91326972  
-15.56682605  
-8.221643993  
-6.001251856  
-1.349492675  
11.21413939  
31.67854309  
54.28102321  
70.49886608  
73.63652811  
62.50116369  
42.15862324  
21.3428198  
7.909801983  
4.806279637  
8.7670628  
12.49222894  
9.144068877  
-3.319100244  
-20.4586287  
-33.44121833  
-33.9684193  
-19.47558221  
4.317775567  
25.20607385  
30.13286828  
12.05577419  
-25.43865476  
-68.37468788  
-97.81975593  
-98.26313014  
-65.08688021  
-7.485353265  
54.80475662  
99.71886305  
112.3956064  
91.67294046  
50.52114121  
10.15351291  
-9.526528586  
1.204957599  
37.71958746  
83.3836295  
117.2436632  
123.4631444  
98.21386025  
51.01242824  
0.1086256845  
-35.76498909  
-45.4362327  
-29.56784859  
0.5098023642  
28.53896785  
40.78586713  
31.77503777  
5.904923257  
-25.42204012  
-49.48113069  
-57.93481273  
-50.02966151  
-32.10837749  
-14.02659791  
-4.380000796  
-6.769331444  
-18.62726009  
-32.834437  
-41.12754481  
-37.67349021  
-21.34162063  
4.046216965  
31.30316034  
52.46478144  
61.35550999  
55.34711179  
35.95255943  
8.290777456  
-20.31690189  
-42.27105436  
-51.75180535  
-46.45738312  
-28.51874463  
-4.156394323  
18.05966361  
29.99078737  
26.87759936  
9.317684446  
-16.66657607  
-41.72938967  
-56.81280573  
-56.8624085  
-43.05243601  
-22.45435851  
-5.14984644  
0.06760361081  
-10.43401237  
-33.39568402  
-59.89945212  
-79.0762694  
-82.69674435  
-68.64734927  
-41.78473482  
-11.82258583  
10.79659269  
19.23849642  
12.97946725  
-2.204481715  
-16.84894462  
-21.82055249  
-12.04446575  
11.52600992  
42.35002139  
70.81295699  
87.72412723  
87.47191888  
69.78893085  
39.68530528  
5.754540035  
-22.4872615  
-37.38992496  
-35.32131804  
-17.6427977  
9.729698363  
38.08498083  
58.55863258  
64.91969154  
55.61476116  
34.29829137  
8.518453053  
-13.10143857  
-24.18664219  
-23.10323605  
-13.49522901  
-2.500854583  
2.690624328  
-1.554953428  
-13.25511966  
-25.41249807  
-29.21051401  
-18.46664442  
6.721639202  
38.99534371  
66.14696729  
76.09676652  
62.32283401  
27.27604684  
-17.90639271  
-57.46975835  
-77.26379068  
-70.4717392  
-40.36778173  
1.08871326  
38.18934917  
57.78630061  
54.28766664  
31.32122244  
-0.4127624375  
-27.9252709  
-41.1558891  
-36.44651789  
-17.07696783  
8.935180392  
32.43782137  
46.44999295  
47.93280615  
37.73519434  
19.31171758  
-2.811322167  
-24.07902227  
-40.32621352  
-47.97660455  
-44.54839316  
-29.62798813  
-5.885316122  
20.67980587  
41.93080116  
50.21731788  
41.53993611  
17.79971992  
-13.17974456  
-40.27604217  
-53.48862103  
-48.30377415  
-27.96546241  
-2.424928597  
15.77249509  
16.94607442  
-1.350023451  
-33.05760845  
-66.07097794  
-87.33398015  
-88.28141479  
-68.20384178  
-34.12858127  
2.540750118  
30.91105516  
44.70724163  
43.84508751  
33.07628734  
18.77103087  
5.711129756  
-4.455718506  
-12.53107988  
-19.6049712  
-25.00221129  
-25.80287089  
-18.41832878  
-1.394026302  
22.27072494  
44.92711337  
56.81061331  
50.4173648  
24.68083974  
-13.26320312  
-49.95595465  
-70.67199044  
-65.58921707  
-34.32033264  
13.34497724  
60.99087402  
91.99581637  
96.09309732  
73.2801803  
33.48130696  
-7.745244957  
-35.47434335  
-40.94356101  
-24.14614691  
7.261817001  
41.83786442  
69.02184224  
82.53880906  
81.35397157  
68.30409064  
47.59245571  
22.65732506  
-4.556454114  
-32.84820804  
-60.33296783  
-83.46863474  
-97.34168498  
-97.2370873  
-80.75330948  
-49.37783427  
-8.680810996  
33.04367685  
67.13408184  
86.94918964  
89.4076155  
75.28278841  
48.44179717  
14.58775566  
-19.93710391  
-49.03052541  
-67.49141857  
-71.71805216  
-60.55921014  
-36.09019736  
-3.809238343  
28.23023542  
51.44788606  
59.42369193  
50.25951267  
27.55993017  
-0.569385415  
-24.29395126  
-35.58377003  
-31.10403004  
-13.29053795  
10.80193935  
32.34134638  
44.02281792  
42.4890003  
28.99952232  
8.309214547  
-13.52939783  
-31.3765113  
-42.35567695  
-46.03122407  
-43.7029483  
-37.44011561  
-29.40317617  
-21.63213871  
-16.08104726  
-14.5116306  
-18.02277842  
-26.36382484  
-37.49675869  
-47.89294638  
-53.70938165  
-52.45718284  
-44.36299456  
-32.61348638  
-22.1404938  
-17.34516866  
-19.79575095  
-27.08963527  
-33.60738441  
-32.98729228  
-21.24674263  
0.9474427587  
28.05213168  
51.72157535  
64.31846094  
62.2540874  
47.57068802  
26.99271182  
8.885240827  
-0.4242597989  
0.7993292127  
9.455492996  
19.69917497  
26.21934332  
26.97990047  
24.01321902  
21.90362826  
24.83197537  
33.83412239  
45.82770572  
55.02817274  
56.07790779  
47.23488576  
31.84052714  
17.10777582  
10.64923041  
16.39980262  
32.02884052  
49.31877611  
57.57701143  
48.62528335  
21.03764212  
-18.46824326  
-57.31413451  
-82.1361911  
-84.42996506  
-64.22518554  
-30.12091063  
4.340007646  
26.31929479  
28.82959322  
13.1409819  
-12.48559195  
-36.9778577  
-51.50251697  
-53.05316991  
-45.03947192  
-34.81458053  
-29.50340752  
-32.21806538  
-40.4574736  
-47.37592393  
-45.22482962  
-29.28451396  
-0.4381840002  
34.766799  
66.54368995  
85.65323346  
86.89169872  
70.85267514  
43.36380911  
13.01155815  
-12.09604354  
-26.99736385  
