1.273431947  
-0.5203858047  
-4.169325997  
-7.596231263  
-8.586340929  
-5.744841452  
0.8712303507  
9.729134142  
18.41502818  
24.58383404  
26.85157275  
25.25569861  
21.11127705  
16.36048233  
12.72631361  
11.04613044  
11.05637967  
11.68234175  
11.65986326  
10.18127019  
7.269722925  
3.729046214  
0.7188406932  
-0.829073506  
-0.6772671936  
0.5756959176  
1.730722023  
1.484261681  
-1.038035756  
-5.934574609  
-12.49657639  
-19.47772577  
-25.52617598  
-29.59001766  
-31.14383746  
-30.18447451  
-27.05452939  
-22.22051661  
-16.13009406  
-9.207032404  
-1.950838826  
4.95970192  
10.66778551  
14.2973379  
15.22903505  
13.37263242  
9.290357495  
4.075836971  
-0.9995503999  
-4.945904042  
-7.423853205  
-8.84590664  
-10.13710942  
-12.23277885  
-15.52192632  
-19.49405056  
-22.78158647  
-23.63176057  
-20.65066829  
-13.52250051  
-3.384240372  
7.349842387  
15.70699961  
19.18427818  
16.70595795  
9.130109012  
-0.9209002865  
-9.879235069  
-14.42123867  
-12.60151493  
-4.518843402  
7.724573437  
20.74580927  
31.01185155  
35.96464637  
34.74924645  
28.32002352  
18.94010172  
9.305150302  
1.635106686  
-2.948876156  
-4.584679282  
-4.377169494  
-3.824323661  
-4.204415154  
-6.141300796  
-9.464282412  
-13.35646998  
-16.69178058  
-18.42229056  
-17.89558635  
-15.03063201  
-10.33354926  
-4.770937569  
0.4643947146  
4.250655387  
5.841713415  
5.107175661  
2.628482636  
-0.4124237299  
-2.562668286  
-2.578468668  
0.08952102175  
4.988209154  
10.68194215  
15.14727325  
16.44640847  
13.45589631  
6.375734182  
-3.20012305  
-12.71828614  
-19.4778391  
-21.53420539  
-18.35890524  
-11.00026536  
-1.679634254  
7.021805652  
13.06848447  
15.61604024  
15.15470848  
13.11677972  
11.13516606  
10.28076301  
10.60562401  
11.18076586  
10.59979026  
7.717105354  
2.289476056  
-4.767379997  
-11.62776395  
-16.21430209  
-16.99494776  
-13.59063958  
-6.947232716  
0.9930985297  
7.981562825  
12.23644452  
13.00463855  
10.71785011  
6.724132748  
2.742452801  
0.2777448477  
0.2159836477  
2.709816617  
7.324594694  
13.30792198  
19.82111927  
26.03182933  
31.07456567  
33.98175032  
33.71844292  
29.40075951  
20.66707634  
8.056796504  
-6.803508226  
-21.36665453  
-32.71720855  
-38.3782439  
-37.11022049  
-29.40529111  
-17.46366199  
-4.615853489  
5.642756118  
10.68915255  
9.530289492  
3.024686897  
-6.499266876  
-16.08232279  
-23.12744105  
-26.20075614  
-25.37545762  
-22.02798063  
-18.19387453  
-15.74069619  
-15.66542067  
-17.7618363  
-20.75635826  
-22.8375456  
-22.36704383  
-18.50526847  
-11.52921186  
-2.740420377  
5.987078201  
12.84176111  
16.6584325  
17.24590809  
15.35646818  
12.33111213  
9.572131654  
8.050251392  
8.0282859  
9.087695227  
10.41948331  
11.23603594  
11.11948953  
10.1606903  
8.843489859  
7.747087858  
7.222150725  
7.205673917  
7.269873477  
6.881908346  
5.741422472  
4.012943369  
2.31100551  
1.411995086  
1.807725987  
3.314852031  
4.956180488  
5.227105484  
2.688134597  
-3.339770439  
-12.27996991  
-22.25740012  
-30.58892936  
-34.66534841  
-32.90099706  
-25.37346318  
-13.87866308  
-1.352892585  
9.129523037  
15.39622569  
16.84625429  
14.49138372  
10.37149352  
6.606701391  
4.497882033  
4.05890751  
4.170732471  
3.271406101  
0.2583897649  
-4.816517684  
-10.58984856  
-14.86007944  
-15.50384607  
-11.44367846  
-3.239596732  
6.972607873  
16.20073552  
21.69868042  
22.0096071  
17.5253947  
10.33267152  
3.405593725  
-0.5296627093  
-0.006849199898  
4.684951123  
11.6962188  
18.39306659  
22.37723371  
22.33315784  
18.38195883  
11.84688096  
4.586269972  
-1.780713995  
-6.414085229  
-9.352078333  
-11.1835221  
-12.50713566  
-13.48048513  
-13.69917986  
-12.46732579  
-9.311590419  
-4.455605572  
1.022217915  
5.475997679  
7.331130489  
5.792350926  
1.279515659  
-4.645785813  
-9.870353404  
-12.59731151  
-12.10495584  
-9.038822558  
-5.081263057  
-2.129324639  
-1.351659896  
-2.57037128  
-4.280951782  
-4.335556815  
-1.000538349  
6.093184904  
15.56305696  
24.66694158  
30.33960941  
30.43737842  
24.64640984  
14.64784191  
3.460892593  
-5.748372663  
-10.8679474  
-11.5302849  
-9.015913817  
-5.461483786  
-2.781090843  
-1.82593352  
-2.168865865  
-2.577754269  
-1.893213437  
0.1738528124  
2.762437709  
4.264269068  
3.214108358  
-0.7968220098  
-6.683582043  
-12.18427476  
-14.83458492  
-13.15913951  
-7.499966882  
-0.04512707196  
6.013697283  
7.849127268  
4.279252021  
-3.634371459  
-12.96933993  
-20.15868172  
-22.51021298  
-19.35687495  
-12.33176898  
-4.65671603  
0.2277271529  
0.08287276346  
-5.262932928  
-13.93817953  
-22.86763869  
-29.00812262  
-30.4286131  
-26.81066276  
-19.25185701  
-9.579878216  
0.4270850751  
9.545034117  
17.16955306  
23.03647935  
26.86696988  
28.20852211  
26.59038488  
21.89662077  
14.71130753  
6.390127792  
-1.240914467  
-6.450481276  
-8.170559002  
-6.299287867  
-1.608351315  
4.666767224  
11.31524825  
17.45720775  
22.53657406  
26.07388908  
27.41197998  
25.70436444  
20.25014958  
11.04742083  
-0.7479054276  
-12.79269497  
-22.11539669  
-26.12541819  
-23.6666583  
-15.62084391  
-4.723077844  
5.402912225  
11.61114809  
12.41158345  
8.434218669  
1.974588339  
-4.15490369  
-7.916267187  
-8.866965809  
-8.137983888  
-7.620459475  
-8.808704375  
-11.91558818  
-15.72666773  
-18.26859232  
-17.93334389  
-14.44811901  
-9.148287295  
-4.366845876  
-2.222641367  
-3.426021399  
-6.745398621  
-9.466151842  
-8.67381053  
-2.756858099  
7.621248402  
19.60249345  
29.28639421  
33.4424045  
30.97744103  
23.44884486  
14.3598572  
7.558417385  
5.495086202  
8.166459046  
13.23974777  
17.28249427  
17.48801671  
13.05447438  
5.554078504  
-1.869859793  
-6.066497282  
-5.425596578  
-0.6547119267  
5.579754394  
9.951301463  
10.06156285  
5.541621467  
-1.851745209  
-9.159346178  
-13.67917753  
-14.23452385  
-11.64243424  
-8.188488878  
-6.407365515  
-7.79454464  
-12.08037011  
-17.39152186  
-21.17569529  
-21.40086828  
-17.43891874  
-10.24079893  
-1.787649899  
5.840651775  
11.28481761  
14.23132472  
15.16490853  
14.78671595  
13.49464961  
11.24343785  
7.840019186  
3.443188874  
-1.106380655  
-4.413190282  
-5.125679631  
-2.71776486  
1.99479285  
6.961070476  
9.675762546  
8.316788584  
2.692042451  
-5.509143628  
-13.35034756  
-17.92156895  
-17.66622461  
-13.1164011  
-6.654383497  
-1.387055864  
0.3379862148  
-1.946905305  
-6.632588131  
-10.87423552  
-12.0711741  
-9.258409116  
-3.708314243  
1.585321492  
3.326517206  
-0.4229956836  
-9.13853763  
-19.82900859  
-28.1692678  
-30.27308837  
-24.31706713  
-11.3035281  
5.344544183  
21.13192581  
32.15389597  
36.35213318  
33.88825609  
26.60486134  
16.96197003  
7.025649951  
-2.028664973  
-9.771515557  
-15.9731293  
-20.09635001  
-21.2069831  
-18.39863778  
-11.49254968  
-1.57282102  
9.032590075  
17.4330976  
21.26384892  
19.67566667  
13.72546268  
5.934564135  
-0.813594685  
-4.529282451  
-4.926935047  
-3.397374354  
-2.156442449  
-2.994035984  
-6.252850196  
-10.56098415  
-13.47379781  
-12.72701727  
-7.48842484  
1.022448948  
9.886528605  
15.68532503  
16.01415459  
10.61151483  
1.574003767  
-7.457019621  
-12.78257234  
-12.15101769  
-5.628417175  
4.518087037  
14.82727559  
22.05869817  
24.38403034  
21.86927819  
16.11841858  
9.337072127  
3.312223404  
-1.211969865  
-4.524552428  
-7.403182669  
-10.39352541  
-13.33127538  
-15.36620931  
-15.46218191  
-13.08424117  
-8.679808804  
-3.663500011  
