-9.76955178  
-3.213174457  
-3.750374033  
-9.173795018  
-14.45763697  
-14.11176718  
-4.696452654  
13.5948028  
36.91731242  
59.24734184  
74.64232109  
79.31121951  
72.68416376  
57.17135293  
36.88023673  
15.95573135  
-2.733379066  
-18.10467392  
-30.53610832  
-41.03982961  
-50.42250262  
-58.81275646  
-65.67147171  
-70.13127014  
-71.38427656  
-68.89283743  
-62.37851782  
-51.72482556  
-36.9902186  
-18.63625151  
2.11509614  
23.04513191  
41.09807492  
53.05926141  
56.603041  
51.31399658  
39.1982612  
24.34774913  
11.75458089  
5.65089465  
7.996527677  
17.7257692  
31.08576792  
42.96817496  
48.73275426  
45.82880556  
34.61251613  
18.09557051  
0.7886396534  
-12.8613046  
-19.83098559  
-19.21773333  
-12.12862246  
-0.9534084654  
11.57840671  
23.14905298  
32.17449474  
37.70744663  
39.13007413  
35.91245783  
27.62833827  
14.24648195  
-3.456155977  
-23.60078197  
-43.24022018  
-58.80055344  
-66.84805198  
-64.97334568  
-52.53426616  
-31.03618053  
-4.025498902  
23.50765126  
46.10541456  
59.00013616  
59.20261934  
46.26458719  
22.5055643  
-7.398409026  
-37.41095045  
-61.49681778  
-75.00276262  
-75.68390481  
-64.09452366  
-43.25570395  
-17.74098473  
7.505796762  
28.25330643  
41.68790894  
46.64359087  
43.44701266  
33.57603053  
19.31530816  
3.483898276  
-10.82294965  
-20.59639492  
-23.44986239  
-18.25588104  
-5.661677292  
11.79311495  
30.13841021  
44.97097337  
52.68694367  
51.49931525  
41.83183728  
25.92893952  
6.859934911  
-12.6264717  
-30.87299208  
-47.37335197  
-62.14514148  
-74.80591704  
-83.91848448  
-87.06091654  
-81.71418885  
-66.61579383  
-42.92465147  
-14.5448284  
12.71081744  
32.91524537  
42.10508821  
39.77800317  
29.1393421  
15.93556988  
6.308767837  
4.523058789  
11.4657564  
24.48765088  
38.58129353  
48.35360496  
49.97104579  
42.34328074  
27.198439  
8.192365786  
-10.44667317  
-25.14773077  
-33.7012416  
-35.36530949  
-30.58833023  
-20.66176073  
-7.506665476  
6.420654803  
18.29739873  
25.37750524  
25.73778576  
19.09639686  
7.294231942  
-5.937925867  
-16.04065079  
-19.23724469  
-14.09440267  
-2.348396812  
11.45297497  
21.4747901  
22.76676378  
13.25206615  
-5.264536244  
-27.50127018  
-46.3970172  
-55.48253292  
-51.06082646  
-33.43110335  
-6.774738978  
22.18534328  
46.23498709  
59.73633706  
60.10170497  
48.3247333  
28.53558772  
6.80029462  
-10.47862844  
-18.1743092  
-13.71477849  
2.244321527  
25.92448066  
51.33237325  
71.80246076  
81.79721328  
78.44620642  
62.31426107  
37.09843126  
8.317023901  
-18.55387631  
-39.7948258  
-54.33619704  
-63.48169911  
-69.61475762  
-74.49774485  
-77.97868949  
-77.75428933  
-70.36268962  
-53.00074629  
-25.34342955  
9.502297068  
45.42745555  
75.04444202  
92.03645518  
93.17844617  
79.21623051  
54.29633053  
24.26927837  
-5.343095252  
-30.84007853  
-50.73835318  
-65.07907095  
-74.18342588  
-77.63064103  
-74.07275881  
-62.02466852  
-41.22328809  
-13.8030792  
15.43464853  
39.98475521  
53.58463614  
52.40694165  
36.59915068  
10.50165746  
-18.59731973  
-42.72680459  
-55.68562757  
-54.81031468  
-41.49404962  
-20.39291427  
2.271637063  
20.64573752  
30.77180067  
31.32938713  
23.54376153  
10.48615318  
-3.901652298  
-15.77299694  
-22.16995098  
-21.58925914  
-14.29712137  
-2.34095875  
10.8216104  
21.11632636  
24.97695133  
20.53404754  
8.471735409  
-7.830251601  
-23.06184584  
-31.52857459  
-29.02597937  
-14.40403953  
9.769195243  
37.74780397  
62.23160286  
76.55517307  
76.71225084  
62.54314382  
37.71464073  
8.547767958  
-17.86867344  
-35.63926508  
-41.49762429  
-35.35703531  
-19.94419807  
0.2302637802  
20.16553394  
35.54687226  
43.5570985  
43.24521576  
35.49903943  
22.71728516  
8.262348454  
-4.250960486  
-11.76705458  
-12.58161691  
-6.92023296  
2.922211515  
13.04414083  
18.99456006  
17.18967691  
6.25561786  
-12.19722846  
-33.73711679  
-52.28108306  
-61.97195539  
-59.162283  
-43.8065057  
-19.72482335  
6.42104953  
27.14147507  
36.45858433  
31.78093093  
14.68283331  
-9.65389666  
-34.1127151  
-51.83837607  
-58.22640668  
-52.09895279  
-35.77962505  
-14.15752682  
6.871770151  
22.07363306  
28.18938608  
24.6129098  
13.35155087  
-1.636311635  
-15.53093588  
-23.92335632  
-24.00249678  
-15.38471194  
-0.3413376596  
16.7202916  
30.4813161  
36.35915854  
32.08483254  
18.64462344  
0.1634601636  
-17.34453805  
-27.99354763  
-28.0982302  
-17.49915861  
0.4121032868  
20.01425981  
35.60616528  
43.49944656  
43.17743549  
37.04576642  
28.93075166  
22.05360331  
17.45319172  
13.62098879  
7.531052658  
-3.432245459  
-19.60704006  
-38.21173406  
-54.0332454  
-61.42815222  
-56.77783078  
-40.28448281  
-16.25662545  
8.30126113  
26.22725694  
32.80246263  
27.34050783  
13.16410136  
-3.913411377  
-17.85951804  
-24.4612291  
-22.36435299  
-12.8932431  
0.9991977578  
15.98077607  
29.19203774  
38.48232548  
42.25038358  
39.34692491  
29.38534056  
13.42707227  
-5.409880714  
-22.0399731  
-30.58912317  
-26.50114919  
-8.799086129  
18.58439497  
47.28939365  
66.99798387  
69.15316403  
50.49858104  
14.90725402  
-27.43927746  
-63.39330727  
-81.49060661  
-76.09046952  
-49.35014408  
-10.25938023  
28.82493815  
56.69083597  
67.0033107  
59.85148626  
40.69918029  
17.43978568  
-3.017700016  
-17.15499542  
-25.36813834  
-30.66384215  
-36.39015271  
-44.19341556  
-53.13714682  
-60.26031063  
-62.13989083  
-56.60213123  
-43.76367335  
-26.00507114  
-7.032593519  
9.422638362  
20.65688212  
25.43944832  
23.87857992  
17.02012258  
6.531444189  
-5.378010075  
-15.9295336  
-21.94437525  
-20.44699136  
-9.664880378  
9.939178248  
35.13907616  
60.34714034  
79.00008233  
85.52422749  
77.16030858  
54.92902969  
23.34939824  
-10.96757881  
-41.27954786  
-62.47884033  
-72.07668894  
-70.21865537  
-58.97174312  
-41.36787993  
-20.65155377  
0.07985015928  
17.96280914  
30.46942991  
35.74896971  
33.18838659  
23.9087793  
10.81297645  
-2.053197402  
-10.72776527  
-12.70442725  
-7.853019014  
1.560480961  
11.81018652  
19.20812058  
21.49741711  
18.52960706  
11.97457692  
4.296691205  
-2.420238228  
-7.179037063  
-9.991494221  
-11.17259556  
-10.54147266  
-7.131020403  
0.290752833  
12.0922653  
26.68919853  
40.24795659  
47.61494362  
44.28764843  
28.633528  
3.291803415  
-25.06629178  
-47.75869566  
-57.21681286  
-49.96746172  
-28.20286846  
0.779181086  
27.09266637  
41.74109658  
39.67626915  
21.28076269  
-8.169962519  
-40.65793319  
-68.17123214  
-84.94016909  
-88.45279258  
-79.20132528  
-59.67849405  
-33.33845825  
-4.016395346  
24.17479229  
46.86343217  
59.84820811  
60.14734198  
47.37429175  
24.73255897  
-1.12929798  
-21.75027843  
-29.62246478  
-21.08031571  
1.939946075  
32.18514104  
59.50872846  
74.58251618  
72.42281158  
54.26023486  
26.95016268  
0.1578567616  
-17.49547608  
-21.70941734  
-13.8691737  
-0.01910958266  
11.99500461  
15.90799156  
9.493100417  
-4.852044175  
-21.46265814  
-33.94513284  
-37.71212385  
-31.4774055  
-17.26044615  
0.8374584219  
18.33667229  
31.75275379  
39.16793867  
40.03681919  
34.65256256  
23.77289678  
8.656518453  
-8.630445386  
-25.05871629  
-37.03583407  
-41.44969361  
-36.99785722  
-25.13892265  
-10.0378571  
2.714830892  
8.229905229  
4.421357793  
-6.899016121  
-20.54806988  
-30.02934072  
-30.30929854  
-20.11003469  
-2.666133152  
15.45990436  
27.04822186  
27.24357927  
15.6113634  
-3.675826163  
-23.60256115  
-37.24453973  
-40.58176118  
-33.97306648  
-21.68865468  
