51.54493794  
51.72608522  
38.02314796  
14.6677534  
-10.91338034  
-30.58873741  
-38.29993593  
-32.08321068  
-14.57562742  
8.158728522  
28.98952828  
42.32144921  
45.92569114  
41.33584255  
32.7450163  
24.94615669  
21.21658652  
22.02080327  
25.01957058  
26.30400202  
22.26560282  
11.27725441  
-5.51905127  
-24.61206693  
-41.49024841  
-52.3670458  
-55.53331739  
-51.80342262  
-43.93020962  
-35.30195635  
-28.51458744  
-24.42650879  
-22.05931886  
-19.32546957  
-14.21150562  
-5.872268695  
4.839859641  
15.61953948  
23.59406473  
26.45164806  
23.33221663  
15.1266151  
4.098473554  
-6.971476857  
-15.73695088  
-20.94689408  
-22.58962265  
-21.53869362  
-18.93340406  
-15.61620557  
-11.88260716  
-7.616322078  
-2.677637225  
2.71301829  
7.842774875  
11.72839453  
13.59599897  
13.36453945  
11.84931327  
10.52020454  
10.86513922  
13.62172654  
18.23997718  
22.87288125  
24.97273569  
22.29709818  
13.92206614  
0.8219487545  
-14.26565196  
-27.67905725  
-36.06390848  
-37.51125487  
-32.14976539  
-21.96742826  
-9.96295765  
0.998960277  
9.148061441  
14.21293634  
17.16268603  
19.47629067  
22.32082878  
26.02105174  
30.02580431  
33.31499925  
34.97993722  
34.64971711  
32.55192846  
29.2175695  
25.04509522  
20.0168925  
13.76737424  
5.988195291  
-3.060428963  
-12.26090706  
-19.81155208  
-23.86631523  
-23.37747161  
-18.72429091  
-11.76440715  
-5.196139415  
-1.457589135  
-1.643859472  
-4.961539623  
-9.025429695  
-10.9215537  
-8.592948154  
-1.925211427  
6.985113168  
14.54514967  
17.09017264  
12.42012852  
0.7925821643  
-15.04865689  
-30.81132066  
-42.15268666  
-46.11821653  
-41.97013991  
-31.15846947  
-16.56854915  
-1.457594951  
11.4532544  
20.43401186  
24.73364177  
24.32087733  
19.66549191  
11.72470921  
2.076815881  
-7.033701214  
-12.98830059  
-13.49802458  
-7.519780537  
4.028440175  
18.18262436  
30.68372091  
37.39174218  
35.84053108  
26.27166469  
11.65226237  
-3.401489682  
-14.3890309  
-18.64693951  
-16.29377511  
-9.997085878  
-3.683488284  
-0.783227791  
-2.799146381  
-8.824130725  
-16.17809662  
-21.81303532  
-23.78765571  
-22.10591428  
-18.54234907  
-15.5793697  
-15.01316249  
-16.93745707  
-19.61989827  
-20.34104213  
-16.79104939  
-8.342743127  
3.426123082  
15.23291545  
23.40083896  
25.38794238  
20.84412942  
11.72961562  
1.463525254  
-6.491040289  
-9.962616129  
-8.751407303  
-4.404919878  
0.7347369332  
4.715243188  
6.821294019  
7.714078052  
8.853844983  
11.54264451  
16.0924782  
21.54004979  
26.0448257  
27.76346376  
25.75877967  
20.48530949  
13.59994113  
7.176506802  
2.697442608  
0.3168052583  
-1.223706937  
-3.941637535  
-9.488565337  
-18.06173054  
-27.88422078  
-35.57013843  
-37.31953525  
-30.51567527  
-15.08222547  
6.000068912  
27.32178639  
42.68309811  
47.19185091  
39.0529979  
20.35384513  
-3.499782436  
-25.53955911  
-39.566977  
-42.20942446  
-33.93844062  
-18.67741792  
-2.168276023  
10.25205283  
15.58945362  
14.09325297  
8.79795518  
3.943223927  
2.96744987  
6.93636209  
14.07019569  
20.55622673  
22.27987498  
16.71595087  
4.158670576  
-12.23933098  
-27.63186904  
-37.346202  
-38.6597391  
-31.75214698  
-19.4696653  
-6.054748376  
4.575825093  
10.26141729  
11.16307167  
9.30013159  
7.350078343  
7.30277061  
9.577848176  
12.96043825  
15.31617457  
14.69974497  
10.32406263  
2.962008873  
-5.358078901  
-12.17535586  
-15.53756111  
-14.65005739  
-9.997123187  
-2.96319507  
4.801444542  
11.95069856  
17.71367046  
21.81847068  
24.20355824  
24.74098458  
23.15609675  
19.19200456  
12.91535963  
4.971110169  
-3.386761967  
-10.55139353  
-15.0263391  
-15.9138626  
-13.23093082  
-7.928365627  
-1.611586785  
3.92746958  
7.199499198  
7.376550785  
4.434710165  
-0.9223225509  
-7.499226494  
-13.92023839  
-18.93609159  
-21.67029546  
-21.7690047  
-19.43374029  
-15.33367483  
-10.41270263  
-5.636170937  
-1.745229774  
0.9067230998  
2.38376407  
3.058083418  
3.408675592  
3.809878238  
4.390419088  
5.008472969  
5.335475762  
4.999460305  
3.724492227  
1.421667083  
-1.779015465  
-5.538800348  
-9.34085221  
-12.53727414  
-14.42923212  
-14.40037267  
-12.09785103  
-7.612245743  
-1.573069711  
4.918275857  
10.5427883  
14.1449633  
15.1061607  
13.55539068  
10.31659996  
6.601522927  
3.571399947  
1.951565098  
1.854475956  
2.862347453  
4.292520148  
5.487668008  
5.983348173  
5.501362457  
3.842570327  
0.8271492518  
-3.597571599  
-9.088160377  
-14.63409432  
-18.52593965  
-18.74226124  
-13.73311025  
-3.326307106  
10.68243406  
24.6565699  
34.1009752  
35.24396984  
26.62240972  
9.966849213  
-10.09921264  
-27.55474315  
-37.14482516  
-36.34319561  
-26.27516798  
-11.18069636  
3.371368811  
12.74604822  
14.99168541  
11.32115119  
5.161665597  
0.2812166225  
-1.072429453  
0.8898210112  
3.918240695  
5.245830197  
3.386900039  
-0.7673735269  
-4.190038228  
-3.244933126  
4.23812044  
17.41182327  
32.25709552  
43.04260279  
44.81214439  
35.75937986  
18.33090326  
-1.55318394  
-16.90302388  
-22.64947945  
-17.87211279  
-6.232221498  
5.615163587  
10.93369871  
5.841430138  
-9.035614444  
-28.90109459  
-46.91359677  
-57.09745462  
-56.71996354  
-47.11637216  
-32.69938738  
-18.73214374  
-8.972662434  
-4.280060465  
-2.743062584  
-1.128959299  
3.167084424  
10.67626895  
19.60107098  
26.80460163  
29.47361299  
26.57868852  
19.40180384  
10.90465434  
4.304138846  
1.599037596  
2.7804309  
6.076259669  
9.042109454  
9.892077207  
8.373481663  
5.759003485  
4.00551849  
4.561340881  
7.47052119  
11.25056121  
13.60601037  
12.60552729  
7.716980145  
0.1749647382  
-7.499923877  
-12.58642534  
-13.31894822  
-9.567619435  
-2.752453001  
4.911667969  
11.42419964  
15.75619733  
18.01614502  
19.01164934  
19.50588024  
19.60451609  
18.6119039  
15.42471728  
9.237121539  
0.1674425602  
-10.53937765  
-20.85570518  
-28.70455403  
-32.73400139  
-32.7742912  
-29.78582747  
-25.35643085  
-21.01028337  
-17.65136979  
-15.36374259  
-13.59516381  
-11.56808412  
-8.683245767  
-4.733820457  
0.1134365728  
5.478052536  
10.91745475  
15.96909881  
20.09229708  
22.61682613  
22.82201264  
20.18950541  
14.7420149  
7.279520522  
-0.6736452757  
-7.279085109  
-11.03615595  
-11.40736004  
-9.116024945  
-5.934686146  
-4.006102592  
-4.96272398  
-9.222541613  
-15.7766965  
-22.57213193  
-27.32606032  
-28.41690139  
-25.46786253  
-19.38893135  
-11.89577787  
-4.75835601  
0.8629767587  
4.705542825  
7.230488958  
9.132458919  
10.82215362  
12.1634289  
12.59450053  
11.55228462  
8.955793067  
5.471169608  
2.391452421  
1.157463245  
2.728814832  
7.092430276  
13.13951603  
18.97937296  
22.57021861  
22.42171643  
18.1073942  
10.41947627  
1.143488272  
-7.437416782  
-13.13379714  
-14.37270222  
-10.54711679  
-2.153066071  
9.284686195  
21.48367373  
31.84969007  
38.04764034  
38.59374367  
33.30849381  
23.45422298  
11.44231255  
0.1329009524  
-8.078539886  
-12.06927961  
-12.36478197  
-10.89209599  
-10.16275867  
-12.18511765  
-17.54734387  
-25.06998853  
-32.20565294  
-36.04818814  
-34.54410272  
-27.39619848  
-16.26950175  
-4.202688933  
5.531030974  
10.63577892  
10.57657155  
6.631147247  
1.232789902  
-3.070631628  
-4.57263197  
-2.888884971  
1.175872629  
6.214925363  
10.90364992  
14.42163244  
16.43870605  
16.76270147  
14.95416763  
10.2441715  
1.917652399  
-9.966509887  
-23.90408157  
-36.78218746  
-44.51015679  
-43.37031972  
-31.62510462  
-10.69456587  
14.70926681  
37.73483616  
