5.970113055  
-3.274967697  
-14.60427707  
-24.56580381  
-29.70331595  
-27.8211324  
-18.8491295  
-4.924669804  
10.37369763  
23.3420522  
31.47996005  
34.28746909  
33.21806021  
30.84348676  
29.62413627  
30.83640306  
34.11485811  
37.77133723  
39.69611705  
38.39016378  
33.64323185  
26.56284493  
18.98280109  
12.57413963  
8.109015009  
5.231350337  
2.820392969  
-0.2677555636  
-4.481627934  
-9.259570072  
-13.28324163  
-15.16823673  
-14.22854123  
-10.90971839  
-6.649212972  
-3.217342082  
-1.864158343  
-2.711656991  
-4.721198687  
-6.284027704  
-6.163854323  
-4.324127494  
-2.201033475  
-2.230164453  
-6.788630321  
-17.00666095  
-31.99172626  
-48.84882013  
-63.53796597  
-72.24529469  
-72.7151424  
-65.00785193  
-51.3916763  
-35.44130777  
-20.73288522  
-9.663311255  
-2.832188673  
0.8377341619  
3.374751612  
6.779829388  
12.20049701  
19.54321742  
27.60011438  
34.56325106  
38.68802232  
38.86839082  
34.97199448  
27.88910626  
19.32913907  
11.43062241  
6.258532153  
5.271013666  
8.864696766  
16.13603217  
24.98687399  
32.62640549  
36.38320369  
34.5886012  
27.20719001  
15.93124619  
3.639309414  
-6.623136667  
-12.75794154  
-14.3660437  
-12.80474748  
-10.50731086  
-9.848691226  
-12.05489459  
-16.64661712  
-21.67367729  
-24.63511504  
-23.66252101  
-18.41850516  
-10.29522175  
-1.825123601  
4.41504355  
6.894123441  
5.710713647  
2.42369077  
-0.7583390024  
-2.018042345  
-0.704140271  
2.502984392  
6.062726573  
8.400629597  
8.654749377  
6.981073021  
4.309371042  
1.73227793  
-0.1117335038  
-1.324560658  
-2.570695834  
-4.566715477  
-7.552216646  
-11.05350595  
-14.0763264  
-15.61236951  
-15.16436902  
-12.98527839  
-9.896262427  
-6.796848509  
-4.166361311  
-1.866196393  
0.6239899925  
3.672145485  
6.999446567  
9.577762988  
10.06546051  
7.610292444  
2.58865096  
-3.188399225  
-7.042581123  
-6.609201755  
-1.102228956  
7.995971467  
17.27152275  
22.72342605  
21.57780486  
13.73755742  
2.124202966  
-8.358562356  
-12.86709069  
-8.784772794  
2.982491105  
18.22268961  
31.10723381  
36.6292307  
32.70091059  
20.96122037  
5.933838675  
-7.058259645  
-14.2403705  
-14.90191556  
-11.39617657  
-7.671962699  
-7.088541316  
-10.60152829  
-16.21487321  
-19.96912002  
-17.98580544  
-8.570558481  
6.652300522  
23.14094879  
35.21039927  
38.37501833  
31.19936942  
15.84374053  
-2.893309961  
-19.5503104  
-30.08325486  
-33.1536077  
-30.15320128  
-24.10588045  
-18.08177493  
-13.90898524  
-11.73409084  
-10.50225544  
-8.965549809  
-6.607361543  
-3.984121125  
-2.348648812  
-2.823116137  
-5.622383214  
-9.776599961  
-13.50797515  
-15.05406017  
-13.4898092  
-9.113492728  
-3.206155279  
2.6848185  
7.538129261  
11.29986602  
14.74983167  
18.88839058  
24.20041085  
30.21557941  
35.61956129  
38.8669412  
38.97286567  
36.05707188  
31.33993242  
26.57312107  
23.18208251  
21.54596867  
20.77395774  
19.08780528  
14.62450425  
6.277915598  
-5.801154275  
-20.24201856  
-34.95817018  
-47.8411042  
-57.31808667  
-62.56853782  
-63.40243421  
-59.98350995  
-52.62915159  
-41.82570622  
-28.42190428  
-13.81637415  
0.07397867137  
11.16754525  
17.81057827  
19.36497489  
16.51015301  
11.08626381  
5.510291037  
1.989005463  
1.839501902  
5.164273924  
10.95721545  
17.52939198  
23.03642072  
25.90566436  
25.07446735  
20.07920439  
11.09766466  
-0.9909943301  
-14.5674803  
-27.38092092  
-36.92379352  
-41.07148973  
-38.80504045  
-30.70718677  
-18.93777805  
-6.586268741  
3.412582217  
9.365841476  
11.41692629  
11.33489678  
11.54914287  
13.85660091  
18.42365428  
23.60220636  
26.70501344  
25.40674521  
19.09418561  
9.460503312  
-0.02989007089  
-5.637909702  
-5.13999158  
0.9557018153  
9.418024263  
15.62406148  
15.67323123  
8.329991586  
-4.138004163  
-16.69225202  
-23.58134177  
-20.85573794  
-8.224123262  
10.60014123  
29.26012131  
41.26583617  
42.58778374  
33.23333575  
17.15949763  
0.6038067075  
-10.41440509  
-12.3542397  
-5.269438393  
7.578206124  
21.30525371  
31.4123115  
35.33668774  
32.9796468  
26.1569593  
17.40237629  
8.777469032  
1.231523126  
-5.298134492  
-11.25357769  
-16.74126456  
-21.1685352  
-23.42321471  
-22.47138803  
-18.02308006  
-10.89664228  
-2.887210959  
3.790631053  
7.210288769  
6.270390222  
0.8671206334  
-8.283409854  
-19.98521566  
-32.84016679  
-45.34299656  
-55.84703651  
-62.58114368  
-63.89195343  
-58.73968474  
-47.27176634  
-31.16104907  
-13.42523534  
2.351055514  
13.17247212  
17.71533685  
16.84262333  
13.26038091  
10.39145054  
10.91093331  
15.57640589  
22.89057153  
29.78056321  
33.01981748  
30.76394887  
23.49457036  
13.90893208  
5.761785718  
2.147346462  
3.986763803  
9.425759662  
14.46696181  
14.62334194  
6.920225161  
-8.605525021  
-28.57307459  
-47.28303526  
-58.72789857  
-58.80478507  
-46.85686269  
-25.93933769  
-1.71758546  
19.5544625  
33.17816531  
37.457707  
33.93922296  
26.42523612  
19.23167092  
15.42616904  
15.7502275  
18.60932286  
21.05834814  
20.30447896  
15.06195722  
6.186924251  
-3.650689186  
-11.08662627  
-13.47218176  
-9.968177161  
-1.8681649  
7.963524743  
16.27620641  
20.72108694  
20.69829384  
17.42396626  
13.22641268  
10.41234803  
10.22016031  
12.31963431  
15.05877267  
16.31585265  
14.54272059  
9.506309041  
2.383403958  
-4.831201384  
-10.31798208  
-13.35118132  
-14.69274221  
-16.25089224  
-20.13248332  
-27.50841307  
-37.81488841  
-48.68428729  
-56.68772709  
-58.61715217  
-52.79020335  
-39.83653714  
-22.62690451  
-5.353037272  
7.894245631  
14.50621694  
14.18191869  
8.911369077  
2.159259668  
-2.414487563  
-2.213345911  
3.495816113  
13.47868092  
25.09514338  
35.27070985  
41.51180279  
42.62994445  
38.97666442  
32.17335663  
24.4791141  
18.03159664  
14.20318823  
13.25509512  
14.36625598  
16.0000629  
16.4748305  
14.54835787  
9.828249807  
2.878999326  
-4.998907635  
-12.22500022  
-17.45120674  
-19.93245461  
-19.6219127  
-16.9823145  
-12.63916755  
-7.078301009  
-0.5689217648  
6.631231872  
13.8997273  
19.9460118  
22.83895592  
20.49622783  
11.53785252  
-3.820558691  
-23.26641409  
-42.62571188  
-56.91007434  
-61.89683487  
-55.68368142  
-39.58835953  
-17.96283517  
3.108775234  
17.80773834  
22.54935246  
17.17620821  
4.913466942  
-8.897300026  
-18.79108779  
-21.12764142  
-15.26025905  
-3.524124788  
9.876266923  
20.57341696  
25.63251818  
24.43256949  
18.56735477  
10.91740551  
4.360404476  
0.677844248  
0.06703822759  
1.36609486  
2.792937433  
2.816976717  
0.7881972847  
-2.890939267  
-7.038884438  
-10.22397489  
-11.29583223  
-9.725199573  
-5.683514214  
0.08583543148  
6.496602376  
12.35591138  
16.57070651  
18.33339659  
17.29859774  
13.72466577  
8.509266323  
3.042411463  
-1.144720822  
-2.859243935  
-1.68557173  
1.809264697  
6.230087722  
9.847871042  
11.25642921  
9.921889744  
6.383524882  
2.007439853  
-1.605512091  
-3.296159136  
-2.804543228  
-0.8066489316  
1.47268198  
2.870123808  
2.812212891  
1.50019927  
-0.3324335886  
-1.953213342  
-3.160143672  
-4.504798455  
-7.053847782  
-11.77104784  
-18.8112816  
-27.0941313  
-34.42074958  
-38.15658646  
-36.23282021  
-28.05106825  
-14.88961745  
0.3897180392  
14.24129425  
23.58901979  
26.77719076  
23.95837816  
16.80925846  
7.752372446  
-0.9450803538  
-7.811759218  
-12.33111345  
-14.65176621  
-15.09755623  
-13.79965979  
-10.67057424  
-5.722202538  
0.4901027691  
6.616730145  
10.70050529  
