5.891242452  
8.148634965  
7.040797879  
3.560379079  
-0.4671110789  
-3.181937168  
-3.417467962  
-1.078032483  
2.943987018  
7.229021326  
10.44486998  
11.85449251  
11.52740954  
10.20221988  
8.890667653  
8.403171633  
8.986952811  
10.20497493  
11.08317697  
10.45675707  
7.38649954  
1.50850774  
-6.785262811  
-16.3799785  
-25.66900256  
-32.92079784  
-36.6911521  
-36.18196799  
-31.45701538  
-23.45386179  
-13.77618219  
-4.308202432  
3.252189438  
7.810704399  
9.11717908  
7.751144854  
4.855594346  
1.710866773  
-0.6999555198  
-1.977366867  
-2.342707404  
-2.422969472  
-2.880446804  
-4.046026273  
-5.71210233  
-7.173185634  
-7.498143619  
-5.921744965  
-2.193834547  
3.256842203  
9.411954446  
14.97266107  
18.77100408  
20.13130633  
19.05268376  
16.1543488  
12.41198981  
8.785435806  
5.871196387  
3.702293175  
1.767701312  
-0.7468586532  
-4.568745266  
-9.925992762  
-16.26283173  
-22.21210378  
-25.88451529  
-25.43308695  
-19.73940942  
-8.991590539  
5.083609307  
19.48716898  
30.70244218  
35.74039358  
33.13507819  
23.52412802  
9.565708786  
-4.825685529  
-15.68287488  
-20.2067805  
-17.5624785  
-8.96966928  
2.913370831  
15.03112343  
24.95617295  
31.49180852  
34.65850134  
35.16468873  
33.69712377  
30.43030892  
25.01730237  
17.05371878  
6.739664685  
-4.6635447  
-14.90164422  
-21.38257623  
-22.17303736  
-16.88847695  
-7.040824841  
4.363214573  
13.83880337  
18.63095225  
17.59736754  
11.39950242  
1.961261123  
-8.505973305  
-18.42335657  
-27.27513314  
-35.38303474  
-43.20237697  
-50.56503912  
-56.31721526  
-58.58918782  
-55.5968369  
-46.58501844  
-32.43022499  
-15.57270741  
0.7289790609  
13.50044371  
21.02029397  
23.23881502  
21.50405374  
17.78545797  
13.80697426  
10.50216429  
7.995808886  
6.016101539  
4.415818844  
3.44917964  
3.626390125  
5.246707191  
7.931205453  
10.5074109  
11.41203449  
9.472254462  
4.669022956  
-1.567615604  
-6.783935057  
-8.538599645  
-5.59537204  
1.318278488  
9.618521169  
15.87297088  
17.29753047  
13.05923216  
4.752047029  
-4.223073895  
-10.13187323  
-10.57741668  
-5.599462315  
2.315169189  
9.329755689  
11.96950993  
8.674650454  
0.5014775206  
-9.323166093  
-16.76661844  
-18.64833371  
-13.87018617  
-3.734718957  
8.696710638  
19.8360723  
26.8154332  
28.2544813  
24.35172269  
16.44169615  
6.366984354  
-4.001612071  
-12.95859241  
-18.97121624  
-20.73011584  
-17.41494881  
-9.142869057  
2.648169957  
15.20923113  
25.07980779  
29.17871335  
25.98444335  
16.2646961  
2.945251052  
-9.928221364  
-18.75106954  
-21.77562155  
-19.73565698  
-15.36906315  
-12.03288781  
-12.03825157  
-15.48148474  
-20.13077992  
-22.44011144  
-19.23393767  
-9.287594962  
5.926023423  
22.66807497  
36.34601457  
43.26911522  
41.9759428  
33.58759165  
21.10724341  
8.063214188  
-2.844008726  
-10.49473526  
-15.24775744  
-18.1628782  
-20.04166294  
-20.82338448  
-19.64361273  
-15.48971741  
-8.067019709  
1.619884602  
11.31706566  
18.22722409  
20.06753787  
16.00260852  
7.035325775  
-4.308895315  
-14.85445178  
-21.82918452  
-23.68356277  
-20.40402524  
-13.28947654  
-4.373433982  
4.231627879  
10.83815134  
14.4391621  
14.75229403  
12.14968981  
7.545487838  
2.24202116  
-2.312922257  
-4.884283121  
-4.864409256  
-2.590182349  
0.6230911394  
2.840675314  
2.203476188  
-2.278530044  
-10.16959191  
-19.57020735  
-27.68082806  
-31.78758662  
-30.28554012  
-23.3125238  
-12.71643158  
-1.360481005  
7.942553335  
13.4179458  
14.83310372  
13.33870765  
10.76789742  
8.748792992  
8.045337811  
8.40430816  
8.923858126  
8.703129205  
7.407180685  
5.445387413  
3.678430829  
2.826469942  
2.918708551  
3.114564329  
2.041949742  
-1.472197679  
-7.627127646  
-15.23621989  
-21.94472801  
-25.06056835  
-22.68389819  
-14.64971956  
-2.839037822  
9.339075855  
18.14288303  
20.91696478  
17.16233838  
8.805714492  
-0.468969064  
-6.584079151  
-6.600382857  
0.179424495  
11.9591507  
25.13050893  
35.5995393  
40.22815727  
37.84129824  
29.45240693  
17.69132883  
5.733554752  
-3.801830069  
-9.558730934  
-11.54429945  
-10.69611935  
-8.20932014  
-4.977674486  
-1.391053063  
2.486465485  
6.540182803  
10.30571712  
12.95821003  
13.6199151  
11.81912502  
7.828695405  
2.661257927  
-2.322772909  
-6.021063142  
-8.100033025  
-9.126111286  
-10.21703046  
-12.36586405  
-15.78141636  
-19.60936404  
-22.22475308  
-21.99626381  
-18.16046494  
-11.35334112  
-3.485457113  
3.035798713  
6.392644977  
6.218058953  
3.769971608  
1.274183753  
0.7091530858  
2.617932335  
5.570513964  
6.625981436  
2.670132387  
-7.944018122  
-24.22734346  
-42.47010758  
-57.38777858  
-64.07865225  
-59.97707952  
-45.95085494  
-26.04417328  
-5.955806552  
9.105925058  
16.28573187  
15.90081955  
10.93674878  
5.526444785  
3.141243749  
5.290889143  
11.2329787  
18.68847266  
25.10317954  
28.79759442  
29.48626121  
28.02719253  
25.67005112  
23.29943525  
21.10647613  
18.82524298  
16.31254199  
14.03707496  
13.09550971  
14.65904591  
19.11697926  
25.41292272  
31.0303217  
32.77662619  
28.09587534  
16.32419872  
-0.731816818  
-19.23308156  
-34.63531583  
-43.35119713  
-44.02360707  
-37.85866021  
-27.90516049  
-17.65369466  
-9.62628439  
-4.595929137  
-1.733347484  
0.4912781697  
3.18798488  
6.319508601  
8.737460579  
8.928890991  
6.035669423  
0.5660336097  
-5.616367046  
-10.05256673  
-10.82379655  
-7.482076951  
-1.293906165  
5.335943095  
9.974865288  
11.25027418  
9.376262001  
5.874534921  
2.66430491  
1.018820245  
0.9474138664  
1.329103308  
0.7173036243  
-1.6299515  
-5.075379628  
-7.692827952  
-7.13978642  
-1.912234629  
7.643950232  
19.10758274  
28.72700044  
32.85722048  
29.47112685  
19.07163117  
4.590779073  
-9.689202037  
-19.73081143  
-23.17952146  
-20.06860062  
-12.55758496  
-3.894935694  
2.896618532  
6.05067767  
5.429519847  
2.193428129  
-1.971566368  
-5.658416041  
-8.225422632  
-9.821271913  
-11.04421281  
-12.48088568  
-14.37384911  
-16.54718695  
-18.55794717  
-19.93097867  
-20.32518489  
-19.56032126  
-17.54291553  
-14.19629161  
-9.485937215  
-3.548509756  
3.159379106  
9.819811505  
15.4042441  
18.99500702  
20.14513971  
19.09370547  
16.70249805  
14.10784958  
12.22843935  
11.35665221  
11.03875068  
10.32170795  
8.268628159  
4.507519662  
-0.4542220345  
-5.322059995  
-8.505736908  
-8.816771608  
-6.073442393  
-1.337571658  
3.349187375  
5.658688458  
3.849704992  
-2.509545343  
-12.25258504  
-22.88727314  
-31.35322669  
-35.01218657  
-32.53340916  
-24.36728337  
-12.63748478  
-0.4754586292  
8.988940654  
13.64658821  
13.0905597  
8.71776614  
3.201594808  
-0.4937656786  
-0.2138110626  
4.570988228  
12.54822968  
21.04536849  
27.0471026  
28.36860892  
24.52746386  
16.95979427  
8.477875205  
2.17305348  
0.2003023657  
2.939961485  
8.88243384  
15.2823684  
19.30400438  
19.17045456  
14.83188543  
7.880628965  
0.7749262358  
-4.2642262  
-6.181519174  
-5.431466309  
-3.606521831  
-2.551716636  
-3.404878357  
-6.028126918  
-9.103160803  
-10.83990848  
-9.949720295  
-6.401936982  
-1.580606154  
2.258852314  
2.997662668  
-0.3371777518  
-7.039509713  
-14.9314568  
-21.23799544  
-23.74620827  
-21.7307449  
-16.22923748  
-9.543561874  
-4.192887835  
-1.791512243  
-2.356563553  
-4.355074441  
-5.465252827  
-3.706374757  
1.572516262  
9.290394786  
17.00293704  
21.88718024  
21.91976777  
16.74606216  
7.874540175  
-1.879005607  
-9.458927103  
-12.70566635  
-11.10483128  
-5.869851193  
0.639055229  
