30.22379253  
24.41191705  
14.45127843  
2.936575887  
-6.683604864  
-11.56971279  
-10.68681969  
-5.210286369  
2.018120381  
7.724188118  
9.577645683  
7.12363509  
1.896434767  
-3.298606994  
-5.602604278  
-3.302029372  
3.472027815  
12.79544184  
21.69233663  
27.24123964  
27.60620916  
22.61730657  
13.72512784  
3.400547109  
-5.754106534  
-11.840006  
-14.15593117  
-13.21968003  
-10.36965231  
-7.147019082  
-4.717339666  
-3.547658097  
-3.433505938  
-3.819937758  
-4.241041222  
-4.659725554  
-5.539270259  
-7.603901954  
-11.39280345  
-16.82006177  
-22.96965763  
-28.26622458  
-30.9984113  
-30.00273051  
-25.21727247  
-17.84120612  
-9.985775187  
-3.92018956  
-1.205471872  
-2.082390475  
-5.392367444  
-9.090878017  
-11.15245626  
-10.48186697  
-7.425616277  
-3.640721315  
-1.356273222  
-2.338772438  
-7.014988369  
-14.15122151  
-21.25130244  
-25.52195631  
-25.00232318  
-19.37869624  
-10.13911667  
-0.007420930326  
8.097223046  
12.13496561  
11.61693684  
7.62672133  
2.232397797  
-2.417377931  
-4.911482584  
-4.980316857  
-3.368693565  
-1.302762804  
0.1615206007  
0.6032125021  
0.3328885342  
0.1286683411  
0.7843563342  
2.704168971  
5.724273421  
9.208952155  
12.33420031  
14.39985142  
15.02955667  
14.20299545  
12.16206321  
9.285759929  
6.015541379  
2.847262072  
0.3379808754  
-0.9507585714  
-0.6141983721  
1.368706388  
4.456634654  
7.548793256  
9.244447675  
8.316876004  
4.24032693  
-2.452496809  
-10.16658269  
-16.65032366  
-19.69878831  
-17.90985278  
-11.21023448  
-0.946737527  
10.50103834  
20.45059394  
26.72961929  
28.29235663  
25.44392904  
19.62762344  
12.88396983  
7.188053627  
3.887941754  
3.403061934  
5.236523938  
8.249630622  
11.07778594  
12.54792116  
11.98389369  
9.338629949  
5.148231356  
0.3496291224  
-3.971521866  
-6.831229272  
-7.537823745  
-5.792392887  
-1.698949353  
4.28853374  
11.44483988  
18.8478441  
25.44278733  
30.1168679  
31.81689076  
29.72918075  
23.50269432  
13.45020339  
0.6353884358  
-13.23367384  
-26.1238434  
-36.14327897  
-42.01294859  
-43.37655862  
-40.82637079  
-35.62687919  
-29.23866526  
-22.8300774  
-16.96918229  
-11.60974611  
-6.353004719  
-0.8445692451  
4.892126367  
10.34694101  
14.68730352  
17.10873531  
17.19497578  
15.10888434  
11.52267958  
7.327636273  
3.271876376  
-0.2939643744  
-3.444637782  
-6.485079606  
-9.651601912  
-12.88181181  
-15.78230855  
-17.81285638  
-18.58215283  
-18.08461123  
-16.73476218  
-15.1639577  
-13.87744682  
-12.9548832  
-11.96733565  
-10.1787249  
-6.950288145  
-2.153372065  
3.62455146  
9.203041136  
13.22609506  
14.69109101  
13.34667446  
9.776044018  
5.131923252  
0.656482489  
-2.781564456  
-4.918672634  
-6.0080028  
-6.490027392  
-6.62264167  
-6.286588264  
-5.077928318  
-2.637106305  
0.976748663  
5.095141626  
8.576831112  
10.24604426  
9.439589995  
6.394239253  
2.261728217  
-1.292865695  
-2.755682417  
-1.405891331  
2.351469196  
7.11289794  
11.01118187  
12.42476762  
10.56071623  
5.679387392  
-1.099616121  
-8.283787917  
-14.54372218  
-19.06361847  
-21.58661753  
-22.19875703  
-21.01914915  
-17.99398879  
-12.91604269  
-5.656220173  
3.527436399  
13.7871321  
23.72520552  
31.69711032  
36.27453819  
36.69063191  
33.09786982  
26.54743041  
18.70811658  
11.4305694  
6.298477781  
4.286615608  
5.591802442  
9.646838502  
15.2897999  
21.04590858  
25.47165958  
27.4993318  
26.70410892  
23.40972829  
18.57378091  
13.45591153  
9.159901275  
6.212578547  
4.356582718  
2.668529036  
-0.01647881901  
-4.535303277  
-10.92786532  
-18.29283482  
-25.05960504  
-29.58283131  
-30.80729489  
-28.70585253  
-24.28534041  
-19.15205796  
-14.83615296  
-12.19129307  
-11.15186585  
-10.95573781  
-10.7078497  
-9.986493999  
-9.167044884  
-9.277761715  
-11.44199046  
-16.18152272  
-22.94390665  
-30.12170583  
-35.5945978  
-37.56389509  
-35.29164307  
-29.39018136  
-21.51860933  
-13.63115532  
-7.143207582  
-2.421777159  
1.15682513  
4.629566911  
8.667716451  
13.02494324  
16.53183836  
17.67311155  
15.46999679  
10.20590312  
3.579897443  
-1.860522509  
-3.794740342  
-1.222715878  
4.962604445  
12.2461194  
17.53840764  
18.55424876  
14.89280489  
8.299623195  
1.952938459  
-0.933173166  
1.432558898  
8.565357034  
17.86165986  
25.71469374  
29.0959177  
26.89013096  
20.37784705  
12.64228495  
7.166692542  
6.254030291  
9.981411102  
16.15727571  
21.29669863  
22.17410548  
17.26045333  
7.412957987  
-4.473631955  
-14.68337451  
-20.21752478  
-19.9858677  
-15.15437578  
-8.535511026  
-3.321629644  
-1.72843272  
-4.123202655  
-8.974975272  
-13.59758192  
-15.32785976  
-12.62681  
-5.664880174  
3.799848951  
13.13802302  
19.82315338  
22.26470214  
20.20956611  
14.62998863  
7.225219164  
-0.2136489748  
-6.326870078  
-10.44733864  
-12.58527739  
-13.22644484  
-13.069443  
-12.79909715  
-12.93186285  
-13.72191647  
-15.10471828  
-16.67748488  
-17.74442432  
-17.46023555  
-15.07265519  
-10.20833007  
-3.097104116  
5.376317397  
13.85321601  
20.88063132  
25.36239553  
26.90517399  
25.9113224  
23.3673506  
20.4062278  
17.8232476  
15.75293837  
13.65014379  
10.58900428  
5.752715485  
-1.101020434  
-9.410040356  
-17.92716768  
-25.15346913  
-29.91127749  
-31.81673722  
-31.44454329  
-30.10087228  
-29.27968645  
-30.01148484  
-32.3645352  
-35.30772133  
-37.00929208  
-35.48072506  
-29.34055404  
-18.42185239  
-3.995364364  
11.48799421  
25.06530274  
34.12760065  
37.2008782  
34.38487646  
27.30570076  
18.59837242  
11.09070968  
6.956529891  
7.112972751  
11.05010121  
17.13119426  
23.2390508  
27.52695823  
29.00175599  
27.73727873  
24.66018855  
21.01735442  
17.75743888  
15.09062532  
12.41474348  
8.640559341  
2.776692606  
-5.48289858  
-15.43684165  
-25.48189211  
-33.62852627  
-38.22721415  
-38.60461444  
-35.33227958  
-29.9980384  
-24.55858319  
-20.53704124  
-18.4055754  
-17.42601276  
-16.03240198  
-12.60811367  
-6.332879121  
2.268375589  
11.33130462  
18.24530644  
20.62327061  
17.2747332  
8.795566352  
-2.471796595  
-13.11418361  
-19.72644395  
-20.01137423  
-13.51809912  
-1.774274173  
12.21138843  
24.88560934  
33.20206327  
35.45235474  
31.64182961  
23.34158792  
13.11483014  
3.73112661  
-2.58365377  
-4.656083733  
-2.523074613  
2.759188816  
9.554368728  
16.17462183  
21.33081628  
24.37811222  
25.30958259  
24.5430674  
22.62199521  
19.97840917  
16.87046893  
13.51544266  
10.32727921  
8.089947196  
7.897704611  
10.79052381  
17.17241547  
26.25660554  
35.84577921  
42.67715896  
43.34593135  
35.5467611  
19.16401043  
-3.288019281  
-27.17676755  
-47.14889995  
-58.95317189  
-60.9853308  
-54.8926845  
-44.91434144  
-36.15000903  
-32.4272476  
-34.65877655  
-40.42391515  
-45.0160136  
-43.56660309  
-33.3627962  
-15.34489458  
5.915300273  
23.81851762  
32.29750369  
28.26916774  
12.93389486  
-8.645406847  
-29.51925061  
-43.54830211  
-47.68238267  
-42.87625217  
-33.30481866  
-24.28659278  
-19.874857  
-21.18709069  
-26.1713335  
-30.83364915  
-31.28759415  
-25.63756132  
-14.82732367  
-2.102716664  
8.597680662  
14.51397209  
15.29024636  
12.98350378  
10.88682118  
11.77190286  
16.42682028  
23.21048117  
28.84320435  
30.05045337  
25.26357663  
15.55198664  
4.326518457  
-4.063413464  
-6.19635653  
-1.051760305  
9.578157633  
21.90920472  
31.82230691  
36.5893753  
35.89117016  
31.70021038  
27.13616313  
24.86933843  
25.83317111  
28.83532733  
