-38.56722957  
-63.94737727  
-87.28559227  
-100.7035391  
-98.81958628  
-81.004365  
-51.71724778  
-18.79658617  
9.539310531  
27.68505408  
34.39009428  
32.59547336  
27.57052529  
24.27977983  
25.19179274  
29.46662317  
33.7842691  
34.31985016  
28.88090179  
18.20030709  
5.81133474  
-3.405295756  
-5.320137552  
1.635657777  
15.72190453  
32.48177947  
46.38323182  
52.80688011  
49.59432489  
37.61230706  
20.22168838  
1.964827363  
-12.96622488  
-21.92392482  
-24.3129248  
-21.36696267  
-15.40676551  
-8.922175167  
-3.801483336  
-0.9115744428  
-0.0766103069  
-0.3779323239  
-0.6266119893  
0.1513998401  
2.355216693  
5.661005665  
9.117048243  
11.44495321  
11.45234073  
8.424019042  
2.364750797  
-5.982577785  
-15.33469977  
-24.19407077  
-31.17486496  
-35.22501298  
-35.70916357  
-32.40115345  
-25.4713043  
-15.53041638  
-3.710068527  
8.322071089  
18.54000158  
24.99024255  
26.39635122  
22.71311256  
15.34787514  
6.846858232  
0.060182981  
-2.94824076  
-1.802404853  
1.899964557  
5.126538507  
4.630588378  
-1.612813281  
-13.36237693  
-27.93746006  
-41.04346066  
-48.29348889  
-46.81548218  
-36.2898246  
-19.0112527  
1.007121668  
19.46122966  
33.09493142  
40.42377733  
41.65451462  
38.00414453  
30.88436732  
21.41152955  
10.45159648  
-0.9472693174  
-11.13941198  
-17.90241712  
-19.0612867  
-13.50335046  
-2.066459922  
12.25784029  
25.09539724  
32.2518497  
31.44620661  
23.41789734  
11.81792541  
1.809625511  
-2.093315313  
1.967166236  
12.25309736  
24.02717166  
31.48744258  
30.23465844  
19.21210215  
1.27283529  
-17.8760269  
-31.90303825  
-36.31032454  
-30.10951908  
-16.07371746  
0.4448048576  
13.55213099  
18.83140198  
14.58040452  
1.930201449  
-15.97762713  
-35.22765474  
-52.20498212  
-64.17064404  
-69.35511404  
-66.85103413  
-56.61473742  
-39.68897496  
-18.47065165  
3.328535549  
21.31897538  
31.65573421  
32.45382  
24.75781415  
12.49378293  
1.219148971  
-3.956538768  
-0.4577657855  
10.59495432  
24.74249523  
36.01275199  
39.48247423  
33.46011845  
20.28626738  
5.335624633  
-5.389280852  
-8.01871747  
-2.677076318  
6.441726432  
12.8819798  
10.8633379  
-1.942268955  
-23.04059133  
-45.80254607  
-61.95990543  
-64.87097642  
-52.18088908  
-26.77026156  
4.370551421  
32.82118753  
51.81246849  
58.4431982  
54.20336973  
43.7378634  
32.53234658  
24.5966712  
21.12319396  
20.57397142  
19.98016837  
16.71996183  
9.90741192  
0.7952257685  
-7.888771234  
-13.25118641  
-13.51541825  
-8.696569171  
-0.4401666132  
8.778606777  
16.62828351  
21.59008656  
23.08501575  
21.15028447  
15.99694466  
7.8003968  
-3.119729354  
-15.86731797  
-28.63484168  
-38.81922489  
-43.71732534  
-41.59471023  
-32.64750543  
-19.33778383  
-5.809859514  
3.490419869  
5.475985705  
-0.3433423938  
-11.60888983  
-24.00049115  
-32.91296965  
-35.21493803  
-30.33629854  
-20.2361491  
-8.307915314  
2.236055759  
9.733666595  
14.56152623  
18.54130968  
23.58950026  
30.3059489  
37.23376091  
41.2098248  
38.70303823  
27.55894444  
8.349567483  
-15.31968356  
-37.74986773  
-52.99401445  
-56.87973532  
-48.40878537  
-30.00781585  
-6.586879253  
16.16324488  
33.54493876  
43.05132696  
44.64805525  
40.20032456  
32.4264642  
23.86395792  
16.21589756  
10.19556903  
5.747723438  
2.406063658  
-0.4145849015  
-3.263248204  
-6.572811297  
-10.55764142  
-15.05245742  
-19.37371483  
-22.35509731  
-22.66857421  
-19.39116089  
-12.59578031  
-3.644655812  
5.066473249  
10.93245839  
12.24705722  
9.104870291  
3.611544279  
-0.8181662319  
-0.8844344894  
5.02463846  
15.82870601  
27.857487  
36.13740606  
36.39900489  
26.96901918  
9.697346302  
-10.55749765  
-27.74265904  
-37.00216745  
-36.63400953  
-28.7592564  
-18.38800164  
-11.2579205  
-11.35707518  
-19.18458374  
-31.48490951  
-42.56239222  
-46.6084798  
-40.06676544  
-23.0707282  
0.5869588256  
24.87005714  
43.66160132  
52.78814876  
51.15748599  
40.69568908  
25.27923643  
9.222705106  
-4.042948275  
-12.66872711  
-16.38082068  
-15.99717823  
-12.8339105  
-8.290723548  
-3.701625467  
-0.3311695785  
0.6819282801  
-1.439642187  
-6.746408986  
-14.2716573  
-22.05809395  
-27.62421361  
-28.77400945  
-24.44772288  
-15.23798597  
-3.299302949  
8.369728356  
17.01730015  
21.16859518  
21.17315736  
19.03837685  
17.61053119  
19.42421455  
25.66506693  
35.62818191  
46.85465561  
55.87209199  
59.26685186  
54.73178317  
41.78095239  
21.95321712  
-1.514748731  
-24.43726836  
-42.65797433  
-53.03208819  
-54.18648154  
-46.86812858  
-33.76373976  
-18.79580839  
-6.048459886  
1.383854707  
2.269858489  
-2.464599317  
-10.14009637  
-17.29353554  
-20.86135514  
-19.13412196  
-12.13324046  
-1.311027117  
11.23106414  
23.60168115  
34.64138547  
43.88225035  
51.03291154  
55.34637687  
55.32052556  
49.02764776  
35.0369751  
13.53824389  
-12.91512047  
-39.53753733  
-60.45602213  
-70.54120437  
-67.22981405  
-51.57406944  
-28.02183938  
-2.950513557  
17.48996814  
29.36232779  
31.96083996  
27.49104026  
19.62675875  
11.64782835  
5.027412815  
-0.9024872118  
-8.103998958  
-18.27540592  
-31.39522299  
-45.13982323  
-55.52682896  
-58.5455355  
-52.04040983  
-36.9581819  
-17.32583499  
1.11178177  
13.05952363  
15.72977896  
9.906153565  
-0.451028702  
-9.887669488  
-13.70333375  
-9.802895539  
0.6198884654  
13.81737152  
25.26836052  
31.68751283  
32.36744657  
29.27954133  
25.92226618  
25.46855204  
29.06845666  
35.08996369  
39.6610441  
38.3017533  
27.95544132  
8.549459083  
-16.59338261  
-41.69057451  
-60.42827094  
-68.12168289  
-63.26723708  
-47.90227515  
-26.6790541  
-5.066018272  
12.58576743  
24.35970385  
31.00933066  
35.10640482  
39.52969205  
45.96387649  
54.02939969  
61.37409317  
64.64343954  
60.8959111  
48.87198434  
29.61812104  
6.250921836  
-17.00230652  
-36.08552312  
-48.23153853  
-52.54740277  
-49.94472014  
-42.55728913  
-32.95086042  
-23.44355665  
-15.72936271  
-10.81556295  
-9.136869522  
-10.66894509  
-14.93030828  
-20.8938851  
-26.93783943  
-30.99270282  
-30.9590949  
-25.32704581  
-13.78979237  
2.405704572  
20.56276686  
37.1200164  
48.55783396  
52.33451256  
47.55052094  
35.14312021  
17.59090798  
-1.727855897  
-19.29118696  
-32.08992885  
-38.06396013  
-36.3142591  
-27.15401439  
-12.06492805  
6.434427021  
25.05993901  
40.23852092  
48.79113422  
48.70852988  
39.79368934  
23.91108842  
4.661027775  
-13.5181311  
-26.59870775  
-32.17364956  
-30.20798054  
-23.03591394  
-14.56115767  
-8.898254428  
-8.905803779  
-15.11728834  
-25.45431465  
-35.84870538  
-41.59304122  
-38.98552567  
-26.72502581  
-6.572475971  
16.97805157  
37.9640437  
50.78579827  
52.02818578  
41.662382  
23.18467517  
2.578726527  
-13.61196561  
-20.48266499  
-16.47222048  
-3.93296352  
11.70447728  
23.93256326  
27.63642615  
21.10493446  
6.780342218  
-9.608205489  
-21.25429189  
-23.00242738  
-13.51724091  
4.002028235  
22.90431671  
35.58694387  
36.44790768  
24.12106181  
2.101657412  
-22.48413413  
-41.46358942  
-48.52502118  
-41.32310372  
-22.03441955  
3.721135776  
29.01760893  
47.88359682  
56.82022374  
55.15147947  
44.35563299  
26.95355051  
5.611458012  
-17.15134999  
-38.71531952  
-56.01246598  
-65.60392103  
-64.4493662  
-51.17338582  
-27.22310192  
2.798348145  
32.05324566  
53.50092178  
62.31276307  
57.64605995  
42.93210671  
24.43786987  
8.632995896  
-0.5286357972  
-3.206057549  
-3.401933113  
-6.901788479  
