44.25251761  
55.34994205  
55.28811384  
44.11419787  
25.82232589  
6.801901734  
-6.662599662  
-10.82640725  
-5.851987034  
4.454135141  
14.41122483  
18.97521359  
15.9058942  
6.655622361  
-4.396474345  
-12.01397946  
-12.54876652  
-5.665902173  
5.432073521  
15.39475434  
19.11777187  
14.07417973  
1.532638644  
-13.90524309  
-26.27100318  
-30.84960677  
-26.29983276  
-15.32250609  
-3.549317091  
2.900473967  
0.1565867424  
-11.55896217  
-27.80885112  
-41.64744924  
-46.49567603  
-39.01799023  
-20.80896582  
1.8434503  
20.09249696  
25.78926535  
14.63804034  
-11.94715403  
-47.00067313  
-80.14949906  
-100.9902394  
-102.5095569  
-83.36093549  
-48.23666896  
-6.257080606  
32.01301919  
57.86127264  
66.91765597  
60.04971679  
42.47209803  
21.51307503  
3.926436805  
-6.261765385  
-8.64961445  
-5.89842778  
-2.083151779  
-0.7161234204  
-3.275353618  
-8.797390149  
-14.60519502  
-17.74834576  
-16.4474087  
-10.87506542  
-2.950248535  
4.69834755  
10.04892523  
12.61215615  
13.50446754  
14.64519145  
17.50845669  
22.10161758  
26.74522384  
28.83204644  
26.23207875  
18.64551074  
8.175815796  
-1.262939397  
-5.528794618  
-2.137512251  
8.441841235  
22.74982168  
35.66485401  
42.55585112  
41.30070817  
33.23219014  
22.54151943  
14.37656968  
12.48620597  
17.49117251  
26.58660054  
34.82460269  
37.39165484  
31.83088221  
19.18465663  
3.534660923  
-9.837329116  
-16.81164704  
-16.22930219  
-10.32017651  
-3.601012504  
-0.787943205  
-4.700949273  
-15.10110576  
-28.93282098  
-41.77528595  
-49.76519381  
-51.08455256  
-46.37553417  
-37.99894199  
-28.61041565  
-19.8236387  
-11.62829409  
-2.804137108  
7.953085248  
20.83841177  
34.34225353  
45.59876748  
51.53421577  
50.25755045  
42.00258846  
29.14027876  
15.22506688  
3.502908004  
-4.43265265  
-9.214497984  
-13.23936401  
-19.37692466  
-29.43470262  
-43.07183055  
-57.65389275  
-69.12808683  
-73.5586181  
-68.6862964  
-54.87485068  
-35.06966209  
-13.80068332  
4.358270932  
16.26424007  
21.05586876  
20.09374052  
16.07893654  
11.76187341  
8.803300549  
7.263917093  
5.919817673  
3.23694281  
-1.462177555  
-7.2131583  
-11.44112681  
-10.90064236  
-3.200548831  
11.72298016  
30.88477255  
48.73853603  
58.85803018  
56.27244527  
39.56881411  
11.8724821  
-19.80242046  
-46.7126726  
-61.30754718  
-59.81411372  
-43.48089162  
-17.99348754  
8.68721807  
29.17659469  
39.0589491  
37.91055121  
28.66685696  
15.77731151  
3.089746152  
-7.551293102  
-16.4277912  
-24.8990194  
-33.86947301  
-42.67650821  
-49.03834787  
-50.10911216  
-44.06939639  
-31.36490957  
-14.86221452  
1.251540096  
13.32395578  
19.91033275  
22.37022791  
24.01351938  
28.16959122  
36.14431813  
46.14974972  
53.85214007  
54.38430127  
44.900757  
26.41226421  
3.91528158  
-15.38032287  
-24.99758654  
-21.97773341  
-8.192203996  
10.47050215  
26.70175834  
34.96295064  
33.7883027  
26.1367974  
17.65840853  
13.73388816  
16.72700233  
24.77246332  
32.67281207  
34.45592914  
26.35287803  
8.766616512  
-13.69662046  
-34.12648227  
-46.22235748  
-46.85781361  
-37.14890146  
-21.63258963  
-6.067442076  
5.019330043  
9.881994257  
9.580022337  
6.659719136  
3.339175603  
0.2298766334  
-3.733922202  
-10.18987828  
-19.76179757  
-30.9638564  
-40.30782689  
-43.67670199  
-38.32588176  
-24.49108834  
-5.723558226  
12.32396091  
24.17227571  
26.82266566  
21.01949994  
10.87086702  
1.995302356  
-0.9512046174  
3.758036897  
14.32394226  
26.40167418  
35.13265848  
37.25253247  
32.32401365  
22.61134045  
11.77372716  
3.083978928  
-1.96640401  
-4.079429415  
-5.504477859  
-8.762736637  
-15.41247854  
-25.41655571  
-37.30186012  
-48.88844322  
-58.12754015  
-63.6276348  
-64.71285765  
-61.16740501  
-52.9917575  
-40.43128844  
-24.2899014  
-6.273736359  
10.99906965  
24.54587222  
32.02314849  
32.75433642  
28.2199131  
21.62747396  
16.60950463  
15.57083408  
18.46945539  
22.69604068  
24.23737801  
19.6795533  
8.136924329  
-7.860700198  
-23.06615532  
-31.61151131  
-29.62075097  
-17.13941966  
1.575837857  
19.64704201  
30.4133937  
30.27311545  
20.2329183  
5.426965013  
-7.210026403  
-12.06985764  
-7.364921651  
4.165912058  
16.66624972  
24.02143236  
22.81422389  
13.97159033  
2.312363873  
-5.795469852  
-5.554204582  
3.861670061  
18.78225617  
32.66529183  
39.10762335  
34.81719648  
21.13288733  
3.373349553  
-11.66333801  
-18.83790606  
-16.93749017  
-8.993652483  
-0.5342329956  
3.332185571  
0.5250722368  
-7.024666936  
-14.51832943  
-16.98448143  
-12.14244484  
-1.928731446  
8.180953032  
11.82095377  
5.096965437  
-11.03308779  
-30.65281847  
-45.28408506  
-47.78154564  
-35.91927327  
-13.90593426  
9.035289771  
22.53009088  
19.6891522  
0.4133818533  
-28.19588275  
-54.60125233  
-67.60527012  
-61.04337348  
-36.3190916  
-1.675381048  
31.43112299  
53.18981775  
59.34487234  
52.45332451  
40.04669474  
30.67979654  
29.7877629  
37.29124095  
48.00384094  
54.53998782  
51.24491727  
37.21971335  
16.98612649  
-1.514673467  
-10.62768736  
-6.6416162  
8.308430211  
26.96561081  
39.96199952  
39.75458726  
23.75759402  
-4.637030471  
-37.48189586  
-65.40975672  
-81.08675715  
-81.58148245  
-68.84184408  
-48.34252278  
-26.69705577  
-9.315318026  
1.030291055  
4.409997656  
2.956253679  
-0.337401311  
-2.690434521  
-2.195063647  
1.924296849  
9.278521895  
18.37732053  
26.81522347  
31.71971975  
30.54432952  
22.06967074  
7.222822824  
-10.76734622  
-27.17564143  
-37.41559498  
-38.90191946  
-32.28907821  
-21.39092804  
-11.6360651  
-7.622268025  
-10.85400385  
-18.78334751  
-25.75292288  
-25.56474213  
-14.57549672  
6.136661753  
30.66365411  
50.44618683  
57.89446006  
49.86324055  
29.36427473  
4.62907368  
-14.1828497  
-19.24472961  
-8.420997773  
13.78446837  
38.13503504  
54.58995188  
56.51365188  
43.31145334  
20.36607756  
-3.617265261  
-20.58514669  
-26.59851091  
-23.24167486  
-16.42547683  
-13.24392174  
-18.41541975  
-31.97558242  
-49.25032031  
-63.04821877  
-66.98808947  
-58.39711724  
-39.47227822  
-16.24895745  
4.060519251  
16.08378825  
18.29690051  
13.20357938  
5.747141753  
0.8192037949  
1.073270567  
6.014677862  
12.66526202  
17.33851778  
17.57609538  
13.29640489  
6.66240153  
0.8347476552  
-1.689372466  
-0.293203153  
3.572379752  
7.272336474  
8.444274895  
6.266271045  
1.894636775  
-2.132182784  
-3.20546974  
-0.003056101683  
6.793117727  
14.77948303  
20.97944165  
23.29747757  
21.56659443  
17.66636604  
14.63015557  
15.14107985  
20.11560522  
28.05074807  
35.477681  
38.37016024  
33.92182593  
21.9241831  
5.126509936  
-11.62174364  
-23.13762413  
-25.88627923  
-19.38319686  
-6.446636555  
7.815751619  
17.90035482  
19.95174824  
13.17287762  
0.07140415936  
-14.53249399  
-25.33496014  
-28.50339795  
-23.02037103  
-10.93738028  
3.505035739  
15.50149759  
21.3950872  
19.82838123  
11.93871706  
0.6050377729  
-10.87072276  
-20.06515928  
-26.18486154  
-30.00513452  
-33.09757805  
-36.75564923  
-41.14211885  
-45.0642278  
-46.48628817  
-43.54656023  
-35.60855182  
-23.84729102  
-11.06600004  
-0.7708035911  
4.139339467  
2.528819049  
-4.464325254  
-13.79852763  
-21.64965541  
-24.83882123  
-21.98973325  
-13.94709896  
-3.29493554  
6.808887175  
13.97514639  
17.52185066  
18.60186912  
19.46780319  
22.20756723  
27.53345713  
34.20522534  
39.4053803  
39.96527677  
33.94046283  
21.83366614  
6.861611241  
-5.962517299  
-11.65419166  
-7.291366541  
6.591807282  
25.89252337  
