-24.76070589  
-19.5908675  
-12.42318066  
-5.362412717  
0.2657050276  
3.989088367  
5.948344836  
6.623338209  
6.705758886  
7.094663211  
8.846839516  
12.92448309  
19.74667301  
28.75542066  
38.30128911  
46.05475943  
49.87670931  
48.78824925  
43.53606879  
36.37402507  
30.04599556  
26.38691927  
25.23118736  
24.25566254  
19.97975687  
9.568556511  
-7.380995387  
-27.98982322  
-46.74892342  
-57.56074923  
-56.3639046  
-43.16700169  
-22.48158491  
-1.805287474  
11.3195932  
12.45709082  
2.252500897  
-13.69823654  
-27.11611585  
-30.52836986  
-20.50068718  
0.7853482845  
26.3024734  
46.97418625  
55.30119173  
48.27770175  
28.39311545  
2.370208212  
-21.72247006  
-37.67378235  
-43.26681104  
-40.51176933  
-34.02962988  
-28.46410159  
-26.18771261  
-26.35717578  
-25.69062153  
-20.5105011  
-9.011919082  
7.366309918  
24.14960815  
35.55125917  
36.94678423  
26.99384482  
8.452123784  
-12.6682968  
-29.28383907  
-35.84664585  
-30.343899  
-14.93441761  
4.953980214  
22.63776555  
32.48548574  
31.67285166  
20.83030762  
3.493879038  
-15.29804414  
-30.67962505  
-39.33095817  
-40.18167078  
-34.36140562  
-24.55581374  
-14.05618473  
-5.800187328  
-1.631833801  
-1.913631583  
-5.539082585  
-10.32082094  
-13.66199258  
-13.34891422  
-8.249145565  
1.305183655  
13.59634298  
26.06455528  
36.14322566  
42.08433265  
43.45569461  
41.11362861  
36.67210738  
31.71212352  
27.097302  
22.71605814  
17.77067301  
11.4650764  
3.733421541  
-4.390574269  
-11.00760471  
-14.14215785  
-12.74823497  
-7.442375758  
-0.5546837208  
4.6270667  
5.171997503  
-0.1588985099  
-10.16031784  
-21.41164344  
-29.48556125  
-30.70615828  
-23.75789417  
-10.46205903  
4.655570434  
15.90604283  
18.53273252  
10.56505751  
-6.293354297  
-27.10414471  
-45.31884449  
-54.99625246  
-52.80162665  
-39.07114684  
-17.58640211  
5.813630683  
25.23761054  
36.62481379  
38.85363977  
33.74855872  
25.08253798  
17.03152067  
12.70010549  
13.2519285  
17.8959662  
24.61941446  
31.26660355  
36.45668233  
39.94306718  
42.2961415  
44.1138105  
45.19522834  
44.14501225  
38.6933697  
26.68692323  
7.369702588  
-17.62020225  
-44.06553151  
-66.0349855  
-77.61308789  
-74.91997399  
-57.66420333  
-29.58731373  
2.451506149  
30.48790545  
47.86663765  
51.19212452  
41.12458053  
21.77996819  
-0.9650846504  
-21.55479958  
-36.40917916  
-44.57577249  
-47.26624425  
-46.64554475  
-44.52294869  
-41.56148234  
-37.30365735  
-30.87639981  
-21.90000648  
-11.05188998  
0.04757225569  
9.56748972  
16.40050919  
20.74888082  
23.98249259  
27.77986756  
32.97381683  
38.73555037  
42.61363684  
41.53698797  
33.38707395  
18.39430699  
-0.3822737472  
-17.85705108  
-28.77225311  
-29.84630305  
-21.25661187  
-6.740396224  
7.807245878  
16.6808781  
16.65715906  
8.2372866  
-4.692541269  
-16.60725149  
-22.69695721  
-20.78080766  
-11.97195497  
0.1107286797  
11.11291628  
17.8023375  
19.14729675  
16.19537716  
10.96384885  
5.044313232  
-1.270257968  
-8.856746758  
-18.73500964  
-30.77321674  
-42.94160443  
-51.66783186  
-53.26078218  
-45.76082196  
-30.26873449  
-10.98102709  
6.247229508  
16.25817131  
16.8120687  
9.609941416  
-0.4287332047  
-7.372374206  
-6.991951675  
1.265254568  
13.97626468  
25.28505898  
29.59708035  
24.19055203  
10.54226467  
-6.241928529  
-19.62631218  
-24.46462274  
-19.16397504  
-6.246559225  
8.884283123  
20.34989585  
24.25618273  
20.13147251  
10.7993623  
0.8896768176  
-5.216911478  
-5.044673767  
1.385508913  
12.10587543  
24.41401426  
36.01871411  
45.55258103  
52.33345129  
55.72884652  
54.70406791  
47.9912134  
34.89152964  
16.26363953  
-4.970104316  
-24.29806008  
-37.08355752  
-40.4591043  
-34.75809761  
-23.69455169  
-13.03003495  
-8.18385086  
-11.79928092  
-22.38655405  
-34.7393307  
-42.04337591  
-38.81814186  
-23.41968155  
1.007688407  
27.58001895  
48.29861923  
57.14393736  
52.3419765  
36.88928147  
17.18940082  
0.4528315189  
-8.013230725  
-6.536757194  
2.753065145  
15.20707355  
25.68350319  
30.40889995  
27.97004158  
19.22203771  
6.40372998  
-7.962170696  
-21.84491258  
-33.91021176  
-43.27065439  
-49.13252083  
-50.68432296  
-47.36061769  
-39.33217011  
-27.89387516  
-15.44123173  
-4.930806829  
1.003946282  
0.9203473257  
-4.952152485  
-14.81047937  
-25.8892982  
-35.308003  
-40.81685359  
-41.21163679  
-36.37880037  
-27.09832488  
-14.78468844  
-1.272529874  
11.37252413  
21.12078834  
26.39501528  
26.57485204  
22.37810643  
15.8548315  
9.8414709  
6.971279155  
8.602590459  
14.15632135  
21.24495842  
26.6452487  
27.75429452  
23.8829924  
16.74240808  
9.806227369  
6.750844836  
9.647230991  
17.7599015  
27.58708429  
34.22838887  
33.53390508  
24.07853837  
8.02512833  
-9.591293572  
-22.91096461  
-27.75006034  
-23.42887197  
-13.07509396  
-2.225976902  
3.667039128  
1.712672189  
-7.094709672  
-18.3159224  
-26.08865447  
-25.8240228  
-16.36076116  
-0.6035375529  
15.63968182  
26.09857136  
26.67155275  
17.09579907  
0.9590732253  
-15.89119523  
-27.78316382  
-31.40888749  
-26.84422389  
-17.05400468  
-6.235516843  
2.153994784  
6.762688368  
8.536421836  
9.765977479  
12.55998162  
17.54912414  
23.4622136  
27.74898859  
27.89806275  
22.7680403  
13.26580154  
2.04501686  
-7.61638267  
-13.2112412  
-14.00967993  
-11.22586023  
-7.308903829  
-4.735963742  
-4.897523703  
-7.586236337  
-11.28199877  
-14.03387233  
-14.46869651  
-12.42964711  
-8.965649514  
-5.731857082  
-4.147311692  
-4.750598113  
-7.057227372  
-9.941052914  
-12.28517219  
-13.52101515  
-13.76127898  
-13.4776514  
-12.9436779  
-11.8083407  
-9.102418948  
-3.739266845  
4.723561622  
15.48058469  
26.42158506  
34.76057863  
38.13763087  
35.70317131  
28.6430477  
19.8214021  
12.62102428  
9.459603895  
10.65661933  
14.21045514  
16.65363658  
14.65461322  
6.665036371  
-6.151223379  
-20.17678955  
-30.73268599  
-34.02631731  
-28.80517347  
-16.97316118  
-2.874982874  
8.453698715  
13.3126561  
10.76073669  
2.836804282  
-6.474600139  
-13.02558417  
-14.2120633  
-9.859991291  
-1.962504651  
6.501707549  
13.01880338  
16.5244483  
17.4752695  
17.06473486  
16.10254191  
14.25467283  
10.13875219  
2.286735366  
-9.525902812  
-23.35608149  
-35.21203005  
-40.36016221  
-35.34390245  
-19.80452809  
2.817343297  
26.17110098  
43.22821422  
48.95752486  
42.28267508  
26.43346739  
7.508325414  
-8.125916273  
-16.43142973  
-17.13016605  
-13.35109462  
-9.718275803  
-9.839772047  
-14.4323768  
-20.9953935  
-25.18059073  
-23.16493685  
-13.83121789  
0.3559105086  
14.25335342  
22.32056319  
21.1847059  
11.23858501  
-3.520867339  
-17.3501444  
-25.41476049  
-25.94651078  
-20.84746138  
-14.45252161  
-11.08363186  
-12.64154031  
-17.48005396  
-21.17768173  
-18.86915783  
-7.992281027  
9.948728078  
29.56219142  
43.71862765  
46.72303329  
37.02202036  
18.13010273  
-2.727225341  
-17.67940661  
-21.59269879  
-14.20972051  
-0.06301292264  
13.77577951  
21.03212704  
19.07052125  
9.914886978  
-0.9938073962  
-7.65643078  
-6.57517933  
1.482155141  
11.86784457  
18.39339131  
16.47595298  
5.551585683  
-10.4342928  
-24.72672035  
-30.86879863  
-25.75951111  
-11.22078183  
6.671123128  
20.19739032  
23.36549171  
14.51756158  
-2.971551709  
-22.1754491  
-35.57055307  
-38.13696885  
-29.27681559  
-12.80652461  
4.842352275  
17.32508839  
20.79142834  
15.04598855  
3.139272795  
-10.23114465  
-20.68324348  
