-21.50414858  
-39.89630154  
-55.47697756  
-62.81288281  
-58.73487224  
-43.28396199  
-19.50386002  
7.694249642  
33.05624266  
52.32192471  
63.01520948  
64.63495937  
58.42471821  
46.94955102  
33.6025333  
22.02361609  
15.36330181  
15.42588492  
21.91927283  
32.17479768  
41.65613851  
45.29678631  
39.31101768  
22.79968155  
-1.572426449  
-28.23990098  
-50.59610807  
-63.34273849  
-64.34648117  
-55.19109857  
-40.18080965  
-24.27117406  
-10.91335869  
-0.8489474021  
7.577151434  
16.78127308  
27.8722158  
39.29608636  
47.01648755  
46.28070646  
34.17488524  
11.68235025  
-15.89993963  
-40.59795945  
-54.86317683  
-54.78198137  
-41.87910565  
-22.58182628  
-5.470031502  
2.506472273  
-0.8696422026  
-12.11642446  
-23.71975389  
-27.71470218  
-19.549922  
-0.4379622519  
22.93674344  
41.27544031  
46.82792933  
36.98341578  
15.65499834  
-8.195045556  
-24.26229586  
-25.2283925  
-9.839604998  
16.56069324  
44.22009119  
62.90176245  
65.87423301  
52.35899706  
27.56346067  
0.4696356741  
-19.57107548  
-26.03524025  
-17.07461313  
4.43571262  
32.34116982  
59.34164699  
78.95669813  
86.77688208  
80.91286219  
61.89695981  
32.37341252  
-3.250043759  
-39.25478987  
-69.36665045  
-87.92184958  
-91.28589972  
-79.08462358  
-54.6992389  
-24.64749199  
3.120002062  
21.51676056  
26.42387918  
17.84017002  
-0.3315497928  
-21.74497818  
-39.73904877  
-49.34481346  
-48.508231  
-38.23797293  
-21.8249918  
-3.582323093  
12.38629991  
23.04044364  
26.78927804  
23.52158244  
14.44770025  
1.843592172  
-11.33395077  
-22.03407414  
-27.89353783  
-28.02718127  
-23.4981904  
-17.14130977  
-12.62121842  
-12.95491642  
-19.04801643  
-28.91092178  
-38.03201845  
-40.92862683  
-33.36555297  
-14.3612774  
12.90606338  
41.79302242  
64.33948717  
74.09981451  
68.54899692  
50.07960033  
25.14650747  
1.860010452  
-13.0408576  
-16.64522794  
-10.79730016  
-1.146228701  
5.280654305  
3.008954442  
-9.59806316  
-29.57176432  
-50.3566747  
-64.19874951  
-64.99098973  
-50.52981108  
-23.39162901  
9.83473673  
40.63501414  
61.2173096  
66.81823757  
56.94214182  
35.21306621  
8.002897021  
-17.61958572  
-35.90138315  
-43.75068185  
-41.07888511  
-30.18283133  
-14.5397445  
2.453474352  
18.32334608  
31.71074298  
41.99354443  
48.67789278  
50.98130461  
47.90301756  
38.80048967  
24.18654037  
6.286380925  
-11.06133299  
-23.30718983  
-26.66510611  
-19.60678674  
-3.730216875  
16.45373428  
34.84885875  
45.77880982  
45.91585547  
35.37833704  
17.56181613  
-2.214023739  
-18.67498808  
-28.372992  
-30.5841259  
-27.04217948  
-20.74341412  
-14.44192514  
-9.540451302  
-5.830990174  
-2.098239213  
2.82524646  
9.151792586  
15.86406077  
21.19678253  
23.59177893  
22.59777828  
19.22270491  
15.54223234  
13.7618331  
15.21184913  
19.78279743  
26.06194707  
32.05613218  
36.07517332  
37.28094666  
35.61521828  
31.19705778  
23.6160322  
11.64970002  
-6.274013337  
-30.96867894  
-61.25740842  
-93.31861319  
-121.1349607  
-138.0867007  
-139.1643286  
-122.9066086  
-92.20149251  
-53.53008944  
-14.90161849  
16.69223585  
37.26095402  
46.45827301  
46.72902371  
41.4962704  
33.34611338  
23.1179334  
10.30594038  
-5.529039011  
-23.19746609  
-39.15014109  
-48.17475602  
-45.38685788  
-28.67584675  
-0.4221606176  
32.47382102  
60.50860766  
74.81731341  
70.47269117  
48.47197441  
15.54293206  
-18.20324664  
-42.84796425  
-52.0504002  
-44.93220459  
-25.82044636  
-2.112988233  
18.71817402  
31.70533141  
35.5672776  
32.22015068  
25.10216319  
17.26459208  
10.16308208  
3.626256298  
-3.169563951  
-10.40197312  
-16.79613136  
-19.82814433  
-16.89859125  
-6.896510197  
8.669087444  
25.62872142  
38.3636219  
41.84114306  
33.6446175  
15.13727751  
-8.749906274  
-31.05023903  
-45.03066216  
-46.34968277  
-34.35089088  
-12.11387155  
14.63093857  
39.24613567  
55.97744032  
61.29019304  
54.50848867  
37.76819181  
15.44204689  
-6.78826723  
-23.08647284  
-28.73738246  
-21.38289058  
-1.937645725  
25.17111119  
52.7339917  
72.49644875  
77.55341639  
64.6945494  
35.84671022  
-2.048165781  
-38.87581207  
-64.42320183  
-71.66473687  
-59.08381417  
-31.14947847  
3.256511887  
33.89046544  
52.53448522  
55.46759196  
44.15609862  
24.03103717  
1.981409509  
-16.33696136  
-28.28753767  
-34.50942034  
-37.72466522  
-40.79858804  
-45.02934773  
-49.46367  
-51.5074169  
-48.47422608  
-39.28587025  
-25.48108165  
-11.02393704  
-0.9549719713  
0.5546913981  
-8.06819303  
-24.9977511  
-45.44462418  
-63.13821863  
-72.27614974  
-69.23990948  
-53.53254701  
-27.7346944  
3.367805844  
34.09983134  
59.22728225  
74.98094309  
79.62944537  
73.5974074  
59.1978376  
40.05605128  
20.30498319  
3.667079287  
-7.394252982  
-12.21708896  
-11.9666862  
-9.072203598  
-6.217558282  
-5.241463167  
-6.384253409  
-8.221596499  
-8.351286662  
-4.56930525  
3.96861483  
16.12533721  
29.00562455  
38.95607849  
42.91891551  
39.55269273  
29.64308413  
15.65926018  
0.7138587886  
-12.55527558  
-22.65857739  
-29.22903531  
-32.43323993  
-32.26729543  
-28.24582648  
-19.7572848  
-6.94552137  
8.396793019  
22.55845568  
30.66830175  
28.39325983  
13.95254235  
-10.46414733  
-38.66621202  
-62.08112359  
-72.56851569  
-65.39196533  
-41.14354321  
-5.775192432  
31.35959772  
60.72713734  
75.83295881  
75.175376  
62.20438601  
43.40526694  
25.40447605  
12.36974584  
4.783495894  
0.01198073661  
-5.728936992  
-15.01715161  
-27.61551121  
-40.35702726  
-48.55250834  
-48.23456053  
-38.17436864  
-20.72059126  
-1.056237272  
14.81317845  
22.46205294  
20.79637729  
12.40896779  
2.40664129  
-3.774660943  
-2.640055304  
5.938567097  
18.6915705  
30.28095972  
35.42040216  
30.9395752  
17.02089341  
-2.803336434  
-22.82198204  
-37.00917067  
-40.91040691  
-32.94548504  
-14.77691213  
9.277191458  
33.52173897  
52.43402799  
62.04869259  
60.84446602  
49.9626911  
32.76017911  
13.84991076  
-2.115958162  
-11.6169471  
-13.10767723  
-7.332421067  
2.952370079  
13.75799917  
20.92467583  
21.1776186  
12.91331459  
-3.450146285  
-25.59213276  
-49.79005167  
-71.6501406  
-86.91397171  
-92.22717305  
-85.79409963  
-67.85472358  
-40.89335356  
-9.466069129  
20.45114193  
42.59419211  
51.86130822  
45.74280793  
25.28554076  
-4.810060082  
-37.14787485  
-63.50123893  
-77.09164056  
-74.57986535  
-57.09032594  
-29.87133741  
-0.6456972789  
22.83002875  
35.18223897  
34.98625121  
24.95216619  
10.69434361  
-1.438661871  
-6.665323072  
-3.366907955  
6.570639954  
18.73113831  
28.02343641  
30.67248365  
25.58577894  
14.61918936  
1.717058006  
-8.660105068  
-13.16251233  
-10.60687217  
-2.119138239  
9.578892447  
21.34272592  
30.7036453  
36.46464913  
38.65226514  
38.00039372  
35.33906204  
31.24548936  
26.11199183  
20.50063412  
15.45867392  
12.46397621  
12.87948894  
17.11163039  
23.9237556  
30.38949994  
32.73383075  
27.88157921  
15.11239022  
-2.969919246  
-20.77242759  
-31.46688868  
-29.6302749  
-13.75330609  
12.49252178  
40.93235237  
61.4561069  
65.61059465  
49.84942497  
17.12195132  
-23.90628409  
-61.77298517  
-86.17981878  
-91.46728979  
-78.2794382  
-52.84605914  
-24.28466276  
-1.105722393  
11.64561094  
13.5414776  
7.949246325  
-0.1720598885  
-6.725482242  
-10.05874996  
-11.07217694  
-12.00495414  
-14.67871809  
-19.18131099  
-23.68112151  
-25.44329008  
-22.48233986  
-14.96005717  
-5.559620022  
1.421567741  
1.886560881  
