26.01580437  
29.81108124  
28.81344605  
23.60261957  
16.0888535  
8.520690985  
2.496794271  
-1.590244619  
-4.478517977  
-7.429180631  
-11.4205931  
-16.54657199  
-21.90220089  
-25.99713807  
-27.48471386  
-25.84940639  
-21.71971809  
-16.65057467  
-12.46733196  
-10.46611429  
-10.83423179  
-12.55796621  
-13.86854371  
-13.03753935  
-9.176091878  
-2.687393959  
4.829165447  
11.18773386  
14.48268649  
13.84648605  
9.780532132  
3.926916637  
-1.611429659  
-5.104011094  
-5.823666767  
-4.217723714  
-1.571102811  
0.6614238105  
1.535780817  
1.000518554  
-0.182106039  
-0.9158182608  
-0.4007570667  
1.405714666  
3.732350295  
5.37588098  
5.335293419  
3.378544799  
0.2431822923  
-2.656741428  
-3.903048781  
-2.812699099  
0.1216832312  
3.333101689  
4.816322513  
3.032595626  
-2.329508494  
-10.10509148  
-18.06121107  
-23.80660014  
-25.80637964  
-24.04183363  
-20.00549152  
-16.01965731  
-14.17828211  
-15.38881306  
-18.95036482  
-22.86080657  
-24.71245726  
-22.76808053  
-16.73100088  
-7.870661406  
1.533912578  
9.159573526  
13.56517288  
14.67067778  
13.60976498  
12.07826347  
11.52593268  
12.58348576  
14.96612663  
17.83488536  
20.36399512  
22.17706443  
23.41500995  
24.42645457  
25.29982656  
25.55864091  
24.25740729  
20.48715302  
14.04604596  
5.895255829  
-1.915869496  
-6.923880689  
-7.281273523  
-2.681201864  
5.288153536  
13.59554318  
18.89634675  
18.8841796  
13.2770001  
3.988940016  
-5.610854979  
-12.04639416  
-13.11342213  
-8.701794126  
-0.7286836255  
7.75132047  
13.83557489  
15.88617258  
14.00339865  
9.715430429  
5.102030495  
1.807304568  
0.4031638486  
0.3539584935  
0.5199729517  
-0.1181096356  
-1.908441447  
-4.417598397  
-6.773522297  
-8.232490789  
-8.635215372  
-8.495481961  
-8.679357603  
-9.862668644  
-12.07790389  
-14.61325552  
-16.33582152  
-16.27859132  
-14.18355921  
-10.70650469  
-7.158657992  
-4.898456358  
-4.669824225  
-6.218114013  
-8.38288016  
-9.633403646  
-8.796510889  
-5.631833195  
-0.9830630928  
3.564659701  
6.360981592  
6.392474708  
3.702436518  
-0.6398126229  
-4.982406081  
-7.736862784  
-7.952333085  
-5.604574935  
-1.529630096  
2.919975564  
6.330977839  
7.631326556  
6.337742392  
2.629941535  
-2.715630254  
-8.491507179  
-13.30184144  
-15.86930826  
-15.37193317  
-11.7288303  
-5.719215767  
1.164574322  
7.14394682  
10.74763171  
11.35103065  
9.42022673  
6.315697683  
3.698615835  
2.776577535  
3.729067775  
5.599705929  
6.742054249  
5.643177479  
1.750838196  
-4.100708154  
-9.905361625  
-13.28571476  
-12.5391503  
-7.452675762  
0.5044550486  
8.724604851  
14.51573787  
16.19729249  
13.74538431  
8.702240812  
3.407825367  
-0.07508649792  
-0.8370995644  
0.5953950313  
2.670824202  
3.678847352  
2.625254431  
-0.3153654807  
-3.970043817  
-6.838606701  
-7.892234161  
-7.073470962  
-5.241199141  
-3.605873049  
-2.974675217  
-3.231098852  
-3.351169806  
-1.972485191  
1.770686946  
7.592629679  
13.9576326  
18.64178212  
19.72135474  
16.51926198  
10.03534815  
2.61665568  
-3.014808196  
-4.944087119  
-2.908533185  
1.594066021  
5.994528989  
7.826644932  
5.848595736  
0.5984185964  
-5.863773173  
-10.89773117  
-12.46805418  
-10.03028998  
-4.72621412  
1.177803888  
5.330356359  
6.327853182  
4.279058595  
0.6692952604  
-2.383908917  
-3.126736021  
-0.9662591685  
3.270212079  
7.702013588  
10.20520631  
9.309274481  
4.813562553  
-2.104077007  
-9.298122523  
-14.40195551  
-15.6248438  
-12.32913643  
-5.223293905  
3.854469771  
12.46509691  
18.24391459  
19.53905444  
15.85543252  
7.997631663  
-2.127960743  
-12.01194655  
-19.22096929  
-22.071882  
-20.09666272  
-14.14177665  
-6.056701484  
1.927679468  
7.910719756  
10.86251271  
10.7980427  
8.542886302  
5.223095293  
1.729338348  
-1.59314783  
-4.896000357  
-8.472507761  
-12.30929544  
-15.81239405  
-17.89330004  
-17.41438697  
-13.79712273  
-7.487504457  
-0.01407603359  
6.448579762  
9.864196497  
9.142880981  
4.616397364  
-2.042000433  
-8.434953689  
-12.3404534  
-12.51710983  
-9.08777363  
-3.369334139  
2.737473259  
7.50267472  
9.935349187  
9.954191668  
8.156218131  
5.368563535  
2.246914971  
-0.8795199488  
-3.879936278  
-6.546074313  
-8.388662989  
-8.68187806  
-6.779499933  
-2.552939689  
3.299645323  
9.290704806  
13.58753585  
14.71747379  
12.23567542  
7.040063211  
1.152343056  
-2.987738881  
-3.448426922  
0.4215835668  
7.694362536  
16.16425362  
23.13136591  
26.35627239  
24.81872754  
19.00720885  
10.66392823  
2.121582642  
-4.493136485  
-7.8973735  
-7.934732216  
-5.461020555  
-1.935069137  
1.103154448  
2.48695759  
1.691829503  
-1.114372293  
-5.204466316  
-9.537582291  
-13.04328949  
-14.88207867  
-14.63472232  
-12.38556874  
-8.68132107  
-4.37272574  
-0.3808237641  
2.541303914  
3.973523298  
3.868309615  
2.465036781  
0.1352510598  
-2.755692533  
-5.900023847  
-8.997828087  
-11.66011098  
-13.36015696  
-13.51355134  
-11.69689636  
-7.922046156  
-2.818303231  
2.416776754  
6.347132848  
7.820771242  
6.477797165  
3.00294361  
-1.037922893  
-3.764055732  
-3.745551396  
-0.647779739  
4.545570519  
9.867485771  
13.15648263  
12.98254897  
9.309970788  
3.590494695  
-1.784232722  
-4.461588012  
-3.132290855  
1.870674271  
8.644299451  
14.44024319  
16.74421671  
14.26092204  
7.399151769  
-1.930502827  
-11.09915044  
-17.77713256  
-20.75568677  
-20.24704903  
-17.57838282  
-14.45906914  
-12.17314188  
-11.05648597  
-10.46841332  
-9.233497481  
-6.320759181  
-1.433827855  
4.756897664  
10.83660541  
15.21303543  
16.77147058  
15.33334538  
11.72999972  
7.472128475  
4.163068805  
2.898945278  
3.888970564  
6.428521709  
9.213871847  
10.86020711  
10.42198511  
7.729321471  
3.434579602  
-1.229354278  
-4.880935307  
-6.457990922  
-5.565472035  
-2.592576821  
1.434004791  
5.207796243  
7.589372428  
7.987925439  
6.541209683  
4.023319889  
1.507617412  
-0.0918398226  
-0.4193149155  
0.1542653972  
0.6821994248  
0.07083197309  
-2.380568615  
-6.562825056  
-11.46534234  
-15.48789738  
-17.05940675  
-15.31932148  
-10.56489684  
-4.24424939  
1.541903534  
4.852121533  
4.700683719  
1.493894059  
-3.10028247  
-6.818882112  
-7.740411741  
-5.096875723  
0.3911104371  
6.808745196  
11.85190789  
13.79772824  
12.22111642  
8.14687798  
3.575502386  
0.5962166628  
0.4805767288  
3.1526275  
7.257629633  
10.78176721  
11.93315952  
9.888649418  
5.087223052  
-1.033140395  
-6.703890925  
-10.57634629  
-12.21474995  
-12.13503664  
-11.41635965  
-11.10899321  
-11.73820334  
-13.12971843  
-14.60334903  
-15.3926033  
-15.0451074  
-13.59121789  
-11.41195856  
-8.91313265  
-6.222743839  
-3.113905615  
0.7785301739  
5.559900718  
10.73597601  
15.17011379  
17.43712312  
16.46087222  
12.14609358  
5.670362251  
-0.771746102  
-4.734944722  
-4.508576801  
0.1053611296  
7.59030433  
15.22269293  
20.10982183  
20.33290289  
15.70855113  
7.838040325  
-0.5778779721  
-6.859647458  
-9.417910982  
-8.315293897  
-5.099770005  
-2.017237748  
-0.9805983922  
-2.763448742  
-6.759415626  
-11.37241057  
-14.8107409  
-15.88858009  
-14.46565383  
-11.35771449  
-7.820426655  
-4.911524783  
-3.07188541  
-2.124883573  
-1.650677284  
-1.480262639  
-1.982865161  
-3.93152895  
-7.970678012  
-13.9520978  
-20.52319607  
-25.27202337  
-25.4825707  
-19.24671888  
-6.463299542  
10.75400024  
28.52298276  
42.3998363  
48.91408933  
46.82966007  
37.6151122  
24.91520881  
13.21933379  
6.248651412  
5.690917015  
10.7590669  
