-7.285228736  
-19.68466228  
-32.51891721  
-43.15144436  
-49.45246706  
-50.56581951  
-47.0851495  
-40.58992859  
-32.80829932  
-24.84869536  
-16.8823447  
-8.407088057  
1.09278433  
11.48358311  
21.7063869  
30.0646694  
34.94496481  
35.60008284  
32.5796505  
27.56623113  
22.67735417  
19.56600626  
18.7548831  
19.5186703  
20.35115496  
19.76166447  
16.99308925  
12.31172382  
6.758024714  
1.530948309  
-2.637622644  
-5.776712172  
-8.494731043  
-11.4500057  
-14.79615861  
-17.938447  
-19.76061057  
-19.21529261  
-15.9562991  
-10.65327468  
-4.787742044  
-0.006399867784  
2.648416671  
3.230548311  
2.835846677  
3.011583701  
4.921338285  
8.690293396  
13.27239124  
16.91592523  
17.99838993  
15.81000262  
10.89106327  
4.755754525  
-0.8499245679  
-4.772811407  
-6.937638641  
-8.252130928  
-9.992927938  
-13.00256113  
-17.12191926  
-21.15786709  
-23.40672264  
-22.46994592  
-17.95124172  
-10.69147853  
-2.43570461  
4.887390087  
9.911932782  
12.25275001  
12.42967654  
11.39350479  
9.943972092  
8.358476159  
6.40660221  
3.695558366  
0.1070249454  
-3.955319706  
-7.663436267  
-10.15382475  
-10.97517627  
-10.32471296  
-8.924028461  
-7.599808973  
-6.816176666  
-6.446874617  
-5.943506368  
-4.821924312  
-3.180188849  
-1.907540559  
-2.385292156  
-5.759402965  
-12.12964416  
-20.10813911  
-27.06702972  
-30.0753459  
-27.16409811  
-18.3455954  
-5.867011945  
6.503702946  
14.92032257  
17.03172774  
12.99177539  
5.432599973  
-1.622524543  
-4.459761086  
-1.260745365  
7.108930642  
17.44734038  
25.54534588  
27.92693319  
23.27030615  
12.93748829  
0.4314890822  
-9.952388523  
-14.71054713  
-12.32924911  
-3.683320009  
8.430716565  
20.36083876  
28.81659497  
31.80457754  
29.02559516  
21.70988903  
12.05638172  
2.524812625  
-4.794365548  
-8.595859415  
-8.519122556  
-5.077618055  
0.5860524085  
7.048071137  
12.97441455  
17.42355171  
19.99669074  
20.78910292  
20.16661596  
18.46856134  
15.78260985  
11.91354804  
6.578734768  
-0.2592895116  
-8.100342511  
-15.83788135  
-22.00180669  
-25.24777587  
-24.88824774  
-21.21463023  
-15.43640105  
-9.23708431  
-4.131360531  
-0.912181155  
0.5591863839  
1.128427934  
1.810474954  
3.213188411  
5.215665579  
7.060811097  
7.807539606  
6.897777311  
4.529676005  
1.624669027  
-0.6143827691  
-1.340400427  
-0.5691073361  
0.7153468353  
0.9354953745  
-1.383188834  
-6.914151063  
-15.15615653  
-24.55516545  
-33.05920497  
-38.84472924  
-40.88867803  
-39.154596  
-34.36294172  
-27.51666642  
-19.45440131  
-10.65604067  
-1.366108872  
8.086483625  
17.00160037  
24.26285974  
28.60372042  
29.07740902  
25.50221722  
18.65326965  
10.09021635  
1.685493721  
-4.943347737  
-8.858459314  
-9.92932862  
-8.6588193  
-5.844087211  
-2.26173728  
1.48182953  
4.915270879  
7.579268065  
8.961002432  
8.584544603  
6.243450133  
2.250711075  
-2.461989039  
-6.510964173  
-8.480889556  
-7.453031647  
-3.421416714  
2.59248803  
8.797347572  
13.17792268  
14.1298402  
10.95402832  
4.049164095  
-5.23695174  
-15.01107453  
-23.33678461  
-28.67592611  
-30.16501475  
-27.69449562  
-21.81842756  
-13.55093943  
-4.109977352  
5.336102655  
13.86744252  
20.91327426  
26.22848442  
29.76281927  
31.48770519  
31.28140438  
28.96080919  
24.4814322  
18.22550323  
11.2147906  
5.072582341  
1.648214126  
2.379092776  
7.629355656  
16.31715502  
26.07079368  
33.94246471  
37.44845004  
35.51720114  
28.91974529  
19.95324543  
11.47495416  
5.69101956  
3.240432054  
2.999743526  
2.711794214  
0.1537213977  
-5.702665607  
-14.09354723  
-22.72139857  
-28.75595607  
-30.10488188  
-26.35349676  
-18.93514123  
-10.4721405  
-3.630067511  
-0.05408748726  
0.1078355234  
-2.092514325  
-5.254965556  
-8.535396837  
-12.09167791  
-16.82714634  
-23.58821368  
-32.29112746  
-41.51251919  
-48.8414516  
-51.87329045  
-49.35673644  
-41.88094073  
-31.69884656  
-21.72064799  
-14.15965814  
-9.525400931  
-6.512623874  
-2.884801158  
3.077444774  
11.3251379  
19.69675683  
24.75942642  
23.50489103  
15.09067203  
1.720440002  
-11.88024986  
-20.27811797  
-19.67388803  
-9.702093166  
6.188183575  
22.0236027  
31.75408061  
31.79517443  
22.5378896  
8.153143753  
-5.216463869  
-12.06589799  
-9.782674649  
0.4192685115  
14.23832427  
26.29351404  
32.46073254  
31.50302424  
25.33759458  
17.92586764  
13.37812731  
14.15677387  
20.13980692  
28.85729294  
36.67653879  
40.33279589  
38.13623769  
30.41704173  
19.15502428  
7.078626312  
-3.328547926  
-10.54122877  
-14.25433073  
-15.23354256  
-14.91307547  
-14.90465512  
-16.5198057  
-20.35849816  
-26.02184634  
-32.05062178  
-36.20410845  
-36.12007872  
-30.22716572  
-18.59483637  
-3.316313195  
11.87587434  
22.76873283  
26.23441447  
21.56750844  
10.95748345  
-1.226270795  
-10.14391274  
-12.50879607  
-8.034137501  
0.3937059479  
7.96576376  
10.1206023  
4.672300583  
-7.088459447  
-20.86264556  
-31.20312406  
-33.93197354  
-27.99825457  
-15.90553017  
-2.501665649  
7.302654879  
10.80776935  
8.711038056  
4.641027826  
3.264068049  
7.873088766  
18.61742287  
32.22945475  
43.39069708  
47.10305237  
40.9581006  
26.25446082  
7.461202854  
-9.698629317  
-20.64315552  
-23.71299572  
-20.57086622  
-15.11811527  
-11.51096897  
-12.23505491  
-17.1082332  
-23.59065036  
-28.14945428  
-27.95718861  
-22.11265741  
-11.8731508  
0.09463692957  
10.97326079  
18.89980723  
23.412474  
25.12577325  
24.93554616  
23.27005702  
19.82684302  
13.92251579  
5.218982003  
-5.629436854  
-16.82302707  
-25.90220701  
-30.66505052  
-30.07001641  
-24.67153327  
-16.36922506  
-7.594106898  
-0.3333095268  
4.540076202  
7.335912096  
9.035742321  
10.5159237  
11.94010405  
12.64487895  
11.56495627  
7.947092957  
1.945106247  
-5.251332901  
-11.8528202  
-16.26766983  
-17.85501794  
-17.23535316  
-15.97279664  
-15.7592188  
-17.48678449  
-20.66917631  
-23.51864121  
-23.68215964  
-19.32577326  
-10.0837622  
2.565041688  
15.68548344  
25.90034434  
30.62280512  
29.00999745  
22.26080666  
13.15452547  
5.029257125  
0.6078688472  
1.112825319  
5.973123345  
13.18157226  
20.11759514  
24.49735433  
25.10278604  
22.05724437  
16.60424263  
10.52780364  
5.466005804  
2.377994184  
1.341381564  
1.715497768  
2.565408601  
3.147409216  
3.245864807  
3.218925169  
3.738097718  
5.338724751  
7.989890372  
10.89859444  
12.67820018  
11.86081473  
7.574969936  
0.1102185194  
-8.900596767  
-16.82603929  
-20.84841678  
-18.98426934  
-10.93461449  
1.58558262  
15.22021598  
25.96978578  
30.49059237  
27.23564339  
17.01299759  
2.73716134  
-11.55556866  
-22.08127092  
-26.57341634  
-24.97614404  
-19.31310649  
-12.78932051  
-8.47269248  
-8.064220513  
-11.23372139  
-15.78541065  
-18.59866728  
-16.9870603  
-9.944665195  
1.223793347  
13.17114845  
21.61680084  
22.90957342  
15.46188761  
0.4974853174  
-18.20648933  
-35.52687509  
-46.72999857  
-49.0972465  
-42.83076592  
-30.89418685  
-17.85092588  
-8.149441356  
-4.516721102  
-7.069096207  
-13.45366137  
-19.91561085  
-22.82317679  
-20.02063319  
-11.48931539  
0.8832217053  
14.23631389  
25.9022022  
34.28008514  
39.08224417  
40.943097  
40.69098952  
38.71984427  
34.80793811  
28.46390792  
19.57829184  
8.979703446  
-1.468307467  
-9.359314468  
-12.63880814  
-10.486798  
-3.747801469  
5.329765493  
13.95465518  
19.86831368  
22.14027654  
21.32114045  
18.90456992  
16.38638234  
14.40412793  
12.39156014  
8.919121659  
