21.57414855  
14.16831025  
2.524089744  
-10.1389128  
-19.99180485  
-24.05967498  
-21.41878703  
-13.56372346  
-3.724981972  
4.597936908  
9.229391096  
10.27854212  
9.97712067  
11.42895552  
16.84664891  
26.13860461  
36.58688618  
43.86022426  
43.96181186  
35.22675015  
19.40496497  
1.248473913  
-13.29784145  
-19.54172053  
-16.03918952  
-5.227741334  
7.613000604  
16.62853778  
17.88240549  
10.97381009  
-0.9177457243  
-12.54359911  
-18.94176764  
-17.57452236  
-9.322164443  
2.041799048  
11.57706409  
15.2765282  
11.60531722  
1.867253527  
-10.64012884  
-22.17951154  
-30.07293306  
-33.49944182  
-33.34704592  
-31.3466685  
-29.02177956  
-26.99758564  
-24.95392801  
-22.13467373  
-18.04364336  
-12.8986643  
-7.592893549  
-3.21028857  
-0.3951130846  
1.050605827  
2.101389037  
3.993303463  
7.522052323  
12.51605096  
17.75803083  
21.40611839  
21.72573874  
17.80781082  
9.9707633  
-0.2985243336  
-10.80720262  
-19.3148036  
-24.14089348  
-24.54353712  
-20.80774979  
-14.0852606  
-6.073080975  
1.388292152  
6.736972051  
9.07547682  
8.440396089  
5.854921607  
3.08490278  
2.104727506  
4.407091533  
10.39809782  
19.1372972  
28.57516064  
36.24015912  
40.12044121  
39.37644378  
34.57758522  
27.36285009  
19.68979899  
13.02804605  
7.872434271  
3.785477421  
-0.09433660797  
-4.376128034  
-8.948573114  
-12.97372993  
-15.33718489  
-15.29502343  
-12.94494884  
-9.24536818  
-5.559261494  
-2.973479722  
-1.784407396  
-1.460623676  
-1.129993309  
-0.328330821  
0.4333649699  
-0.3318934786  
-4.422005825  
-12.88573822  
-25.09849501  
-38.50395377  
-49.26718151  
-53.64835938  
-49.52820303  
-37.39673408  
-20.32642002  
-2.899532916  
10.46523422  
17.07227728  
16.74447406  
11.57025497  
4.80163311  
-0.5339412797  
-2.672881738  
-1.408728447  
2.346990279  
7.361028689  
12.72898364  
18.0358959  
23.02519133  
27.09542319  
29.06069618  
27.45032191  
21.27735935  
10.87326763  
-1.734890867  
-13.2465727  
-20.24855556  
-20.63559616  
-14.61137644  
-4.73225677  
5.107135149  
11.32753319  
12.20033279  
8.532677834  
3.164778039  
-0.4842096238  
-0.1145046919  
4.344490292  
10.75728235  
15.91880806  
17.22584533  
14.03478997  
8.012952277  
2.298724288  
-0.1102955257  
2.073101212  
7.698169159  
13.67023853  
16.43330378  
13.70906699  
5.630035028  
-5.294323321  
-15.35622109  
-21.38093516  
-22.14906297  
-18.81164072  
-14.11421772  
-10.84835508  
-10.33670422  
-11.73562588  
-12.51989791  
-9.910166198  
-2.518480804  
8.634915629  
20.27935701  
28.19579331  
29.06824306  
22.01295564  
9.059442385  
-5.647814349  
-17.55804059  
-23.54608699  
-23.04266896  
-17.9870773  
-11.68783787  
-7.176565217  
-5.845446976  
-6.984277006  
-8.376713826  
-7.606908199  
-3.408247134  
3.601172413  
11.13015154  
16.24248055  
16.69072959  
11.9231198  
3.310306397  
-6.479088262  
-14.6313214  
-19.32187679  
-20.32476908  
-18.85995001  
-16.80306807  
-15.66474932  
-15.82638187  
-16.37543107  
-15.59268115  
-11.84728194  
-4.482859495  
5.703255047  
16.59711512  
25.46443268  
29.92036641  
28.7890097  
22.52775174  
13.07349496  
3.190483997  
-4.425267665  
-7.961166101  
-6.953988908  
-2.280906298  
4.27490373  
10.69487077  
15.38160388  
17.58251448  
17.46638112  
15.87164006  
13.85974889  
12.26059078  
11.37822312  
10.945569  
10.31147617  
8.756989443  
5.80096211  
1.380248733  
-4.141657152  
-10.10499794  
-15.73937372  
-20.31785609  
-23.23443443  
-24.01808061  
-22.33877325  
-18.06058213  
-11.35413456  
-2.820655822  
6.462145373  
15.05465763  
21.45254079  
24.4991436  
23.77099509  
19.77526246  
13.85190385  
7.783020533  
3.231468414  
1.207485834  
1.759426971  
4.001620438  
6.463244912  
7.621062845  
6.416766965  
2.577105058  
-3.356697066  
-10.26889282  
-16.86205735  
-22.0469296  
-25.19916016  
-26.22251137  
-25.43970292  
-23.38956397  
-20.62543578  
-17.58679174  
-14.56831347  
-11.76452664  
-9.338500442  
-7.46101198  
-6.287848681  
-5.878286882  
-6.093126698  
-6.532258041  
-6.569135611  
-5.50965836  
-2.851132439  
1.439852201  
6.74748397  
11.83601783  
15.13956966  
15.26404949  
11.54848227  
4.470790639  
-4.296780439  
-12.26916798  
-16.88704674  
-16.37516318  
-10.40511163  
-0.2934338414  
11.37031479  
21.55132249  
27.75504559  
28.80603571  
25.13847115  
18.51580229  
11.3233103  
5.73308973  
3.059998869  
3.510127263  
6.334913378  
10.23822675  
13.81774759  
15.87416154  
15.54778675  
12.35962579  
6.270260838  
-2.193721638  
-11.81433495  
-20.71529087  
-26.69553499  
-27.87096459  
-23.43805794  
-14.22877689  
-2.730643893  
7.568938077  
13.35575138  
12.74573513  
6.088182852  
-4.0795806  
-13.97310255  
-20.04204534  
-20.3710021  
-15.38866883  
-7.570177521  
-0.2708994207  
3.77095014  
3.575516484  
0.1950904708  
-3.969387538  
-6.436527966  
-5.849911082  
-2.522738613  
1.92575316  
5.615286028  
7.548720692  
8.220604343  
9.338613719  
12.78286308  
19.3526483  
27.99772555  
36.01271872  
40.18908165  
38.40842644  
30.88803536  
20.40576794  
11.29565714  
7.600524434  
11.20121894  
20.79610921  
32.23954992  
40.13364886  
39.99210535  
30.03486496  
11.84790444  
-10.33276772  
-31.33441431  
-46.96071738  
-55.27605859  
-56.7883929  
-53.60712511  
-48.120668  
-41.90091046  
-35.33926632  
-28.07928864  
-19.87355929  
-11.28897099  
-3.807698347  
0.7557899725  
1.193452139  
-2.349237006  
-8.273943017  
-14.18169452  
-17.96184826  
-18.74536798  
-17.20458166  
-15.0222933  
-13.80644393  
-14.04580841  
-14.70783518  
-13.75570968  
-9.365128651  
-1.213507964  
8.883100463  
17.4254603  
20.67861865  
16.4822685  
5.548911322  
-8.444087558  
-20.12400973  
-24.56122948  
-19.34261455  
-5.63328803  
12.2821977  
28.79750682  
39.32116396  
42.09923337  
38.70938325  
33.03003813  
29.19658907  
29.52176892  
33.36003909  
37.44019844  
37.49339078  
30.39661564  
15.81767764  
-3.409523746  
-22.35211517  
-35.99321016  
-41.2752697  
-38.2608913  
-29.92545912  
-20.72845015  
-14.65029964  
-13.58561894  
-16.77229745  
-21.42764886  
-24.2082922  
-22.76771378  
-16.70120336  
-7.511122714  
2.287431726  
10.40825088  
15.75488768  
18.66800304  
20.41708891  
22.27617382  
24.7067532  
27.07842053  
28.04911222  
26.37136834  
21.67100466  
14.76990691  
7.373483347  
1.283762963  
-2.449076304  
-3.988186117  
-4.535530434  
-5.603792535  
-8.10887244  
-11.76119446  
-15.09203878  
-16.13399125  
-13.43883155  
-6.930971845  
1.844194437  
10.23624144  
15.56145919  
16.24794632  
12.52415052  
6.326869618  
0.4650480702  
-2.580043366  
-1.674536775  
2.579134423  
8.23254987  
12.94411955  
15.02579078  
14.09179565  
11.03075928  
7.361621418  
4.33307096  
2.240902417  
0.3154120251  
-2.763281824  
-7.984824937  
-15.21515143  
-22.91010256  
-28.51927924  
-29.43808786  
-24.1057374  
-12.77337256  
2.39169102  
17.91484584  
30.089791  
36.10189842  
34.79350315  
26.8441047  
14.38447132  
0.2642327797  
-12.73132156  
-22.47723931  
-27.81426222  
-28.59174661  
-25.54067147  
-20.05667482  
-13.91986752  
-8.942213459  
-6.55256972  
-7.394993816  
-11.08132304  
-16.24300849  
-20.94242083  
-23.35219572  
-22.46522901  
-18.53933392  
-13.05673246  
-8.171102079  
-5.841499711  
-7.005575468  
-11.14503767  
-16.43636822  
-20.42881712  
-20.96690634  
-16.97861991  
-8.825700589  
1.883799472  
12.89043577  
22.00781568  
27.69480477  
29.31580774  
27.10007245  
21.9319353  
15.1192737  
8.207330008  
2.798224134  
0.2886020786  
1.489873436  
6.223365551  
13.09882372  
19.69622672  
23.23486697  
