-40.14223473  
-55.18472047  
-72.9724249  
-88.95505586  
-97.90068839  
-96.16611478  
-83.37640902  
-62.7211173  
-39.70498097  
-19.90444776  
-6.737164418  
-0.2456784012  
2.576333974  
6.093824805  
13.77518861  
26.41488541  
41.64156564  
54.92061976  
61.57989583  
58.93585278  
47.57142682  
31.21448198  
15.2937662  
4.817415259  
2.483906338  
7.789201382  
17.43524466  
26.7826321  
31.6838418  
29.93884321  
21.84781322  
9.763743828  
-3.034236503  
-13.59683633  
-20.17351058  
-22.43008163  
-21.07568966  
-17.20711098  
-11.74220945  
-5.195656293  
2.175059648  
10.02954372  
17.67411467  
24.06145107  
28.09272275  
29.07009404  
27.05184811  
22.89281298  
17.90572444  
13.27333506  
9.484600112  
6.087273026  
1.925319171  
-4.190143701  
-12.64642532  
-22.42149888  
-31.04492729  
-35.26247434  
-32.2368533  
-20.85255841  
-2.576139767  
18.56876792  
37.04217517  
47.56806829  
47.03656632  
35.7872246  
17.70361998  
-1.027776474  
-14.11274556  
-17.50539657  
-11.00820658  
1.551881226  
13.70310171  
18.77595936  
12.483881  
-5.373110299  
-30.75292258  
-56.81434789  
-76.36159207  
-84.30316855  
-79.16575714  
-63.14266751  
-40.80188808  
-17.14150301  
4.095384945  
21.14131982  
33.79006137  
42.26550262  
46.15118428  
44.09657962  
34.5675005  
17.2883809  
-5.442190521  
-28.44347212  
-44.81869022  
-48.34907063  
-36.18923505  
-10.63644153  
20.99126909  
48.57922149  
62.82612068  
58.83811067  
38.19680838  
8.545475476  
-19.25534946  
-35.32137511  
-34.59765199  
-18.78492711  
4.469862889  
24.79184101  
33.37293902  
26.56612832  
7.305349829  
-16.2031201  
-33.93297967  
-38.17976363  
-26.68840957  
-3.530626445  
22.54982043  
41.57293968  
46.11430887  
33.9662213  
8.721604416  
-21.78762893  
-48.43394435  
-63.90329494  
-64.82674575  
-52.30396868  
-30.87712462  
-6.581214121  
15.07642041  
30.49986861  
38.44329949  
39.62609793  
35.92180453  
29.54827795  
22.52109623  
16.39929333  
12.19472682  
10.30198561  
10.41372967  
11.51444114  
12.09504035  
10.64692193  
6.320889644  
-0.5255889948  
-8.205039473  
-14.17604326  
-16.02327428  
-12.57424237  
-4.650142421  
4.954294581  
12.36112839  
14.07674665  
8.453225747  
-3.489675612  
-18.27460609  
-31.17422798  
-37.94505098  
-36.37899522  
-27.03457495  
-12.86354739  
2.069091169  
14.18519051  
21.60921515  
24.49817447  
24.41565892  
23.13013061  
21.48044862  
18.89639917  
13.8249658  
4.849263326  
-8.073538765  
-22.91583851  
-35.84954132  
-42.45971674  
-39.42887133  
-25.97835231  
-4.434163103  
20.34651674  
42.47152221  
56.83644217  
60.57348452  
53.62480613  
38.34017331  
18.40319147  
-2.383586357  
-20.96716801  
-35.33902063  
-44.35809308  
-47.42527716  
-44.34093819  
-35.48170542  
-22.16313897  
-6.862305394  
7.011367904  
15.8952797  
17.19013952  
10.26410212  
-3.130112514  
-19.2831583  
-33.69577436  
-42.53846686  
-43.81935591  
-37.80260586  
-26.5641966  
-12.95802648  
0.4879446538  
12.2408383  
21.75476455  
28.9124596  
33.33068151  
34.00188579  
29.54207245  
18.96691421  
2.59850255  
-17.4068782  
-37.26998212  
-52.55214541  
-59.5190102  
-56.34797981  
-43.68171107  
-24.32111564  
-2.227345324  
18.72086482  
35.71407248  
47.4261259  
53.83882465  
55.72654088  
54.14167971  
50.13749915  
44.7478777  
39.05530917  
34.13495959  
30.78710165  
29.17275402  
28.61379178  
27.78875957  
25.35243457  
20.72734165  
14.63755964  
9.005150147  
6.124457947  
7.432014342  
12.48484025  
18.75986563  
22.54264417  
20.6256335  
12.05642703  
-0.9719703409  
-13.68155267  
-20.65215746  
-18.3625403  
-7.150359547  
8.440685843  
21.27387259  
24.62089971  
15.2567923  
-4.80192352  
-28.8304481  
-48.10534993  
-55.66895427  
-49.47197966  
-33.4294426  
-15.83127788  
-5.749456739  
-9.019970933  
-25.60172896  
-49.50690564  
-71.33425482  
-82.25262245  
-77.64270382  
-58.79455748  
-31.99384481  
-5.547364836  
13.77590421  
23.21889132  
24.36638636  
21.37095783  
18.14988494  
16.09208498  
13.48345422  
6.917196692  
-6.115688033  
-24.91200991  
-44.871342  
-58.97795548  
-60.86860046  
-48.03748214  
-23.56777637  
4.588698596  
26.61726632  
34.86434338  
27.08442609  
7.4241243  
-15.33289533  
-31.49744939  
-34.53175111  
-23.64778137  
-3.843564389  
16.56418381  
29.74452718  
31.77776966  
24.21731681  
13.18400363  
6.490574222  
10.12071678  
25.58693392  
49.22807885  
73.62511625  
90.43670788  
93.44960018  
80.6789957  
54.85228083  
22.2968274  
-9.183561882  
-32.61510406  
-43.62299321  
-41.26882913  
-27.92107116  
-8.368538297  
11.51691297  
26.26890177  
32.18797601  
28.30136774  
16.653278  
1.747437586  
-10.82497105  
-16.23856046  
-12.16780943  
0.2731142121  
16.84489659  
31.74626271  
39.87551359  
38.87752398  
30.07495723  
17.81764953  
7.470450355  
2.899285613  
4.594416202  
9.332292855  
11.60431476  
6.226402138  
-9.033283204  
-32.0271806  
-56.71225588  
-75.39975698  
-81.82110365  
-73.67016366  
-53.5078227  
-27.64389682  
-3.516814085  
13.24710078  
20.80084629  
21.25283508  
19.07380602  
18.56319717  
21.60253237  
26.74601329  
30.03553257  
27.1081619  
15.56387695  
-3.537939699  
-25.76379313  
-44.94262298  
-55.61947726  
-55.24089692  
-45.13206428  
-29.88179927  
-15.44944445  
-6.827977713  
-6.231804172  
-12.48525544  
-21.74172744  
-29.11369324  
-30.48177034  
-23.78188643  
-9.386634487  
10.3775054  
32.19966253  
52.75791444  
69.33890726  
80.01174357  
83.51007315  
79.08853939  
66.55817428  
46.5267219  
20.68729679  
-8.086605905  
-36.02493596  
-59.13705106  
-74.10270691  
-79.07726536  
-74.12387005  
-61.11711669  
-43.16156596  
-23.73912408  
-5.87648644  
8.416312319  
18.3153606  
23.99439946  
26.22778335  
25.9713254  
24.06101673  
21.08347021  
17.38312317  
13.12857111  
8.369568582  
3.064217515  
-2.893551743  
-9.595640359  
-16.9683786  
-24.5836753  
-31.53029379  
-36.46030063  
-37.88180276  
-34.663801  
-26.59870167  
-14.78588172  
-1.612846498  
9.768799791  
16.37577611  
16.44118671  
10.17990143  
-0.07500252564  
-10.50148156  
-17.01919188  
-16.69483162  
-8.783802977  
5.016870846  
21.22584479  
35.88876499  
46.00378807  
50.46361858  
50.12702497  
47.0274057  
43.1289191  
39.26065935  
34.78118865  
28.1694544  
18.26457499  
5.507908471  
-7.522152429  
-16.70681638  
-18.00146466  
-9.422391499  
7.516403185  
27.69600017  
43.86472182  
49.24162292  
40.24590013  
18.19892026  
-10.79878014  
-37.88694573  
-54.63478046  
-56.15880186  
-42.91919823  
-20.46873739  
2.744421034  
18.62850463  
22.44917143  
14.40615466  
-0.7822146904  
-16.03416228  
-24.86325693  
-23.93284761  
-14.22314988  
-0.4353750727  
11.03230344  
14.67128347  
7.996406047  
-7.540891617  
-27.1150151  
-44.26845687  
-53.15168737  
-50.47661729  
-36.56849737  
-15.24518062  
7.369423944  
24.69393637  
31.64409541  
26.13931064  
9.743616558  
-12.74926586  
-34.69454386  
-49.57303349  
-52.99521055  
-44.10705611  
-25.90762869  
-4.311164504  
13.79389304  
22.86186586  
20.58156698  
8.659048727  
-7.803139048  
-22.10473669  
-28.25263308  
-22.92031086  
-6.370816132  
17.90900377  
44.59716667  
68.30651989  
85.02395342  
92.75212066  
91.31385102  
81.66725728  
65.24482065  
43.69793627  
19.09387086  
-5.733114694  
-27.12751181  
-41.17389633  
-44.83184223  
-37.21078483  
-20.34753994  
1.024588129  
20.80872249  
33.54410846  
36.27135129  
29.45003177  
16.49608492  
2.118417117  
-9.809075651  
-17.87357959  
-23.49893732  
