9.189884083  
6.884033127  
8.784892123  
13.34737777  
18.32639123  
21.71266157  
22.35979887  
20.07004679  
15.22427492  
8.285545991  
-0.4572903978  
-10.72800547  
-21.80464591  
-32.12259242  
-39.32111563  
-40.8955189  
-35.26180111  
-22.74237924  
-5.92047043  
10.94897593  
23.34477925  
28.14420373  
24.80655397  
15.5083429  
4.13433306  
-5.423518302  
-10.85971429  
-12.18091774  
-11.22788763  
-10.26586067  
-10.40604628  
-10.73004072  
-8.647513324  
-1.379380973  
12.16052729  
30.08728341  
47.64471386  
58.81352811  
58.80110126  
46.2937116  
24.38336687  
-0.3542416367  
-20.31099452  
-29.78734226  
-27.1363879  
-15.1799065  
0.2417136778  
12.87106655  
18.56871746  
16.64842436  
9.503007105  
0.8583038446  
-6.356070053  
-11.39633003  
-15.66990955  
-21.37228784  
-29.60777503  
-39.0926998  
-46.24103319  
-46.70416125  
-37.64567536  
-19.59183454  
3.15851467  
23.90867348  
36.19378076  
36.49346174  
25.76764508  
9.077929381  
-6.559425293  
-15.1234557  
-14.01156112  
-4.873136146  
7.451220071  
17.30853076  
20.77402821  
17.18514332  
9.039451865  
0.4381471607  
-5.06581963  
-6.132080026  
-4.040900486  
-1.74864724  
-2.169163792  
-6.605500878  
-14.11516481  
-22.06360611  
-27.49637006  
-28.56246221  
-25.24768296  
-19.08976784  
-12.11494404  
-5.64727132  
0.3152685099  
6.806303096  
14.86108929  
24.36646512  
33.50095192  
39.17567113  
38.34971006  
29.60030517  
14.14469693  
-4.260799377  
-20.58471906  
-30.41831689  
-31.65734806  
-25.21208825  
-14.44719006  
-3.648211082  
3.752542515  
6.388902718  
5.127784947  
2.23783534  
0.0757671008  
-0.01508279074  
1.912508718  
4.818715124  
7.517852865  
9.387275491  
10.51103501  
11.20427619  
11.271989  
9.554673602  
4.179703579  
-6.467355384  
-22.49620079  
-41.68832563  
-59.68000361  
-71.27990946  
-72.46528988  
-62.18597497  
-43.09095321  
-20.71854615  
-1.38189531  
10.3874264  
13.71062269  
11.67177691  
9.864556936  
13.76731763  
26.09218589  
45.29825602  
65.96707445  
80.92185752  
84.19504915  
73.56697007  
51.5777407  
24.57899048  
0.2426935397  
-15.39922449  
-20.13004828  
-16.05281995  
-8.280807905  
-2.452497444  
-2.189717479  
-7.597056003  
-15.40535228  
-20.62583229  
-18.93044282  
-8.689281789  
8.216560467  
27.12688813  
42.52084941  
50.26534562  
49.2232782  
41.55666845  
31.63760401  
24.07257917  
21.70511291  
24.44269399  
29.38120229  
32.14144461  
28.82850745  
17.78175648  
0.3918033044  
-19.33640011  
-36.27569911  
-46.10539964  
-46.90299209  
-39.78841418  
-28.40962706  
-17.52206649  
-11.2519036  
-11.71713432  
-18.49238821  
-29.0387591  
-39.83767465  
-47.72510675  
-50.90418171  
-49.30648897  
-44.27277231  
-37.794959  
-31.69280206  
-27.05239713  
-24.07774585  
-22.29969696  
-20.94810704  
-19.2793946  
-16.74423256  
-13.01138751  
-7.950041168  
-1.667957967  
5.383255077  
12.32704347  
17.94294813  
20.99053766  
20.71904021  
17.35868218  
12.323507  
7.932282247  
6.653517109  
10.12050238  
18.31955351  
29.3383523  
39.85694068  
46.25112227  
45.8987363  
38.16602024  
24.66823255  
8.698562556  
-5.93034267  
-16.14979984  
-20.50174946  
-19.31195704  
-14.19823857  
-7.227209829  
-0.1461285731  
5.987887172  
10.713549  
13.7972604  
14.91104265  
13.60636374  
9.614422532  
3.265409672  
-4.295612133  
-11.33099821  
-16.1584799  
-17.93693504  
-17.16076825  
-15.52619793  
-15.13229634  
-17.3430887  
-21.86881958  
-26.58511999  
-28.28678043  
-24.11337023  
-13.01051559  
3.492613803  
21.63524426  
36.83123444  
45.53281558  
46.69222625  
42.10895164  
35.45673055  
30.41946965  
28.82111068  
29.6746164  
29.66160914  
24.86775589  
12.96661565  
-5.219172528  
-25.60195722  
-42.31602137  
-50.19321873  
-47.10177416  
-35.03186813  
-19.35346684  
-6.509521167  
-1.150344666  
-4.01093274  
-11.53054343  
-17.44145981  
-15.66004254  
-3.20797922  
18.14347822  
42.26335646  
60.9507378  
67.16367874  
57.82959208  
35.0800277  
5.445691189  
-22.58837827  
-41.6150684  
-47.70498734  
-41.30872953  
-26.48554981  
-8.974200807  
5.980802082  
15.1736562  
17.88805571  
15.33358247  
9.564427858  
2.490763658  
-4.604118328  
-10.9901817  
-16.12742281  
-19.39038797  
-20.12746387  
-18.02867437  
-13.53684355  
-7.969165441  
-3.166978739  
-0.769209009  
-1.451528111  
-4.54334861  
-8.273737381  
-10.58525705  
-10.1482603  
-7.076276283  
-2.963116384  
-0.1827183325  
-0.7601248004  
-5.346083326  
-12.79627506  
-20.57293111  
-25.79292987  
-26.4331478  
-22.12879936  
-14.20212464  
-4.935828007  
3.525995543  
10.09429386  
15.02057074  
19.43562136  
24.41569541  
30.09761551  
35.34357428  
38.17104412  
36.75848724  
30.51664474  
20.64668695  
9.837734427  
1.177116526  
-3.242893029  
-3.348535144  
-1.201811362  
-0.08315741543  
-2.909489995  
-10.6996554  
-21.82097437  
-32.42204599  
-37.92344583  
-34.94478397  
-22.82339069  
-4.040062787  
16.65670096  
34.05813005  
44.44877158  
46.86088701  
43.10793508  
36.63460534  
30.75638614  
27.12530757  
25.12945236  
22.47444679  
16.62385387  
6.362476472  
-7.310488042  
-21.42388482  
-32.32089676  
-37.37549726  
-36.29269072  
-31.32076971  
-26.21275442  
-24.38230098  
-27.11710222  
-32.73445356  
-37.16119536  
-35.76861026  
-25.68710961  
-7.548958791  
14.19606636  
32.65126315  
41.04728632  
35.48121934  
16.66285537  
-10.10533421  
-36.75864308  
-55.39549503  
-61.11882783  
-53.65063144  
-37.09684365  
-18.01684624  
-2.652525265  
5.503626662  
6.805240711  
4.818841054  
4.318887312  
8.846120779  
18.92339449  
31.70655235  
42.20474164  
45.52028538  
39.12447918  
24.18238208  
5.353266662  
-10.8598637  
-18.53936846  
-14.58110059  
0.1548668922  
21.19415536  
42.11775098  
56.86490981  
61.7738857  
56.61798867  
44.324772  
29.58992875  
16.99926261  
9.406136304  
7.147366493  
8.304917773  
9.799019179  
8.79779538  
3.856935849  
-4.632534566  
-14.79448534  
-24.19148467  
-30.88737291  
-34.19564802  
-34.82868813  
-34.43516469  
-34.77008896  
-36.87917811  
-40.6462151  
-44.87222207  
-47.81362411  
-47.91046807  
-44.37088518  
-37.36703549  
-27.79661278  
-16.77616351  
-5.156544069  
6.673561299  
18.5929384  
30.28214858  
40.77697683  
48.35781477  
50.94821682  
46.93858072  
36.10209298  
20.15620865  
2.61634496  
-12.13009878  
-20.2501739  
-19.84890521  
-11.72517077  
0.8654637711  
13.40537101  
21.81689354  
23.98279871  
20.44758135  
13.99744219  
8.295970449  
6.166108906  
8.272050509  
12.78683488  
16.2009197  
14.92373142  
6.976415873  
-6.971913285  
-23.68719846  
-38.54934092  
-47.32973922  
-47.81937  
-40.63612767  
-28.90329386  
-16.97385096  
-8.76269623  
-6.376067437  
-9.554700078  
-16.06796192  
-22.78918459  
-26.93103765  
-26.91858135  
-22.60708131  
-14.88424444  
-4.969893494  
6.180019644  
18.07384036  
30.44601695  
42.7865077  
53.97034614  
62.26515512  
65.79311906  
63.27902533  
54.74779852  
41.82499396  
27.44624485  
15.02834555  
7.385367144  
5.791538342  
9.546788261  
16.21691171  
22.46951091  
25.20888321  
22.60695047  
14.66837577  
3.137452061  
-9.210764932  
-19.6336534  
-26.44889655  
-29.64539718  
-30.8397339  
-32.57578575  
-37.21354723  
-45.82405283  
-57.5304884  
-69.59168352  
-78.25015376  
-80.06443787  
-73.2298582  
-58.36334996  
-38.41171087  
-17.68078199  
-0.3416234223  
11.00287266  
16.11562204  
16.96760758  
16.70291494  
18.17841232  
22.70989283  
29.56122238  
36.37812858  
40.34573415  
39.5305281  
33.79729234  
24.90250869  
