21.80811222  
10.4198585  
-2.772830071  
-13.02358274  
-16.67087983  
-12.50033128  
-2.172943416  
10.45433646  
20.84379331  
25.51475991  
23.30312362  
15.64804588  
5.825521314  
-2.507296381  
-6.811925676  
-6.573359729  
-3.255137211  
0.6121902473  
2.742168955  
2.171893464  
-0.3847189872  
-3.043015912  
-3.827824634  
-1.770823798  
2.529481402  
7.165936267  
9.86830294  
9.160004635  
5.139840485  
-0.5155825557  
-5.344499346  
-7.304074142  
-5.785823722  
-1.927356488  
1.952117875  
3.523920883  
1.647567422  
-3.017941327  
-8.321166862  
-11.71946491  
-11.63945772  
-8.407434657  
-4.245477171  
-2.277093135  
-4.980899502  
-12.83162143  
-23.81536156  
-34.11625459  
-39.71843288  
-38.21667366  
-29.99727042  
-18.21425454  
-7.525063489  
-2.119748214  
-3.910324306  
-11.68585152  
-21.60989952  
-28.84049595  
-29.55839951  
-22.52706253  
-9.535821784  
5.411958098  
17.75817218  
24.1508286  
23.57424179  
17.44897593  
8.783285756  
0.8520138235  
-3.981484166  
-4.842601776  
-2.209122373  
2.705144282  
8.635160309  
14.66500913  
20.22646333  
24.84070262  
27.8917709  
28.66577797  
26.68657078  
22.14938104  
16.14360829  
10.43599505  
6.821854206  
6.313139442  
8.57238193  
11.92476176  
14.01752181  
12.86827886  
7.825679637  
-0.02551867883  
-8.237479385  
-14.00696964  
-15.36675958  
-12.01551832  
-5.4103261  
1.902692175  
7.386767872  
9.517827659  
8.241564801  
4.720957169  
0.5708305879  
-2.983988467  
-5.582896434  
-7.619882502  
-9.667383799  
-11.81133437  
-13.32312524  
-12.9024602  
-9.396362341  
-2.613686397  
6.234162499  
14.76662603  
20.30119734  
20.97191068  
16.56019416  
8.613133145  
-0.2352339584  
-7.429108519  
-11.58137915  
-12.95695383  
-13.11381881  
-13.89046171  
-16.26208125  
-19.66279473  
-22.1416939  
-21.30159205  
-15.56529615  
-5.135902624  
7.847506126  
20.0668714  
28.35480811  
30.96991539  
28.21431713  
22.11044447  
15.31584041  
9.825549539  
6.109873877  
3.107454723  
-0.9413136536  
-7.264752837  
-15.58448454  
-23.9239373  
-29.34258081  
-29.27380885  
-22.83098963  
-11.44323084  
1.513788967  
11.95715215  
16.66630288  
14.49318351  
6.696046993  
-3.713041115  
-13.2720957  
-19.41911297  
-21.30165701  
-19.75014625  
-16.52504385  
-13.27572418  
-10.7431511  
-8.572759203  
-5.770359338  
-1.508169922  
4.174518322  
10.15691931  
14.630463  
15.9099352  
13.265845  
7.371893917  
0.1483302916  
-5.93604311  
-8.799072934  
-7.520824854  
-2.651024101  
4.044718884  
10.26011205  
13.95318499  
13.97919621  
10.35703562  
4.142324874  
-2.980237169  
-9.207186952  
-13.06858136  
-13.72841545  
-11.1085632  
-5.851581202  
0.8508639581  
7.539172374  
12.83859849  
15.81687084  
16.24885804  
14.68867847  
12.29470601  
10.44029395  
10.23410558  
12.12578219  
15.74881017  
20.06046522  
23.71359393  
25.50171352  
24.69835304  
21.17788241  
15.31914316  
7.796152891  
-0.6046915429  
-9.04948995  
-16.61541833  
-22.24735951  
-24.84296972  
-23.52789282  
-18.05699155  
-9.158041161  
1.398903184  
11.13958442  
17.58732791  
19.09695838  
15.48495699  
8.16475489  
-0.3191735305  
-7.210710457  
-10.56302464  
-9.947990495  
-6.560705438  
-2.673786623  
-0.6699686094  
-2.053070977  
-6.839602876  
-13.56359824  
-19.86799987  
-23.42058351  
-22.78071558  
-17.89192903  
-10.05058071  
-1.414962436  
5.718261309  
9.595627662  
9.434503951  
5.5142077  
-1.025431052  
-8.558936475  
-15.39561109  
-20.15261612  
-22.03041832  
-20.96319129  
-17.6207718  
-13.2403103  
-9.293845899  
-7.050215555  
-7.153835769  
-9.372493419  
-12.6354819  
-15.38589659  
-16.14226945  
-14.06284528  
-9.285550125  
-2.896965691  
3.464778579  
8.213250396  
10.37486868  
9.88631067  
7.527588002  
4.555899148  
2.227103879  
1.418153178  
2.484121831  
5.346857822  
9.692495922  
15.11783938  
21.12712185  
27.00327219  
31.6864494  
33.82369657  
32.07563737  
25.62200271  
14.66734662  
0.696511999  
-13.6990164  
-25.42994395  
-31.76683701  
-31.13884677  
-23.57948364  
-10.66629847  
4.992436235  
20.50055051  
33.36114082  
41.89399331  
45.32339207  
43.63234741  
37.35444405  
27.44138862  
15.23222286  
2.435796176  
-9.006812332  
-17.25411406  
-21.03593528  
-20.08541139  
-15.31238778  
-8.579392731  
-2.114920089  
2.224786058  
3.542934807  
2.090786443  
-1.012909228  
-4.382643538  
-6.991497194  
-8.523072536  
-9.302057196  
-9.878388967  
-10.52237842  
-10.9318471  
-10.3336309  
-7.939948137  
-3.514449972  
2.277048081  
7.958930294  
11.78464803  
12.48419432  
9.857056135  
4.905793935  
-0.5736198685  
-4.757029428  
-6.54211341  
-5.918402232  
-3.785944143  
-1.339459335  
0.6372967746  
2.171775445  
3.967259153  
6.795553696  
10.75585251  
14.84018405  
17.11339647  
15.50300605  
8.858698006  
-2.244800611  
-15.41272068  
-27.18256477  
-34.35285325  
-35.31374978  
-30.75962556  
-23.41831951  
-16.87180349  
-13.96839128  
-15.53204796  
-19.95798023  
-23.89346706  
-23.71796115  
-17.17700163  
-4.460301476  
11.73608242  
27.17269429  
37.62659937  
40.38800478  
35.10232688  
23.68513914  
9.447643229  
-4.121822006  
-14.39591732  
-20.10548093  
-21.23414529  
-18.52933692  
-12.97305587  
-5.489337704  
3.03759231  
11.56994073  
18.78697684  
23.20486545  
23.56238668  
19.30760628  
10.93274562  
-0.04061234177  
-11.45565442  
-21.13821145  
-27.47683065  
-29.73809218  
-28.0354194  
-23.04734878  
-15.68808235  
-6.915675755  
2.264669979  
10.69966466  
17.07306734  
20.11818953  
19.04770089  
14.0145034  
6.328729573  
-1.779721225  
-7.857254327  
-10.13855785  
-8.273073398  
-3.497969584  
1.88412401  
5.536927851  
6.181307859  
4.227329004  
1.615766023  
0.8975749887  
3.951342921  
10.93671468  
20.00224035  
27.93238843  
31.48235667  
28.81487189  
20.38455642  
8.851407593  
-1.959358048  
-8.601231725  
-9.374257929  
-4.922833253  
2.178294675  
8.630408481  
11.84361352  
10.95019716  
6.972846174  
2.12822482  
-1.356048052  
-2.330093401  
-1.211283152  
0.3214924775  
0.2428360713  
-2.756811287  
-8.566300708  
-15.61960913  
-21.52015114  
-24.01789931  
-21.9006001  
-15.43859507  
-6.250380206  
3.28692351  
10.796776  
14.53864533  
13.74917077  
8.68288359  
0.4593106029  
-9.166131873  
-18.06016966  
-24.03251573  
-25.26866061  
-20.8503911  
-11.21344181  
1.69345947  
14.7514108  
24.54136323  
28.51186407  
26.00630739  
18.6757559  
9.996420777  
3.976485424  
3.517836274  
9.114352636  
18.48933828  
27.4108283  
31.414081  
27.73495792  
16.6167835  
1.384053292  
-12.80901711  
-21.06438213  
-20.78605795  
-12.80200896  
-1.062758034  
8.971689639  
12.57390334  
7.665686483  
-4.399271082  
-19.49383417  
-32.49639383  
-39.3938737  
-38.79978294  
-32.26948074  
-23.35036423  
-15.86438424  
-12.23544547  
-12.6064676  
-15.09010442  
-16.95476948  
-16.12345189  
-12.24481221  
-6.831711042  
-2.427719489  
-1.234395915  
-3.886841384  
-8.988982009  
-13.65358986  
-14.81235769  
-10.69153934  
-1.76326077  
9.287627661  
18.59730663  
22.72437671  
20.12889824  
11.88871971  
1.339614126  
-7.215041457  
-10.1920906  
-6.125474279  
3.778372659  
16.12054116  
26.59726812  
31.56210679  
29.25689534  
20.27973766  
7.189309601  
-6.513679906  
-17.57772467  
-23.90629581  
-24.90038748  
-21.22743205  
-14.24301743  
-5.393689135  
4.129195993  
13.39479657  
21.50907277  
27.40016061  
29.83952686  
27.78591561  
20.93821724  
10.225514  
-2.071438258  
-12.75026261  
-18.6186763  
-17.62934553  
-9.775308912  
2.663965882  
15.71519971  
25.00537159  
