0.5994484014  
-5.656126708  
-11.3506724  
-13.0569066  
-8.334052522  
2.839288929  
17.59192926  
30.99236106  
37.93128907  
35.27656645  
23.33970323  
5.954104373  
-10.93219855  
-21.57777926  
-22.68875469  
-14.61222508  
-0.98672556  
12.9484818  
22.58674214  
25.71246566  
23.02973958  
17.31246322  
11.68820139  
7.961054648  
5.819503252  
3.300422615  
-1.771768133  
-10.15696207  
-20.27537495  
-28.53715445  
-30.84586055  
-24.59341611  
-10.18250575  
8.702420532  
26.28788247  
36.89735771  
37.18683532  
27.44605829  
11.39648792  
-5.410414544  
-17.86982394  
-23.26980033  
-22.08129319  
-17.31407424  
-12.81601722  
-11.35211578  
-13.35877388  
-16.91561425  
-18.88758437  
-16.64662613  
-9.529615349  
0.6622231206  
10.3539694  
15.7520289  
14.54480607  
6.974814338  
-4.196312137  
-14.80722898  
-21.00098574  
-20.7727012  
-14.70779165  
-5.625946745  
2.681689247  
7.062155254  
6.279101961  
1.452554844  
-4.47720578  
-7.996762945  
-6.443503385  
0.9596436849  
12.83175896  
26.17133518  
37.43719934  
43.72848364  
43.63027814  
37.46762218  
26.96233272  
14.50463962  
2.357072512  
-7.92594636  
-15.71369478  
-21.1667335  
-24.895381  
-27.58665039  
-29.73193617  
-31.50210083  
-32.73975936  
-33.01015544  
-31.6750902  
-28.00142872  
-21.3428838  
-11.41326232  
1.399501272  
15.80689306  
29.64321541  
40.24911317  
45.18864155  
43.10086267  
34.36234645  
21.23604274  
7.336941101  
-3.49024789  
-8.513511076  
-7.157770199  
-1.290597725  
5.439682645  
9.018786228  
6.700684289  
-1.805599982  
-14.11537781  
-26.0472922  
-33.26994259  
-33.04288277  
-25.32187375  
-12.76028079  
0.3841569466  
9.952560946  
13.45069326  
10.80846335  
4.047749511  
-3.915773038  
-10.71285293  
-15.48624228  
-18.92307252  
-22.38017545  
-26.60415685  
-30.77393016  
-32.45205109  
-28.57725106  
-17.08534463  
1.625226207  
24.16581583  
44.95842233  
58.14561516  
59.84578344  
49.7765984  
31.50236335  
11.14489608  
-4.926428531  
-12.45781356  
-10.73569514  
-2.503855155  
7.523740281  
14.83853076  
17.010176  
14.44803762  
9.786452595  
6.27335563  
5.984902998  
8.730752563  
12.15238481  
12.93140917  
8.50212391  
-1.557594314  
-15.10739305  
-28.17802641  
-36.50483466  
-37.16644639  
-29.62702121  
-15.79435985  
0.8325831435  
16.4678969  
28.20199421  
34.58702443  
35.54538291  
31.83749674  
24.48793201  
14.49484704  
2.902749733  
-8.945884769  
-19.2919432  
-26.20643511  
-28.19413613  
-24.88759241  
-17.43967585  
-8.319982246  
-0.4985228207  
3.676348281  
3.404568302  
-0.2870863405  
-5.082409294  
-8.50740627  
-9.130865891  
-7.250537391  
-4.708461797  
-3.894364818  
-6.401266117  
-11.99442007  
-18.43699257  
-22.32805071  
-20.62640181  
-12.18457779  
1.430082258  
16.25993197  
27.36016882  
30.72454767  
24.92600798  
11.76540619  
-4.363412845  
-18.13925968  
-25.32037283  
-24.26726834  
-16.3755553  
-5.287296134  
4.734305305  
10.54690173  
11.25374339  
8.279413791  
4.438273775  
2.470326934  
3.724220139  
7.564264739  
11.72868392  
13.43248095  
10.68900845  
3.251358707  
-7.227633218  
-17.85426519  
-25.64555983  
-28.65032021  
-26.56116207  
-20.59757981  
-12.78063005  
-4.985732761  
1.768880786  
7.486818496  
12.78667704  
18.18357008  
23.46725975  
27.52750855  
28.74672608  
25.78798042  
18.39678263  
7.806856483  
-3.488693566  
-12.55069478  
-17.06764301  
-16.2361882  
-11.06837107  
-3.989692907  
2.106130127  
4.954411612  
3.72834508  
-0.7422966942  
-6.385420978  
-10.72143763  
-11.76246059  
-8.640464286  
-1.785230467  
7.324186874  
16.65851237  
24.17108166  
28.21378939  
27.79567984  
22.72603982  
13.68737202  
2.225018446  
-9.426947916  
-18.76595046  
-23.67789031  
-23.1672206  
-17.86808137  
-10.03584365  
-2.877275701  
0.6396849507  
-0.9291091183  
-6.685554311  
-13.48633714  
-17.05361632  
-13.74622316  
-2.285581681  
15.33592037  
34.2553611  
48.40493343  
52.83439633  
45.74624032  
29.36274023  
9.202036253  
-7.992524028  
-16.84157592  
-15.37020736  
-5.657235682  
7.158068975  
17.06119327  
19.59298849  
13.50460928  
0.9888107798  
-13.51599184  
-25.33621566  
-31.46217177  
-31.52676647  
-27.52912821  
-22.5598604  
-19.21599294  
-18.47096981  
-19.47930356  
-20.30323513  
-19.10569405  
-15.16562945  
-9.218068288  
-3.002728629  
1.683267901  
3.900183452  
3.974100852  
3.219751233  
3.168659186  
4.74142155  
7.80525989  
11.32721912  
14.00066839  
14.9736342  
14.2693703  
12.67985908  
11.21596639  
10.44916512  
10.13625546  
9.354211634  
7.078022849  
2.87477975  
-2.691324076  
-8.199606052  
-12.01667553  
-13.11543829  
-11.62823785  
-8.818412546  
-6.460129365  
-5.937803232  
-7.540789467  
-10.33964567  
-12.72746282  
-13.34877937  
-11.91506851  
-9.442675849  
-7.743297927  
-8.396061678  
-11.73083779  
-16.38473677  
-19.7304736  
-19.03628929  
-12.82529829  
-1.761657783  
11.41410293  
22.93158374  
29.56816838  
30.02961316  
25.47716404  
18.94085175  
13.88720395  
12.61797535  
15.25774579  
19.80346908  
23.19409994  
22.86509542  
18.02221352  
10.0155267  
1.642066478  
-4.263193256  
-6.238854464  
-4.902457087  
-2.592923881  
-2.121540568  
-5.248290661  
-11.64518661  
-18.88047276  
-23.4680277  
-22.51035621  
-15.16881968  
-3.262308987  
9.311068601  
18.09737415  
19.89676203  
14.07585002  
2.825774211  
-9.723914714  
-19.13575724  
-22.34387193  
-18.70442041  
-10.0434904  
0.2350380463  
8.544083845  
12.41847859  
11.24304812  
6.207687609  
-0.3749234322  
-6.02876105  
-8.949067694  
-8.439373351  
-4.890796121  
0.5690871429  
6.543546288  
11.76440945  
15.33149245  
16.80696419  
16.22473873  
14.06148021  
11.16617575  
8.610426036  
7.432585839  
8.30739716  
11.24393105  
15.44902959  
19.46153825  
21.56480014  
20.36124788  
15.30416089  
6.971565483  
-3.047894094  
-12.64170034  
-19.86631184  
-23.59202084  
-23.85664092  
-21.7935974  
-19.16250812  
-17.66214315  
-18.28639546  
-20.96382723  
-24.60947843  
-27.55926157  
-28.21383615  
-25.64507876  
-19.93958875  
-12.16128967  
-3.962808233  
2.991478071  
7.564154716  
9.444820557  
9.117550148  
7.540548968  
5.697609631  
4.222384891  
3.248172399  
2.521493567  
1.690430406  
0.5984099968  
-0.5792812407  
-1.430018333  
-1.572482134  
-0.9416958299  
0.08919120846  
0.850031146  
0.7355290885  
-0.3897100048  
-1.973129351  
-2.905577236  
-1.999324832  
1.377873922  
6.816870064  
12.80442393  
17.18631302  
18.01187969  
14.41266619  
7.111321194  
-1.709656991  
-9.176467562  
-12.83323377  
-11.62249908  
-6.301252301  
0.9038463251  
7.260594535  
10.69035742  
10.60492257  
8.049042857  
5.095849531  
3.787470021  
5.122308426  
8.563543858  
12.29504377  
14.09617489  
12.41837238  
7.156262715  
-0.242831162  
-7.371846498  
-11.87294146  
-12.39233204  
-9.053071933  
-3.259858973  
3.032137061  
8.210652174  
11.6362941  
13.73498463  
15.55246885  
18.0276308  
21.36036177  
24.78181133  
26.82502666  
25.95137098  
21.2320985  
12.77923596  
1.757137238  
-9.997016065  
-20.55388197  
-28.43092196  
-32.90710792  
-34.05751048  
-32.57025572  
-29.46443804  
-25.81116235  
-22.50495089  
-20.0883588  
-18.63015901  
-17.68786594  
-16.41184724  
-13.82726009  
-9.253929023  
-2.722809978  
4.810767373  
11.62133802  
15.75735012  
15.80544984  
11.55915282  
4.264769479  
-3.728101605  
-9.81976507  
-12.17460419  
-10.44420503  
-5.854521015  
-0.5966330038  
3.203863839  
4.447455252  
3.47963574  
1.756998576  
0.931234935  
1.833053483  
3.912158544  
5.474923316  
