13.7134857  
5.605424433  
-4.453232044  
-13.68727045  
-19.80587141  
-21.79366427  
-20.07488776  
-16.01345434  
-11.03770267  
-5.860733101  
-0.2105762093  
6.786588845  
15.7791105  
26.37924703  
36.84995465  
44.53444908  
46.89563103  
42.69770867  
32.74590128  
19.77316844  
7.453562174  
-1.053500744  
-4.374945746  
-3.415686799  
-0.8222836094  
0.3492990445  
-1.854432811  
-7.30794323  
-13.83962745  
-18.27532152  
-18.01046546  
-12.36829548  
-3.08897073  
6.303056142  
11.98188975  
11.47898664  
4.757055511  
-5.791991455  
-16.41757917  
-23.6495584  
-25.75243914  
-23.34137583  
-18.90962805  
-15.52691596  
-15.34423315  
-18.60852155  
-23.6265331  
-27.65571977  
-28.26404151  
-24.49636325  
-17.30131769  
-9.04303677  
-2.36263611  
1.047271713  
1.171162962  
-0.4247392849  
-1.43734265  
0.003861694785  
4.404543009  
10.64120102  
16.46970412  
19.55342757  
18.53249901  
13.65893359  
6.736709285  
0.4190423801  
-2.81849761  
-1.603561571  
3.855320905  
11.87687954  
19.90619219  
25.35166438  
26.36870417  
22.36895663  
14.15388889  
3.684929268  
-6.424205695  
-13.57188165  
-15.84960448  
-12.58615784  
-4.600099501  
5.954137322  
16.1628459  
23.22250102  
25.33282405  
22.28351729  
15.47788609  
7.340561684  
0.3169337567  
-4.126244338  
-6.057193805  
-6.921678924  
-8.717807328  
-12.87054751  
-19.34071643  
-26.42464438  
-31.39259493  
-31.71489975  
-26.32153222  
-16.28972801  
-4.592670822  
5.031176521  
9.611010234  
8.196596073  
2.258038792  
-4.95884405  
-9.837674343  
-9.927255962  
-4.92560716  
3.305742857  
11.6637273  
17.20463522  
18.3708207  
15.50598725  
10.48175432  
5.68080629  
2.861157263  
2.43887639  
3.482245782  
4.346639662  
3.581187689  
0.6460459553  
-3.879164328  
-8.633116847  
-12.12536683  
-13.35310545  
-12.10435769  
-8.874587136  
-4.533093221  
0.02558648751  
4.063504307  
6.988581479  
8.272392944  
7.463032593  
4.369522622  
-0.6650415808  
-6.605896128  
-11.87938461  
-14.87484087  
-14.61483444  
-11.25948162  
-6.133860412  
-1.181336795  
1.948933973  
2.73828846  
2.100733637  
1.930023084  
4.058946787  
9.138311943  
16.0440335  
22.20012407  
24.75237324  
22.06178109  
14.75740282  
5.739532298  
-0.9908458077  
-2.2040395  
2.862009893  
11.8505225  
20.10070157  
22.65695072  
16.59617318  
2.585248507  
-15.1121085  
-30.261831  
-37.23727917  
-33.40259147  
-20.22407961  
-2.608186335  
13.22089455  
22.32549069  
22.96125684  
16.96179435  
8.508931954  
1.949348428  
-0.2678735081  
1.428785625  
4.231012899  
4.591899573  
0.1444654795  
-9.054429547  
-20.52513207  
-30.54315964  
-35.85783388  
-35.09287369  
-29.18377078  
-20.723267  
-12.62899641  
-6.84237425  
-3.6843628  
-2.10157428  
-0.5594036069  
1.968324494  
5.455227544  
8.967878979  
11.34070658  
11.935971  
11.02964072  
9.612736855  
8.75479375  
8.934827476  
9.757404996  
10.23476322  
9.471631094  
7.336706223  
4.69575529  
3.025196948  
3.58733302  
6.623001626  
11.04155972  
14.83659858  
16.05847555  
13.84805236  
8.967412151  
3.502149175  
-0.1591254813  
-0.5658183666  
1.980359175  
5.4910254  
7.246129703  
5.181180176  
-0.9937572149  
-9.530183085  
-17.39681001  
-21.70188326  
-21.08157098  
-16.35871074  
-10.13587802  
-5.520441915  
-4.615586332  
-7.527570069  
-12.37613935  
-16.28809036  
-16.86027335  
-13.35106835  
-7.00841895  
-0.3887477142  
3.966361835  
4.812018377  
2.791648661  
0.0530444912  
-0.8966541824  
1.49796304  
7.029662346  
13.81710848  
19.23142788  
21.18169324  
19.11450626  
14.24409421  
8.924728977  
5.501191384  
5.213428033  
7.677823838  
11.16196439  
13.4762203  
13.02324223  
9.505229722  
3.990628857  
-1.631856679  
-5.504175481  
-6.543747784  
-4.775882086  
-1.180975221  
2.784752034  
5.724254575  
6.662000049  
5.152590184  
1.207618414  
-4.818807611  
-12.28473469  
-20.25997329  
-27.56309042  
-32.93335316  
-35.35052875  
-34.39323159  
-30.453358  
-24.65508239  
-18.46065569  
-13.11108739  
-9.154431167  
-6.290940991  
-3.616047437  
-0.1446869225  
4.642472363  
10.49769846  
16.48557513  
21.37883765  
24.14917422  
24.30192894  
21.91543312  
17.43065901  
11.3825944  
4.283110015  
-3.259202316  
-10.28869077  
-15.367635  
-16.78848454  
-13.18463715  
-4.329240408  
8.283017962  
21.47372523  
31.20804361  
34.00574611  
28.39600549  
15.75934037  
0.09253525651  
-13.32855282  
-19.91799873  
-17.58884907  
-7.628917012  
5.763631899  
17.12903442  
21.91344048  
18.26303875  
7.710257124  
-5.510641664  
-16.20652979  
-20.28911274  
-16.32078411  
-5.9564838  
6.826813496  
17.33366578  
21.91185682  
19.19642576  
10.42407406  
-1.203143083  
-11.77640165  
-18.05295495  
-18.46430525  
-13.47128869  
-5.231731085  
3.233545248  
9.065606611  
10.45493084  
7.137037574  
0.3708393769  
-7.572146351  
-14.23279368  
-17.82481937  
-17.82540536  
-15.06923364  
-11.29353186  
-8.301929945  
-7.093524734  
-7.350153236  
-7.548161538  
-5.69219328  
-0.3712460735  
8.349315571  
18.6541011  
27.51984602  
31.89337551  
30.00319541  
22.20243391  
10.92603603  
-0.2545953547  
-8.069964702  
-10.8310995  
-8.964511584  
-4.576606903  
-0.293125043  
2.0280743  
2.063143173  
0.9013616616  
0.1447940626  
0.7536311229  
2.303426685  
3.101938799  
1.143367238  
-4.597939908  
-13.25692059  
-22.11234455  
-27.65206277  
-27.20180424  
-20.31313571  
-9.17594761  
2.22066179  
9.828588096  
11.35791077  
7.277983915  
0.4955111759  
-5.140529804  
-6.761165147  
-3.855177586  
1.600117915  
6.320026198  
7.587793572  
4.831628588  
0.04631130517  
-3.20979853  
-1.765565101  
5.262014803  
15.6341396  
24.73347529  
27.60710605  
21.35799343  
6.719626033  
-11.98800085  
-28.55376721  
-37.45772217  
-36.14614871  
-25.95574987  
-11.29835962  
2.450598484  
11.31783968  
14.23514879  
13.03370677  
11.05164704  
11.14949067  
14.17272764  
18.61160106  
21.55314783  
20.34914689  
14.08232522  
4.065303173  
-6.845637691  
-15.69954798  
-20.85008725  
-22.55373305  
-22.4829435  
-22.48207586  
-23.3123054  
-24.12846899  
-23.00907765  
-18.25078439  
-9.68029157  
0.8120620115  
9.912433213  
14.44839817  
13.08880214  
7.251075169  
0.6492871976  
-2.394493466  
0.9098250694  
10.30256658  
22.39239853  
32.13230026  
35.18921923  
30.06424661  
18.90314796  
6.556073836  
-1.696656758  
-2.664844848  
3.215633397  
12.097872  
18.60496414  
18.47205401  
10.66203841  
-2.084750209  
-14.54672099  
-21.54123893  
-20.4469188  
-12.49965476  
-2.226596324  
4.717680922  
4.277118729  
-4.02283838  
-16.78163858  
-28.25738283  
-32.99941229  
-28.34080252  
-15.59384003  
0.5840403822  
14.32591115  
21.17766604  
19.99545802  
13.27636036  
5.82572245  
2.42753487  
5.612013809  
14.52667699  
25.37726315  
33.18140494  
34.00579005  
26.68658026  
13.31170647  
-1.680111134  
-13.33003336  
-18.10667878  
-15.17178041  
-6.511940537  
4.016715233  
12.25773641  
15.27701341  
12.2762204  
4.63682207  
-4.808824225  
-12.9184811  
-17.34420438  
-17.23653993  
-13.37776248  
-7.782203703  
-2.955205405  
-1.069553463  
-3.303479181  
-9.512866004  
-18.30913012  
-27.50431487  
-34.7858957  
-38.41578337  
-37.73443688  
-33.30613659  
-26.65784231  
-19.70804901  
-14.09786059  
-10.67354087  
-9.306323478  
-9.092678926  
-8.819767939  
-7.477360511  
-4.598169055  
-0.3105652732  
4.862396121  
10.30358435  
15.51945798  
20.16800218  
23.92437591  
26.3263291  
26.76568991  
24.70669591  
20.05964192  
13.50604225  
6.542723376  
1.119794651  
-1.051361273  
0.7517256671  
5.808263549  
12.05855105  
16.79412038  
17.68471709  
