0.9425586504  
-0.9003545533  
-7.053029258  
-15.62185852  
-23.38513279  
-27.21620053  
-25.45288605  
-18.59180073  
-9.023153273  
0.02632068697  
5.830042016  
7.180217075  
4.686749231  
0.3142643561  
-3.545920904  
-5.011626127  
-3.269910141  
1.382029052  
7.892618698  
14.933392  
21.24682063  
25.77093616  
27.62846768  
26.15670924  
21.09857438  
12.91424327  
3.015499489  
-6.320691264  
-12.4856448  
-13.41464983  
-8.475569645  
1.047025274  
12.17006071  
21.14124014  
24.75970144  
21.56032358  
12.35923764  
-0.08240452208  
-12.13828415  
-20.67640042  
-24.11764656  
-22.7623193  
-18.2986008  
-12.78386818  
-7.619587621  
-3.016923987  
1.812459285  
7.875380982  
15.45882404  
23.54759821  
29.93835473  
32.04792825  
28.0671242  
17.9275662  
3.613978622  
-11.36144233  
-23.13483704  
-28.84280896  
-27.60047779  
-20.72102601  
-11.11611757  
-2.153432337  
3.549992906  
4.931093422  
2.615220354  
-1.588688747  
-5.552244534  
-7.664596319  
-7.322120141  
-4.94267031  
-1.590543116  
1.556655525  
3.649156082  
4.357236501  
3.802567334  
2.338157594  
0.3288628081  
-1.957007774  
-4.32636856  
-6.576259956  
-8.442488643  
-9.646346085  
-10.02898019  
-9.693457186  
-9.051308823  
-8.709166336  
-9.213976566  
-10.75915208  
-12.99393017  
-15.05029254  
-15.81314058  
-14.34924256  
-10.32833895  
-4.25619478  
2.597678988  
8.576537238  
12.1917563  
12.65381206  
10.1751165  
5.922189409  
1.624606855  
-1.022760238  
-0.9500333351  
1.916029656  
6.630251322  
11.55984941  
14.94660864  
15.50134476  
12.82848902  
7.546212532  
1.07734884  
-4.802626004  
-8.503075505  
-9.071157824  
-6.434211832  
-1.385381398  
4.654548348  
10.00920373  
13.14583306  
13.01077454  
9.24461665  
2.255858832  
-6.844964361  
-16.43578293  
-24.67497933  
-29.85798407  
-30.78139461  
-27.03700625  
-19.15193644  
-8.512398008  
2.940211382  
13.18168827  
20.62208761  
24.51169585  
25.10044015  
23.48735229  
21.1995035  
19.63725126  
19.57730596  
20.91174692  
22.72267953  
23.67067077  
22.55794229  
18.85514372  
12.98516908  
6.240465566  
0.3443235577  
-3.19446301  
-3.694644072  
-1.638269505  
1.426481393  
3.415893069  
2.506673445  
-2.089908046  
-9.679880306  
-18.17074296  
-24.70533814  
-26.65207391  
-22.60197614  
-12.99254541  
-0.09337851511  
12.68292642  
21.92040021  
25.37764054  
22.75490247  
15.74292787  
7.318183427  
0.5488414611  
-2.61906497  
-2.10628316  
0.3350644802  
1.93310247  
0.1599170805  
-6.0717891  
-15.78193425  
-26.14381629  
-33.48680806  
-34.69422847  
-28.44671654  
-15.82076438  
-0.009497798907  
14.72101367  
24.43601067  
26.77127291  
21.57294599  
10.75595034  
-2.497430069  
-14.84939647  
-23.8088319  
-28.3001352  
-28.68111118  
-26.30739763  
-22.88165422  
-19.84932639  
-18.02348191  
-17.49698958  
-17.78992593  
-18.1254263  
-17.72858854  
-16.07559318  
-13.05314498  
-9.004732377  
-4.645987948  
-0.8477053167  
1.676086037  
2.683020749  
2.589483149  
2.411243765  
3.418146631  
6.590638101  
12.08348438  
18.94712725  
25.28762148  
28.87374512  
27.99495161  
22.22892002  
12.77480052  
2.164245323  
-6.579204409  
-11.01498428  
-10.15665703  
-4.773486419  
3.00335904  
10.59350205  
15.99442456  
18.47448947  
18.64576776  
17.92190187  
17.65321674  
18.37357204  
19.5258325  
19.79065145  
17.84248678  
13.1476784  
6.399650316  
-0.6352177479  
-5.799337769  
-7.43813974  
-5.09212507  
0.3256336347  
6.931698645  
12.65006183  
16.00084561  
16.55623948  
14.90113239  
12.18132492  
9.504719798  
7.49625484  
6.189647356  
5.240039966  
4.274806495  
3.14943577  
1.96363893  
0.8575100515  
-0.2462007053  
-1.750566906  
-4.23235045  
-8.086499448  
-13.17129055  
-18.68970603  
-23.43364778  
-26.31738194  
-26.94404046  
-25.89109379  
-24.51242579  
-24.291499  
-26.02609042  
-29.24818661  
-32.20861569  
-32.50582663  
-28.1260724  
-18.44265022  
-4.706274462  
10.23192397  
22.88341327  
30.37699941  
31.47545716  
26.93060101  
19.05143557  
10.70871718  
4.232904422  
0.6767413927  
-0.2887458717  
0.1107688945  
0.5174123087  
0.08244418868  
-1.30485431  
-3.240552891  
-5.274336248  
-7.299533646  
-9.612941482  
-12.60583591  
-16.28070749  
-19.91155025  
-22.10717401  
-21.32496593  
-16.6258514  
-8.300591003  
1.979174845  
11.62523507  
18.06033695  
19.72470925  
16.71943568  
10.79461592  
4.677131314  
1.020471717  
1.414717346  
5.848885683  
12.80428959  
19.88222822  
24.66539115  
25.46347139  
21.70416618  
13.92435065  
3.485769374  
-7.796123797  
-17.975444  
-25.23079601  
-28.11905107  
-25.89039537  
-18.83077412  
-8.475578924  
2.514729596  
10.94519917  
14.06854556  
10.64833743  
1.655984217  
-9.784486724  
-19.32218625  
-22.91762818  
-18.42237326  
-6.53941129  
9.293727901  
24.12549386  
33.36404473  
34.54561404  
28.25362573  
17.78967946  
7.731254649  
1.996494882  
2.252516528  
7.348561599  
13.99496169  
18.35220017  
17.79399905  
12.04821566  
3.223212292  
-5.249689364  
-10.22848311  
-10.25866212  
-6.114296626  
-0.2651402866  
4.427399361  
6.120084728  
4.804230089  
2.13744862  
0.398528331  
1.115341943  
4.087183148  
7.333411434  
8.039829455  
4.065222407  
-4.73803684  
-16.08485976  
-25.99912146  
-30.47423522  
-27.32794902  
-17.38982223  
-4.422226539  
6.26945662  
9.98636539  
4.631563296  
-8.320990089  
-24.32183745  
-37.50914812  
-42.99259129  
-38.69265514  
-25.98063044  
-8.902853751  
7.60499402  
19.68725701  
25.8587598  
27.10869355  
25.88225312  
24.52033044  
23.96031982  
23.33255156  
20.61842152  
13.99873087  
3.174812404  
-10.04254756  
-22.22104766  
-29.68114436  
-30.12000612  
-23.70601851  
-13.09867596  
-2.349274814  
4.834463807  
6.671235882  
4.01362124  
-0.139203877  
-2.091650975  
0.8070396595  
8.922495527  
20.14158177  
30.77724555  
37.12148623  
36.92241072  
30.13556189  
18.67543479  
5.377157927  
-7.266376963  
-17.96678615  
-26.72904852  
-34.21828663  
-40.83270763  
-46.04787762  
-48.43119946  
-46.3476646  
-38.98749817  
-27.14896337  
-13.31016715  
-0.8723242909  
7.121649415  
9.210818201  
6.107665178  
0.3758620139  
-4.65571247  
-6.236715065  
-3.187432023  
3.873599361  
13.08924581  
22.35101872  
30.17354764  
36.02586537  
40.02195671  
42.24640095  
42.20106154  
38.78829482  
30.92938447  
18.52206092  
3.185767649  
-11.72020244  
-21.99391057  
-24.1241905  
-16.81469612  
-1.780242854  
16.6226818  
32.85680371  
42.17961573  
42.30616533  
34.06269969  
20.78725113  
6.795132614  
-4.369757041  
-11.1227063  
-13.99792319  
-14.82864755  
-15.4571803  
-16.67085048  
-17.88993403  
-17.7068354  
-14.92139109  
-9.466771724  
-2.698951602  
3.120893213  
5.881411712  
4.652988622  
0.1480477884  
-5.634662105  
-10.39289739  
-12.61143134  
-12.19050503  
-10.29718393  
-8.548984016  
-8.004015193  
-8.537471087  
-8.970886741  
-7.896651257  
-4.734846558  
-0.3966788617  
2.891082056  
2.604935025  
-2.685981803  
-12.28691775  
-23.31006244  
-31.72854639  
-34.13667547  
-29.40140599  
-19.37811468  
-8.267193028  
-0.8265689454  
-0.2212591992  
-6.501946314  
-16.4457823  
-24.87419616  
-26.8764676  
-19.94177394  
-5.041644673  
13.806778  
31.26384722  
42.86251194  
46.67449821  
43.73514883  
37.12869863  
30.26930968  
25.2623109  
22.13364186  
19.2382068  
14.54913555  
7.095028623  
-2.235317831  
-10.94969698  
-16.13715134  
-15.9618763  
-10.68710418  
-2.68735766  
4.578392588  
8.13523646  
6.832492923  
1.798815626  
-4.20307536  
-8.194362081  
-8.466985377  
-5.410533573  
