-7.185162114  
-9.574408661  
-6.491158914  
0.9232976706  
9.083110587  
13.85773872  
12.73068504  
6.173918078  
-2.421514448  
-8.232048565  
-7.212915956  
1.990725165  
17.31229132  
34.04282932  
46.76412263  
51.57072921  
47.61089147  
37.30836767  
25.22623443  
16.11877424  
13.02955224  
16.21186356  
23.24038404  
30.1536853  
33.06441292  
29.55563397  
19.36766341  
4.244932311  
-12.83241432  
-28.61874004  
-40.39510308  
-46.39665422  
-45.9094269  
-39.20074226  
-27.43041259  
-12.57334959  
2.736838126  
15.56538583  
23.26727234  
24.18497299  
18.19654103  
6.84856269  
-7.051034436  
-20.27911424  
-30.17374058  
-35.36233952  
-35.96795239  
-33.2554064  
-28.92970862  
-24.4353514  
-20.56616153  
-17.49969561  
-15.13210545  
-13.43473053  
-12.56837034  
-12.66639591  
-13.43144187  
-13.84968301  
-12.30562465  
-7.181171984  
2.264609129  
15.15393984  
28.82305777  
39.45077071  
43.33927644  
38.36754958  
24.9934579  
6.325269177  
-12.83847445  
-27.65085454  
-34.87704143  
-33.88800069  
-26.58696564  
-16.33989881  
-6.419502812  
1.321236918  
6.955430486  
11.975437  
18.06404722  
25.78069759  
33.84230066  
39.39943313  
39.23372688  
31.35387767  
16.25197112  
-2.798890072  
-20.62022709  
-31.88300326  
-33.05765635  
-23.77640861  
-7.057301589  
11.70055769  
26.55214742  
32.9607471  
29.14787871  
16.39361397  
-1.719022169  
-20.71406211  
-36.67548549  
-47.19204515  
-51.52787314  
-50.12080768  
-43.7955622  
-33.15905148  
-18.4977842  
-0.2011908917  
20.56576004  
41.37794744  
58.63498971  
68.3434556  
67.38701554  
54.80473831  
32.52465471  
5.167898518  
-21.11158372  
-40.39588818  
-48.76154766  
-45.38636285  
-32.60437319  
-14.91401617  
2.650610962  
16.14231714  
23.7128176  
25.69713714  
23.8661381  
20.2901872  
16.3883095  
12.59313504  
8.716801977  
4.72559883  
1.406970499  
0.4604427481  
3.845162556  
12.63301558  
25.9358703  
40.52979171  
51.53594054  
54.03997516  
45.05778947  
25.0125112  
-1.984967912  
-29.29651565  
-49.99262916  
-59.31150381  
-56.35230543  
-44.29965632  
-29.07512464  
-16.96212492  
-12.17424084  
-15.3468468  
-23.52838783  
-31.61339426  
-34.56885024  
-29.51454494  
-16.83068889  
0.08340121165  
16.20426853  
26.79457361  
29.04906543  
22.88873755  
10.71675743  
-3.629473372  
-16.23854249  
-24.28428245  
-26.65184376  
-23.95823338  
-18.10431388  
-11.58602417  
-6.767118753  
-5.245503839  
-7.39512022  
-12.16267991  
-17.21278875  
-19.48220981  
-16.09267473  
-5.399343354  
12.18994267  
34.00180365  
55.6938405  
72.54382032  
80.98514355  
79.7698165  
70.24245104  
55.57200321  
39.26472351  
23.6429419  
9.026767497  
-5.955861222  
-23.05564548  
-42.73950049  
-63.07033363  
-79.82029401  
-87.93449467  
-83.77719229  
-67.12886458  
-41.91319521  
-15.14924376  
5.571613066  
15.06138452  
12.65606433  
2.486506178  
-8.301182453  
-12.65408657  
-6.705627792  
8.516065475  
27.53382578  
42.83269996  
48.16786508  
41.30154132  
24.96685197  
5.659310261  
-9.172592376  
-14.27319476  
-8.687103916  
4.041088837  
17.57297781  
25.55887815  
24.24937178  
13.84761864  
-1.861438162  
-17.29152125  
-27.36147279  
-29.32007721  
-23.41135231  
-12.29036313  
0.3558914298  
11.26894568  
18.55343068  
21.84406699  
21.86753837  
19.79868691  
16.78666451  
13.80340455  
11.70547827  
11.26504343  
12.98927617  
16.75522951  
21.49400583  
25.22024974  
25.56335142  
20.68055088  
10.17568043  
-4.435901828  
-20.01533121  
-32.8037704  
-39.7550367  
-39.63172016  
-33.39004275  
-23.69984707  
-13.84164577  
-6.493355575  
-2.934344561  
-2.953033572  
-5.378832138  
-8.864079449  
-12.46523848  
-15.74712065  
-18.44926475  
-20.02933076  
-19.47626366  
-15.61803755  
-7.831297997  
3.229894193  
15.35576227  
25.24330008  
29.62300691  
26.6058973  
16.63809039  
2.57990539  
-11.19413364  
-20.33166822  
-22.03809837  
-15.97875128  
-4.212969143  
9.732568683  
22.17966785  
30.41845353  
33.22243476  
30.70490198  
23.79430268  
13.73855053  
1.922266021  
-10.01215487  
-20.0180374  
-25.82315376  
-25.59481135  
-18.90023401  
-7.463137221  
4.840539175  
13.02995898  
12.88340961  
2.899975913  
-14.56706882  
-33.69230191  
-47.14413238  
-48.9635235  
-37.17868741  
-14.97562481  
10.21102831  
29.44337347  
35.79476787  
27.17837964  
7.279350106  
-15.83408152  
-32.86067496  
-36.87167628  
-25.89134141  
-3.439781356  
23.08269045  
45.38302062  
57.32514419  
56.80949279  
45.85712459  
29.104747  
11.58039167  
-3.166346145  
-13.81560691  
-20.78235663  
-24.97520002  
-26.62428302  
-24.86405174  
-18.28040292  
-6.073034942  
10.8620989  
29.59063227  
45.81083277  
55.28279832  
55.36677663  
45.960474  
29.4207454  
9.547542007  
-9.854615256  
-26.16052868  
-38.35690349  
-46.64674484  
-51.57813528  
-53.26777957  
-51.18837926  
-44.63136369  
-33.54408962  
-19.19595993  
-4.191713285  
8.308384143  
15.85811328  
17.87055156  
16.02313741  
13.62793221  
14.17200299  
19.66054562  
29.53720637  
40.72510218  
48.83019666  
50.0073435  
42.6677568  
28.26080484  
10.77067143  
-4.854996344  
-14.65469458  
-17.13393106  
-13.66014772  
-7.655765693  
-3.007187202  
-2.43305872  
-6.521900823  
-13.79964745  
-21.68810983  
-27.81518216  
-31.01695187  
-31.5741122  
-30.6413896  
-29.241563  
-27.41007606  
-23.98437973  
-17.19244491  
-5.773466029  
9.929257786  
27.48245816  
42.80368727  
51.42415251  
50.08834545  
38.03543195  
17.43046321  
-7.232971022  
-30.51806146  
-47.67191953  
-55.89262982  
-54.82631249  
-46.23033259  
-33.06882145  
-18.48112156  
-5.023901448  
5.624047297  
12.56145611  
15.41216706  
14.17518369  
9.295408739  
1.874766784  
-6.199123066  
-12.43082596  
-14.28308088  
-9.993614344  
0.669114211  
16.06017006  
32.93775719  
47.33263853  
55.71941951  
56.06154566  
48.3461896  
34.4314361  
17.307386  
0.09890388923  
-14.7884519  
-26.07897702  
-33.51903197  
-37.41196991  
-38.0981146  
-35.6671395  
-30.03730804  
-21.32695724  
-10.28187101  
1.514931485  
11.82396542  
18.30775604  
19.27315066  
14.31095192  
4.579655586  
-7.383348075  
-18.26591655  
-24.80758618  
-24.60685731  
-16.70684762  
-1.84914833  
17.62245892  
38.16599072  
55.68619553  
66.33983681  
67.39005127  
57.94820935  
39.39608748  
15.29092156  
-9.343504262  
-29.25002687  
-40.38832102  
-41.14817725  
-32.87467341  
-19.44840022  
-5.993178183  
2.873402272  
4.621435046  
-0.3719789636  
-9.084908753  
-17.09278235  
-20.29982429  
-16.47662293  
-6.014245483  
8.355525134  
22.68924118  
33.28759884  
37.86421726  
35.99818173  
28.80716779  
18.13911971  
5.765704272  
-7.015868269  
-19.25282643  
-29.89530043  
-37.46247787  
-40.18385606  
-36.69826771  
-27.01875182  
-13.2172415  
0.6941461724  
9.882788521  
10.5196773  
1.587461209  
-14.17705834  
-30.7859577  
-40.94735573  
-38.8048933  
-22.3987857  
5.200430261  
36.64796686  
62.77330891  
75.81348608  
72.17374823  
53.63228346  
26.53282087  
-0.6760642864  
-20.54298458  
-29.12918876  
-27.00679258  
-18.47567634  
-9.466627916  
-5.08197644  
-7.773099485  
-16.78136429  
-28.87777463  
-39.90463986  
-46.37740017  
-46.51684677  
-40.44959648  
-29.72779406  
-16.57265092  
-3.2418403  
8.291544361  
16.4273426  
20.0217164  
18.64089325  
12.94839189  
4.965477366  
-2.12843659  
-4.830706231  
-0.6259813953  
10.72430276  
26.55097953  
41.76610453  
50.48052707  
48.22270075  
33.87107982  
10.43095492  
-15.78721466  
-37.36069747  
-48.47475198  
-47.05468399  
-35.40965402  
-19.11427711  
-4.615821669  
3.391394677  
3.692699108  
-1.332374596  
