43.60706032  
51.68492836  
56.65104126  
56.53192728  
50.57889684  
39.55553415  
25.37290631  
10.33519466  
-3.575445797  
-15.0393229  
-23.30709437  
-27.89858144  
-28.4270108  
-24.75981826  
-17.4468709  
-8.094385132  
0.6932164099  
5.982012477  
5.607853039  
-0.7851858036  
-11.3313625  
-22.47550155  
-30.317719  
-32.2041302  
-27.82189351  
-19.25879389  
-9.980491668  
-3.220660661  
-0.5837816082  
-1.556472788  
-4.150781575  
-6.299162964  
-7.205874832  
-7.865778575  
-10.40113999  
-16.52677763  
-25.98242669  
-35.8756559  
-41.47103306  
-38.22408805  
-24.15850404  
-1.393531784  
24.07142894  
44.42596439  
53.1787685  
47.97497032  
31.77206598  
11.73285278  
-3.778384295  
-8.816693683  
-2.480069271  
10.67411032  
22.66313118  
25.70217044  
15.82648731  
-5.102594599  
-29.92533112  
-49.05134835  
-54.45070716  
-43.06064589  
-18.1582894  
11.87318053  
36.84764349  
48.75355059  
44.76052719  
28.05553461  
6.24004604  
-11.97105517  
-20.337849  
-17.49340204  
-7.211310466  
3.498562281  
7.61786508  
1.30728329  
-14.27161347  
-33.25372968  
-47.37860394  
-49.39024665  
-36.16128695  
-10.26665948  
20.6742357  
46.69555447  
59.21304571  
54.33553859  
34.4309974  
7.273962488  
-16.95153919  
-29.64708639  
-27.20364365  
-12.41581936  
6.718607157  
20.37609097  
21.10452646  
7.1000984  
-16.83553456  
-41.11037012  
-55.21565416  
-52.05201184  
-30.88483652  
2.327381471  
37.36600071  
63.88776314  
75.47143556  
71.83883982  
58.34381765  
43.05267864  
32.81743962  
30.17454677  
32.48660221  
33.67945145  
27.6983542  
11.99432039  
-10.66947714  
-33.01719477  
-46.36347432  
-44.62255995  
-27.36992728  
-0.504560264  
25.86654729  
41.44716211  
39.94094181  
21.599585  
-6.950194027  
-35.48742768  
-54.35188287  
-58.1933814  
-47.78134311  
-29.23612072  
-11.16852646  
-1.058996996  
-2.427182433  
-13.87965522  
-30.23593065  
-45.03985906  
-53.25635656  
-53.01526458  
-45.80875949  
-35.28464115  
-25.35606512  
-18.53619569  
-15.16690328  
-13.71354137  
-11.80241884  
-7.409843228  
0.3397996228  
11.02119951  
23.30142459  
35.54895888  
46.30981519  
54.47212159  
59.17504281  
59.67660559  
55.39355643  
46.17814686  
32.69940849  
16.66776457  
0.6686456038  
-12.45842036  
-20.52129453  
-22.80422158  
-20.44688598  
-16.14652668  
-13.22700565  
-14.38846923  
-20.60510221  
-30.60591616  
-41.16434143  
-48.12087921  
-47.78587761  
-38.22723045  
-19.99042176  
3.991541541  
29.24700613  
51.05505554  
65.71688877  
71.38593775  
68.22393458  
57.92069282  
42.8538026  
25.27877987  
6.883052108  
-11.16444388  
-27.7904292  
-41.5412766  
-50.41060799  
-52.18705444  
-45.26893024  
-29.61968639  
-7.393621698  
17.16955278  
38.70666642  
52.30231584  
55.11284957  
47.39479014  
32.4727729  
15.58590996  
2.01102504  
-4.822285647  
-4.480511232  
0.5207857948  
5.935451421  
7.671376001  
3.562822621  
-5.693771577  
-16.81171971  
-25.26269267  
-27.13555266  
-20.74966568  
-7.391309633  
9.086744937  
23.60908018  
31.62710767  
30.62249958  
20.85885  
5.186157421  
-11.95434782  
-25.93347596  
-33.28113193  
-32.59455193  
-24.80488695  
-12.79467295  
-0.513716004  
8.158650746  
10.51836405  
5.821705479  
-4.478483187  
-17.15899185  
-28.25082154  
-34.39254194  
-34.08332619  
-28.36771337  
-20.62562489  
-15.4383342  
-16.86335806  
-26.72986077  
-43.62759769  
-63.05302724  
-78.75167469  
-84.8216496  
-77.81349802  
-58.02812041  
-29.50389982  
1.312466486  
27.70659798  
44.83778699  
51.09567074  
48.22715751  
40.29242245  
31.96159758  
26.87506839  
26.68791811  
31.06326242  
38.4432345  
47.10655477  
55.95200032  
64.64647235  
73.13561898  
80.86232811  
86.20653405  
86.56971681  
79.21655807  
62.59321053  
37.54798194  
7.825356742  
-20.56126485  
-41.03314426  
-48.70181308  
-42.33885559  
-25.22267306  
-4.373292543  
11.72000612  
16.15627873  
6.346211995  
-14.70263153  
-39.17963796  
-57.21437754  
-60.64297802  
-46.3791413  
-18.01095488  
15.14324718  
41.31007042  
50.69135099  
39.32654011  
10.80043618  
-24.98189682  
-55.55018564  
-70.68304921  
-66.32232503  
-45.96003824  
-18.91324571  
3.774052372  
14.0321498  
10.03033707  
-3.405404848  
-17.36290046  
-23.20039893  
-16.67830241  
0.03840663459  
19.42469564  
32.18692244  
31.70522694  
17.22581745  
-5.717084983  
-27.86195197  
-40.55771474  
-39.81759069  
-28.1481568  
-13.26452358  
-4.285880991  
-7.216624169  
-21.8717239  
-41.7256811  
-56.77707451  
-58.08670899  
-41.86106959  
-11.18751685  
25.33426634  
57.33623618  
76.96921283  
81.70994901  
74.46638041  
61.14306889  
47.09431924  
34.40139613  
21.41239614  
4.731990269  
-17.50592314  
-43.00491195  
-64.97486588  
-74.59884372  
-65.29082519  
-36.66680307  
3.9093408  
43.3111603  
67.60351326  
67.90127685  
44.47989682  
7.139707644  
-28.54054046  
-47.5590358  
-41.72646559  
-13.05757998  
27.15973969  
63.17428944  
81.30924083  
75.36500158  
48.62024903  
11.76396374  
-22.07250886  
-42.79664901  
-46.90495208  
-37.73193103  
-22.67162406  
-9.043429361  
-0.7667678719  
2.597991301  
4.23381676  
7.045225433  
11.09887343  
13.07520658  
8.124721623  
-6.851365624  
-30.34300937  
-55.53589121  
-72.46642385  
-72.24187489  
-51.38845384  
-14.16806367  
28.44135029  
62.86317297  
78.40071157  
71.62947213  
47.68913108  
17.85985441  
-5.485454671  
-14.2535646  
-7.893857359  
6.879919899  
19.68209515  
21.60426174  
9.484502364  
-12.66518704  
-35.64889556  
-49.45309963  
-47.86583566  
-31.18315359  
-5.820838131  
18.84183937  
34.76257581  
38.59286509  
32.56107083  
22.62898653  
15.01452961  
12.92222317  
15.13204768  
17.0833008  
13.79020096  
2.996488265  
-13.1212431  
-28.62373741  
-36.54431019  
-32.3165126  
-16.1612528  
6.779701338  
28.64648889  
42.31707526  
44.4198844  
36.45033969  
23.50910397  
11.38061936  
3.4927429  
-0.6722903097  
-4.916914918  
-13.79785696  
-29.58541418  
-50.35471712  
-70.28679728  
-82.13107603  
-80.66018363  
-65.40309698  
-41.25468223  
-16.58046212  
0.3391800047  
4.861359063  
-2.143357439  
-14.95581903  
-25.85414899  
-28.74476695  
-21.83973591  
-8.150470722  
6.337725607  
15.81498734  
17.51459142  
12.89456694  
6.616363095  
3.921453163  
7.790933249  
17.33912182  
28.23105338  
34.87369169  
33.24735345  
22.95496742  
7.497423074  
-7.304138068  
-15.90562025  
-15.36468123  
-6.313697758  
7.758267261  
22.38827941  
34.12566602  
41.61639457  
45.3651458  
46.52985072  
45.62749592  
42.0256933  
34.56529373  
22.91995683  
8.775029183  
-4.08044394  
-11.08294792  
-9.145449112  
1.312300724  
15.75853439  
26.96878833  
28.06411546  
15.85706712  
-7.123530703  
-33.07673371  
-51.88975983  
-55.45227954  
-41.42917618  
-14.7248799  
14.16286826  
33.32151084  
34.39863241  
16.2389643  
-14.39897453  
-45.37424573  
-63.88517093  
-61.42149982  
-36.95472126  
2.815355124  
46.08107996  
80.20447997  
95.90704869  
89.8597404  
64.97536358  
28.67861886  
-9.873967625  
-42.48211045  
-63.67949359  
-71.35045527  
-66.42627088  
-52.10876646  
-32.97834618  
-14.11041742  
-0.1590614095  
5.610814256  
2.181165637  
-8.808256351  
-23.42984212  
-36.69899218  
-44.33880452  
-44.40490957  
-38.03550064  
-28.9023659  
-21.50995615  
-19.05746137  
-21.84406859  
-27.00178508  
-29.7476017  
-25.62713917  
-12.72949025  
7.166729597  
29.07662221  
46.73093112  
55.08050298  
52.26879073  
40.22549499  
23.68737598  
8.171868684  
-2.13540347  
-5.655298513  
-3.399173487  
2.146190557  
8.545145221  
14.54906861  
20.33392613  
26.85019563  
34.75991214  
