25.14876327  
7.613677745  
-12.93385305  
-32.01972967  
-45.72080356  
-51.5912182  
-49.1615951  
-39.93921279  
-26.92709721  
-13.7686578  
-3.712828462  
1.324811068  
1.309137255  
-1.979733392  
-5.656051812  
-6.870834532  
-3.970614594  
2.797571078  
11.35881574  
18.67037724  
22.02994507  
20.26715239  
14.27685042  
6.631313159  
0.4299116044  
-2.089525445  
-0.5228757404  
3.61423721  
7.736002431  
9.557975859  
8.307015039  
5.145604107  
2.566954072  
3.033448415  
7.533327644  
14.80475532  
21.67672124  
24.43060429  
20.56587296  
10.11525871  
-4.164785411  
-17.88073283  
-26.89792214  
-29.16667045  
-25.60384774  
-19.58933257  
-15.2945175  
-15.63031425  
-20.79735302  
-28.14651076  
-33.43269447  
-32.87561371  
-25.04593018  
-11.67316221  
3.017891583  
14.13417428  
18.24779378  
14.84142725  
6.412086286  
-2.776343193  
-8.664089833  
-9.145271736  
-4.792457704  
1.722014788  
7.148835501  
9.330120751  
8.186164739  
5.571002765  
4.134481765  
5.820220907  
10.78851957  
17.30494907  
22.62441833  
24.3879889  
21.80133534  
15.99510955  
9.40469082  
4.514094233  
2.628586525  
3.306521495  
4.724289192  
4.75480761  
2.173231964  
-2.652605219  
-7.945032113  
-11.46537308  
-11.7143042  
-8.740117609  
-4.121271783  
-0.1315481663  
1.467185923  
0.3555059654  
-2.197735802  
-4.070076139  
-3.522733361  
-0.2814680705  
4.141000789  
7.10272872  
6.18438768  
0.5675410978  
-8.279238048  
-17.01334172  
-21.80471676  
-20.08337191  
-11.82777593  
0.2373287931  
11.67365413  
18.16197125  
17.33143851  
9.776677689  
-1.180292906  
-10.86716284  
-15.16574161  
-12.12571324  
-2.631481157  
10.0915781  
21.84148226  
29.04203852  
29.91511463  
24.80850936  
15.67446732  
5.051333341  
-4.940520461  
-13.17059819  
-19.48569169  
-24.25474677  
-27.79265546  
-29.98407373  
-30.27196802  
-27.96715876  
-22.67791615  
-14.6288798  
-4.722590202  
5.658875035  
14.99899169  
21.985245  
25.73128024  
25.85608391  
22.46318934  
16.08189905  
7.60471491  
-1.791062658  
-10.77033433  
-18.03315907  
-22.54350897  
-23.72633201  
-21.56083538  
-16.54026479  
-9.527818664  
-1.582257523  
6.179755282  
12.66575313  
16.87812547  
18.04149593  
15.8206617  
10.57483529  
3.510130119  
-3.429940712  
-8.01605282  
-8.448493093  
-4.089900018  
4.109856305  
13.7519682  
21.72989031  
25.34200206  
23.34138666  
16.46893243  
7.203572652  
-1.204591224  
-6.031868459  
-6.158393387  
-2.459708339  
2.655632211  
6.348303184  
6.592535021  
3.009866869  
-3.058052877  
-9.230152691  
-13.1682869  
-13.5474959  
-10.4868764  
-5.302386266  
0.2233541439  
4.643090947  
7.316938262  
8.366124417  
8.219906612  
7.08432923  
4.686059739  
0.461629972  
-5.915315401  
-13.99764337  
-22.37906811  
-29.04144793  
-32.11828362  
-30.70803895  
-25.30680055  
-17.60468601  
-9.714961533  
-3.213704992  
1.513619251  
5.264972491  
9.344762294  
14.57467985  
20.54419524  
25.55419854  
27.35682206  
24.35709785  
16.65640568  
6.339299369  
-3.246717612  
-8.959051223  
-9.395576396  
-5.715666722  
-1.253979636  
-0.001349564204  
-4.599861801  
-14.7974216  
-27.15802939  
-36.28079568  
-37.07629807  
-27.12156036  
-8.017344108  
14.92676855  
34.62689607  
44.99800289  
43.39229076  
31.65396794  
15.33492254  
1.407029293  
-4.551486418  
-0.5160219825  
11.34883192  
25.77290855  
36.6491646  
39.48909248  
33.05413286  
19.56872531  
3.557959235  
-10.08648142  
-17.95184883  
-19.13792848  
-15.17677763  
-9.035732988  
-3.745590464  
-1.263421177  
-1.9772491  
-4.921894609  
-8.468263386  
-11.10728336  
-11.99759933  
-11.12657795  
-9.129852434  
-6.934596281  
-5.400226389  
-5.061999577  
-5.999751179  
-7.814374224  
-9.701229101  
-10.63790181  
-9.696098318  
-6.434419547  
-1.243172211  
4.538194242  
8.875360408  
9.671772777  
5.597231223  
-3.215554909  
-14.9468261  
-26.52236027  
-34.61029061  
-36.82160166  
-32.6179712  
-23.52104862  
-12.50017922  
-2.779253184  
3.428239996  
5.702095608  
5.37524223  
4.705421176  
5.66026442  
8.895353646  
13.4123127  
17.05476971  
17.59844715  
13.9039831  
6.572020653  
-2.219839555  
-9.6234413  
-13.33925778  
-12.56981389  
-8.26399286  
-2.5534726  
2.325735961  
5.093719638  
5.954636319  
6.34924329  
8.072014741  
12.20491726  
18.40403846  
24.90064044  
29.22645707  
29.32343858  
24.51399741  
15.87831999  
5.867499837  
-2.661563734  
-7.547087096  
-8.073132311  
-5.071173335  
-0.3848995977  
4.001113038  
6.744752418  
7.50177823  
6.755394656  
5.28835308  
3.62804764  
1.773419241  
-0.6655077096  
-4.025469295  
-8.124533565  
-12.06951779  
-14.48625804  
-14.09450613  
-10.35432229  
-3.854624482  
3.777576468  
10.44309948  
14.37888946  
14.85145151  
12.42309479  
8.667061364  
5.456858828  
4.142621007  
4.975586508  
7.024272945  
8.606956547  
8.040193423  
4.376070144  
-2.180216498  
-10.32905946  
-18.16128767  
-23.84522342  
-26.22927982  
-25.13364217  
-21.25634529  
-15.78366272  
-9.904884043  
-4.440823084  
0.2839912702  
4.323289186  
7.85178366  
10.92352352  
13.3675963  
14.85829111  
15.10006248  
14.01190129  
11.80010516  
8.873815186  
5.643860821  
2.314516324  
-1.21035401  
-5.234835178  
-10.01396913  
-15.44530761  
-20.87090254  
-25.12341926  
-26.85690263  
-25.07110585  
-19.63291681  
-11.56130138  
-2.906401415  
3.801817902  
6.383039272  
3.827717576  
-3.209631386  
-12.46881317  
-20.72638559  
-24.82940831  
-22.76844238  
-14.40161685  
-1.558749617  
12.52305619  
24.23427573  
30.73027129  
30.77480313  
25.01655112  
15.64531241  
5.601825969  
-2.345383887  
-6.334175161  
-5.751115134  
-1.154810894  
6.089215924  
14.2644699  
21.6827212  
26.92018422  
28.94272419  
27.19918535  
21.73119441  
13.27137587  
3.23460666  
-6.495289525  
-14.00480847  
-17.91165323  
-17.84112814  
-14.59493942  
-9.890530435  
-5.727964853  
-3.622957298  
-4.02968325  
-6.218187428  
-8.676455432  
-9.86862631  
-9.004092591  
-6.455595056  
-3.618149155  
-2.263511828  
-3.688674546  
-8.064110765  
-14.29898931  
-20.49546327  
-24.77629014  
-26.08563948  
-24.57063967  
-21.35902079  
-17.84894931  
-14.879536  
-12.21804429  
-8.649226346  
-2.648097917  
6.686121001  
18.90999028  
32.11950806  
43.54329636  
50.59990469  
51.9349706  
47.94614321  
40.54160957  
32.2450806  
25.08037882  
19.77541566  
15.66689193  
11.33241144  
5.607714768  
-1.555337306  
-8.856543729  
-14.18964079  
-15.70008516  
-12.81618065  
-6.696783313  
0.182831691  
5.151161977  
6.632385287  
4.953341891  
2.215846571  
1.234151673  
4.011675532  
10.49833602  
18.27864081  
23.42601961  
22.20193901  
12.85112355  
-3.347517465  
-22.30698528  
-38.60117812  
-47.57073645  
-47.15714166  
-38.66326545  
-26.11411563  
-14.51280591  
-7.770987501  
-7.216243615  
-11.29393677  
-16.5255776  
-19.22615433  
-17.17217478  
-10.48738477  
-1.415331101  
6.822366327  
11.48593164  
11.40810561  
7.268981507  
1.035728091  
-5.053315724  
-9.412291256  
-11.51053839  
-11.65592093  
-10.40631896  
-8.037609641  
-4.418441621  
0.6378517817  
6.793834436  
12.80310237  
16.66530836  
16.36905276  
10.91617773  
1.099312766  
-10.44204817  
-20.04465986  
-24.44394203  
-22.1808101  
-14.32235817  
-4.101613929  
4.431788838  
8.18315859  
6.413744994  
1.113272263  
-3.861895802  
-4.532638153  
1.341977016  
13.11946403  
27.37178264  
39.20687142  
44.25926548  
40.50566488  
29.14460001  
14.1843563  
0.9282239698  
-6.015007846  
-4.406792732  
4.875311964  
18.23853849  
30.69083108  
37.53299508  
