-9.502031252  
-29.61011299  
-50.58531765  
-65.71015901  
-70.64144852  
-64.78400849  
-50.99712464  
-33.94404866  
-17.96303463  
-5.465078391  
3.488166633  
10.39590817  
16.87770566  
23.40634417  
28.88284231  
31.23953534  
28.71072002  
21.07061291  
10.16866707  
-0.5420840514  
-7.279319558  
-7.415514315  
-0.4903252883  
11.68097954  
25.79750486  
38.34468631  
46.75498239  
49.98401142  
48.36645749  
42.98059275  
34.95414036  
25.09579814  
13.98596244  
2.355963633  
-8.589827182  
-17.21524602  
-21.92762968  
-21.8737386  
-17.46883777  
-10.41982075  
-3.14951708  
2.150204757  
4.392974679  
3.963407776  
2.377734848  
1.39199093  
1.996699094  
3.802641655  
5.136656877  
3.817320809  
-1.754304547  
-11.70752897  
-24.43558324  
-37.06754908  
-46.45037293  
-50.198306  
-47.37340056  
-38.57884376  
-25.53793569  
-10.45009598  
4.553102147  
17.67230744  
27.46785207  
32.84573645  
33.19028529  
28.6697693  
20.53286224  
11.10215586  
3.25679396  
-0.5471492357  
0.6384187734  
5.588649962  
11.09974682  
13.13048309  
8.523524671  
-3.405953497  
-20.16204065  
-36.66258654  
-46.99991019  
-46.69073708  
-34.47811743  
-12.90907085  
12.56957607  
35.60586933  
51.17128521  
57.09011406  
54.2946412  
45.8340014  
35.22609655  
24.98802028  
16.00499604  
7.907034731  
0.08014678349  
-7.375007179  
-13.3433437  
-16.24757802  
-15.11911198  
-10.51670276  
-4.661265535  
-0.568776783  
-0.5361716423  
-4.759442014  
-10.88925182  
-14.9158288  
-13.10022299  
-4.080860017  
9.914753955  
23.48610369  
30.1028158  
24.97570478  
7.487136899  
-17.98246004  
-43.33359844  
-59.7076978  
-60.93285997  
-46.01326104  
-19.60881801  
9.687961305  
32.53813398  
42.17485999  
36.53497976  
18.46184874  
-5.898305449  
-29.64761623  
-47.48397535  
-56.94581973  
-58.28026297  
-53.32802572  
-44.19925093  
-32.454597  
-19.08005164  
-5.02215044  
8.280226948  
18.88587194  
25.00968975  
26.01585719  
23.11748728  
19.22766637  
17.83408891  
21.32849166  
29.60737617  
39.73416158  
46.99560695  
46.99516842  
37.85397725  
21.43675258  
2.904706466  
-11.34224591  
-16.48147612  
-11.56447142  
-0.1800145614  
10.92387077  
14.73654  
7.14892924  
-11.03095414  
-34.14955539  
-53.88115583  
-62.5802269  
-56.36222826  
-36.59135379  
-9.175639907  
17.95285622  
38.01119018  
47.79199222  
48.3470615  
43.76403472  
38.74455345  
36.19065997  
35.92744002  
35.08698219  
29.86867303  
17.75326262  
-0.918382092  
-22.73666134  
-42.43936019  
-54.93937804  
-57.21233014  
-49.22669414  
-33.6036561  
-14.31132543  
4.890958464  
21.51268561  
34.49896514  
43.62032164  
48.61026991  
48.66713507  
42.67690413  
30.05407248  
11.69472489  
-9.589825954  
-29.55769052  
-43.86847555  
-49.71670985  
-47.00394572  
-38.44165844  
-28.45435152  
-21.31633544  
-19.33818237  
-21.92280018  
-25.92712749  
-27.1688942  
-22.39380095  
-10.80677538  
5.518351294  
22.51528173  
35.8583277  
42.74279224  
42.90337824  
38.43879547  
32.57724455  
28.00469386  
25.56149924  
23.91782692  
20.36349739  
12.32681657  
-1.096901822  
-18.31904342  
-35.52436145  
-47.93338509  
-51.54291041  
-44.64188973  
-28.51976699  
-7.128894964  
14.13028463  
30.03445559  
37.0150619  
34.05221412  
22.79004102  
6.933264868  
-8.840583963  
-20.14660479  
-24.03977375  
-19.79585358  
-9.143194985  
4.153071384  
15.32119963  
20.02169057  
15.80675155  
3.115220831  
-14.62220302  
-31.93609007  
-43.11193214  
-44.23146107  
-34.68567143  
-17.50578238  
1.714409297  
16.9570666  
24.14816089  
22.76748799  
15.97860743  
9.167686126  
7.474326036  
13.37484773  
25.3989852  
38.59844405  
46.62264744  
44.5305765  
31.10845554  
9.647724083  
-13.20679628  
-30.07930851  
-35.84500297  
-29.68973328  
-15.36576259  
0.451540935  
10.97796974  
12.08606815  
3.855869209  
-9.693837768  
-22.49457245  
-29.05151133  
-26.65535347  
-16.28511929  
-1.934388416  
11.21189062  
18.87091978  
19.12703078  
12.7486878  
2.409758344  
-8.658374231  
-17.88786242  
-23.9596386  
-26.65103663  
-26.24417088  
-22.97618488  
-16.90561843  
-8.24817381  
2.09591725  
12.26051369  
19.69981181  
22.04341623  
18.16569049  
8.928995473  
-2.84381384  
-13.26742461  
-18.8364459  
-17.79296536  
-10.79899483  
-0.5901720823  
9.247861009  
15.83586519  
18.19029549  
17.52012865  
16.51784905  
17.99034785  
23.46068595  
32.36229667  
42.15344801  
49.26095809  
50.40910401  
43.76737203  
29.48851317  
9.521113748  
-13.10140828  
-35.11696861  
-53.69180715  
-66.72506257  
-72.87501823  
-71.5105808  
-62.76514366  
-47.7139536  
-28.52403403  
-8.346533132  
9.198666224  
20.89728472  
24.90344361  
21.41109162  
12.71917502  
2.601046896  
-4.829806432  
-6.359547323  
-0.5894788351  
11.75632903  
28.15985003  
45.07358551  
58.80814165  
66.27736848  
65.48102368  
55.75558812  
37.88753538  
14.13547554  
-11.90126811  
-35.70228917  
-52.62885209  
-59.03622148  
-53.40709398  
-37.07273745  
-14.13448657  
9.553738442  
28.10286324  
37.432218  
36.54057417  
27.67677978  
15.30325625  
4.243888486  
-2.237803434  
-3.636817688  
-2.189636822  
-1.66689913  
-5.516959482  
-15.17800264  
-29.29641191  
-44.18308748  
-55.2952728  
-59.08672019  
-54.42588433  
-42.98931041  
-28.5018199  
-15.19416609  
-6.169871938  
-2.371769685  
-2.539380964  
-4.090347919  
-4.458975756  
-2.254833765  
2.270735847  
7.613578187  
12.01663559  
14.56074308  
15.79184688  
17.55666407  
22.08663177  
30.726916  
42.88825642  
55.73615143  
64.84589755  
65.65962723  
55.24137761  
33.67009051  
4.500946997  
-25.96027542  
-50.40771085  
-62.76376237  
-60.14008007  
-43.83820732  
-19.00463666  
6.989842073  
26.92256454  
36.03470988  
33.4771501  
22.36679226  
8.429653815  
-2.267913758  
-5.650160888  
-1.137874684  
8.246377476  
17.20798832  
20.41065712  
14.71118825  
0.4976567921  
-18.40472291  
-36.21107692  
-47.4204996  
-48.90458868  
-41.00035595  
-27.20496538  
-12.66342021  
-2.137319839  
1.678498282  
-1.170231924  
-8.406076282  
-16.84827507  
-23.85771548  
-28.20873333  
-30.03963395  
-30.034051  
-28.38444244  
-24.19794029  
-15.75775025  
-1.581498447  
18.24687295  
41.20900948  
62.5309608  
76.52174307  
78.6210947  
67.31394452  
45.05056173  
17.69220742  
-7.379478917  
-23.77290083  
-28.2205693  
-21.4984505  
-7.80554751  
7.070885752  
17.9941608  
22.19159134  
19.80767754  
13.2135446  
5.539206816  
-0.8105144376  
-4.975422381  
-7.509956096  
-9.520285322  
-11.64291636  
-13.47848275  
-13.81077706  
-11.48176516  
-6.408162408  
-0.1069046413  
4.672031048  
5.146071557  
0.003914400789  
-9.550040298  
-19.83398308  
-25.96191786  
-23.91361273  
-12.52474092  
5.534721432  
24.35422738  
36.84561608  
37.51093989  
24.7863921  
1.946465268  
-23.8863935  
-44.29858193  
-52.71500598  
-46.8436856  
-29.4437197  
-7.110009097  
12.4122643  
23.26971561  
23.65281536  
16.20793988  
6.601441147  
0.9043891401  
2.936024283  
12.68228529  
26.40654272  
38.33076122  
43.10620194  
37.9990743  
23.89873595  
4.811799305  
-13.82924506  
-27.23603949  
-32.82332404  
-30.68157728  
-22.93850483  
-12.48680433  
-1.784302919  
7.712456348  
15.33615014  
20.53385903  
22.30420708  
19.23890459  
10.27990708  
-4.169349444  
-21.45128964  
-36.80469293  
-44.67712794  
-40.82344678  
-24.33346478  
1.382693833  
29.27033939  
50.89422572  
59.48811753  
52.56544879  
32.96523069  
7.820441813  
-14.19582797  
-26.24368762  
-25.92206353  
-16.03147327  
-3.202490841  
4.996747241  
