16.01680842  
12.70575292  
5.878250989  
-1.90924609  
-8.215042945  
-11.30150038  
-10.47888719  
-6.180029883  
0.2272090978  
6.857595698  
11.8805558  
14.10637629  
13.3987654  
10.73914461  
7.870793868  
6.615457696  
8.113035837  
12.30060457  
17.87022703  
22.74659152  
24.88997345  
23.07590607  
17.31041262  
8.713708365  
-1.036988638  
-10.40553557  
-18.48212145  
-25.03554846  
-30.16014655  
-33.77554526  
-35.3204802  
-33.87012604  
-28.65500686  
-19.70751399  
-8.252314121  
3.440650767  
12.74998008  
17.65591256  
17.5022403  
13.18826683  
6.688894037  
0.1435893925  
-5.018770773  
-8.472555025  
-10.72038142  
-12.33868363  
-13.21227801  
-12.25611587  
-7.868679315  
1.052295929  
14.05657866  
28.67379649  
40.91770082  
46.67885179  
43.44574043  
31.56127536  
14.36892613  
-2.919236212  
-15.20761316  
-19.51220462  
-16.08540561  
-8.167036537  
-0.4756670404  
2.876720981  
0.1114106677  
-7.600944794  
-16.86172297  
-23.71385962  
-25.45603425  
-21.77096209  
-14.69629999  
-7.525119541  
-3.209278708  
-3.030252481  
-6.125164987  
-10.02031613  
-11.85166808  
-9.666878364  
-3.222894753  
6.020732003  
15.61987268  
23.17902115  
27.21896384  
27.54379108  
25.04582323  
21.14071955  
17.14240635  
13.83994677  
11.38391759  
9.429324363  
7.397702727  
4.732816317  
1.093278683  
-3.515805395  
-8.662113355  
-13.48370593  
-16.82518437  
-17.55043167  
-14.98138738  
-9.300288663  
-1.697456502  
5.89230302  
11.44393106  
13.6497209  
12.50865273  
9.367532351  
6.314959314  
5.151210796  
6.410343912  
8.94622585  
10.36497973  
8.181187952  
1.187373515  
-9.639564119  
-21.20806707  
-29.43145255  
-30.95695851  
-24.72820508  
-12.6290521  
1.150467693  
11.79704255  
15.87365244  
12.73408507  
4.70591545  
-4.037072835  
-9.384384511  
-9.094196125  
-3.67480054  
4.024117153  
10.25984742  
12.15546225  
8.929255985  
2.053757276  
-5.6480988  
-11.44537199  
-13.92629877  
-13.41796002  
-11.46023921  
-9.69791038  
-8.843039582  
-8.290791959  
-6.591570495  
-2.49944833  
4.009225178  
11.34982404  
16.84714169  
17.94339199  
13.50059127  
4.523680307  
-6.098904807  
-14.75667806  
-18.64946367  
-16.96866562  
-11.17160257  
-4.22983891  
0.777755207  
2.05467624  
-0.1838335777  
-3.949774609  
-6.529191334  
-5.806785108  
-1.239130647  
5.948160987  
13.37426278  
18.58555675  
20.07890588  
17.81670663  
13.063766  
7.703691103  
3.405793887  
1.025372908  
0.4525153911  
0.883828247  
1.308302256  
0.9513388412  
-0.4916464926  
-2.853549935  
-5.633611481  
-8.159330233  
-9.715365185  
-9.662457574  
-7.602102376  
-3.597848669  
1.628369971  
6.674477859  
9.738425702  
9.200593714  
4.331150488  
-4.183633289  
-14.19333694  
-22.64098942  
-26.58602643  
-24.31260658  
-16.05797126  
-4.022117619  
8.38450723  
17.76674991  
21.94295296  
20.62536719  
15.32456982  
8.564646172  
2.79181883  
-0.5309496344  
-1.271528647  
-0.3313986488  
1.077030338  
2.178465599  
3.030598163  
4.39367394  
7.172908685  
11.74043727  
17.48998739  
22.85138569  
25.76851781  
24.43382511  
17.97349389  
6.820035612  
-7.34309817  
-22.00891797  
-34.47290097  
-42.45756737  
-44.58518908  
-40.62686695  
-31.51828872  
-19.16017698  
-6.029915777  
5.350957277  
13.00500054  
15.99989572  
14.69467489  
10.60651979  
5.893040471  
2.599674239  
1.942078927  
3.907822657  
7.347103332  
10.51905878  
11.85828282  
10.62661062  
7.170368476  
2.692338967  
-1.32150731  
-3.724110524  
-4.078607871  
-2.631261037  
0.03802481026  
3.437333409  
7.379006993  
11.85001377  
16.62283135  
20.88143453  
23.17135302  
21.82978499  
15.77915451  
5.32042655  
-7.51792899  
-19.36743443  
-26.60452939  
-26.73876363  
-19.51038282  
-7.174541033  
6.220867221  
16.31317343  
20.05454255  
16.80233053  
8.406469345  
-1.725329218  
-10.14716141  
-14.78769981  
-15.63060597  
-14.39287367  
-13.40538019  
-14.2686963  
-16.94748505  
-19.74011931  
-20.13044077  
-16.1020997  
-7.276466404  
4.678761109  
16.57659309  
24.94216446  
27.39475192  
23.56635254  
15.16530431  
5.18640706  
-3.353186496  
-8.582047475  
-10.34972447  
-10.00405446  
-9.530869813  
-10.48863535  
-13.23190975  
-16.7563797  
-19.19964721  
-18.73987875  
-14.47570878  
-6.903883175  
2.192758445  
10.37616187  
15.4245251  
16.09371369  
12.49343198  
5.978606963  
-1.352199868  
-7.332497361  
-10.33383849  
-9.629139451  
-5.457392617  
1.156776132  
8.717233905  
15.5937536  
20.31380932  
21.78895856  
19.48219395  
13.51968521  
4.726083174  
-5.455413591  
-15.18991155  
-22.61582139  
-26.27923507  
-25.51871224  
-20.66778978  
-12.98478283  
-4.305597895  
3.481376529  
8.964287497  
11.55490671  
11.53081768  
9.768920617  
7.292005035  
4.829651408  
2.587020239  
0.3193330365  
-2.335154076  
-5.440680219  
-8.49478448  
-10.47165087  
-10.19648873  
-6.898547145  
-0.6797413503  
7.351940827  
15.39611141  
21.62261232  
24.9034483  
25.27348819  
23.88074717  
22.41567764  
22.2615521  
23.76331605  
25.98443616  
27.10948461  
25.34386197  
19.9035848  
11.60796853  
2.739057946  
-3.841963256  
-5.973902096  
-3.303055091  
2.315834665  
7.375741303  
8.061781347  
1.848430714  
-11.32955354  
-28.85706342  
-46.30068015  
-59.02237616  
-63.88749602  
-60.36548092  
-50.58002905  
-38.31324447  
-27.40847836  
-20.25646062  
-16.99076686  
-15.69329327  
-13.46990631  
-7.893727368  
1.817460796  
14.37838979  
26.91280975  
36.09003128  
39.42327582  
36.19840997  
27.69050739  
16.63676071  
6.230305702  
-0.9438977977  
-3.637184016  
-2.114881516  
2.194156614  
7.363485423  
11.66186957  
14.03359343  
14.25594994  
12.80420048  
10.54704228  
8.414848481  
7.14286042  
7.12721269  
8.381137335  
10.56053768  
13.03785094  
15.02059465  
15.71612685  
14.52767164  
11.23947696  
6.128313762  
-0.0555202528  
-6.25829999  
-11.40827102  
-14.7289879  
-15.97032128  
-15.46724671  
-13.99612909  
-12.47446828  
-11.61472792  
-11.6657314  
-12.34688813  
-13.00659499  
-12.94564066  
-11.77372855  
-9.644561049  
-7.255281375  
-5.588351265  
-5.483440038  
-7.209569766  
-10.22512545  
-13.25220171  
-14.67090866  
-13.10479234  
-7.977497747  
0.184707999  
9.841179509  
18.9011781  
25.39728504  
28.11255172  
26.9216379  
22.72186496  
16.99765929  
11.21009262  
6.267940835  
2.291509076  
-1.253165472  
-5.133509686  
-9.845482918  
-15.25304839  
-20.52824142  
-24.41365193  
-25.6943384  
-23.68700255  
-18.55731333  
-11.35163207  
-3.737068729  
2.458770414  
5.764001709  
5.485197494  
1.921824055  
-3.688606531  
-9.494394819  
-13.55803324  
-14.46286208  
-11.82256908  
-6.507939798  
-0.4567174933  
3.944636761  
4.752136369  
1.325140052  
-5.201812151  
-12.10267567  
-15.93466272  
-13.84560806  
-4.824123666  
9.645500377  
25.87578481  
39.19798204  
45.68912103  
43.71890294  
34.65231824  
22.36249405  
11.70465349  
6.561929542  
8.284671023  
15.19897567  
23.40516206  
28.52309591  
27.61826054  
20.460614  
9.567848059  
-0.9678697327  
-7.324582551  
-7.630522391  
-2.735552495  
4.239121872  
9.326161149  
9.437431708  
3.613366615  
-6.719001453  
-18.51247404  
-28.45644775  
-34.26102167  
-35.30750216  
-32.46708596  
-27.31486007  
-21.23724089  
-14.92007545  
-8.436065497  
-1.781748563  
4.548943879  
9.383203341  
11.27060813  
9.298423645  
3.87179165  
-3.032768349  
-8.399424706  
-9.354153602  
-4.499014756  
5.230073142  
16.64029705  
25.34811146  
27.43868268  
21.041279  
7.160951485  
-10.58276342  
-27.20180247  
-38.06463073  
-40.42601548  
-34.20860308  
-21.81634593  
-7.147719845  
5.75078783  
13.88722029  
