-12.48432053  
-27.62854997  
-41.98717144  
-52.18025025  
-55.16756278  
-49.42623988  
-35.73320698  
-17.1054787  
2.188438712  
18.18168325  
28.6572575  
33.82678596  
35.91832058  
37.86737087  
41.74776863  
47.71406242  
53.9795602  
57.83603637  
57.18938235  
51.81087994  
43.63388457  
35.90250038  
31.57071599  
31.75190446  
35.02582709  
38.00017522  
36.90191721  
29.4429316  
16.04024255  
-0.2351926041  
-14.99240584  
-24.51143122  
-27.42567076  
-25.26486915  
-21.57454073  
-20.03266928  
-22.48929001  
-27.91815542  
-32.84043611  
-33.06940951  
-25.96608108  
-12.11599912  
4.423906687  
17.50978487  
21.36697032  
13.04660758  
-6.210321058  
-31.31885342  
-55.26627294  
-71.77435111  
-77.57130316  
-73.3384011  
-62.99560275  
-51.71646517  
-43.58388225  
-39.90101555  
-38.83185595  
-36.44211912  
-28.61782631  
-13.01141282  
9.784849328  
36.26482121  
61.15482244  
79.17963952  
86.77088216  
83.13607376  
70.39758808  
52.84819374  
35.63296735  
23.28052674  
18.48540603  
21.43015951  
29.79175652  
39.42697383  
45.58657167  
44.3696525  
34.02544372  
15.68633647  
-6.776102353  
-27.83459997  
-42.06158738  
-45.99679378  
-39.44644089  
-25.67358045  
-10.31865366  
0.6167787779  
2.990481275  
-3.91733858  
-17.13506757  
-31.16096952  
-40.11138848  
-40.00653462  
-30.28483126  
-13.96005561  
3.603689899  
16.76302842  
21.65903321  
17.47248108  
6.453003906  
-7.168677973  
-18.83876671  
-25.20407577  
-24.95213203  
-18.79104693  
-8.779037609  
2.560261078  
12.92473433  
20.53147222  
24.10609822  
22.81047608  
16.32919606  
5.148049739  
-9.162072606  
-23.95280453  
-36.00251607  
-42.47214058  
-41.97792522  
-35.29502295  
-25.29034816  
-15.99315938  
-11.10959202  
-12.57761256  
-19.78730097  
-29.82763409  
-38.67319956  
-42.80461144  
-40.55908118  
-32.63623627  
-21.57254428  
-10.46999898  
-1.589594929  
4.545593988  
9.16359397  
14.43075603  
22.2546208  
33.29382202  
46.62617268  
60.1752839  
71.62391624  
79.33199121  
82.82629417  
82.69112761  
80.01680904  
75.77285893  
70.46364479  
64.20902711  
57.10971213  
49.5707005  
42.28497064  
35.80860812  
29.9594769  
23.46023566  
14.19424531  
0.142739396  
-19.32692471  
-42.44421132  
-64.90915779  
-80.94309096  
-85.26455575  
-75.25012745  
-52.34676869  
-22.03548408  
7.777349935  
29.38347899  
37.88749833  
32.75686666  
17.68780727  
-1.119157962  
-17.50596899  
-27.63246964  
-31.04906469  
-30.20785472  
-28.76348662  
-29.53607859  
-33.10541816  
-37.65458292  
-40.05745127  
-37.61860428  
-29.59120178  
-17.74376451  
-5.725006896  
2.450312706  
4.080207391  
-1.133631854  
-11.02427845  
-21.88044946  
-29.87714269  
-32.375877  
-28.59386979  
-19.49170673  
-7.092464697  
6.349228872  
18.94701716  
29.38685433  
36.8279884  
40.74025332  
40.88435132  
37.47105386  
31.34914217  
23.99511455  
17.16995666  
12.31167941  
9.934911961  
9.366192074  
9.015549675  
7.116710743  
2.60628416  
-4.296300324  
-12.12839153  
-18.86236145  
-22.91155532  
-23.96513502  
-23.21365982  
-22.82039072  
-24.86720816  
-30.27749053  
-38.23859934  
-46.40898147  
-51.8134036  
-52.00240099  
-45.94419286  
-34.27874101  
-18.89911534  
-2.156971889  
13.86702719  
27.69163118  
38.31609191  
44.8996677  
46.60914328  
42.87355588  
33.97708777  
21.61656147  
8.948153502  
-0.1567227518  
-2.507326328  
2.920756289  
14.1615837  
26.64663404  
34.83000384  
34.45834823  
24.49903185  
7.800206783  
-9.917598082  
-22.37237307  
-25.32742888  
-18.30385159  
-4.593346524  
10.43431979  
21.9111265  
27.67196389  
28.98596705  
29.45242565  
32.62923186  
39.63424388  
48.02285075  
52.63831377  
48.13888627  
32.00953184  
6.530794511  
-21.40921886  
-42.7749956  
-50.12285541  
-40.94389531  
-19.03264224  
6.842885153  
26.46898458  
32.39125723  
22.94692244  
2.797973775  
-19.23188381  
-34.00129034  
-35.84238448  
-24.65243824  
-5.481247445  
14.02143529  
26.99350008  
30.00139736  
23.83502493  
12.3260875  
0.01481480109  
-10.03447434  
-17.18338377  
-22.60390409  
-27.64671031  
-32.27943487  
-34.60390953  
-31.81902903  
-22.14503683  
-6.618141381  
10.35888277  
22.23951612  
22.95132212  
9.761768661  
-14.98443658  
-44.18724633  
-68.38504482  
-79.27340107  
-72.86988591  
-50.98431249  
-20.4058657  
9.783536022  
31.57609317  
40.67555452  
37.41457538  
25.78802338  
11.26189663  
-1.537087567  
-10.25418538  
-14.91518893  
-16.95287226  
-17.86758927  
-18.2911322  
-17.87627714  
-15.91343352  
-12.17052692  
-7.376686791  
-3.03039357  
-0.6456930959  
-0.8940376543  
-3.165907276  
-5.83097001  
-7.068279682  
-5.80183434  
-2.207951788  
2.502728214  
6.90893444  
10.33187547  
13.34312265  
17.4818482  
24.27377456  
34.0576286  
45.28190106  
54.73863017  
58.7352675  
54.71186118  
42.53751283  
24.83055815  
6.087481784  
-9.026400125  
-17.46437788  
-18.85742821  
-15.3805761  
-10.52618613  
-7.390547618  
-7.287805055  
-9.317218117  
-11.02633746  
-9.78582016  
-4.168494243  
5.331585312  
16.54237573  
26.63000666  
33.32934038  
35.76492205  
34.4935167  
30.82915009  
25.88969093  
19.92885029  
12.33869662  
2.318032927  
-10.18184304  
-23.80236213  
-35.85480477  
-43.20207378  
-43.59005348  
-36.80697426  
-25.07973743  
-12.44010011  
-3.258271697  
-0.5329026799  
-4.657910762  
-13.20156235  
-21.81136223  
-25.89149461  
-22.38651173  
-10.97419555  
5.777692439  
23.31821056  
36.70783627  
42.28762366  
38.82335189  
27.75488808  
12.52910305  
-2.683867946  
-14.39921143  
-20.85676366  
-22.36004379  
-20.84786785  
-18.90090422  
-18.57593859  
-20.50998747  
-23.63684645  
-25.63184283  
-23.92860531  
-16.92020294  
-4.860388271  
9.934822545  
23.73135884  
32.67851089  
34.28812954  
28.49729684  
17.84267424  
6.609522978  
-0.7649597159  
-1.423005264  
4.747794827  
15.01219784  
24.82181421  
29.58864019  
26.48323427  
15.52717188  
-0.4592497657  
-17.01068162  
-29.77068202  
-36.10626378  
-35.92811566  
-31.42140179  
-25.86725114  
-22.10927981  
-21.33848478  
-22.69292946  
-23.79158246  
-21.91760803  
-15.31630838  
-4.062632483  
9.826546792  
23.03547053  
32.05699737  
34.33448909  
29.04912045  
17.33659846  
1.929618992  
-13.60956575  
-25.8233563  
-32.21648978  
-31.84333181  
-25.49633836  
-15.44412071  
-4.759290638  
3.609607693  
7.762795289  
7.458383052  
4.153570199  
0.404580763  
-1.190963945  
0.8967194465  
6.449903692  
13.59191537  
19.657296  
22.48147724  
21.50558615  
18.12203523  
15.01161768  
14.71006675  
18.06969975  
23.41617273  
26.9488524  
24.36959527  
13.10251645  
-5.913526043  
-27.80300869  
-45.10645059  
-50.52291474  
-39.97556699  
-14.68329527  
18.74426573  
50.37658877  
70.46201689  
72.98575284  
57.85258668  
30.81661852  
1.210806331  
-21.57002302  
-31.40257264  
-27.29447383  
-13.15695906  
4.231623247  
18.08292479  
24.05815952  
21.41810467  
12.61357202  
1.74909063  
-7.249308285  
-11.96369284  
-11.89806632  
-8.068539899  
-2.215097921  
3.866541951  
8.607739557  
10.63572738  
8.729450965  
2.043452013  
-9.363621955  
-23.97048567  
-38.64633295  
-49.24990306  
-51.95163615  
-44.82853936  
-29.01807589  
-8.797313786  
9.631886181  
20.28833088  
19.65794868  
8.097431361  
-10.23280053  
-28.91869451  
-41.69906542  
-44.73774864  
-37.8452338  
-24.21156698  
-8.861223408  
3.432872328  
9.874232215  
10.34659316  
6.94938242  
2.737041039  
0.3257458535  
0.9762068898  
4.435352334  
9.41297299  
14.29804942  
17.70388908  
18.64380788  
16.4250071  
10.53281128  
