-8.098422619  
-19.93188721  
-31.79335583  
-40.39417446  
-42.86466667  
-37.89969634  
-26.46090645  
-11.67548253  
2.130539635  
10.95872707  
12.64775045  
7.743076086  
-0.6705461267  
-8.158842339  
-10.70178698  
-6.322093707  
4.097994291  
17.16231823  
28.33622155  
33.78210652  
31.88939314  
23.86275331  
13.13729311  
3.889012886  
-0.7102165665  
0.2488261791  
5.155829475  
10.69565931  
13.34417631  
10.87869625  
3.262748022  
-7.432735229  
-17.97339349  
-25.3054697  
-27.69454901  
-25.19542265  
-19.32718285  
-12.20008072  
-5.566835006  
-0.2572037438  
3.783252446  
6.960384842  
9.37207758  
10.44421384  
9.111309201  
4.479699367  
-3.375308649  
-12.94296453  
-21.47839124  
-25.89538231  
-24.01776338  
-15.63744971  
-2.857319877  
10.51746342  
20.35953459  
23.82799429  
20.52725665  
12.69844735  
4.32604745  
-0.4941487871  
0.7479625052  
7.928111497  
18.334534  
27.79524771  
32.41401989  
30.18747717  
21.83139536  
10.48118302  
0.4066928556  
-4.715963651  
-3.263372772  
3.723762391  
12.99074844  
20.35919875  
22.31479408  
17.26719162  
6.031690901  
-8.580261641  
-22.82343405  
-33.27971392  
-37.84930198  
-36.17719101  
-29.47726937  
-19.94145006  
-10.0229328  
-1.844643294  
3.147906015  
4.308286245  
1.780611953  
-3.558929341  
-10.20053385  
-16.1977584  
-19.52594317  
-18.59477987  
-12.79268235  
-2.854634153  
9.152375758  
20.31682059  
27.74454051  
29.51525676  
25.37268412  
16.85477429  
6.775533278  
-1.771321435  
-6.512100888  
-6.76832344  
-3.601486328  
0.7217643765  
3.716653585  
3.708602481  
0.4837019706  
-4.690656098  
-9.657583178  
-12.30471793  
-11.43932503  
-7.250345975  
-1.194384088  
4.605409182  
8.163810993  
8.297988511  
4.904088183  
-1.207093887  
-8.767952711  
-16.54730722  
-23.64346617  
-29.48042047  
-33.58604692  
-35.3562295  
-34.01372118  
-28.85740603  
-19.7173619  
-7.384022458  
6.259492339  
18.56802734  
26.88818164  
29.47898881  
26.22306648  
18.793785  
10.14586923  
3.476475391  
1.043977225  
3.318215522  
8.823410854  
14.75943293  
18.16348493  
17.13862546  
11.63809094  
3.472292126  
-4.466744816  
-9.435742368  
-9.998361883  
-6.61309055  
-1.395956069  
2.838788417  
3.842987597  
0.9518919  
-4.591281974  
-10.14915614  
-12.82224705  
-10.71177455  
-3.769088423  
6.130486135  
15.91627148  
22.53608714  
24.13917856  
20.73744077  
14.09182046  
6.906568607  
1.702701655  
-0.1439182262  
1.187105476  
4.229084364  
7.005425216  
7.942333433  
6.518107009  
3.397388566  
0.04306921717  
-1.979677802  
-1.68527863  
0.9409380657  
4.963381595  
8.864532246  
11.07243603  
10.43681845  
6.516910611  
-0.34670352  
-9.120892687  
-18.25692177  
-25.91936351  
-30.27956843  
-29.89406387  
-24.13773708  
-13.57462584  
-0.08847062432  
13.38514729  
23.55793533  
27.76453288  
24.89220679  
15.88989801  
3.592777265  
-8.150596205  
-15.7724418  
-17.22281314  
-12.66274169  
-4.325571273  
4.405026568  
10.32662641  
11.61184353  
8.379624058  
2.430967305  
-3.700542963  
-7.94091449  
-9.575672989  
-9.469466804  
-9.530798349  
-11.68736712  
-16.84674605  
-24.31283881  
-31.91474982  
-36.78999617  
-36.48660965  
-29.92921258  
-17.87094381  
-2.680267184  
12.4217532  
24.36213987  
31.09230423  
32.06547232  
28.21670911  
21.52139823  
14.32266511  
8.646223321  
5.68149811  
5.537146127  
7.30760455  
9.424686573  
10.21154632  
8.497084004  
4.106357258  
-1.961096231  
-7.782980757  
-11.17270137  
-10.54613892  
-5.667199678  
2.068692128  
10.00862541  
15.20525059  
15.62114566  
11.06946754  
3.439782008  
-3.966209472  
-7.776555627  
-6.024197829  
0.8970482072  
10.2627147  
18.08187154  
20.77290893  
16.72399608  
7.029805207  
-4.956182485  
-15.08015536  
-20.21223776  
-19.60340702  
-15.1413246  
-10.37328286  
-8.742055058  
-11.86036001  
-18.64659171  
-25.75064414  
-29.09628494  
-25.83237651  
-15.78252916  
-1.7029415  
11.79130919  
20.15357833  
20.8125389  
14.19863215  
3.444519639  
-7.068343078  
-13.6204354  
-14.63672552  
-11.09029377  
-5.708170873  
-1.433274807  
0.06980779188  
-0.8657629742  
-2.283221225  
-1.833576061  
1.797595563  
8.015886637  
14.45827976  
18.09398295  
16.74870228  
10.29630508  
0.9174731026  
-7.728434228  
-12.05121993  
-10.08910478  
-2.366834196  
8.327962386  
18.13207582  
23.70799044  
23.54787462  
18.43550765  
10.92671269  
4.148002672  
0.4858221337  
0.7303530354  
3.979523531  
8.240851186  
11.37523315  
11.9328819  
9.557346965  
4.885649097  
-0.8858199396  
-6.492734999  
-10.92597572  
-13.5213828  
-13.90694699  
-11.95942928  
-7.861638633  
-2.221795272  
3.887908073  
9.114488482  
12.25247327  
12.76710516  
11.14524342  
8.827991009  
7.655380183  
9.00583991  
13.01200495  
18.25985196  
22.19565726  
22.1406426  
16.50373665  
5.640959798  
-8.072202206  
-21.05489  
-29.91232122  
-32.81084817  
-30.2212016  
-24.68015261  
-19.65767537  
-18.024586  
-20.8019103  
-26.74898216  
-32.96398732  
-36.21124786  
-34.36034493  
-27.28441314  
-16.82656453  
-5.884022853  
2.93213916  
8.41801044  
11.1558113  
12.99316069  
15.90024102  
20.77761353  
26.80976265  
31.69554349  
32.66928522  
27.84695716  
17.27205721  
3.162937434  
-10.77909516  
-20.72280108  
-24.15040595  
-20.78403419  
-12.6159933  
-3.05194018  
4.454936245  
7.704086096  
6.46466859  
2.361155709  
-1.963426636  
-4.011541031  
-2.425945422  
2.566639721  
9.385136892  
15.83020911  
19.97311426  
20.82099211  
18.52161537  
14.0917821  
8.856049447  
3.879659761  
-0.3573365341  
-3.938640417  
-7.207144153  
-10.3657108  
-13.19609509  
-15.03652244  
-15.02628158  
-12.50212948  
-7.364165381  
-0.2488979481  
7.567686217  
14.50038727  
19.09348118  
20.41158566  
18.25936619  
13.18171838  
6.277694027  
-1.08653869  
-7.569574225  
-12.0850001  
-13.94603706  
-12.9361919  
-9.325163519  
-3.83752102  
2.438800735  
8.220814399  
12.27331144  
13.68440925  
12.0959918  
7.801080543  
1.653902276  
-5.195073325  
-11.64998919  
-16.97223369  
-20.91112267  
-23.61079182  
-25.34365332  
-26.20868609  
-25.95799069  
-24.06127437  
-19.99996489  
-13.65911959  
-5.613302271  
2.870269763  
10.16832755  
14.86933034  
16.33418054  
14.98375247  
12.14855575  
9.508213235  
8.347859405  
8.965775685  
10.52447668  
11.44866359  
10.22105721  
6.222820131  
0.2160543995  
-5.798884412  
-9.342521733  
-8.534146621  
-3.016916351  
5.705506583  
14.71946054  
20.7949913  
21.68342579  
17.06748403  
8.742583187  
-0.07238668773  
-6.021922861  
-6.965932617  
-2.829887587  
4.399624517  
11.52430674  
15.46182783  
14.49177994  
8.909160292  
0.8381609298  
-6.683111965  
-10.94104321  
-10.59325574  
-6.117933498  
0.4691780619  
6.464292488  
9.51714079  
8.455964468  
3.616061793  
-3.385813852  
-10.28100265  
-14.91623376  
-15.89772039  
-12.94567246  
-6.916698403  
0.4545867113  
7.000377009  
10.6558692  
9.997382926  
4.686013142  
-4.299067183  
-14.75183179  
-23.7171377  
-28.29944411  
-26.60263205  
-18.48897734  
-5.841348069  
7.855492339  
18.55670122  
23.00529994  
19.90520794  
10.45704261  
-1.992549802  
-13.10113361  
-19.0731107  
-18.01602984  
-10.59304578  
0.2758340518  
10.53723095  
16.50768215  
16.17761253  
9.838834082  
-0.1557640438  
-10.34582149  
-17.41937222  
-19.28619377  
-15.60943553  
-7.684719191  
2.186396436  
11.52530701  
18.39341367  
21.79687922  
21.73978918  
19.01598694  
14.87557792  
10.67463966  
7.556095764  
6.173655827  
6.480798922  
7.650007448  
8.211442849  
6.464627433  
