55.22539553  
48.23697599  
34.75887839  
20.40806496  
9.624275282  
4.100538701  
2.618392892  
2.200454929  
-0.08619312623  
-5.575055356  
-13.39436397  
-21.00512003  
-25.52157438  
-25.11419219  
-19.81611086  
-11.39939509  
-2.465067365  
4.742325497  
9.197411624  
11.25246375  
12.09624583  
12.86971767  
13.93663617  
14.68022603  
13.89079265  
10.49026712  
4.179959724  
-4.331334816  
-13.6110444  
-22.10633861  
-28.7141824  
-33.01042546  
-35.04940983  
-34.91017678  
-32.32268673  
-26.66563794  
-17.40667046  
-4.77470421  
9.726913519  
23.33215067  
32.68022517  
34.93996989  
28.93306311  
15.74824225  
-1.463607117  
-18.47132926  
-31.33593108  
-37.62005782  
-36.96706746  
-30.87673888  
-21.86276215  
-12.42303748  
-4.281125533  
1.838244816  
5.935647894  
8.24912174  
8.90320102  
7.908505415  
5.47284398  
2.358503798  
-0.03835555511  
-0.06912151498  
3.417827872  
10.31031585  
18.88590193  
26.1786108  
29.02194756  
25.37944968  
15.37494614  
1.509084239  
-12.12159813  
-21.34126569  
-23.5314285  
-18.68490109  
-9.403676867  
0.1769933831  
6.083544564  
6.086345322  
0.4898515364  
-8.190504634  
-16.4846182  
-21.56137727  
-22.42621631  
-20.18815154  
-17.30491463  
-16.19289263  
-17.88151084  
-21.36461641  
-23.97070617  
-22.59489066  
-15.23090223  
-2.096968933  
14.17229918  
29.37783193  
39.29933776  
41.27689334  
35.17203996  
23.33198925  
9.616459994  
-2.061857513  
-9.056896076  
-10.64893032  
-7.850384365  
-2.551379566  
3.529284805  
9.579452874  
15.79847932  
22.87843019  
31.16958523  
39.97932785  
47.38269903  
50.67988786  
47.34120305  
36.06271043  
17.50509624  
-5.586154648  
-28.9451735  
-47.85528168  
-58.38426709  
-58.41508586  
-48.19143736  
-30.25521481  
-8.818834822  
11.25503027  
25.61898069  
31.48088457  
28.27194321  
17.76437081  
3.577573018  
-9.834137  
-18.45753811  
-19.8911323  
-14.0340198  
-3.042210409  
9.457301924  
19.63348708  
24.74323176  
23.96820392  
18.49001933  
10.80489952  
3.596041018  
-1.338534305  
-3.644707391  
-4.249772259  
-4.614170054  
-5.807035628  
-7.887513432  
-9.902945644  
-10.48945206  
-8.738218013  
-4.844033458  
-0.1592790499  
3.410777835  
4.372692765  
2.455149312  
-1.200896681  
-4.628364361  
-6.137132189  
-5.365494507  
-3.684011029  
-3.648663928  
-7.681147826  
-16.59066631  
-28.70515089  
-40.15169897  
-46.29690733  
-43.77326876  
-32.16967817  
-14.54082002  
3.610872908  
16.52692618  
20.62755307  
16.09208781  
6.831197254  
-1.192776507  
-2.584505702  
5.084536819  
20.17192099  
37.65269575  
51.28368382  
56.25839735  
51.15547741  
38.32686545  
22.60528299  
8.987570777  
0.4053004061  
-3.381360751  
-5.291374059  
-9.127897869  
-17.39013032  
-29.76832247  
-43.05209655  
-52.4946751  
-53.98400242  
-45.99708703  
-30.42745742  
-11.90923399  
4.046674743  
13.26077236  
14.46782675  
9.61715708  
2.823004042  
-1.51630641  
-0.5885261428  
5.752082568  
15.0819287  
23.5515454  
27.52850874  
25.047446  
16.52404131  
4.534021477  
-7.170376145  
-14.98573452  
-16.64496756  
-11.90333888  
-2.563324223  
8.113524627  
16.40665223  
19.26520563  
15.2613297  
5.097568669  
-8.51018407  
-21.59778659  
-30.18734336  
-31.62129875  
-25.52801933  
-14.01897732  
-0.9668886905  
9.429772308  
14.26948962  
13.10093933  
8.097424202  
3.131983985  
2.107199653  
7.237380797  
18.02541568  
31.38399973  
42.84524343  
48.31743354  
45.613431  
35.10685879  
19.30457727  
1.642369183  
-14.84494449  
-28.3287958  
-38.1570133  
-44.17077215  
-45.92651079  
-42.42897397  
-32.6652873  
-16.71239254  
3.240854194  
22.70502591  
35.93938891  
38.01450189  
27.0586947  
5.607461015  
-19.74782512  
-40.4998795  
-49.40271567  
-43.37924101  
-24.87291845  
-0.977616494  
19.35597092  
28.88101477  
24.86873311  
9.989004713  
-9.066548758  
-24.54239694  
-30.80624558  
-26.3739991  
-13.97798474  
1.179435589  
14.02283827  
21.76529448  
24.65922689  
25.12563128  
25.87307166  
28.08914488  
30.68357936  
30.96006746  
26.31361048  
16.00072011  
1.988251583  
-11.62987722  
-20.40663517  
-21.63292466  
-15.68660043  
-5.936273519  
2.786749029  
6.42046868  
3.529286358  
-4.107794838  
-12.44508898  
-17.17180754  
-15.78354258  
-8.731530963  
0.8661642009  
8.755230047  
11.53121424  
8.116766778  
0.06800272216  
-9.337881971  
-16.68235458  
-19.81693313  
-18.4332013  
-13.620547  
-6.802228715  
1.240689472  
10.641134  
21.84119018  
34.48925953  
46.56476029  
54.39859177  
53.80930919  
41.95822956  
19.06869836  
-10.89376694  
-41.0673803  
-63.86015437  
-73.59114285  
-68.49592547  
-51.23237645  
-27.67829327  
-4.568202123  
12.98320707  
23.01233465  
26.711932  
27.05897421  
26.84369508  
27.11098996  
26.76205373  
23.44800012  
15.22870273  
2.093044798  
-13.48136888  
-27.26025312  
-34.95791428  
-34.10909007  
-25.21206751  
-11.59266823  
1.954753503  
11.12404714  
13.7650449  
10.53643791  
4.312376606  
-1.309598016  
-3.662976953  
-2.070413221  
2.120194117  
6.437183896  
8.607631068  
7.631542269  
4.120530048  
-0.1830961313  
-3.380535885  
-4.343672457  
-3.132815857  
-0.7497996038  
1.56359713  
3.044450533  
3.731282922  
4.226032083  
5.066715322  
6.112269995  
6.34538278  
4.268612112  
-1.269605798  
-10.24661476  
-21.10563677  
-31.12192551  
-37.39010599  
-37.9956806  
-32.81414306  
-23.5385903  
-12.90573717  
-3.48754675  
3.362407489  
7.886845655  
11.44474524  
15.42985427  
20.16900986  
24.41625674  
25.77763713  
21.93083767  
12.07200148  
-2.148235522  
-16.75264764  
-26.70742615  
-27.86970725  
-18.79059783  
-1.559744359  
18.73733682  
35.78680754  
44.33846206  
42.0900923  
30.40606126  
13.61677568  
-2.750921218  
-14.03220615  
-17.91844946  
-14.84118003  
-7.226422397  
1.901725132  
10.24873477  
16.90282274  
22.10012775  
26.35752009  
29.53934395  
30.43342345  
27.1222781  
18.00176161  
2.939113582  
-16.04415351  
-34.98091749  
-49.06864872  
-54.27048614  
-48.76228026  
-33.63617255  
-12.58573279  
9.28021493  
27.01169337  
37.18590124  
38.62248039  
32.30974347  
20.72670234  
6.932307004  
-6.216475133  
-16.52135335  
-22.58844099  
-23.81396187  
-20.36444587  
-13.19601862  
-4.02733474  
4.879707612  
11.21129241  
13.28553693  
10.68734522  
4.551467143  
-2.712076269  
-8.229208926  
-9.734374969  
-6.473713543  
0.4566661944  
8.51280887  
14.70361732  
16.78168534  
14.1243621  
7.935502511  
0.6950939756  
-4.889104519  
-6.963732551  
-5.183448295  
-0.6819453322  
4.578996187  
8.746224871  
10.8501867  
11.06865333  
10.38620835  
9.847586244  
9.796048937  
9.493955945  
7.34400598  
1.647269648  
-8.424543689  
-22.08558478  
-36.79408959  
-48.85099308  
-54.57585103  
-51.64759364  
-40.10187923  
-22.57438445  
-3.637685742  
11.59265158  
19.12952225  
17.48370345  
8.228988702  
-4.477112383  
-15.29468913  
-19.56549026  
-14.9907874  
-2.512125056  
13.95267571  
28.85924709  
37.00945745  
35.43684101  
24.50503867  
7.799330192  
-9.160715476  
-20.91127998  
-23.991825  
-18.12462462  
-6.203693115  
6.863480048  
15.98236661  
17.6550524  
11.07120316  
-1.8291093  
-17.23374165  
-30.84578032  
-39.21627072  
-40.57623479  
-35.00196738  
-24.04315092  
-10.1121766  
4.084498831  
15.9490266  
23.28675734  
24.62999132  
19.65714738  
9.595957656  
-2.65894657  
-12.9931943  
-17.1725747  
-12.35239448  
1.551541409  
21.27945583  
40.8721403  
53.51362309  
53.99804934  
40.88171401  
17.39652319  
-9.370676425  
-30.83738714  
-39.97061227  
-33.83561952  
-14.62804564  
11.22622253  
35.5298623  
51.32212195  
