-14.58844148  
-19.10173078  
-22.97501045  
-23.91232398  
-20.11207824  
-11.41126884  
0.2946620042  
11.63353449  
19.11908208  
20.67044199  
16.56092823  
9.323241759  
2.630741345  
-0.3359013035  
1.720936536  
7.710039534  
14.75008345  
19.56935492  
20.03272457  
16.07920003  
9.652427523  
3.696298077  
0.7273481929  
1.675878662  
5.531847552  
9.923435426  
12.30635873  
11.16482685  
6.649850246  
0.3824287324  
-5.432390533  
-9.106240501  
-10.22776827  
-9.724053688  
-9.227347863  
-10.10011888  
-12.62960072  
-15.80554457  
-17.7935485  
-16.86839688  
-12.34749956  
-5.067236605  
2.831696315  
8.716334666  
10.50293246  
7.465123175  
0.4683671366  
-8.440512884  
-16.87302762  
-22.9811816  
-26.0085969  
-26.31596689  
-24.9349689  
-22.90673187  
-20.72983511  
-18.15914603  
-14.41428664  
-8.666980712  
-0.5629089729  
9.45958815  
20.18305646  
29.93475413  
37.07444386  
40.45232253  
39.6810097  
35.15721705  
27.87018352  
19.09728073  
10.10101598  
1.905779552  
-4.818294157  
-9.780262064  
-13.03605158  
-14.92274823  
-15.96582822  
-16.75238645  
-17.76911214  
-19.22770055  
-20.92669947  
-22.21509842  
-22.10950098  
-19.57442343  
-13.91208594  
-5.147017848  
5.741128506  
16.86513782  
25.81311366  
30.30724045  
28.96211556  
21.88929733  
10.9015372  
-0.8292451328  
-9.629481802  
-12.47155665  
-8.045873044  
2.630898308  
16.33805081  
28.53476843  
34.76484682  
32.13266477  
20.34451823  
1.933078435  
-18.44458072  
-35.42238456  
-44.58641511  
-43.82466575  
-33.91757446  
-18.19067661  
-1.376420419  
11.90444654  
18.52397318  
17.65187803  
10.77057723  
0.9663455988  
-8.205084364  
-13.87412009  
-14.66824682  
-10.96773209  
-4.595589288  
1.895192569  
6.077850298  
6.389748489  
2.562502997  
-4.33673779  
-12.22414684  
-18.56895725  
-21.06018401  
-18.20955985  
-9.75218021  
3.246976466  
18.60789132  
33.5252601  
45.217728  
51.57518023  
51.63614614  
45.76768449  
35.50251566  
23.08570351  
10.87043849  
0.7437098426  
-6.252530428  
-10.00943023  
-11.1536281  
-10.66406955  
-9.459517131  
-8.110262552  
-6.767504387  
-5.310395598  
-3.618691627  
-1.825927077  
-0.4164171748  
-0.09729616109  
-1.480289122  
-4.705058852  
-9.181725001  
-13.6029088  
-16.2755055  
-15.68888235  
-11.11947336  
-3.029366637  
6.927606091  
16.33744731  
22.76536622  
24.53871238  
21.27574218  
13.95200305  
4.478786065  
-5.033080254  
-13.01788135  
-18.90147627  
-23.07452828  
-26.42865358  
-29.68969502  
-32.87466142  
-35.14311744  
-35.13155457  
-31.63183024  
-24.30784066  
-14.11197996  
-3.186800028  
5.743951259  
10.26956224  
9.124731432  
2.64128634  
-7.340001416  
-18.03863868  
-26.55021129  
-30.61012981  
-29.07003447  
-21.99924622  
-10.47653085  
3.770972236  
18.72862744  
32.37324388  
42.87713638  
48.79173455  
49.24939708  
44.16098282  
34.32693565  
21.36930835  
7.444934199  
-5.206680072  
-14.7435595  
-20.07116787  
-20.95512948  
-17.89520078  
-11.85745252  
-4.003420771  
4.480273224  
12.43813963  
18.75886988  
22.44477816  
22.78865736  
19.61085276  
13.42870654  
5.420475606  
-2.868907429  
-9.995435399  
-15.05690422  
-17.88935303  
-18.9094632  
-18.67713645  
-17.42045057  
-14.81306033  
-10.17788282  
-3.058518945  
6.136411786  
15.80966581  
23.45730308  
26.55046009  
23.67700901  
15.40038132  
4.348930794  
-5.63114481  
-10.97902968  
-9.941072668  
-3.395830051  
5.459935148  
12.49343959  
14.49730798  
10.67475866  
3.030048647  
-4.560277579  
-8.192010111  
-5.831805897  
1.646884591  
10.81561891  
17.29285675  
17.84514742  
11.97342251  
2.200582895  
-7.104634672  
-11.81849024  
-10.06361335  
-3.146527677  
5.03436708  
9.833489543  
8.069032647  
-0.4636994577  
-12.89531365  
-24.62471147  
-31.42482689  
-31.27900606  
-25.07757713  
-15.89554242  
-7.289747597  
-1.530407454  
1.321661407  
3.056988274  
5.935907808  
11.0890026  
17.61415377  
22.90093048  
24.03492719  
19.52444516  
10.38091892  
-0.1038226572  
-7.856299603  
-10.06694486  
-6.71117514  
-0.6888974119  
3.588777144  
2.521735652  
-4.615580594  
-14.97978129  
-23.30579083  
-24.44855855  
-16.12805972  
-0.5018340886  
16.31412658  
26.69815542  
24.90662721  
9.84642174  
-14.08380455  
-38.54800123  
-54.59562293  
-56.30942902  
-43.18185423  
-20.19962665  
4.348987124  
22.32597065  
28.92263655  
24.22968989  
12.64764781  
0.5726650297  
-6.485907919  
-6.054222999  
0.7358109159  
10.20377151  
18.11841802  
21.61237447  
20.1708292  
15.4029125  
9.91805703  
5.996512142  
4.712163166  
5.810587797  
8.196755202  
10.60109485  
12.0073948  
11.69297532  
9.053851206  
3.552105877  
-4.983653216  
-15.78260649  
-26.66879353  
-34.18916116  
-34.57997808  
-25.35613572  
-6.8572539  
17.07950029  
39.8814168  
54.37631261  
55.54484839  
42.71778199  
20.16010741  
-4.375988851  
-22.64808303  
-29.24563449  
-23.79481613  
-11.04147803  
1.27246189  
5.837163045  
-0.991115195  
-17.57198122  
-37.67878242  
-53.17497141  
-57.45959955  
-48.15925448  
-27.92767972  
-3.098635173  
19.09816793  
33.44731721  
38.50250581  
36.51524444  
31.75005198  
28.1257376  
27.35844764  
28.44793393  
28.63182879  
25.20522099  
17.21152546  
6.133015794  
-4.745668847  
-11.94452403  
-13.52979374  
-10.10781124  
-4.576648574  
-0.7611410775  
-1.597354187  
-7.733907767  
-17.20106671  
-26.27869254  
-31.13658212  
-29.48505952  
-21.50540503  
-9.69344941  
2.246776536  
10.91704466  
14.47463773  
13.1259737  
8.748600576  
3.910688532  
0.7733014787  
0.3359486735  
2.26383683  
5.24807571  
7.64067684  
8.055259234  
5.725819971  
0.5864796052  
-6.828943419  
-15.53156549  
-24.19306883  
-31.2573815  
-35.13391592  
-34.52954791  
-28.87437416  
-18.6829715  
-5.646098999  
7.685344205  
18.5976906  
25.07716639  
26.50444483  
23.87229973  
19.3899452  
15.59204372  
14.2945416  
15.83083257  
18.90698261  
21.16802638  
20.26490654  
14.98584906  
5.965654586  
-4.359554852  
-12.58217189  
-15.63776472  
-12.08603048  
-2.825284967  
9.086574436  
19.48259018  
24.63056432  
22.67561441  
14.40161613  
2.983024623  
-7.209030871  
-12.30086969  
-10.45160317  
-2.617657845  
7.770532254  
16.10651327  
18.37485428  
12.69170812  
0.01481467348  
-16.24237292  
-31.51178316  
-41.74181069  
-44.76358362  
-40.83352422  
-32.20355195  
-21.98689699  
-12.86716861  
-6.217468516  
-1.961301484  
0.8690009988  
3.250240634  
5.466621083  
6.964043199  
6.818732782  
4.536699645  
0.7073841691  
-2.907091605  
-3.981142479  
-0.698317329  
7.219217507  
18.05661302  
28.52277829  
34.93271515  
34.68122668  
27.37084762  
15.08402164  
1.653725915  
-8.780714491  
-13.33853804  
-11.44708102  
-4.972104154  
2.581758663  
7.435838306  
6.910663224  
0.302721242  
-10.98859692  
-24.02399786  
-35.28228997  
-41.64960159  
-41.16256043  
-33.391129  
-19.48309478  
-1.94343806  
15.80277316  
30.05297164  
37.64491706  
36.82404689  
27.91234785  
13.47434537  
-2.233343177  
-14.49677394  
-19.71712976  
-16.74599314  
-7.401701002  
4.145811454  
12.97853119  
15.42802689  
10.64318919  
1.028177988  
-8.697356699  
-13.46994124  
-10.07031735  
1.410742797  
17.4731474  
32.53026446  
41.09056956  
39.86693274  
28.93370432  
11.49405629  
-7.556071016  
-23.56906281  
-33.72253713  
-37.60143742  
-36.66709929  
-33.02524998  
-28.19424521  
-22.49891567  
-15.32994956  
-6.027559896  
5.178769443  
16.75135478  
26.22146254  
31.19090491  
30.43611422  
24.52407288  
15.5970438  
6.41624984  
-0.8547896806  
-5.507962854  
-8.354670241  
