12.08954735  
15.55935768  
12.89432875  
5.637650739  
-3.190554539  
-10.12590143  
-12.29778263  
-8.158586517  
2.247829448  
17.45055695  
34.99915829  
52.01216664  
65.68847195  
73.7189246  
74.59311078  
67.81075719  
53.98506559  
34.79721386  
12.76103594  
-9.201469729  
-28.30385444  
-42.42649084  
-50.48595896  
-52.53741971  
-49.59463732  
-43.25072766  
-35.24364851  
-27.10737012  
-19.98768938  
-14.61408665  
-11.35297258  
-10.25384542  
-11.04296718  
-13.08856454  
-15.41367225  
-16.83326451  
-16.23364086  
-12.92589967  
-6.937286797  
0.9016770335  
9.147451365  
16.16971538  
20.66242028  
22.04244423  
20.57919838  
17.2124473  
13.14867412  
9.4160973  
6.563978746  
4.61106105  
3.226539148  
2.021639246  
0.7953229721  
-0.3787847996  
-1.24168107  
-1.539594313  
-1.201370549  
-0.4132317103  
0.4261981304  
0.8214568065  
0.2927940199  
-1.555424018  
-4.992187038  
-10.08583759  
-16.55887723  
-23.60768308  
-29.80889662  
-33.26825654  
-32.09876831  
-25.15450067  
-12.76170249  
2.914829131  
18.16907718  
28.77688046  
31.47341992  
25.34051541  
12.49018043  
-2.360343709  
-13.39770542  
-15.80582116  
-7.635757583  
9.331375134  
30.14050413  
48.4682809  
58.97242191  
59.22832652  
50.45881968  
36.77767498  
23.30848562  
14.02156609  
10.23119767  
10.37242144  
11.08057712  
9.007090968  
2.495647764  
-7.651564531  
-18.62538397  
-27.00044504  
-30.35578582  
-28.34385843  
-22.73172522  
-16.45934516  
-12.23247636  
-11.36224914  
-13.39616967  
-16.6544379  
-19.32098817  
-20.47538973  
-20.51915522  
-20.79812967  
-22.66382249  
-26.51542308  
-31.36709422  
-35.19756007  
-35.91417989  
-32.43083153  
-25.2913692  
-16.50218192  
-8.646125306  
-3.719625761  
-2.27338615  
-3.274975738  
-4.735536389  
-4.754355598  
-2.432521369  
1.803827713  
6.603899738  
10.5622729  
13.0615752  
14.61918369  
16.54941062  
20.13108762  
25.74376547  
32.45680304  
38.31517878  
41.19214197  
39.77411953  
34.1685863  
25.82276831  
16.80289261  
8.817910145  
2.500561718  
-2.687269325  
-7.896591716  
-14.00579578  
-20.90734502  
-27.37159622  
-31.57817964  
-32.0395816  
-28.42255854  
-21.81798757  
-14.29730814  
-7.971723061  
-4.035661382  
-2.288952145  
-1.382040864  
0.3517887308  
3.921917543  
9.081968386  
14.42415871  
18.11278823  
18.86175256  
16.62941869  
12.65436234  
8.808361105  
6.610848519  
6.436352255  
7.349930712  
7.6745092  
6.000695379  
2.102333533  
-2.746102595  
-6.254861329  
-6.195733353  
-1.543830615  
6.8935611  
16.69624686  
24.81629351  
28.86714516  
28.10229049  
23.62127524  
17.72009019  
12.71766128  
9.838194158  
8.687591136  
7.562512661  
4.422950383  
-1.953883166  
-11.19270462  
-21.27489623  
-29.23985758  
-32.30938394  
-28.94737353  
-19.4341963  
-5.779317441  
8.918186157  
21.35762641  
28.84354986  
29.79899277  
23.94657341  
12.24440905  
-3.311636342  
-19.96929484  
-34.60938502  
-44.28382155  
-46.87023851  
-41.69024245  
-29.85199243  
-14.10298237  
1.865450464  
14.49009357  
21.42020451  
22.19843907  
18.25915468  
12.23693425  
6.868754789  
3.945330411  
3.737355227  
5.105197087  
6.195087994  
5.375862279  
1.988509841  
-3.404510883  
-9.333233995  
-14.10432939  
-16.51387457  
-16.26978341  
-13.97117607  
-10.71023315  
-7.526465843  
-4.981357606  
-3.031833231  
-1.220895841  
0.9443268492  
3.624616062  
6.459944631  
8.631530075  
9.135590858  
7.154244962  
2.389850837  
-4.742790879  
-13.12225123  
-21.12949163  
-27.0220105  
-29.39489549  
-27.6138039  
-22.08203141  
-14.21811919  
-6.090442929  
0.2266966361  
3.381420838  
3.285353771  
1.221196769  
-0.5869425865  
0.1708475883  
4.916468026  
13.48397872  
24.00399564  
33.45737334  
38.70722487  
37.61430194  
29.80329582  
16.7954709  
1.486148673  
-12.79453283  
-23.26088216  
-28.34784345  
-27.91285125  
-23.00582341  
-15.39654332  
-7.072538961  
0.16374259  
4.985626813  
6.768691079  
5.772368724  
3.205342799  
1.038543932  
1.466575087  
6.077008411  
14.99656806  
26.41789947  
36.85812169  
42.23176179  
39.43530594  
27.81808788  
9.84512412  
-9.480182144  
-24.34772701  
-30.39189957  
-26.51588817  
-15.44499313  
-2.676598215  
5.799629747  
6.057862869  
-2.053972653  
-14.82957212  
-26.30902157  
-30.87397778  
-25.68220452  
-11.86442707  
6.02166222  
21.98742863  
31.11800482  
31.45036361  
24.43233984  
13.86943526  
3.977209981  
-2.468088606  
-5.014286592  
-5.132536077  
-4.881352848  
-5.439190593  
-6.323158081  
-5.696517479  
-1.556844201  
6.88290104  
18.40528864  
30.04890869  
38.30613473  
40.64262225  
36.55465338  
27.63396381  
16.64337002  
6.131543947  
-2.653982342  
-9.982554195  
-16.91271506  
-24.08939881  
-30.81598482  
-35.01245315  
-34.17907496  
-26.90175866  
-14.07962447  
0.8668227297  
13.05988764  
18.09812094  
13.97468146  
2.048665091  
-13.43544827  
-27.09035749  
-34.58755093  
-34.29499211  
-27.61683921  
-17.94948128  
-8.848551912  
-2.364286486  
1.630801751  
4.851286382  
9.153264136  
15.08765705  
21.28677223  
25.04821677  
23.81098459  
16.71263257  
5.344958768  
-6.763363549  
-15.73079504  
-19.17936688  
-17.3901613  
-13.12003365  
-10.12794867  
-11.14251199  
-16.32246812  
-23.04002028  
-27.15393318  
-25.16852712  
-16.19088128  
-2.661515254  
10.57714281  
18.48070353  
18.2240404  
10.65274958  
0.01940137973  
-7.91644474  
-8.549892952  
-0.6013329161  
13.22917199  
27.42848499  
36.10314358  
35.54058766  
25.73138948  
10.20727566  
-5.642873799  
-16.92351802  
-21.14190917  
-18.85846212  
-12.91988031  
-6.803180867  
-2.97183574  
-2.039005089  
-3.034254129  
-4.459422522  
-5.422582047  
-6.156379129  
-7.62989121  
-10.52174951  
-14.2232086  
-16.56117547  
-14.55179985  
-5.915309246  
9.390878756  
28.46709503  
46.09969361  
56.59699954  
56.09159485  
44.28112057  
24.7746832  
3.81351302  
-12.13487786  
-18.89186949  
-16.11370753  
-7.215514906  
2.263689632  
7.114343317  
4.652312258  
-4.269399537  
-15.81024821  
-24.93912415  
-27.64436934  
-22.59312709  
-11.57165229  
1.398232618  
11.80306786  
16.45329615  
14.61823456  
8.079779362  
0.1890371084  
-5.591758409  
-7.02740513  
-3.820880301  
2.492238463  
9.308805917  
13.99719538  
14.79061617  
11.25151471  
4.240745797  
-4.486563144  
-12.84723065  
-18.96610855  
-21.5719806  
-20.22576909  
-15.39318443  
-8.366859781  
-1.023309264  
4.593904282  
6.819497556  
4.912948711  
-0.5838179698  
-7.859513325  
-14.29738225  
-17.30059171  
-15.21952146  
-8.032768211  
2.516966987  
13.44586069  
21.566231  
24.66771795  
22.37958321  
16.34629959  
9.603978714  
5.368619474  
5.70283015  
10.60514326  
17.92135935  
24.15508591  
25.8845506  
21.22318367  
10.71584113  
-2.732313439  
-14.91171156  
-21.9554145  
-21.91900767  
-15.63273084  
-6.440654041  
1.112123357  
3.14345226  
-1.898062855  
-12.45476963  
-24.32233587  
-32.20736625  
-31.78769053  
-21.46791833  
-3.133512013  
18.40144752  
37.04444262  
47.53827731  
47.23704339  
36.89614846  
20.22995508  
2.469534461  
-11.48594146  
-18.62590356  
-18.56798864  
-13.31621721  
-6.256355494  
-0.8574252826  
0.4207775079  
-3.315371312  
-11.43211161  
-22.22613608  
-33.51912692  
-43.15348454  
-49.29850227  
-50.62008323  
-46.42894716  
-36.87277812  
-23.12033719  
-7.383945509  
7.380765699  
18.14605966  
22.71317324  
20.53245652  
13.08072185  
3.550492244  
-4.137634912  
-6.697667346  
-2.718292  
6.718371567  
18.32683158  
27.75751142  
31.18312157  
26.73727122  
15.25269404  
0.01016109723  
-14.40897632  
-23.73169805  
-25.46043028  
-19.6655411  
-8.842932455  
3.065478061  
