-5.822841743  
-18.04296805  
-31.15139743  
-41.42769213  
-45.49558576  
-41.78352823  
-31.26919915  
-17.15833102  
-3.627254622  
5.817653002  
9.643851396  
8.700587953  
5.586882619  
3.304155495  
3.828592526  
7.249130445  
11.83614433  
14.97027716  
14.47605132  
9.741555303  
2.126125185  
-5.510031579  
-9.932492751  
-8.82970723  
-1.750594038  
9.666779213  
22.22440051  
32.21219451  
36.57596478  
33.81466985  
24.35721094  
10.36470386  
-4.925473717  
-18.09932935  
-26.46724542  
-28.75053071  
-25.38902744  
-18.38085191  
-10.66426363  
-5.177264951  
-3.853487434  
-6.884886696  
-12.54802559  
-17.73150391  
-19.04963482  
-14.1784872  
-2.911092749  
12.51293637  
27.99689939  
38.92891326  
41.79319079  
35.4350825  
21.48470059  
3.774470795  
-13.01172741  
-24.92080001  
-29.9359572  
-28.38381471  
-22.46731792  
-15.20355271  
-9.247373596  
-6.063855419  
-5.699573309  
-7.118001312  
-8.842367157  
-9.583070148  
-8.61893968  
-5.878138685  
-1.814618468  
2.770808475  
6.873606572  
9.40476914  
9.367309993  
6.14618845  
-0.1365577651  
-8.367419327  
-16.4911332  
-21.9783351  
-22.63084121  
-17.44227559  
-7.136527324  
5.906619545  
18.38283758  
27.19359112  
30.51509583  
28.34765022  
22.31408333  
14.81981839  
7.98573185  
2.863384506  
-0.7116697904  
-3.607380724  
-6.546018976  
-9.417006261  
-11.1606746  
-10.31966894  
-5.976457707  
1.444439897  
10.00031981  
16.86873117  
19.5632047  
17.15506191  
10.87185686  
3.705370305  
-0.8664396757  
-0.4905151717  
4.874646019  
12.79406065  
19.35320285  
20.90880234  
15.8121886  
5.306313548  
-6.845282183  
-15.87103329  
-18.00023715  
-12.0978936  
-0.2194662769  
13.14125523  
22.77349745  
24.70467668  
17.59597572  
3.069896155  
-15.0575101  
-32.22170492  
-44.59504282  
-50.05782915  
-48.40644109  
-40.9123632  
-29.58568654  
-16.52398974  
-3.563317081  
7.783823944  
16.28428061  
21.02558471  
21.60880622  
18.38786334  
12.55262356  
5.89644112  
0.2756423425  
-3.039528823  
-3.81865175  
-2.886751766  
-1.659723903  
-1.403614665  
-2.577191472  
-4.595233898  
-6.148480856  
-5.935785523  
-3.44378249  
0.6317291031  
4.564961141  
6.329309023  
4.551190771  
-0.7609430832  
-8.065275968  
-14.80257869  
-18.3597702  
-17.06305156  
-10.78047182  
-0.9075282678  
10.20625854  
20.09643785  
26.91580282  
29.79135182  
28.75501785  
24.40621854  
17.56108562  
9.083019677  
-0.07249336744  
-8.73471826  
-15.51691937  
-19.06800899  
-18.53348935  
-14.01305868  
-6.740462987  
1.195338753  
7.552384394  
10.79606076  
10.73368338  
8.600782279  
6.511026835  
6.47497397  
9.413808604  
14.62199769  
19.95085797  
22.66744996  
20.63495159  
13.30578182  
2.089133801  
-10.07940792  
-19.79578557  
-24.4393684  
-23.10939269  
-16.88413968  
-8.329762291  
-0.4937248869  
4.194284259  
4.689385544  
1.513763807  
-3.642097997  
-8.670360599  
-11.81801766  
-12.19260218  
-9.869074008  
-5.643648765  
-0.60910562  
4.245826771  
8.27025557  
11.18113007  
12.94690652  
13.62544355  
13.24371308  
11.7598279  
9.097976747  
5.222407217  
0.2158882634  
-5.655778151  
-11.90339434  
-17.8102266  
-22.48890154  
-25.02262892  
-24.69134335  
-21.23692121  
-15.07376225  
-7.332047465  
0.3430504898  
6.227917325  
9.073249596  
8.572871986  
5.54062906  
1.674410826  
-1.056546355  
-1.196851072  
1.544118646  
6.065477383  
10.21547291  
11.61883288  
8.692464648  
1.442446944  
-8.314539945  
-17.45286419  
-22.62272596  
-21.52351212  
-13.86382317  
-1.599449648  
11.68973716  
22.0787513  
26.74839994  
25.03298144  
18.6305895  
10.87304638  
5.335543012  
4.350441947  
8.041232949  
14.29036516  
19.66693465  
20.93243822  
16.48668958  
7.126556703  
-4.22771562  
-13.7439074  
-18.32372343  
-16.97558729  
-11.30721764  
-4.895488591  
-1.771163449  
-4.644325481  
-13.62391081  
-25.99092734  
-37.15139481  
-42.3995603  
-38.78323288  
-26.31594663  
-8.051662711  
10.99750791  
25.65562382  
32.37605502  
30.3510632  
21.5612996  
9.8259059  
-0.7021330863  
-6.978463074  
-7.920642402  
-4.43763008  
1.247608372  
6.607206656  
9.708799455  
9.692262862  
6.74701634  
1.73750229  
-4.25934708  
-10.27529348  
-15.53811491  
-19.39014788  
-21.1947198  
-20.37005364  
-16.58580028  
-10.03009847  
-1.578155364  
7.285681445  
14.83466146  
19.65293193  
21.16760027  
19.93232709  
17.51754558  
16.00919238  
17.27075849  
22.21767913  
30.359371  
39.77847321  
47.57832736  
50.68090792  
46.74917637  
34.96353671  
16.41599764  
-6.015679456  
-28.30910517  
-46.29799591  
-56.75879947  
-58.26331899  
-51.52648698  
-39.12475432  
-24.66052894  
-11.64235403  
-2.457658189  
2.209300507  
3.325335757  
2.875405385  
2.927567482  
4.786393163  
8.571741091  
13.35794227  
17.75272041  
20.59777284  
21.43496903  
20.51824253  
18.40035142  
15.35854162  
11.02312301  
4.477698661  
-5.150563132  
-17.87796988  
-32.26462687  
-45.42097551  
-53.75528  
-54.24107903  
-45.69396654  
-29.48067917  
-9.283178903  
10.06336009  
24.22623195  
30.85381086  
30.26082579  
25.03730508  
18.76573971  
14.4179628  
13.13649399  
13.91827403  
14.30322129  
11.71329255  
4.804526192  
-5.792606343  
-17.668409  
-27.64994027  
-33.14861567  
-33.21614244  
-28.84213462  
-22.39425915  
-16.4985337  
-12.89992405  
-11.82165872  
-12.08124005  
-11.85109682  
-9.655468241  
-5.106471055  
0.9637753198  
7.006796708  
11.61393639  
14.27629359  
15.65442103  
17.21199862  
20.38038593  
25.65640786  
32.07858768  
37.36524717  
38.70434712  
33.89272079  
22.35998973  
5.646825479  
-12.88182024  
-29.00649617  
-38.96251131  
-40.6167938  
-34.09700196  
-21.66211185  
-6.881249155  
6.571980327  
16.07849575  
20.7883585  
21.66530701  
20.88095974  
20.80975503  
23.01310352  
27.59366024  
33.15653709  
37.379078  
37.95740587  
33.5508187  
24.34755962  
12.02740755  
-0.8560708771  
-11.81220151  
-19.27483693  
-23.0332817  
-24.06920287  
-23.90577196  
-23.79559679  
-24.1463345  
-24.46363848  
-23.8340041  
-21.69067486  
-18.44454069  
-15.6002149  
-15.21426934  
-18.88088847  
-26.69738419  
-36.73063354  
-45.33075144  
-48.28005491  
-42.38454181  
-26.88039613  
-4.057407052  
21.2108424  
42.90909735  
55.78606742  
57.03125667  
47.12813031  
29.61469888  
9.895418498  
-6.428191854  
-15.12242978  
-14.31231297  
-4.69371992  
10.94870856  
28.64291953  
44.2322175  
54.24294153  
56.50427384  
50.49834414  
37.4396782  
20.0609784  
2.073270041  
-12.67588003  
-21.20330204  
-22.27809329  
-16.87251055  
-7.935912844  
0.5247482211  
4.797756803  
2.779738316  
-5.256053726  
-16.75983019  
-27.86301175  
-34.8346488  
-35.46841877  
-29.86020521  
-20.28839659  
-10.28015166  
-3.267701403  
-1.379445221  
-4.814264618  
-11.97507132  
-20.21881298  
-26.85814345  
-30.0077051  
-29.0026413  
-24.33884008  
-17.28228959  
-9.380366592  
-2.066685069  
3.567656328  
6.874067938  
7.698108566  
6.420707425  
3.951257311  
1.586415541  
0.6800903473  
2.171398409  
6.136673734  
11.58490391  
16.65956506  
19.24799216  
17.80508474  
12.06801374  
3.347242419  
-5.766882134  
-12.20442484  
-13.43496366  
-8.326560589  
2.461011365  
16.66115593  
31.05194159  
42.31193923  
47.79645556  
46.04547914  
36.97747891  
21.83451282  
2.969060958  
-16.48086297  
-33.04496195  
-43.5264547  
-45.715167  
-39.04349476  
-24.93341315  
-6.605951309  
11.7122148  
26.00143349  
33.6727061  
34.32338993  
29.68788936  
22.76552698  
16.46972049  
12.37646151  
10.13051873  
7.788955276  
