-45.80521774  
-158.5420059  
-255.0157349  
-299.7266235  
-271.9615387  
-174.0492081  
-31.46762085  
115.4604237  
225.3664154  
270.0907928  
244.1564667  
165.9995995  
70.60618515  
-3.599511719  
-28.65133553  
3.429003906  
78.87073364  
168.5378891  
239.7390839  
268.7501129  
249.2185638  
193.3651474  
125.8290588  
72.90363159  
51.67217331  
63.44444466  
94.03444519  
120.5415039  
121.6288635  
86.90325012  
21.46772518  
-56.18611412  
-121.9358536  
-156.0670258  
-151.3060455  
-115.5060837  
-67.96789856  
-31.11950512  
-21.19979763  
-41.91989613  
-83.66533966  
-128.3365509  
-157.4866089  
-160.0966049  
-136.6557518  
-98.01133347  
-59.83818436  
-35.48391266  
-30.49853706  
-41.19186554  
-57.54933624  
-68.79516258  
-68.73637009  
-58.30734558  
-44.2280426  
-34.67500992  
-34.32510757  
-41.40012131  
-48.27792549  
-45.41016045  
-26.57632256  
7.215776825  
47.27207832  
80.62345428  
95.83553753  
88.50565491  
63.79255447  
34.63034286  
16.27541809  
19.54736404  
45.79434128  
85.88465462  
123.7631927  
143.086116  
134.0922066  
97.76063919  
45.50307388  
-5.444179535  
-38.93363953  
-46.22385788  
-29.1253643  
1.186491776  
29.02996674  
40.61527615  
29.34797821  
-2.010574341  
-42.96723824  
-79.80479431  
-100.9818558  
-101.2499176  
-82.99001923  
-54.50382996  
-26.21096306  
-6.439775467  
1.504939651  
-0.02714233398  
-4.715327454  
-5.376100159  
2.877429199  
20.67301559  
44.27880478  
67.22222328  
82.83204536  
86.62545853  
77.65920639  
58.48050995  
33.93735886  
9.515419769  
-10.05783253  
-21.50157318  
-22.98614044  
-13.86856661  
5.342481232  
32.54783325  
63.38654709  
90.96509247  
106.6871307  
102.4610245  
73.82406006  
22.78058395  
-41.12112312  
-102.5384117  
-144.8736412  
-156.2446747  
-134.5590881  
-89.33478622  
-38.97359753  
-4.050265503  
0.9658164978  
-25.87586517  
-72.43648357  
-116.8939774  
-136.6848068  
-118.3901123  
-64.2526886  
7.792491913  
71.00121918  
100.952412  
86.20608578  
33.71166306  
-33.66261311  
-86.67869186  
-102.3097321  
-73.79591904  
-13.58182259  
52.3356842  
96.22957306  
101.3087688  
69.39238548  
19.92975998  
-19.34431343  
-25.91917  
6.095518494  
62.1435173  
113.0583977  
128.1972458  
90.0400135  
3.550725555  
-104.2030762  
-194.3715019  
-232.2844498  
-202.1510498  
-114.0310013  
0.02358474731  
99.03244171  
149.7204102  
139.6027771  
81.05529556  
4.927751827  
-53.21298485  
-68.0625206  
-34.38772163  
32.20419083  
103.2977253  
150.4984421  
157.2452667  
124.6419128  
69.30142136  
14.8338047  
-18.76929626  
-23.0435997  
-3.083670044  
26.58379936  
49.79318542  
56.32611618  
45.89034958  
27.07271614  
12.25769196  
11.24701004  
26.62015305  
52.78474884  
78.79118156  
93.29437141  
89.26021156  
66.41957207  
30.7055172  
-8.665031433  
-42.89378815  
-66.42926941  
-77.94457054  
-79.47215576  
-74.5104332  
-66.1755352  
-56.19671173  
-44.95406647  
-32.23007507  
-18.0927742  
-3.450732803  
9.885950089  
19.51612015  
22.91444397  
17.91972504  
3.252661896  
-20.88868256  
-52.22018852  
-86.03227234  
-115.5138931  
-133.0361824  
-132.3031403  
-110.7945415  
-71.55829735  
-23.43517609  
20.7451149  
47.68431749  
47.79772644  
18.60251694  
-33.95803604  
-96.84037933  
-153.5030884  
-188.6116859  
-192.3039476  
-162.7016539  
-106.017411  
-34.44231071  
37.34052792  
95.87439041  
131.8670464  
141.7256897  
127.5613693  
95.91973572  
55.73216629  
16.04835968  
-15.91824865  
-36.01444016  
-43.3881443  
-39.75362597  
-27.97878036  
-10.56496582  
11.33385477  
37.86672935  
69.37654314  
104.7156578  
139.8791817  
167.8595795  
180.1887787  
169.8574905  
134.5452438  
78.71207237  
13.37646875  
-46.74661732  
-87.92572479  
-102.200985  
-90.33388062  
-61.59200287  
-30.27672386  
-10.25553207  
-9.630226135  
-27.66530991  
-55.1919342  
-78.30515366  
-83.83282928  
-64.41499329  
-21.26662903  
36.27947693  
94.05459328  
137.7357758  
157.1543968  
148.8453293  
116.3134026  
68.37607651  
16.49491539  
-27.96585178  
-55.93993683  
-62.14638748  
-45.93040161  
-11.50816879  
32.52518997  
74.66211472  
102.9980717  
108.413245  
87.53820267  
44.36009216  
-10.4104394  
-62.34061451  
-97.78581238  
-108.3120728  
-93.31308556  
-59.76287689  
-19.2052145  
16.73397169  
40.40696869  
50.09483643  
49.17897415  
43.15958023  
36.14000969  
28.57581882  
17.39528885  
-1.648090363  
-30.67885284  
-67.25654755  
-104.1627895  
-131.6896561  
-141.4274506  
-129.7891586  
-99.60276718  
-59.04038105  
-18.4216156  
13.57629509  
32.57644272  
38.95832596  
36.21965485  
28.39163208  
18.04945092  
5.97242012  
-7.541791916  
-20.76749992  
-29.53411865  
-28.14536781  
-12.13440247  
18.45039368  
57.14441338  
92.03373032  
109.7537254  
101.0596207  
65.45785446  
12.48278484  
-41.43340206  
-79.52348785  
-91.93481445  
-80.33853073  
-57.52585602  
-41.80590897  
-48.43767338  
-81.87754974  
-132.4813873  
-179.4771927  
-199.2527084  
-175.5602295  
-107.2198906  
-9.862664795  
89.23715553  
161.195163  
186.260614  
160.8117188  
97.81130943  
20.77663727  
-45.90601463  
-86.06205444  
-96.42141418  
-85.29816284  
-66.3938488  
-50.99363861  
-42.33941917  
-34.72476997  
-17.47401009  
18.37196465  
74.07563953  
140.9004112  
202.6376587  
241.7924332  
246.5648407  
215.458252  
157.5373962  
88.41125641  
23.9544342  
-25.33289337  
-56.9180069  
-74.98613586  
-86.41127014  
-96.24787521  
-105.0636978  
-109.3105042  
-104.2588516  
-87.68806877  
-62.16292381  
-34.53331022  
-12.79993553  
-1.945223427  
-0.9508036613  
-2.722608566  
2.790010834  
23.60568771  
61.21335678  
108.8145073  
153.3553268  
180.6399231  
181.3458588  
155.2559341  
111.7576035  
66.27604065  
34.10908585  
24.268647  
35.94235783  
59.04458199  
78.58726959  
81.00167885  
59.79032364  
18.23688679  
-31.81383667  
-74.49979067  
-95.91944351  
-89.22236633  
-56.97023468  
-10.07691135  
36.07433929  
66.7830925  
72.61630249  
51.95235367  
10.84219742  
-39.53526115  
-86.81494751  
-121.4415039  
-139.4594574  
-143.2798767  
-140.2370697  
-139.4438049  
-147.9861832  
-167.7768402  
-194.2324402  
-217.4023163  
-225.3281769  
-208.5581375  
-164.1782318  
-97.7487236  
-22.20509262  
46.08046951  
92.72832184  
110.2192963  
100.2761566  
72.76495056  
41.54411163  
18.95803833  
11.26320114  
16.85725098  
27.95083694  
34.79400558  
30.46785316  
14.05587769  
-9.153585434  
-30.36067886  
-41.39954643  
-38.28391285  
-22.49575443  
0.4200393677  
24.00382293  
43.96114769  
59.49884815  
72.27940464  
83.76969032  
92.74743652  
94.75261383  
84.22009506  
58.45101089  
21.27599792  
-15.96726494  
-37.45899448  
-29.26832466  
13.49703674  
82.21315918  
155.6179031  
206.5438202  
212.2900665  
164.4614029  
73.88204575  
-32.01072922  
-118.7875313  
-158.0541168  
-138.6097321  
-71.01707611  
16.48450184  
89.18646851  
119.6729729  
98.48577423  
37.34113693  
-36.28015442  
-90.7488205  
-103.1595947  
-68.16551628  
0.645526886  
77.00605392  
132.8877916  
149.3893639  
123.2506477  
66.77225952  
1.797304535  
-49.27706451  
-71.62529678  
-62.2710022  
-29.4710907  
11.73053322  
45.41942978  
59.75173035  
49.45385818  
15.79000092  
-35.04823093  
-93.9145195  
-150.2934479  
-193.5309067  
-214.2323059  
-206.2521713  
-169.0329552  
-109.3049099  
-40.84045868  
18.54659424  
52.39569626  
51.67325058  
19.02846069  
-30.98256073  
-76.49434738  
-96.51338959  
-79.68007126  
-29.97510166  
33.37876873  
82.3705452  
90.94603195  
