8.506844317  
7.546859533  
4.531261757  
2.449489356  
3.884964198  
9.760829866  
18.82095551  
28.10834974  
34.24572615  
34.95265268  
30.12210315  
21.97275127  
14.20251041  
10.4999491  
13.035257  
21.54412555  
33.35359011  
44.31071675  
50.22917236  
48.30427315  
38.00507466  
21.18386563  
1.436849364  
-17.013067  
-30.52715481  
-36.9990054  
-36.30594021  
-30.19281911  
-21.66951807  
-14.11005359  
-10.30257993  
-11.69969022  
-18.06722903  
-27.62548252  
-37.63484211  
-45.24172474  
-48.3098617  
-45.96618631  
-38.69313867  
-27.97088659  
-15.64531543  
-3.29425088  
8.154447333  
18.42914348  
27.59984836  
35.64047654  
42.10977591  
46.11892914  
46.60601258  
42.78942491  
34.59545337  
22.87835572  
9.351425386  
-3.733540711  
-14.0430156  
-19.6306315  
-19.33302466  
-13.05621405  
-1.928189619  
11.73031176  
24.69248137  
33.42625069  
34.96744435  
27.87302113  
12.92911432  
-6.730861322  
-26.29739936  
-40.65840758  
-46.06799155  
-41.50585261  
-29.15876843  
-13.75151072  
-0.9049366259  
4.886498304  
1.875119255  
-8.366546985  
-21.64709085  
-32.83699633  
-37.83586436  
-35.03621605  
-25.73554204  
-13.41223001  
-2.252518931  
4.414882431  
5.158613572  
0.6403249897  
-6.95378683  
-14.86559379  
-20.64821014  
-22.67843372  
-20.26218377  
-13.51011207  
-3.210969792  
9.190622154  
21.59738212  
31.44865919  
36.25191616  
34.40489057  
26.00912318  
13.24708738  
-0.004077492022  
-9.33461072  
-11.36514257  
-5.078113927  
7.688724475  
22.86337342  
35.66120448  
42.37340576  
41.65409533  
34.76658179  
24.73638707  
14.86858113  
7.363952455  
2.675894211  
-0.1638431144  
-2.539219646  
-5.199035798  
-7.79039547  
-9.247636138  
-8.791120941  
-6.899805401  
-5.582509183  
-7.626763459  
-15.08071653  
-27.71668073  
-42.35522977  
-53.59264499  
-55.80661541  
-45.63827747  
-23.81000145  
4.658557241  
32.09452932  
51.07576867  
57.36946543  
51.59888597  
38.85672527  
26.39394175  
20.38661185  
23.21784229  
32.49452817  
42.24243993  
45.7428652  
38.73346917  
21.53480113  
-0.8521028666  
-20.72815833  
-30.89327256  
-27.67673771  
-12.51323142  
8.577403171  
27.34987913  
36.52562549  
32.51418482  
16.61736373  
-5.664141072  
-26.8334912  
-40.17042105  
-42.00266595  
-32.69806416  
-16.15689137  
1.844329566  
15.73973575  
21.91913488  
19.58833466  
10.58544629  
-1.629669922  
-13.35535359  
-21.88955157  
-26.24580266  
-27.18132103  
-26.61590096  
-26.70760078  
-28.93737051  
-33.52300868  
-39.35177901  
-44.42994636  
-46.66178504  
-44.65397709  
-38.23879508  
-28.52705265  
-17.49382956  
-7.287536069  
0.4465834154  
4.967831743  
6.451602074  
5.685478085  
3.657092477  
1.255856937  
-0.8005522663  
-1.870493232  
-1.300839125  
1.476085396  
6.620533785  
13.48834072  
20.44236162  
25.12562347  
25.24436673  
19.61561232  
9.007167605  
-3.713967658  
-14.36241946  
-18.96128984  
-15.42948079  
-4.676247691  
9.474003861  
21.62444206  
26.93566916  
23.16029791  
11.6769413  
-2.982532714  
-14.96726169  
-19.54201526  
-15.07400703  
-3.706347023  
9.573061626  
19.0496596  
20.65702245  
13.58897959  
0.4990568958  
-13.720707  
-23.9781789  
-26.92892122  
-22.04814404  
-11.49812181  
0.985230229  
11.58242232  
17.60347828  
18.02734895  
13.36481254  
5.148111973  
-4.579108496  
-13.56209888  
-19.47899417  
-20.15298867  
-14.02158004  
-0.82338045  
17.80985184  
38.28781322  
55.81220931  
65.85544014  
65.85747263  
56.39999921  
41.23861957  
26.03359018  
16.21659258  
14.87342075  
21.57140584  
32.6656975  
42.95148465  
47.9052535  
45.48846368  
36.70987888  
24.75314679  
13.17603207  
4.127206992  
-2.515278407  
-8.678560482  
-16.5990149  
-27.1363468  
-38.84370138  
-48.34972845  
-51.9208539  
-47.43823233  
-35.77214822  
-20.80144676  
-7.979788753  
-2.068175216  
-5.075959088  
-15.36924647  
-28.35994319  
-38.45039532  
-41.34088549  
-35.67759693  
-23.37208014  
-8.567029304  
4.170610583  
11.56732317  
12.56379292  
8.202147394  
0.7620810584  
-7.274341291  
-13.90600922  
-17.7556391  
-17.87357698  
-13.60827769  
-4.844561108  
7.429276827  
20.62168896  
30.63316177  
32.85680877  
23.91279174  
3.445490444  
-24.91018126  
-54.06372675  
-75.56092381  
-82.55274874  
-72.46458673  
-48.20052332  
-17.27326377  
10.8813803  
28.35244757  
31.56476417  
22.31961707  
6.693651796  
-7.663122133  
-14.63945466  
-11.88703588  
-1.320794241  
12.14841061  
22.9420378  
27.11961471  
23.71250055  
14.67040242  
3.656029301  
-5.618862068  
-10.74230678  
-11.1454782  
-7.806561257  
-2.465985122  
3.160800727  
7.825846617  
10.7878639  
11.64247653  
10.21276068  
6.645921679  
1.641705832  
-3.425033839  
-6.71446218  
-6.507834058  
-1.959585083  
6.356473179  
16.43888378  
25.48246011  
30.90500962  
31.32119093  
27.00233873  
19.60009287  
11.27636841  
3.684227643  
-2.67466235  
-8.386384302  
-14.3983967  
-21.03502421  
-27.31930702  
-31.03172376  
-29.56944933  
-21.24693834  
-6.416668763  
12.17827357  
30.08433673  
42.6456495  
46.74448416  
42.04295944  
31.18427761  
18.83864858  
9.955147633  
7.903870009  
13.22843709  
23.47849055  
34.16635066  
40.46890039  
39.03509775  
29.24330658  
13.47025514  
-3.711796288  
-17.12416747  
-22.81031194  
-19.47620369  
-9.033530959  
3.976214185  
13.92845658  
16.13688462  
8.646364366  
-6.88228079  
-25.59907074  
-41.14149765  
-48.00413914  
-43.7125943  
-29.90823949  
-11.82088558  
3.761332324  
11.26391168  
8.696983059  
-1.431142834  
-13.14786975  
-19.6552044  
-16.48482282  
-3.770574518  
13.45603657  
27.21765546  
30.05662932  
18.54527177  
-4.740490625  
-31.7694693  
-52.03873172  
-56.82205824  
-42.9049826  
-14.1858347  
19.60250049  
46.57701334  
57.29180378  
48.34003542  
23.50891737  
-7.927823695  
-34.99284694  
-49.24545803  
-47.74660496  
-33.64010223  
-14.29962003  
1.997722728  
9.380960858  
6.333164543  
-4.361507199  
-17.39935648  
-27.49595791  
-31.51002886  
-29.31329721  
-23.2279252  
-16.51032629  
-11.71304172  
-9.687007665  
-9.575886316  
-9.63656217  
-8.352426941  
-5.24060913  
-0.9864823547  
3.081440808  
5.833304292  
7.026701426  
7.488341608  
8.709061445  
12.06245968  
18.02850133  
25.78857285  
33.38630132  
38.40487266  
38.90280813  
34.25089531  
25.54591941  
15.41936711  
7.259880082  
4.066394071  
7.293317123  
16.09392244  
27.28809397  
36.1748902  
38.02537366  
29.80923774  
11.54418706  
-13.29710008  
-38.60637384  
-57.52380139  
-64.7794619  
-58.63072005  
-41.61055008  
-19.71650578  
-0.276988837  
10.71560455  
10.76531643  
1.667261734  
-11.37157111  
-21.90023298  
-24.76650131  
-17.98947643  
-3.244607732  
15.12663218  
32.03321788  
43.57338367  
48.17481086  
46.57172577  
40.84224325  
33.15208365  
24.90349284  
16.66796825  
8.776379983  
2.037925746  
-2.014234447  
-1.655268476  
3.925583629  
13.57771197  
23.92508478  
30.27984155  
28.52005714  
17.1413665  
-1.537276554  
-21.75507955  
-36.32833094  
-39.56740841  
-29.84826167  
-10.64821608  
10.52718553  
24.98210644  
26.28586624  
12.89221592  
-11.19432042  
-37.98559892  
-58.6336347  
-66.78811154  
-60.81001143  
-44.00979077  
-22.95333015  
-4.683125437  
5.918956649  
7.58369263  
2.491248831  
-5.202580803  
-11.33672396  
-13.31437918  
-10.70466049  
-4.841568741  
2.158611608  
8.368964885  
12.57500002  
14.25854845  
13.27716358  
9.599671899  
3.336983826  
-4.962029888  
-14.01757151  
-21.85038945  
-26.28952108  
-25.81097581  
-20.31191765  
-11.38043546  
-1.824361873  
