7.1986487  
12.99854356  
22.81587293  
37.09780213  
53.6022378  
67.76425463  
74.31459443  
69.49367299  
52.88679714  
28.03024487  
1.445069805  
-19.57541039  
-29.56432056  
-26.83689912  
-14.03736888  
2.917967983  
17.06201539  
22.89081745  
18.22867112  
4.802649183  
-12.59393522  
-27.94509634  
-36.13297671  
-34.5806376  
-23.9090802  
-7.498690364  
9.772945346  
23.11037294  
29.15987694  
26.76661751  
16.99464758  
2.527697424  
-13.26501824  
-27.26437271  
-37.26884015  
-42.26351087  
-42.31474244  
-38.23380036  
-31.1978922  
-22.48123566  
-13.35118925  
-5.072724906  
1.104233048  
4.093279197  
3.281354074  
-1.106511824  
-7.795992129  
-14.61651529  
-19.10341713  
-19.41623016  
-15.22775728  
-8.148729985  
-1.36565385  
1.528700731  
-1.853990925  
-11.3003307  
-23.50049604  
-32.85958168  
-33.49142878  
-21.71581862  
1.951778082  
32.25223161  
60.50742464  
77.49704762  
76.87316094  
57.77818543  
25.55239171  
-9.874858562  
-37.39488144  
-48.66784724  
-41.09157403  
-18.63712243  
9.760982961  
33.60539923  
44.67731493  
39.83754488  
21.77567234  
-2.445132402  
-24.32659209  
-37.1114718  
-37.96934654  
-28.47771269  
-13.43615053  
1.300327134  
10.99712322  
13.41137165  
9.016488594  
0.2691512872  
-9.550270154  
-17.36440817  
-20.87596132  
-18.71461016  
-10.40538837  
3.582066176  
21.63697033  
40.84877058  
57.20300597  
66.35559025  
64.91410651  
51.81260065  
29.17205559  
2.131926868  
-22.48706286  
-38.3223934  
-41.64430862  
-32.70493381  
-15.68136576  
2.816784557  
16.12120479  
19.8459745  
13.30304248  
-0.5071985839  
-16.24476467  
-28.31069113  
-32.81484179  
-28.71463745  
-17.81711361  
-3.822558422  
9.068557456  
17.39833238  
19.1554756  
13.88344217  
2.413629177  
-13.46500757  
-31.20555182  
-47.60509439  
-59.02403661  
-61.94621106  
-53.91758865  
-34.61300163  
-6.5598546  
24.95833889  
53.03705375  
71.10896805  
75.09196059  
64.9008526  
44.65030543  
21.34609699  
2.465194853  
-6.692202176  
-4.855101481  
4.906184345  
16.55097636  
23.58767117  
21.73350466  
10.64268361  
-5.992024846  
-21.99584032  
-31.28090297  
-30.372723  
-19.86612085  
-4.227662108  
9.960399115  
16.59232211  
12.42374765  
-1.686352702  
-21.13209988  
-39.32365904  
-50.12058395  
-49.97332193  
-38.98016275  
-20.54166811  
0.1322014354  
17.97921322  
29.7030734  
34.46837072  
33.52900435  
29.10911616  
23.1396121  
16.44975132  
8.742842246  
-0.7139435161  
-12.09971753  
-24.29723678  
-34.81815288  
-40.49534762  
-38.67777385  
-28.42135444  
-11.15466926  
9.489475199  
28.64409201  
41.63003533  
45.31614303  
38.9554162  
24.26001051  
4.773058993  
-15.17386491  
-31.54154705  
-41.39704793  
-43.32412883  
-37.46358624  
-25.31235621  
-9.403294394  
7.084375169  
20.80321062  
28.83017733  
29.32652407  
22.10994882  
8.911048333  
-6.880787697  
-21.02683655  
-29.62892522  
-30.33011634  
-23.0913106  
-10.21967643  
4.413500462  
16.71431393  
23.78403599  
24.87970342  
21.55018542  
16.89531082  
14.23878471  
15.73481009  
21.45148578  
29.28646791  
35.74621692  
37.29078676  
31.73723458  
19.19808826  
2.209432567  
-15.0043005  
-27.87671355  
-32.99866437  
-29.26505617  
-18.28378753  
-3.905218121  
8.986301525  
16.03717071  
14.84200822  
5.745860183  
-8.252726553  
-22.49218764  
-32.22598396  
-34.26130044  
-28.08336949  
-16.0429392  
-2.504410415  
7.764169635  
11.37579777  
7.605077086  
-1.346488754  
-11.22795966  
-17.43059254  
-16.82299064  
-8.983768107  
3.679513997  
16.97404463  
26.68299571  
30.28752254  
27.90695087  
22.05743134  
16.35451204  
13.7582922  
15.166396  
18.99948461  
21.96892954  
20.6694015  
13.2579972  
0.4395557673  
-14.70020528  
-27.93817674  
-35.66163028  
-36.32088279  
-30.93589005  
-22.4564  
-14.31234796  
-8.857950093  
-6.440260092  
-5.501580827  
-3.617415601  
1.072990152  
8.759927666  
17.71331003  
24.99043793  
27.73143016  
24.40196334  
15.39629826  
2.756536771  
-10.7846575  
-22.90658019  
-32.37883769  
-39.01156805  
-42.99677895  
-44.1098467  
-41.33215787  
-33.22542599  
-18.95371242  
0.5653389809  
22.06660012  
40.39737307  
50.05091988  
47.24846456  
31.69984938  
7.214687242  
-19.23311876  
-39.73731855  
-48.16785066  
-42.29996063  
-24.51978715  
-0.8351032207  
21.39527008  
36.09909342  
40.47233876  
35.59528401  
25.55834426  
15.56722837  
9.851016844  
10.18863529  
15.53462747  
22.74259178  
27.96685769  
28.13511987  
21.96220392  
10.23927733  
-4.561423859  
-19.11310982  
-30.17650195  
-35.40326519  
-33.86081647  
-26.22588811  
-14.63401872  
-2.187816735  
7.831118526  
12.90823628  
12.1450728  
6.689310997  
-0.5140180329  
-5.695518369  
-5.700851319  
0.6271148909  
11.72009216  
23.61819246  
31.36008066  
30.95006038  
21.10942643  
4.031485349  
-15.26705462  
-30.81446413  
-38.0321211  
-35.56405222  
-25.77235094  
-13.64336966  
-4.55659414  
-1.893492311  
-5.562757918  
-12.12357171  
-16.46883638  
-14.31073536  
-4.322562121  
11.07102615  
26.65274507  
36.71066252  
37.62920841  
29.57101679  
16.44668938  
4.153379767  
-2.128854419  
-0.3421522612  
7.467539302  
16.07356541  
19.50059772  
13.86464742  
-0.6864664405  
-19.84210893  
-36.89863214  
-45.64969602  
-43.10105593  
-30.78503861  
-14.08220188  
0.1399137121  
6.504599593  
3.384630302  
-6.553071469  
-17.72252876  
-24.24843387  
-22.62796959  
-13.21573799  
0.1151050446  
11.93004589  
17.86186803  
16.66992032  
10.77203695  
5.012455603  
4.251198199  
10.90461074  
23.5884226  
37.50730499  
46.44224699  
45.46354021  
33.17468342  
12.50280747  
-10.30882396  
-28.07312515  
-35.39580969  
-30.6519708  
-16.43887069  
1.597362608  
16.99830299  
24.84198875  
23.29098661  
13.83254783  
0.2808521862  
-12.90815242  
-22.26170702  
-26.24549434  
-25.31061235  
-21.20459713  
-15.98601979  
-11.21176123  
-7.583778529  
-5.069496781  
-3.290074534  
-1.899864055  
-0.7631909577  
0.09761494635  
0.6646202294  
1.033222144  
1.369627074  
1.743924131  
1.968213425  
1.582347266  
0.04896102404  
-2.912170738  
-7.020683212  
-11.34566523  
-14.52040569  
-15.20393133  
-12.60314913  
-6.82707304  
1.08735192  
9.493008874  
16.66019829  
21.29781731  
22.87410152  
21.64680741  
18.44735522  
14.35310317  
10.39440759  
7.38068992  
5.83956909  
6.002281479  
7.769433853  
10.65000449  
13.73669363  
15.81191218  
15.63885315  
12.39313953  
6.086432366  
-2.218858656  
-10.55678816  
-16.58843086  
-18.36862405  
-15.07900077  
-7.439324667  
2.388249472  
11.40162884  
16.67919416  
16.31058615  
10.02886351  
-0.6575115555  
-12.86727008  
-23.15245181  
-28.47309609  
-27.07367123  
-19.03445139  
-6.35159855  
7.498079458  
18.43966699  
22.94713394  
19.16976396  
7.697600006  
-8.339875026  
-23.99610883  
-33.9493116  
-34.27682086  
-23.9719102  
-5.603950945  
15.24435682  
31.70340296  
37.98079515  
31.52219267  
14.12296695  
-8.512274194  
-28.6832338  
-39.41120484  
-36.94015136  
-22.05689873  
0.2792278843  
22.83343529  
38.74597253  
43.87864747  
37.96488015  
24.20392077  
7.604882727  
-7.116926121  
-17.17109708  
-22.2296581  
-23.80549815  
-23.94674131  
-23.99250342  
-24.02012868  
-23.19011615  
-20.69194282  
-16.66957283  
-12.5291754  
-10.38318344  
-11.8806404  
-17.04864215  
-23.82242603  
-28.62986792  
-27.86722868  
-19.62377133  
-4.828882514  
12.78533864  
27.97958579  
36.04278304  
34.68085803  
24.91686645  
10.60070513  
-3.23782478  
-12.4332023  
-15.19776244  
-12.44768621  
-6.862601549  
-1.206658658  
