-8.042993342  
-22.54416754  
-37.16014556  
-47.80540139  
-51.89464125  
-49.25192717  
-41.93177014  
-33.12122399  
-25.68252182  
-21.00735664  
-18.65351954  
-16.84534841  
-13.52451484  
-7.424882336  
1.316159996  
11.24188064  
20.25753383  
26.55683595  
29.36976358  
29.22706485  
27.67242044  
26.58652225  
27.42488523  
30.66529138  
35.64562753  
40.80689077  
44.21839152  
44.1920357  
39.79693441  
31.14309169  
19.37887902  
6.42059863  
-5.507087019  
-14.40128023  
-18.94076763  
-18.75194695  
-14.40636026  
-7.162182881  
1.448970911  
10.03006635  
17.56997746  
23.46389975  
27.3454694  
28.87062602  
27.61917322  
23.20802039  
15.5779717  
5.28568736  
-6.411649701  
-17.81362878  
-27.33456337  
-34.13283794  
-38.48723777  
-41.66590612  
-45.25516771  
-50.19894248  
-55.99593654  
-60.50333776  
-60.56270972  
-53.2910358  
-37.52932601  
-14.79348317  
10.78111641  
33.60596146  
48.53009163  
52.7121437  
46.6854254  
34.13127376  
20.41371518  
10.45895204  
6.856002979  
8.965744031  
13.39586883  
15.61295303  
11.98527202  
1.386720894  
-14.28851885  
-30.86072064  
-43.47398108  
-48.36626508  
-44.07996904  
-31.70085143  
-14.1692586  
4.905520296  
22.35686211  
36.06716808  
44.96681656  
48.64949817  
46.98834917  
40.05680668  
28.40191156  
13.43836573  
-2.402718688  
-16.04480621  
-24.64913792  
-26.68400715  
-22.67144916  
-15.17535542  
-7.90758094  
-4.245213945  
-5.769055647  
-11.4872929  
-18.15093603  
-21.60316238  
-18.63231289  
-8.544036915  
6.254548178  
20.96736276  
30.18476773  
30.02863773  
19.79910867  
2.44185116  
-16.37768788  
-30.25306524  
-34.31645691  
-26.96398792  
-10.39938008  
10.1662029  
28.32131327  
38.58490431  
38.1083687  
27.40438935  
9.943353232  
-9.142609697  
-24.73569943  
-33.21545435  
-33.31399405  
-26.17090817  
-14.6890708  
-2.487857512  
7.184782923  
12.27402011  
12.2991789  
8.268806398  
2.227334847  
-3.401883703  
-6.494211443  
-5.763758895  
-1.05343829  
6.676921271  
15.65180044  
23.79151816  
29.30106663  
31.17240323  
29.44842948  
25.1531512  
19.8927469  
15.24166917  
12.11731589  
10.37360937  
8.790129739  
5.505256061  
-1.220900157  
-12.17154579  
-26.58242953  
-42.0590393  
-55.09933941  
-62.10033741  
-60.52797557  
-49.83809654  
-31.79617853  
-10.04513334  
10.95563809  
27.2549212  
36.52597946  
38.57548525  
35.08319287  
28.71217314  
21.97845359  
16.35133778  
11.94216184  
7.868947258  
3.080851485  
-2.779203467  
-8.908248569  
-13.51952366  
-14.60162361  
-10.91862393  
-2.776956662  
7.82540979  
17.78521627  
24.00026524  
24.54018576  
19.38409148  
10.40902247  
0.6361600995  
-6.940192263  
-10.44602953  
-9.698829202  
-6.059285846  
-1.687546316  
1.420024854  
2.17403665  
0.6143647377  
-2.415113543  
-5.901655899  
-9.237741334  
-12.4265277  
-15.82944176  
-19.62686621  
-23.32936053  
-25.66446831  
-24.97207272  
-19.97062416  
-10.53735762  
1.901005297  
14.61770855  
24.43573159  
28.84927072  
26.93943083  
19.67621602  
9.46145533  
-0.8919898925  
-9.292259529  
-15.10100816  
-19.13703156  
-22.95503514  
-27.74713893  
-33.40252892  
-38.20707911  
-39.38495529  
-34.29834463  
-21.80276514  
-3.147703435  
18.03008146  
36.70606567  
48.12898508  
49.51403706  
41.09786969  
26.11643012  
9.685696681  
-3.002641747  
-8.485431724  
-6.14813263  
1.752335747  
11.1392133  
17.80089959  
19.02820356  
14.56185385  
6.502078902  
-1.737633865  
-6.963703211  
-7.563919964  
-4.125895976  
0.9363252541  
4.571217774  
4.567918134  
0.6682893126  
-5.190844066  
-9.64470496  
-9.379036989  
-2.706918512  
9.438882012  
23.55956359  
34.73218869  
38.430024  
32.31447104  
17.27767894  
-2.706940675  
-21.90686597  
-34.84095118  
-38.22127081  
-32.08995449  
-19.72791972  
-6.385795733  
2.665396749  
4.022332325  
-2.716785914  
-14.95375285  
-28.1677545  
-37.61267701  
-39.98319733  
-34.45742792  
-22.80244679  
-8.593652557  
4.091028048  
12.00185334  
13.62981323  
9.467148799  
1.636136357  
-6.892927208  
-13.19252794  
-15.11434319  
-11.72248687  
-3.396592552  
8.338469541  
21.17476205  
32.50068581  
39.93692508  
41.85797372  
37.80274372  
28.65881976  
16.52626685  
4.241793146  
-5.343322735  
-10.13271846  
-9.355478889  
-3.737524313  
4.798697553  
13.80703507  
21.12568952  
25.52932312  
26.99633207  
26.51111111  
25.5004022  
25.13705801  
25.78444481  
26.78661823  
26.67125162  
23.67687858  
16.40903952  
4.40002437  
-11.60271444  
-29.69646342  
-47.20210091  
-61.25455429  
-69.45747378  
-70.45376505  
-64.28419628  
-52.44455442  
-37.60113925  
-22.99392495  
-11.6379618  
-5.514139756  
-4.981882381  
-8.625294234  
-13.63502225  
-16.66102698  
-14.89388958  
-7.020107519  
6.293031611  
22.57956161  
38.38015834  
50.38377155  
56.47810887  
56.30774716  
51.1373474  
43.10516809  
34.21355507  
25.51524069  
16.86383252  
7.334612683  
-3.897140705  
-16.66395766  
-29.37198894  
-39.30151976  
-43.57492197  
-40.39566118  
-29.99271123  
-14.79889344  
1.288980734  
14.30570434  
21.68676387  
23.16144206  
20.64931663  
17.17745782  
15.29057055  
15.68523674  
16.73487848  
15.18986731  
7.803142768  
-6.823878753  
-27.03463277  
-48.1828998  
-64.07101328  
-69.25326498  
-61.27810712  
-41.9122988  
-16.77341729  
6.553743462  
21.20807855  
23.49210674  
14.09698773  
-2.352731085  
-19.20949336  
-30.35616469  
-32.35756452  
-25.37951316  
-12.59962071  
1.513980223  
13.22579948  
20.95315096  
25.50885729  
29.15780693  
34.0231333  
40.65324211  
47.45526382  
51.27430028  
48.85414517  
38.50294129  
21.19198979  
0.565256088  
-18.18082404  
-30.1017903  
-32.26106658  
-24.73940178  
-10.52186972  
5.651632751  
18.98654537  
26.21925698  
26.51978905  
21.45044434  
14.09664492  
7.773434126  
4.816190298  
5.865061585  
9.824793784  
14.42442567  
17.11522766  
15.97582367  
10.34244583  
1.002497782  
-10.06573423  
-20.30141144  
-27.32850326  
-29.66136673  
-27.14450271  
-20.99152374  
-13.3979017  
-6.834473748  
-3.241645969  
-3.396093968  
-6.677914117  
-11.33095744  
-15.1241694  
-16.16514119  
-13.55223143  
-7.622499238  
0.2752337339  
8.348833186  
15.0017253  
19.26318149  
20.858909  
19.96512819  
16.85355992  
11.67772486  
4.54982235  
-4.135930202  
-13.35650563  
-21.3735786  
-26.08390607  
-25.7559572  
-19.86073905  
-9.590285881  
2.262548423  
12.12391716  
16.89229984  
15.12492994  
7.640365026  
-2.754190655  
-12.32793472  
-17.85144594  
-17.78496841  
-12.74087856  
-5.056836518  
2.287693896  
6.904280843  
7.836681951  
5.689934983  
2.078987093  
-1.259771815  
-3.233116101  
-3.691244872  
-3.204753606  
-2.542468848  
-2.209175698  
-2.317266188  
-2.825328874  
-3.917731641  
-6.187228007  
-10.38611832  
-16.78875976  
-24.50058457  
-31.18188655  
-33.52341761  
-28.45425539  
-14.64507851  
6.384235477  
30.17956212  
50.5222411  
61.52566515  
59.85979619  
46.16532833  
24.99890405  
3.251164417  
-12.36625783  
-17.7524134  
-12.78004197  
-1.05633455  
11.76453701  
20.35782704  
21.77758534  
16.3606496  
7.211164645  
-1.378328365  
-5.791259153  
-4.418928205  
2.021800867  
11.15059564  
20.09077156  
26.51454569  
29.11792281  
27.4643031  
21.50519579  
11.23748954  
-3.18857078  
-20.93937697  
-39.9170483  
-56.62832466  
-66.83121821  
-66.88260583  
-55.28383007  
-33.70405402  
-6.896475736  
18.6291346  
36.74767164  
43.83570995  
39.97819713  
28.73748253  
15.56778165  
5.544904527  
1.375408154  
2.515464924  
5.727346449  
6.767622051  
