77.92372362  
69.45708907  
51.0030406  
27.90672464  
5.809454042  
-10.81183463  
-19.58465598  
-20.51433942  
-15.6245441  
-8.134256597  
-1.420700049  
1.949615324  
0.8635142725  
-4.194928316  
-11.5239794  
-18.95750733  
-24.69882031  
-27.90193924  
-28.76403863  
-28.10810018  
-26.67788705  
-24.5257516  
-20.85072041  
-14.43558462  
-4.516969186  
8.341664319  
21.87560187  
32.5607889  
36.81337706  
32.49318702  
20.03911247  
2.656405341  
-14.63844974  
-26.79487543  
-30.60079715  
-25.83941324  
-15.20857873  
-3.033960319  
6.638457209  
11.69220116  
12.57662579  
11.66207213  
11.66984103  
13.98877884  
17.74903198  
20.14691437  
17.88388427  
9.006420126  
-5.794656801  
-23.12450371  
-38.15897907  
-46.68010197  
-46.89816081  
-40.16625112  
-30.22162225  
-21.31410681  
-16.14056379  
-14.61506404  
-14.09750734  
-10.975553  
-2.802941047  
10.10562118  
24.47862052  
35.46003155  
38.9271169  
33.62660672  
22.04592133  
9.520038396  
1.924319098  
3.00468806  
12.60383824  
26.64365567  
38.90608732  
43.80565292  
38.87749166  
25.83783008  
9.74726995  
-3.306322637  
-8.911022094  
-6.177439929  
2.076731391  
10.8089591  
15.13378804  
12.46115772  
3.432039378  
-8.680664902  
-19.68743315  
-26.39832631  
-27.80732797  
-25.05789354  
-20.3622635  
-15.57169463  
-11.22240025  
-6.562480861  
-0.4813298881  
7.260487924  
15.28872677  
20.88884937  
21.25858022  
15.12879093  
3.871379224  
-8.597577101  
-17.23754543  
-18.06912774  
-10.12842846  
3.772396992  
17.93557224  
26.02263161  
23.71580814  
10.63348282  
-9.356938461  
-29.58712218  
-43.18535932  
-45.72311702  
-36.81491431  
-20.06215784  
-1.45941539  
12.98060773  
19.35995263  
16.95873832  
7.940176537  
-3.983411237  
-15.2026398  
-23.4306922  
-28.0545648  
-29.65632851  
-29.13279187  
-26.96819976  
-23.04252708  
-17.00578067  
-8.912771971  
0.3266941777  
9.01285961  
15.26390378  
17.87558802  
16.97395795  
14.07937428  
11.48328592  
11.18652617  
13.88786856  
18.51933415  
22.59305963  
23.25750694  
18.62632141  
8.799387009  
-3.896626052  
-15.59785548  
-22.28457297  
-21.31845987  
-12.52532132  
1.614653732  
16.75954002  
28.19196865  
32.44646003  
28.48077144  
17.97392489  
4.666341786  
-6.991075424  
-13.3707195  
-12.8315392  
-6.118514732  
4.09837834  
14.32315265  
21.52585131  
24.1376517  
22.39876912  
17.97911015  
13.07748143  
9.402089412  
7.461352387  
6.448088127  
4.741627129  
0.7910064024  
-6.015135664  
-14.87611994  
-23.71692359  
-29.89086829  
-31.16847632  
-26.61757575  
-17.03005258  
-4.736853876  
7.106400127  
15.48709577  
18.40811633  
15.38387276  
7.442678249  
-3.297954649  
-14.28933275  
-23.21405909  
-28.47884735  
-29.45700402  
-26.48786453  
-20.68594168  
-13.62038561  
-6.917894998  
-1.847028969  
1.034584788  
2.064942337  
2.398120375  
3.627978808  
7.193542183  
13.7547027  
22.78352911  
32.56817781  
40.68123818  
44.77096028  
43.38203024  
36.47527747  
25.42615211  
12.49660658  
0.001510699117  
-10.47423139  
-18.47611319  
-24.54143352  
-29.61138402  
-34.28975788  
-38.3107865  
-40.48033816  
-39.13383476  
-32.91875449  
-21.56128784  
-6.282290632  
10.32615607  
24.93474285  
34.40164143  
36.67626091  
31.40044448  
20.0439526  
5.55973055  
-8.335387681  
-18.07665582  
-21.1613629  
-16.85007478  
-6.475276996  
6.776349595  
18.63947659  
24.97673166  
23.10870982  
12.83643838  
-3.262858661  
-20.4912619  
-33.52484538  
-38.27447269  
-33.42085552  
-20.97868011  
-5.584008395  
7.287971747  
13.49111209  
11.86587973  
4.659265318  
-3.510212498  
-7.723707888  
-4.97318341  
4.473709351  
17.17918702  
28.07741929  
32.75791816  
29.4433896  
19.74886756  
7.868492475  
-1.42408346  
-5.018355978  
-2.890577846  
1.964103551  
5.05318303  
2.629572911  
-6.42078576  
-19.94878254  
-33.46800606  
-42.18877089  
-43.18897101  
-36.69948649  
-25.91951381  
-15.49011152  
-9.385278365  
-9.229107442  
-13.80038206  
-19.87883548  
-23.92959571  
-23.74357969  
-19.23002949  
-12.0401744  
-4.326788649  
2.61206836  
9.025538134  
16.34671383  
25.9844894  
37.97080905  
50.28192917  
59.32234543  
61.4489117  
54.83320896  
40.71746973  
23.35535776  
8.539749272  
1.310938782  
3.866900378  
14.64070324  
28.99003484  
41.19901118  
46.88672855  
44.7339045  
36.77082587  
27.14816757  
20.01504332  
17.51992428  
18.85497565  
20.74202581  
19.07130057  
10.88216385  
-4.242731939  
-23.97658195  
-44.26023647  
-60.98805968  
-71.55882342  
-75.61237789  
-74.70830596  
-71.21722501  
-67.0342677  
-62.74342922  
-57.57772289  
-50.10088815  
-39.19695139  
-24.85171303  
-8.368013335  
8.029864258  
21.95595004  
31.60852468  
36.19777431  
35.9596013  
31.87253404  
25.29441479  
17.68909075  
10.47304019  
4.890416206  
1.805024662  
1.400181717  
2.925241483  
4.714073216  
4.639013703  
0.9576196888  
-6.743996866  
-16.96016039  
-26.41724313  
-31.07396854  
-27.68097471  
-15.28903779  
3.975256909  
25.30474923  
42.73998921  
51.28891882  
48.79784917  
36.79018657  
19.89351892  
4.059810528  
-5.709447632  
-7.212091313  
-1.733120472  
6.671718985  
12.95497604  
13.1561912  
5.932462729  
-7.035492696  
-21.84500315  
-33.97078926  
-39.96824524  
-38.60996535  
-31.0811741  
-20.27233239  
-9.5573442  
-1.59147655  
2.425829511  
2.83148467  
1.020827809  
-1.292136173  
-2.736841246  
-2.633618345  
-0.9700403431  
1.886666992  
5.543299888  
9.815262119  
14.74137707  
20.3924474  
26.58106468  
32.62544695  
37.30687321  
39.09430955  
36.61307269  
29.23043125  
17.55194384  
3.604875475  
-9.453096818  
-18.1141592  
-19.61530072  
-13.00376149  
0.2354300315  
16.31045208  
30.09205566  
36.68419142  
33.08910646  
19.3584938  
-1.242364628  
-23.18874389  
-40.47816521  
-48.61339983  
-46.06320059  
-34.66458089  
-18.83800991  
-3.944053326  
5.570434355  
7.540888124  
2.506379777  
-6.870599137  
-17.04371335  
-24.92035195  
-28.77640525  
-28.48133253  
-25.10036775  
-20.19078126  
-15.16928872  
-10.99671251  
-8.194702419  
-7.017712124  
-7.551745761  
-9.617907297  
-12.54924448  
-15.0546908  
-15.39186206  
-11.9137558  
-3.820306151  
8.238003665  
22.06640581  
34.50993311  
42.5616669  
44.55117727  
40.86715342  
33.82944909  
26.69616222  
22.20426794  
21.29566534  
22.64043975  
23.22908971  
19.8176553  
10.59383892  
-3.704428136  
-19.77042139  
-32.87730904  
-38.72999706  
-35.22269679  
-23.3310999  
-6.747161785  
9.575309024  
21.31422742  
26.28026876  
24.89772442  
19.52514556  
13.01864036  
7.276338295  
2.479784104  
-2.624094867  
-9.590010915  
-18.91573655  
-29.2079119  
-37.37087229  
-39.8092597  
-34.11724223  
-20.44961184  
-1.877174661  
16.52434679  
29.51913883  
33.71326823  
28.84271342  
17.78112723  
5.26794897  
-4.075329537  
-7.566508785  
-5.339276158  
0.06041033968  
5.106921064  
7.048027599  
5.155386262  
0.9177125806  
-2.856749412  
-3.545756071  
-0.07026338293  
6.553270534  
13.71155481  
18.46971844  
18.97445537  
15.28831007  
9.252800555  
3.468264946  
-0.07994458221  
-1.045992649  
-0.8731626816  
-1.987529293  
-6.440896062  
-14.6986262  
-25.20885324  
-35.00946421  
-41.10636794  
-41.95220178  
-38.27167992  
-32.77058017  
-28.80190428  
-28.58927283  
-31.86728279  
-35.65618866  
-35.3907899  
-26.99580571  
-9.025149621  
16.11004801  
42.45743226  
62.37900913  
69.28298374  
60.17580767  
37.0199777  
6.340408759  
-22.79804886  
-41.7030253  
-44.80547848  
-31.30250448  
-5.194260885  
26.1839047  
54.52846572  
