8.305589117  
0.9674258029  
-11.68148885  
-25.57997047  
-35.81870834  
-38.62976875  
-32.93488763  
-20.72767552  
-6.096244238  
6.662038677  
14.94054867  
18.8310639  
20.7634192  
23.97334784  
30.5775803  
40.23633383  
50.09710303  
56.07584656  
54.8577994  
45.62682241  
30.65061862  
14.40446342  
1.635314931  
-4.708055523  
-4.684951935  
-1.141946393  
1.806984994  
0.8371662528  
-5.001799963  
-13.92463596  
-22.40090426  
-26.95438206  
-25.84599456  
-19.81086689  
-11.53097169  
-4.182518015  
0.1410447105  
1.299015089  
0.8413073497  
0.8127490122  
2.329180858  
4.751076543  
5.951694356  
3.568892738  
-3.428246848  
-13.73935618  
-23.92118328  
-29.78063767  
-28.34622239  
-19.44562676  
-6.059847654  
6.80575933  
14.26963091  
13.76228719  
6.226715833  
-4.250190662  
-12.22617642  
-13.3057501  
-6.074140619  
7.284719829  
21.91764041  
32.31349709  
34.48092679  
27.37073687  
13.02771112  
-4.443242733  
-20.51649526  
-31.73904515  
-36.51950247  
-35.07271973  
-28.78570404  
-19.46441447  
-8.838043127  
1.571349888  
10.37590857  
16.31779309  
18.50171078  
16.7985724  
12.15327956  
6.502504984  
2.189853971  
1.058822814  
3.636779682  
8.844181606  
14.43840614  
18.03423247  
18.22703271  
15.25929454  
10.87548963  
7.413741138  
6.577499331  
8.50880173  
11.6465197  
13.45867218  
11.69339316  
5.522984552  
-3.993177781  
-14.35544952  
-22.74712951  
-27.26171855  
-27.62358668  
-25.06885602  
-21.49967293  
-18.40263166  
-16.13014378  
-13.92876661  
-10.67525344  
-5.880548993  
-0.3592679926  
3.869486955  
4.47146998  
0.05728338497  
-8.840069063  
-19.6200071  
-28.45751096  
-31.80178063  
-27.86276294  
-17.40567791  
-3.491039266  
9.715377452  
18.52170895  
20.99092494  
17.41742586  
9.895046083  
1.286129665  
-5.876599421  
-10.08133931  
-10.92866788  
-8.763131559  
-4.190033282  
2.196747739  
9.759003061  
17.56962728  
24.26526008  
28.2283358  
28.11376981  
23.48678904  
15.21291496  
5.325670219  
-3.645063037  
-9.607648535  
-11.66780709  
-10.34068762  
-7.114915504  
-3.601800224  
-0.7189560137  
1.662645003  
4.432867148  
8.493098672  
13.97870036  
19.91222133  
24.51618674  
26.05099439  
23.7416995  
18.28629813  
11.64082555  
6.153351466  
3.469402778  
3.766600722  
5.718968693  
7.216834986  
6.474616143  
2.95075674  
-2.399513664  
-7.668967444  
-11.04760998  
-11.81106059  
-10.71000279  
-9.537134239  
-10.08983759  
-13.08025088  
-17.59092842  
-21.40275017  
-22.06644205  
-18.18889789  
-10.2687764  
-0.6234911633  
7.599507862  
11.866317  
11.44926836  
7.769850943  
3.70300079  
2.164704006  
4.661902613  
10.50889648  
17.0949621  
21.08206883  
19.96719493  
13.275927  
2.83777065  
-7.967599868  
-15.62757114  
-17.92407939  
-14.74759835  
-7.986869348  
-0.6174875285  
4.544886179  
5.862318774  
3.267360131  
-2.035563236  
-8.3085464  
-14.05078252  
-18.45279863  
-21.40231235  
-23.15402938  
-23.9214924  
-23.63587913  
-21.97711659  
-18.6101668  
-13.45343221  
-6.816989325  
0.6489154077  
8.1327891  
14.84310752  
20.09580513  
23.30455982  
23.9583051  
21.68818878  
16.45723988  
8.791279209  
-0.1130822403  
-8.552140138  
-14.77715487  
-17.607209  
-16.91992753  
-13.75115182  
-9.889392726  
-7.092310034  
-6.261047579  
-6.970493164  
-7.619683163  
-6.187481426  
-1.282686644  
6.991488338  
16.78559932  
25.03461002  
28.59007539  
25.49273373  
15.84682431  
1.920713932  
-12.57197317  
-23.71202702  
-28.63348925  
-26.32128626  
-17.695412  
-5.044756703  
8.870182746  
21.64075794  
31.66215144  
38.14353347  
40.83094585  
39.70807207  
34.89166809  
26.77313267  
16.27286727  
4.976113331  
-5.039155019  
-11.71083778  
-13.67211046  
-10.8116705  
-4.439271263  
3.065899696  
9.025316718  
11.36266381  
9.286037613  
3.487350477  
-4.203882042  
-11.55183867  
-16.72378054  
-18.85871041  
-18.20069371  
-15.79817732  
-12.95022404  
-10.66716665  
-9.372947921  
-8.94011346  
-8.981311743  
-9.204775596  
-9.626190236  
-10.5195987  
-12.13894071  
-14.37542257  
-16.5672727  
-17.61744025  
-16.42558666  
-12.46934965  
-6.261190637  
0.5810228265  
5.768282289  
7.177304926  
3.783045604  
-3.71213107  
-12.87432229  
-20.25031492  
-22.58949931  
-18.1283909  
-7.418992983  
6.675134787  
19.87844859  
28.00141821  
28.4821494  
21.3758066  
9.396846106  
-3.014721528  
-11.2526553  
-12.14188434  
-4.988563199  
8.268798147  
23.79984275  
37.17790442  
44.72762522  
44.47178891  
36.44317431  
22.39990851  
5.180902669  
-12.01139478  
-26.20109618  
-35.05036974  
-37.1491374  
-32.24814861  
-21.41874084  
-7.023245272  
7.646865015  
19.11235805  
24.68757094  
23.37802158  
16.30772006  
6.414162487  
-2.566948117  
-7.481341963  
-6.951556469  
-1.872796356  
5.026564376  
10.38694361  
11.65943079  
8.147473648  
1.19041066  
-6.566956047  
-12.44104955  
-14.88524421  
-14.00610057  
-11.19605648  
-8.116851617  
-5.608003451  
-3.139350886  
0.8578274853  
7.919409659  
18.29853202  
30.24572533  
40.30698671  
44.63186517  
40.75102419  
28.98311615  
12.73065911  
-2.60197714  
-11.69854255  
-11.55870049  
-2.876218361  
10.08431184  
21.11819768  
24.5586641  
17.56260695  
1.242497509  
-19.81386694  
-39.39918316  
-52.10555822  
-55.28866722  
-49.80290635  
-39.29511593  
-28.46374262  
-21.09023538  
-18.67255082  
-20.15765854  
-22.75659329  
-23.37621215  
-20.00242122  
-12.4791058  
-2.455221703  
7.354102637  
14.19964613  
16.19475961  
12.79734184  
4.824753118  
-5.871232289  
-16.87959084  
-25.71531295  
-30.26516694  
-29.19802926  
-22.32201641  
-10.79757077  
2.936563086  
15.63515804  
24.09038956  
26.13567682  
21.45813722  
11.86689668  
0.8323238703  
-7.608714384  
-10.21197637  
-5.643250196  
5.07959898  
18.99189692  
32.26672555  
41.54249139  
44.97570677  
42.64061289  
36.18639079  
27.96990927  
20.07231722  
13.60675123  
8.551979107  
4.093414127  
-0.757049683  
-6.573521964  
-13.2051584  
-19.8249203  
-25.25434966  
-28.3852014  
-28.52573933  
-25.57911668  
-20.05674419  
-12.98226339  
-5.735282122  
0.1576105395  
3.307618338  
2.827000894  
-1.295636202  
-7.952062061  
-14.9722889  
-19.5843967  
-19.22255524  
-12.45057237  
0.3452642073  
16.81532307  
33.20151245  
45.46150364  
50.58553733  
47.61562629  
37.96248339  
24.87795284  
12.27484248  
3.349699955  
-0.4572937119  
0.2243387617  
3.194251367  
5.743614309  
5.813574097  
2.769888424  
-2.494146828  
-8.109256532  
-12.14002944  
-13.42532116  
-11.98856208  
-8.880460647  
-5.586396774  
-3.319460606  
-2.545482217  
-2.945418212  
-3.788437135  
-4.483338284  
-4.993802995  
-5.883579064  
-7.955897105  
-11.66950618  
-16.64278542  
-21.53298049  
-24.40929347  
-23.50311848  
-18.02733854  
-8.697996223  
2.302802727  
11.95979169  
17.44252396  
17.13285833  
11.27198533  
1.97526926  
-7.402719981  
-13.33840141  
-13.28230109  
-6.499952191  
5.651957531  
20.08855835  
32.87711966  
40.36961297  
40.26213009  
32.28495185  
18.32665903  
1.942199887  
-12.64248355  
-21.76983475  
-23.4797665  
-18.16943197  
-8.530279054  
1.281884034  
7.028498497  
5.882865645  
-2.492883924  
-15.71917556  
-29.46703711  
-38.99687825  
-40.9207432  
-34.51340625  
-22.03871628  
-7.927737058  
2.894014565  
6.878447883  
3.179551114  
-6.095526592  
-16.7906349  
-24.36295868  
-25.60180952  
-19.70937812  
-8.35481951  
5.222839819  
17.5854032  
26.30347955  
30.51153689  
30.68656448  
27.91755599  
23.15444163  
16.86748824  
9.258322553  
0.8059751426  
-7.291993534  
-13.18016756  
-15.01415358  
-11.95764913  
-4.966323908  
3.160343452  
8.654848985  
