39.21396635  
40.89145808  
39.74408661  
35.60261519  
28.46354207  
18.58188105  
6.564952365  
-6.55336028  
-19.30066445  
-29.87890692  
-36.45260103  
-37.60516958  
-32.86244307  
-23.09502428  
-10.58378205  
1.395248368  
9.442021482  
11.1283454  
5.931685084  
-4.394960507  
-16.25724325  
-25.4004123  
-28.45740221  
-24.28337791  
-14.51781122  
-3.0822884  
5.260096278  
6.759037114  
0.2153712982  
-12.43163845  
-26.73571071  
-37.36675674  
-40.08822579  
-33.30622227  
-18.59249764  
-0.01847256978  
17.371228  
29.28899851  
33.45384888  
29.94914583  
20.70668455  
8.509462836  
-3.949433791  
-14.55672966  
-21.75139721  
-24.24456699  
-20.89317448  
-11.00526706  
4.973709344  
24.78668009  
44.23900907  
57.99059187  
61.20317909  
51.49060327  
30.32586559  
3.149775401  
-22.09240299  
-37.58358131  
-38.46351035  
-24.70564717  
-1.221077735  
23.9184783  
42.45452606  
48.91688176  
42.40379682  
26.49477427  
7.430484882  
-8.576283585  
-17.71048278  
-19.63298532  
-16.93121786  
-13.35831339  
-11.79001756  
-12.88182885  
-14.99950722  
-15.34705787  
-11.64686753  
-3.50457954  
7.199494198  
17.04029443  
22.50015314  
21.43063172  
13.86325568  
1.871469293  
-11.3444843  
-22.644778  
-29.85801342  
-32.09185594  
-29.48715789  
-22.73555267  
-12.73513985  
-0.5800332764  
12.20706545  
23.50243031  
30.77695098  
31.75562439  
25.32961555  
12.28880975  
-4.552053172  
-21.01337608  
-32.80677939  
-36.8978197  
-32.41735082  
-20.76763898  
-4.942357754  
11.57130451  
25.79318345  
35.76199729  
40.48251422  
39.55508632  
32.88367629  
20.74813229  
4.227180312  
-14.35217497  
-31.38653777  
-42.67948645  
-44.75001551  
-36.27892755  
-19.01116338  
2.424298867  
21.8691599  
33.71384172  
34.87397788  
25.83522269  
10.32186431  
-6.255640698  
-18.88623922  
-24.68213983  
-23.55680293  
-17.69186927  
-10.19279879  
-3.663571912  
0.6207514583  
2.6558149  
2.980549525  
1.84588157  
-1.145469574  
-6.677620549  
-14.85734789  
-24.41577978  
-32.56916265  
-35.80661634  
-31.36133053  
-18.69668716  
-0.2389518029  
19.11700216  
33.64071753  
38.89873669  
33.47938864  
19.55758013  
2.054819633  
-13.23480697  
-21.7475121  
-21.62307209  
-14.02089207  
-2.290531828  
9.512510383  
18.07299472  
21.6693653  
20.24988347  
14.93280937  
7.340007839  
-0.8789059292  
-8.211077474  
-13.2688265  
-14.84811966  
-12.20846414  
-5.500282035  
3.935678784  
13.69948105  
21.00996427  
23.73625343  
21.33481003  
15.20875008  
8.236154136  
3.611314847  
3.501434688  
8.143856462  
15.81536207  
23.68124661  
29.09396897  
30.68976225  
28.74847475  
24.68064449  
19.97569634  
15.23343458  
9.847714823  
2.539369069  
-7.555696423  
-19.87868532  
-32.15131095  
-41.05958704  
-43.65222606  
-38.76818615  
-27.73795593  
-13.93982139  
-1.372522085  
7.072094527  
10.76929588  
11.35564356  
11.55149353  
13.42301736  
17.01010604  
20.08225323  
19.21357624  
11.67464007  
-2.816977302  
-21.41973894  
-38.98960299  
-50.08360945  
-51.22899331  
-42.38864542  
-26.93051579  
-10.12919963  
3.071235955  
9.971512464  
10.8448206  
8.231422  
5.268726642  
3.973220903  
4.351483145  
4.729612104  
3.023151821  
-1.820491711  
-9.032972449  
-16.32293072  
-21.07419643  
-21.75215109  
-18.71049001  
-13.92840139  
-9.811421329  
-7.726710105  
-7.115593848  
-5.72917775  
-0.9215191852  
8.665129479  
21.94610063  
35.45806967  
44.70901314  
46.20035851  
39.12335192  
25.85855915  
10.99028851  
-0.7064531142  
-6.327048068  
-5.941316861  
-2.224053544  
1.151948639  
1.498473216  
-1.566883239  
-6.130598887  
-9.277785398  
-8.936836052  
-5.243146422  
-0.6446913075  
1.353528193  
-1.832914306  
-10.22309039  
-20.87837885  
-29.05615466  
-30.4030682  
-23.12294434  
-9.02686272  
7.096597097  
19.53230715  
24.15048559  
20.19143018  
10.49315602  
0.09089473764  
-6.103252943  
-5.42205209  
1.60424699  
11.81877392  
21.13125748  
26.41996597  
26.70620688  
23.11762418  
17.82274111  
12.64163549  
8.144984093  
3.710739524  
-1.580774894  
-7.831695303  
-13.74044387  
-16.98548051  
-15.44346513  
-8.58607158  
1.768790971  
11.88296432  
17.6216952  
16.38648827  
8.492275734  
-2.757351346  
-12.42327985  
-16.12701673  
-12.06358964  
-1.866208668  
10.10088128  
18.69189687  
20.25055369  
14.14659616  
2.900952805  
-9.081266118  
-17.49384468  
-19.85844528  
-16.23003657  
-8.679841524  
0.01592233062  
7.695181246  
13.43856236  
17.27202967  
19.27669219  
18.79236759  
14.33684444  
4.419674771  
-11.15002091  
-30.24264664  
-48.40706378  
-60.14246296  
-61.01828854  
-49.70096749  
-28.8776228  
-4.51795597  
16.31605543  
28.19187701  
29.34388292  
22.09914768  
11.50712041  
2.835879592  
-0.8682532966  
-0.002657071458  
2.142378923  
1.391302235  
-4.876936881  
-16.08859394  
-28.46526617  
-36.67056135  
-36.32430455  
-26.1683624  
-8.835052186  
10.15958435  
24.72837166  
30.75452167  
27.69896831  
18.57887466  
8.40168631  
1.847435057  
1.29627584  
6.068324822  
13.1192344  
18.73448553  
20.33261984  
17.51430016  
11.93664115  
6.207343717  
2.459977106  
1.37058808  
2.076492012  
2.943464697  
2.67537217  
1.105665184  
-0.7767316568  
-1.564756084  
-0.4890616477  
1.84145484  
3.488211602  
2.067356907  
-3.948756131  
-14.18567713  
-26.15693118  
-36.0679112  
-40.30760655  
-36.94755949  
-26.54881237  
-11.90305213  
3.157171176  
15.30432549  
22.8932208  
26.25057653  
27.01482764  
26.9367109  
26.80365098  
26.0607732  
23.31647009  
17.44480417  
8.667780062  
-1.008527113  
-8.316944885  
-10.04095258  
-4.531168453  
7.29452758  
21.98213294  
34.66099427  
40.81879863  
38.00199931  
26.74167924  
10.34133463  
-6.356506962  
-18.69914349  
-23.76069746  
-21.13494443  
-12.77895231  
-2.092125755  
7.324143272  
12.73989128  
12.87837653  
7.937784802  
-0.7939647405  
-11.48038363  
-22.22141745  
-31.3840982  
-37.7898497  
-40.81165362  
-40.40916749  
-37.08056503  
-31.69283606  
-25.19678673  
-18.31369458  
-11.34062883  
-4.202301115  
3.234347871  
10.72225393  
17.3260301  
21.48398485  
21.52514747  
16.48369836  
6.846715686  
-5.178560527  
-16.13030315  
-22.42097166  
-21.72124422  
-14.00591672  
-1.74889679  
10.90692257  
19.72626874  
22.06268703  
17.91364577  
9.864382185  
1.918379715  
-2.282102398  
-1.052917658  
4.640196967  
11.71006059  
16.44871455  
16.29978969  
11.07121958  
3.018256759  
-4.241463232  
-7.465555237  
-5.350171676  
0.8275478613  
7.79864986  
11.84710721  
10.57828785  
4.068931193  
-5.151577585  
-13.28536087  
-17.0587527  
-15.27581165  
-9.395984728  
-2.855880751  
0.5546033545  
-1.490271249  
-8.68493376  
-18.11906758  
-25.49354643  
-26.98223423  
-20.91109973  
-8.52065279  
6.504012961  
19.50542868  
26.67678191  
26.46514195  
20.0070493  
10.4901715  
1.788011184  
-3.019046403  
-2.64525573  
2.20076351  
9.37059891  
16.24186077  
20.64941799  
21.44411622  
18.57515502  
12.81877398  
5.38887093  
-2.371655686  
-9.154274789  
-13.77452979  
-15.3100226  
-13.34692289  
-8.265770994  
-1.389023134  
5.19256603  
9.178125837  
8.865830176  
3.908112861  
-4.339534856  
-13.10602114  
-19.10505028  
-19.74818184  
-14.20026525  
-3.830030741  
8.169543823  
17.88515705  
22.10376521  
19.50032438  
11.12723596  
0.01373339323  
-9.96479799  
-15.50483771  
-15.03797782  
-9.214179487  
-0.5589598386  
7.521275117  
11.97917022  
11.14582987  
5.187908555  
-4.098775335  
-14.00740922  
-21.83452679  
-25.6514692  
-24.70159524  
-19.36773782  
-10.81913561  
-0.5364795056  
10.09275142  
19.99605637  
28.4460039  
34.96713672  
