4.205742617  
5.259235864  
3.78389135  
0.2104621285  
-3.624927548  
-4.795649741  
-0.3259871643  
11.41912084  
29.63063509  
50.8303239  
69.7752035  
81.23916122  
81.98779006  
72.11687754  
55.14655736  
36.77544312  
22.76901465  
16.8349032  
19.34649974  
27.40921103  
36.19122576  
40.91409579  
38.65675382  
29.26112773  
15.06209488  
-0.3121140718  
-13.45610731  
-22.34487659  
-26.70852658  
-27.61270149  
-26.59775652  
-24.8775038  
-22.97495152  
-20.87680998  
-18.48731857  
-16.02250569  
-14.06939249  
-13.27834704  
-13.91237824  
-15.58655764  
-17.43038824  
-18.64580784  
-19.16446823  
-19.99215653  
-22.9464021  
-29.80176673  
-41.19953555  
-55.86646224  
-70.6042675  
-81.17775857  
-83.7960358  
-76.56753609  
-60.27756656  
-38.12048858  
-14.49055785  
6.632199799  
22.98018336  
34.42176806  
42.3781175  
48.58726291  
53.87526123  
57.56750802  
57.83318453  
52.77237488  
41.67287926  
25.77366226  
8.118094823  
-7.464003381  
-17.77187711  
-21.37767022  
-18.96908145  
-12.76213082  
-5.313068927  
1.660125085  
7.865098234  
14.17231865  
21.68769322  
30.68494176  
39.98658134  
47.14440623  
49.35754526  
44.69140275  
33.013329  
16.2055249  
-2.426977581  
-19.25701857  
-31.43820144  
-37.55562144  
-37.6428284  
-32.71508437  
-24.1796684  
-13.4690576  
-2.026475619  
8.50552617  
16.20796515  
19.18258759  
16.23499828  
7.649344856  
-4.411369604  
-16.2606834  
-23.84517394  
-24.32165398  
-17.37679698  
-5.623512438  
6.238675184  
13.26229028  
12.35610501  
3.733671374  
-8.987888007  
-20.16620897  
-24.46231627  
-19.14893783  
-5.403409705  
11.99097046  
26.43704948  
32.07698565  
26.060545  
9.621784244  
-12.42718858  
-33.51987002  
-47.70079114  
-51.59960308  
-45.31395918  
-31.99113268  
-16.41547349  
-3.238155091  
4.48209763  
5.984697812  
2.666022393  
-2.697641607  
-6.999399483  
-7.774485282  
-3.869703929  
4.283487022  
14.79310856  
24.78791467  
31.18405288  
31.60518588  
25.23831506  
13.34002907  
-0.8638659042  
-12.98403824  
-18.81811339  
-15.82357778  
-4.163510903  
13.13139094  
31.02992987  
44.13195641  
48.46841618  
42.7814597  
28.80082099  
10.44968449  
-7.640921709  
-21.66186856  
-29.58717659  
-31.26413359  
-27.76484253  
-20.46832941  
-10.41900994  
1.708189958  
15.09694707  
28.14227179  
38.19714023  
42.05611389  
37.11412755  
22.72365396  
1.070380362  
-22.97682709  
-43.15780183  
-53.84186933  
-51.99361225  
-38.26981102  
-16.77788458  
6.410877954  
25.3750935  
36.21771035  
37.98180825  
32.3448472  
22.38114124  
11.06551361  
0.2339311302  
-9.581634096  
-18.51140239  
-26.38172678  
-32.0560433  
-33.52544594  
-28.76776189  
-16.95743108  
0.6202278509  
20.4966874  
37.95296821  
48.6383137  
50.20538693  
43.2491442  
31.11793174  
18.64984385  
10.34805822  
8.740658658  
13.57641358  
22.13441385  
30.45292476  
34.91683831  
33.53797442  
26.44785039  
15.49455557  
3.222447913  
-8.258020703  
-18.01313632  
-26.36950162  
-34.38784431  
-43.0401848  
-52.50358004  
-61.89027334  
-69.50745785  
-73.49681345  
-72.55060882  
-66.39736053  
-55.88118252  
-42.65136756  
-28.64007833  
-15.56625796  
-4.649077557  
3.419855649  
8.331848681  
10.00456857  
8.550740007  
4.403763191  
-1.492948048  
-7.605804079  
-11.99575863  
-12.80764653  
-8.939037344  
-0.627597514  
10.33522331  
20.95086896  
27.89299976  
28.65068313  
22.51212204  
10.97268682  
-2.654633918  
-14.33722698  
-20.73580581  
-20.37820174  
-14.10857384  
-4.611495724  
4.796379504  
11.58808636  
15.0323542  
16.32544576  
17.78331454  
21.46878127  
27.91560967  
35.59608092  
41.45211554  
42.30550369  
36.51374586  
25.06434119  
11.50425829  
0.6159214607  
-3.652269167  
-0.0887904346  
8.959206352  
18.33130953  
22.16604968  
16.53546736  
1.458472819  
-18.65100675  
-36.41000083  
-44.27221853  
-37.60024607  
-16.73345284  
12.83158027  
42.26430816  
62.52271156  
67.54851509  
56.30509577  
32.92712213  
5.029026583  
-19.06946769  
-33.08587722  
-34.4961337  
-24.75449329  
-8.172573889  
9.89603152  
24.77688443  
33.52382821  
35.13188956  
30.14125163  
20.04368552  
6.832526255  
-7.206365283  
-19.60548123  
-27.96228202  
-30.44700371  
-26.46041171  
-17.12734418  
-5.275534641  
5.264711535  
10.88004663  
9.457320656  
1.173059187  
-11.59616317  
-25.24823854  
-36.40894754  
-43.21727871  
-45.8580952  
-46.10357094  
-46.09835104  
-46.99711777  
-48.14837606  
-47.26941197  
-41.57913252  
-29.37762183  
-11.31111108  
9.333993396  
27.54295597  
38.37792838  
38.93903481  
29.64094314  
14.23268771  
-1.486856273  
-11.75636243  
-12.90719191  
-4.574746782  
10.38123818  
27.15528644  
40.89785825  
48.44311294  
49.18467842  
44.81765162  
38.1570997  
31.62046675  
26.07024511  
20.52050066  
12.8126161  
0.9336520306  
-15.62988198  
-35.12892532  
-53.75940262  
-66.81518717  
-70.36133764  
-62.77197901  
-45.50802502  
-22.79117317  
-0.2569814561  
16.92734907  
25.77299717  
26.35201278  
21.50854023  
15.5136224  
12.20091508  
13.34009522  
17.92282562  
22.67192549  
23.5831258  
17.8651874  
5.452178535  
-10.58957821  
-24.99631897  
-32.25904088  
-28.82501208  
-14.64458485  
6.59837582  
28.70739859  
45.18386034  
51.55412483  
46.8917388  
33.94848413  
17.88759029  
4.184418731  
-3.421167723  
-4.099462041  
0.1757489617  
5.856892348  
9.546833042  
9.420535075  
5.744279852  
0.3456512476  
-4.614843781  
-7.912882802  
-9.928290939  
-12.38747449  
-17.32017102  
-25.75580757  
-36.81642515  
-47.68402212  
-54.51892588  
-53.97138476  
-44.65271183  
-27.93684145  
-7.734324339  
10.7040153  
22.51557084  
24.85362988  
17.83478753  
4.491050023  
-10.23211631  
-21.07603178  
-24.13890875  
-18.09480128  
-4.601098925  
12.21645282  
27.04791373  
35.08292017  
33.60072681  
22.97555511  
6.740598246  
-9.389217335  
-19.30984734  
-18.61150186  
-6.260420314  
14.7545614  
38.14203257  
56.25720588  
62.66665674  
54.42921515  
33.23255865  
4.913776958  
-22.50626058  
-41.56140852  
-47.82111417  
-41.18107577  
-25.51236002  
-6.891748168  
8.793322784  
17.84996456  
19.60622557  
15.84081771  
9.245896238  
1.779581103  
-6.231912548  
-15.79950594  
-27.97897308  
-42.32076404  
-55.98246393  
-64.1393263  
-61.69887663  
-45.65004298  
-16.9774602  
18.83730426  
53.14647263  
76.92509001  
83.97152037  
73.2332846  
49.27977111  
20.68259177  
-3.086862542  
-15.03511785  
-12.99571887  
-0.08661255791  
16.81341331  
29.8815084  
33.31385686  
25.31472089  
8.456847422  
-11.56195809  
-28.1437493  
-36.08635867  
-33.1412608  
-20.41417642  
-1.669941009  
18.03356148  
33.83379482  
42.22984853  
41.71284807  
32.86613205  
18.05802812  
0.8566755774  
-14.74726748  
-25.23863419  
-28.47281116  
-24.35176702  
-15.01400652  
-4.341226247  
3.204666252  
4.115970355  
-2.784680251  
-15.6958882  
-30.27505995  
-41.11301087  
-43.75225159  
-36.47523771  
-21.11826699  
-2.520314626  
13.23623734  
21.12409097  
19.09171141  
8.821646699  
-4.988516152  
-16.52729569  
-21.17053087  
-17.24485061  
-6.558289551  
6.466932281  
16.64045091  
20.02638751  
15.31634901  
4.055009787  
-10.25758114  
-23.69072739  
-33.32248918  
-37.99925384  
-38.19866951  
-35.21908738  
-30.21328997  
-23.59851008  
-15.12380188  
-4.496809035  
7.838045783  
20.26154464  
30.1959792  
34.9438308  
32.78190039  
23.79015482  
10.00068895  
-5.233633541  
-18.38723695  
-26.92613649  
-29.99516749  
-28.37751502  
-23.82763893  
-18.16394  
-12.58342051  
-7.496940696  
-2.873496719  
