58.91236937  
46.98751336  
27.1302614  
7.417217684  
-4.73391668  
-5.560187153  
3.722478538  
17.78159411  
29.74368582  
34.26542594  
29.71559247  
18.54842439  
5.813090695  
-3.405253201  
-6.368703916  
-3.794053749  
0.7687216367  
2.910989552  
-0.3048667385  
-8.791062802  
-19.38593706  
-27.31479893  
-28.45499799  
-21.33982264  
-7.974507243  
6.902038979  
17.76723697  
20.602102  
14.5201086  
2.066613545  
-11.87746308  
-22.05528481  
-24.79590827  
-19.18585298  
-7.06540691  
8.00021397  
22.20973979  
32.79303053  
38.57708326  
39.76735749  
37.2420773  
31.84122101  
24.04880047  
14.18241586  
2.883656146  
-8.482760674  
-17.86639295  
-23.10253936  
-22.7996613  
-17.10919763  
-7.950283591  
1.510131647  
7.971676591  
9.264491981  
5.217647409  
-2.261845451  
-9.956824667  
-14.6463726  
-14.409399  
-9.390986032  
-1.731794131  
5.283716232  
8.489619455  
5.997767116  
-2.181187112  
-14.2406889  
-27.29349901  
-38.36738186  
-45.29206071  
-47.18961181  
-44.47731043  
-38.48393496  
-30.89211579  
-23.22414491  
-16.51110187  
-11.18357239  
-7.144772763  
-3.956558217  
-1.07498075  
1.912993081  
5.095780889  
8.137748934  
10.32495603  
10.77870435  
8.800707996  
4.244755883  
-2.231775134  
-9.166191293  
-14.58897727  
-16.55873633  
-13.77196044  
-6.048034602  
5.470113643  
18.4632648  
29.88703629  
36.60867719  
36.09106844  
27.00463278  
9.675283807  
-13.71457853  
-39.26119661  
-61.88985851  
-76.33171788  
-78.40168958  
-66.28003672  
-41.37989112  
-8.401076073  
25.62534656  
53.15003604  
68.26057188  
68.45094976  
55.33935747  
34.02026108  
11.25494106  
-6.825126274  
-16.61984071  
-17.84885009  
-12.98549527  
-5.679348298  
1.064910867  
6.115831116  
10.33442866  
15.62289539  
23.46121015  
33.72437022  
44.40619554  
52.39868558  
54.92764575  
50.90673676  
41.5132246  
29.6870698  
18.80649111  
11.2099591  
7.305657466  
5.69456386  
4.200790976  
1.231380843  
-3.276191067  
-7.827014356  
-10.26633828  
-9.096772324  
-4.47176019  
1.713500195  
6.727325363  
8.445071527  
6.554089682  
2.835383573  
0.3069049273  
1.61935065  
7.521074326  
16.21736687  
24.0225001  
27.04699199  
23.11199944  
12.92968228  
-0.07908992539  
-11.29222786  
-17.01743326  
-16.21696954  
-10.97744624  
-5.48267527  
-3.978343864  
-8.711785176  
-18.83872787  
-30.81344005  
-40.05399015  
-43.06437607  
-38.99447169  
-29.91803823  
-19.74781728  
-12.36012988  
-9.85245898  
-11.74494962  
-15.44064735  
-17.64017232  
-15.97551267  
-10.08078775  
-1.651460244  
6.436026352  
11.43762782  
11.8359862  
7.753146836  
0.6074858874  
-7.686252223  
-15.51015452  
-21.96242027  
-26.80628828  
-30.12522045  
-31.9802478  
-32.2895515  
-30.94797145  
-28.02428287  
-23.83057169  
-18.77368257  
-13.08796884  
-6.672133588  
0.7823830332  
9.374542478  
18.51764955  
26.74554387  
32.04104127  
32.64365141  
27.97971867  
19.20452555  
8.974413321  
0.4402556129  
-4.111141951  
-4.289731092  
-1.729887915  
0.832535648  
1.115965796  
-1.325740659  
-4.688100812  
-5.801522566  
-1.964846554  
7.192063224  
18.8603965  
27.83620895  
28.75216892  
18.78704437  
-0.4736689844  
-23.0609204  
-40.72219409  
-46.28701161  
-36.81578563  
-15.0613694  
11.50401507  
33.73483661  
44.60028013  
42.02402578  
29.51625857  
14.35815881  
4.220503385  
3.786744537  
12.89038683  
26.91463833  
39.1282491  
43.76725272  
38.42100419  
24.7246593  
7.238260734  
-8.753208552  
-19.37224915  
-23.25921983  
-21.35017866  
-15.7298116  
-8.373934331  
-0.5042784919  
7.216582333  
14.00127366  
18.4299382  
18.65173073  
13.33290134  
2.835177972  
-10.16084806  
-21.16850925  
-25.53300944  
-20.52062171  
-6.829804728  
11.32369  
27.73674376  
36.74050575  
35.55384887  
25.34319554  
10.47958966  
-3.625399347  
-13.01343565  
-16.75596816  
-16.85748947  
-16.61355583  
-18.37010471  
-21.9469947  
-24.62715287  
-22.75964218  
-14.12235714  
0.2716511112  
16.00417816  
26.9670683  
28.2064576  
18.48972924  
1.245754113  
-16.70888509  
-28.14964956  
-28.74527266  
-19.08860111  
-4.448090466  
7.67576981  
11.04052126  
3.541763814  
-11.8735026  
-28.66006682  
-39.75713639  
-40.80546862  
-31.98647502  
-17.68595043  
-4.256253664  
2.954963171  
1.859818159  
-5.840411282  
-15.94989458  
-24.08995874  
-27.77751611  
-27.23597075  
-24.6397428  
-22.34243107  
-21.15779426  
-19.69184856  
-15.11973888  
-4.994781186  
10.90373711  
29.72853853  
46.27344263  
54.98868129  
52.38327719  
38.67736851  
17.90992067  
-3.565182771  
-19.51382216  
-26.09776832  
-23.01956675  
-13.125312  
-0.7748503489  
10.18228041  
17.88381141  
22.784809  
26.8313883  
32.00973146  
39.04385365  
46.87074092  
53.09366608  
55.13095398  
51.46969732  
42.42690419  
30.08969085  
17.49747397  
7.457416125  
1.510981629  
-0.5364875028  
-0.3743374759  
-0.3788934375  
-2.588305699  
-7.860168837  
-15.51367782  
-23.56719877  
-29.47193016  
-31.07723029  
-27.4877863  
-19.50242861  
-9.456569194  
-0.4890998324  
4.532666877  
4.047885585  
-1.604814413  
-10.29683574  
-18.9160438  
-24.57309547  
-25.71828156  
-22.69294606  
-17.46774391  
-12.68047365  
-10.41335365  
-11.28117791  
-14.26370223  
-17.35477578  
-18.69513849  
-17.60228987  
-14.9528566  
-12.69867086  
-12.74989133  
-15.80753379  
-20.77925258  
-25.13289087  
-26.05720797  
-21.86623474  
-12.92728835  
-1.613522332  
8.724902259  
15.26649326  
16.93469671  
14.70301111  
10.84403707  
7.548240312  
5.690239773  
4.452402986  
2.051625261  
-2.814904039  
-9.636819629  
-15.71395562  
-17.11229024  
-10.60976836  
4.310853927  
24.50899479  
43.93352346  
55.91602117  
56.04718148  
44.29460634  
25.28771326  
6.517647052  
-4.810619109  
-4.863032797  
5.22625774  
19.99415311  
32.22595997  
36.2557536  
30.43801323  
17.64917754  
3.635332629  
-5.940279171  
-8.286456763  
-4.756555648  
-0.0181573097  
0.4284566899  
-6.865255498  
-21.42574662  
-38.89342408  
-52.91287087  
-57.93554349  
-51.5922926  
-35.55719854  
-14.59654979  
5.624427849  
20.8570883  
29.6222192  
33.07963934  
33.67524139  
33.41372594  
32.71454668  
30.41298189  
24.8041014  
15.05904682  
2.166305589  
-11.1575044  
-21.55754065  
-26.54791549  
-25.62688823  
-20.40805607  
-13.70797921  
-8.088618258  
-4.636147091  
-2.619768324  
-0.1937718568  
4.256948858  
10.87488082  
17.88758956  
22.24399879  
21.04353728  
13.05484511  
-0.4377519647  
-15.8975979  
-28.80943799  
-35.38716284  
-33.95462216  
-25.42209661  
-12.72368533  
0.4478418141  
10.99994221  
17.32301424  
19.42380741  
18.41855184  
15.76228014  
12.62974939  
9.686636142  
7.225361791  
5.443892387  
4.615258347  
5.024620773  
6.739208527  
9.401874548  
12.22568102  
14.23438648  
14.63005012  
13.08364439  
9.790209645  
5.276811929  
0.1052496611  
-5.330114782  
-10.783213  
-15.9540645  
-20.28677112  
-22.9769417  
-23.27383639  
-20.95421507  
-16.68170771  
-11.96466915  
-8.614489191  
-7.898306255  
-9.812043025  
-12.91701214  
-14.94260478  
-13.95664964  
-9.549834713  
-3.380997348  
1.325530643  
1.232893577  
-5.324005159  
-17.10586128  
-30.00543314  
-38.51335637  
-38.07365715  
-27.28815228  
-8.898974682  
11.02698725  
25.47402843  
29.42199651  
22.04318549  
7.122516006  
-8.54217133  
-18.07597849  
-17.48509758  
-7.300376606  
7.827150298  
21.35913421  
27.8631054  
25.35759875  
15.93440696  
4.427469874  
-4.157217863  
-7.147290424  
-5.397287006  
-2.589319431  
-3.014826409  
-8.9805641  
-19.18647319  
-28.9603817  
-32.32128667  
-24.92785761  
-6.493866253  
18.5414937  
42.50454619  
57.54451529  
