30.66316779  
21.22765502  
4.996810064  
-12.31793487  
-25.26955329  
-30.51683272  
-27.61779365  
-18.60695554  
-6.730054209  
4.977392837  
14.62410812  
21.60614606  
26.09680127  
28.33352384  
28.18877275  
25.2796635  
19.51398277  
11.69004877  
3.713763786  
-1.806898727  
-2.491502956  
2.756275502  
13.06721425  
25.65707797  
36.6471446  
42.35336899  
40.54363316  
31.18753406  
16.44554173  
-0.04889926759  
-14.3100701  
-23.12096521  
-24.81922516  
-19.58547637  
-9.253031395  
3.224125537  
14.47579991  
21.44866369  
22.05716679  
15.65424115  
3.220865393  
-12.80915005  
-29.10385185  
-42.2657105  
-49.71799655  
-50.36306529  
-44.78273173  
-34.91196057  
-23.32249957  
-12.40706499  
-3.780729793  
1.905770182  
4.752291188  
5.196595377  
3.673764318  
0.5363208697  
-3.764628398  
-8.422580254  
-12.19843096  
-13.68710039  
-11.87915306  
-6.754862713  
0.4399772979  
7.479928981  
11.9837238  
12.45651201  
9.063193604  
3.714238078  
-0.6628710139  
-1.404686729  
2.610875364  
10.29289252  
18.63063199  
23.88013607  
23.15513345  
15.72689708  
3.449814621  
-9.889614042  
-20.02587594  
-23.84583217  
-20.51199082  
-11.63692643  
-0.5000411897  
9.292331735  
15.09955861  
15.97349013  
12.60997447  
6.685207767  
-0.01440371628  
-6.239494476  
-11.4623666  
-15.64053217  
-18.81531269  
-20.84413747  
-21.43019553  
-20.39375915  
-17.96132417  
-14.82975318  
-11.90303045  
-9.812867617  
-8.494511759  
-7.094380057  
-4.325995887  
0.8545450686  
8.576974333  
17.74558039  
26.28912489  
31.90140451  
32.95453653  
29.17149413  
21.75344479  
12.91586403  
5.063062117  
-0.01469639782  
-1.581311077  
0.09908782591  
4.182069583  
9.732287921  
15.99498712  
22.336036  
27.97025017  
31.7521377  
32.28294318  
28.39828779  
19.8439288  
7.772790103  
-5.28368521  
-16.09288647  
-21.84418475  
-21.25542457  
-15.15167178  
-6.21021578  
2.060842826  
6.681917831  
6.301328274  
1.5526879  
-5.461078927  
-12.27220493  
-17.17989825  
-19.85332748  
-21.1344188  
-22.19230731  
-23.52702752  
-24.40703263  
-23.10366833  
-17.85938652  
-8.111931508  
4.691259573  
17.20433825  
25.30797852  
25.82714545  
18.08313245  
4.527902782  
-9.923336241  
-19.67457107  
-20.64617682  
-11.96743062  
3.568977815  
20.51163843  
32.8205386  
36.16203485  
29.50358714  
15.38942501  
-1.164743277  
-14.65976733  
-21.15760329  
-19.58618059  
-11.85978485  
-1.873971186  
6.130486188  
9.14557752  
6.326882746  
-0.9904337407  
-10.0741287  
-17.97340426  
-22.60368378  
-23.35959662  
-21.11186739  
-17.68591014  
-15.07874597  
-14.70918259  
-16.93086121  
-20.92186815  
-24.94640447  
-26.89515965  
-24.95491258  
-18.23062392  
-7.14350799  
6.534473036  
20.0642539  
30.47145855  
35.423239  
33.96243479  
26.82425841  
16.19049915  
4.945053374  
-4.297784998  
-10.01218062  
-12.09673339  
-11.59946842  
-9.975486165  
-8.237196172  
-6.413371064  
-3.589833214  
1.476578103  
9.470071978  
19.80971996  
30.51781359  
38.79380891  
42.08114488  
39.15608433  
30.72499337  
19.22137084  
7.85847039  
-0.6551528816  
-5.159740745  
-6.372196525  
-6.35208892  
-7.366215377  
-10.6983629  
-15.97768266  
-21.34866773  
-24.39758849  
-23.37975949  
-18.14281894  
-10.2866254  
-2.472592371  
2.786368462  
4.266688729  
2.547862202  
-0.3515700517  
-2.032402454  
-0.9393012302  
2.863448277  
7.757162681  
11.44742746  
12.21536871  
9.902363995  
6.109189811  
3.473883642  
4.355408777  
9.561627911  
17.76292736  
25.91836906  
30.55578822  
29.32609407  
22.1018127  
11.08824725  
-0.1259341456  
-8.151611634  
-11.28425951  
-10.19953423  
-7.534188112  
-6.548128399  
-9.493049602  
-16.44906538  
-25.17239508  
-32.02810571  
-33.58491763  
-28.15404413  
-16.59154306  
-2.029181212  
11.32015986  
19.73868127  
21.28649498  
16.29055733  
6.922635383  
-3.847362225  
-13.40222902  
-20.23670177  
-24.08019515  
-25.4714877  
-25.12099432  
-23.44547284  
-20.50307609  
-16.29605047  
-11.18726408  
-6.11330977  
-2.398880706  
-1.213081561  
-2.930216316  
-6.742759763  
-10.77647088  
-12.72273584  
-10.74710261  
-4.284876344  
5.632941097  
16.6804745  
26.05030157  
31.44683373  
31.860722  
27.83339881  
21.14495261  
14.09508138  
8.688369089  
6.03421509  
6.143128656  
8.119142584  
10.60007718  
12.2401112  
12.07179172  
9.681969098  
5.230034306  
-0.6220495858  
-6.816839834  
-12.0439836  
-14.95251775  
-14.45407846  
-10.07987679  
-2.281411714  
7.471109821  
16.90376797  
23.47393982  
25.09503568  
20.81740927  
11.21192646  
-1.710741638  
-15.04909206  
-25.85584857  
-31.9899863  
-32.68080101  
-28.61678461  
-21.55296395  
-13.60948223  
-6.541628272  
-1.255252918  
2.273246463  
4.68591493  
6.715310712  
8.694857175  
10.33479842  
10.86582695  
9.484109951  
5.891964344  
0.6751415091  
-4.682635115  
-8.198635871  
-8.076846865  
-3.42120885  
5.312467365  
16.3249727  
26.96688312  
34.54986334  
37.1825914  
34.32723689  
26.88352363  
16.79385586  
6.345268258  
-2.551693746  
-8.843452723  
-12.43107916  
-13.91267688  
-14.13841636  
-13.79669195  
-13.19995637  
-12.31838194  
-10.98653949  
-9.139676229  
-6.950401561  
-4.813665614  
-3.218796614  
-2.599414514  
-3.240116819  
-5.259764889  
-8.627385581  
-13.14671773  
-18.38370359  
-23.58504383  
-27.69082322  
-29.53193368  
-28.21187641  
-23.54318838  
-16.31722654  
-8.203164501  
-1.21579562  
3.090162489  
4.356739552  
3.708690201  
3.362800208  
5.638542874  
11.76550644  
21.04789806  
30.85328234  
37.548449  
38.05575073  
31.35772828  
19.22384442  
5.72881545  
-4.333738952  
-7.502151188  
-3.248161988  
5.645910991  
14.19001751  
17.35081872  
12.34243771  
0.002650171154  
-15.40847799  
-27.94942341  
-32.53100534  
-27.11776805  
-13.60592284  
3.016878549  
16.84031105  
23.5350763  
22.05655624  
14.80364525  
6.219919421  
0.5495613402  
-0.165827492  
3.085677588  
6.978757756  
7.665812553  
2.791378197  
-7.281645425  
-19.60280631  
-30.00932804  
-35.02976982  
-33.37049321  
-26.28605985  
-16.71958069  
-7.719199177  
-0.9786015277  
3.753780303  
8.132976225  
13.88698835  
21.45520723  
29.36532177  
34.72461928  
34.60837919  
27.64497681  
14.97142666  
0.03248911907  
-12.73119124  
-19.70649478  
-19.58320544  
-13.78954287  
-5.700944199  
0.9736602242  
3.841515155  
2.734936446  
-0.5098420135  
-3.228689123  
-3.428328679  
-0.8471770555  
2.930622106  
5.323830119  
4.101089321  
-1.467214402  
-10.21953946  
-19.64036905  
-27.01924243  
-30.63135574  
-30.35520543  
-27.45304312  
-23.67340837  
-20.17410391  
-16.83991369  
-12.35501409  
-5.00087087  
6.21750948  
20.68101438  
35.9608549  
48.45674233  
54.63126662  
52.34068905  
41.72448957  
25.3034768  
7.251832987  
-7.883799877  
-16.5654598  
-17.28735067  
-10.93298641  
-0.3852896754  
10.46258657  
17.98221737  
19.98392036  
16.42861843  
9.437060428  
2.551043437  
-0.5622580752  
2.441309458  
11.49734903  
23.86682165  
34.89557202  
39.62884835  
34.73806125  
20.01619242  
-1.215072258  
-23.06272915  
-39.11672818  
-44.84786459  
-39.39323478  
-25.96757482  
-10.67579026  
-0.1643228414  
0.951962991  
-8.159281586  
-24.32417635  
-41.7254803  
-54.24420177  
-57.78186855  
-51.62040982  
-38.33988794  
-22.46150773  
-8.51321612  
0.6080096823  
4.336113814  
4.059608895  
2.040862796  
0.2721722581  
-0.1726743653  
0.9076783366  
3.359127011  
7.188370179  
12.6599593  
19.87116974  
28.08676005  
35.34062615  
38.73030295  
35.46868876  
24.30093788  
6.595693965  
-13.53794863  
-30.36058207  
-38.51721055  
-35.1600608  
-21.25249078  
-1.428775105  
17.60767391  
29.52701304  
