29.31309633  
36.77011926  
36.34460761  
27.57353392  
12.56895095  
-4.586466644  
-19.17271168  
-27.40541459  
-27.64852177  
-20.80620967  
-9.768530174  
1.824979087  
10.96965326  
16.25965898  
18.08054821  
18.04064514  
17.98838445  
19.11756607  
21.56832338  
24.64524418  
27.44395854  
29.47403339  
30.89248666  
32.20096428  
33.58645784  
34.32106637  
32.65029986  
26.36973537  
13.92382198  
-4.458165625  
-26.17570612  
-46.62179899  
-60.49812845  
-63.64171251  
-54.65333018  
-35.6503257  
-11.79594618  
10.25666855  
24.43673128  
27.08514115  
17.90503252  
-0.2314736678  
-22.43878186  
-43.42397552  
-58.94139904  
-66.6524454  
-66.25062117  
-59.0095789  
-47.07564587  
-32.81345481  
-18.37206229  
-5.469736675  
4.703632763  
11.5609871  
15.18040466  
16.28307167  
16.03920522  
15.6864562  
16.06486182  
17.2612092  
18.54965792  
18.69985268  
16.55021297  
11.60160075  
4.355110784  
-3.777074208  
-10.96341219  
-15.63191827  
-17.03157815  
-15.42844805  
-11.86572037  
-7.623510472  
-3.649237131  
-0.2260215755  
2.986752465  
6.598896602  
11.03051988  
16.19355576  
21.46731221  
25.95751513  
28.88195872  
29.8731673  
29.05153766  
26.86021949  
23.78589811  
20.14376524  
16.05258508  
11.60070288  
7.078888005  
3.104781176  
0.5169953193  
0.04754738997  
1.917458124  
5.566120888  
9.681313208  
12.56208113  
12.68919495  
9.275742475  
2.575209926  
-6.170013238  
-15.10455975  
-22.30153236  
-26.27038368  
-26.28188594  
-22.4630893  
-15.70728544  
-7.481583746  
0.4093154669  
6.095944238  
7.974932748  
5.094029954  
-2.483920062  
-13.48208305  
-25.52808676  
-35.6585456  
-41.12249895  
-40.23816515  
-32.98099796  
-21.04355489  
-7.298095564  
5.162235812  
14.04208793  
18.52393757  
19.34890056  
18.2938495  
17.29660429  
17.62285093  
19.42747192  
21.86540582  
23.64730245  
23.73856842  
21.85760027  
18.55182059  
14.85196365  
11.7114234  
9.529241597  
7.993127168  
6.303456258  
3.644511711  
-0.3467578402  
-5.347711443  
-10.45596278  
-14.56528212  
-16.81931747  
-16.93214464  
-15.25019966  
-12.5653819  
-9.799026033  
-7.709856555  
-6.729496455  
-6.939244319  
-8.129752989  
-9.870998635  
-11.563594  
-12.50158597  
-12.00366657  
-9.633324707  
-5.448420522  
-0.1484979913  
5.016988223  
8.628276093  
9.662980748  
8.016518716  
4.703991943  
1.575705756  
0.5925007355  
2.935879372  
8.352043972  
15.07120661  
20.40885239  
21.84291543  
18.11761324  
9.875878605  
-0.4918452012  
-9.750186258  
-15.09337525  
-15.23047235  
-10.79735134  
-3.920268598  
2.846593545  
7.690243431  
10.24652475  
11.50668111  
12.98328078  
15.57554553  
18.74382424  
20.47210866  
18.11874268  
9.805009557  
-4.313847253  
-21.55421114  
-37.33106224  
-46.75030558  
-46.55057343  
-36.57140071  
-20.07670402  
-2.718963604  
9.503101052  
12.50497952  
5.694101773  
-7.774777584  
-22.17978913  
-31.38820914  
-31.1480935  
-20.63504174  
-2.686014239  
17.32263656  
33.47313221  
41.38892447  
39.62264041  
29.8826836  
16.10592146  
2.821868704  
-6.511687335  
-10.56977433  
-10.2765969  
-8.035722015  
-6.476954746  
-7.276766127  
-10.52697295  
-14.85767923  
-18.18823929  
-18.72644735  
-15.76017693  
-9.910715721  
-2.776942016  
3.824756596  
8.64926708  
11.47266498  
13.0120289  
14.38432862  
16.39640144  
19.03623304  
21.4350098  
22.33168797  
20.81334287  
16.95008114  
11.97279191  
7.852069676  
6.431074687  
8.505395871  
13.30604019  
18.68306217  
21.9720518  
21.19099432  
16.02632959  
8.122466979  
0.4795036206  
-3.831844417  
-3.096579421  
2.121338786  
9.014090231  
13.57154303  
12.22927127  
3.435694038  
-11.53803831  
-28.91298663  
-43.73272025  
-51.66836764  
-50.56144316  
-41.09264647  
-26.3509737  
-10.54555011  
2.553170262  
10.78982484  
13.98687467  
13.4598304  
11.03088069  
8.073673826  
5.04279692  
1.648878514  
-2.507594627  
-7.261646392  
-11.58866332  
-13.89053994  
-12.74354339  
-7.728041084  
0.1047798917  
8.413081473  
14.36666804  
15.74261538  
11.83467648  
3.770086875  
-5.909947553  
-14.22477914  
-18.86601915  
-18.98513731  
-15.35797354  
-9.909357323  
-4.850137141  
-1.815746663  
-1.349842356  
-2.889249546  
-5.174506301  
-6.846447204  
-6.955334153  
-5.202819853  
-1.891984792  
2.308165539  
6.628297564  
10.38278309  
13.04917448  
14.29629047  
14.02674141  
12.45180116  
10.14518812  
7.983696696  
6.915498662  
7.589470196  
9.985967759  
13.24024848  
15.80385499  
15.95175267  
12.47200644  
5.258332767  
-4.472999689  
-14.48277679  
-22.24916601  
-25.86989046  
-24.75742528  
-19.8290455  
-13.10055736  
-6.847966792  
-2.689977293  
-0.9813441681  
-0.7730911624  
-0.3500276678  
1.893559016  
6.623407422  
13.14033266  
19.54572659  
23.43204209  
22.81739342  
16.95082625  
6.677230927  
-5.7665089  
-17.43144203  
-25.55141722  
-28.3356043  
-25.40704262  
-17.78255896  
-7.452360199  
3.264233366  
12.36934183  
18.65941954  
21.91694915  
22.80799784  
22.5478875  
22.44328902  
23.43799287  
25.78393689  
28.9310582  
31.6785098  
32.55825031  
30.3459597  
24.53693642  
15.61532251  
4.998550962  
-5.352699319  
-13.54200858  
-18.35084245  
-19.62944595  
-18.31172494  
-16.04306638  
-14.56372304  
-15.08707385  
-17.90975374  
-22.38759484  
-27.25378098  
-31.11564757  
-32.90629337  
-32.11469223  
-28.74397111  
-23.08978871  
-15.51427617  
-6.374247782  
3.846065567  
14.29103282  
23.56895008  
29.85280755  
31.31458655  
26.78395981  
16.3716546  
1.754594819  
-14.07692119  
-27.59940317  
-35.81960063  
-37.23141507  
-32.28894256  
-23.19462549  
-13.0716863  
-4.838258948  
-0.2210958877  
0.7160342465  
-0.6292390768  
-2.15245154  
-2.01010421  
0.6088607113  
5.213245418  
10.31965167  
14.17356001  
15.54998172  
14.28872769  
11.349695  
8.384863781  
7.021888289  
8.15988451  
11.55711596  
15.86289124  
19.07184535  
19.22845316  
15.13336949  
6.817646039  
-4.362579817  
-16.03693997  
-25.4461774  
-30.20696249  
-29.0047203  
-22.01804113  
-10.94138427  
1.424966346  
11.92706102  
17.94960063  
18.18275619  
13.01409314  
4.400590704  
-4.756005195  
-11.53156705  
-13.88631604  
-11.24208358  
-4.537398854  
4.231755809  
12.78163505  
19.30572766  
22.94586997  
23.82684411  
22.71178869  
20.49564153  
17.79892099  
14.83973912  
11.59464067  
8.099148436  
4.670772937  
1.893788016  
0.3572460023  
0.2960049051  
1.362350982  
2.700947182  
3.337747767  
2.707692667  
1.040407638  
-0.6348127753  
-0.9247989479  
1.222651373  
5.879285492  
11.89906106  
17.24600065  
19.77907808  
18.15050576  
12.39705194  
3.935485883  
-5.045958034  
-12.51260306  
-17.37873558  
-19.79124242  
-20.77985131  
-21.48175644  
-22.37538385  
-22.9609259  
-22.09095269  
-18.79697657  
-13.16152039  
-6.711781436  
-2.019327587  
-1.589197372  
-6.520985795  
-15.61376021  
-25.44913686  
-31.5636738  
-30.29738128  
-20.53129153  
-4.496446094  
12.80945528  
25.46341123  
29.00470938  
22.3661821  
8.490093753  
-6.70019417  
-16.60683404  
-16.62075519  
-6.04732894  
11.50857751  
29.47034984  
40.80055944  
40.68966267  
28.36251644  
7.319699696  
-16.02934341  
-34.75452494  
-43.86225607  
-41.89900506  
-31.16632  
-16.57762839  
-3.692811888  
3.277221958  
2.773755875  
-3.888264498  
-13.32984  
-21.53045851  
-25.27923528  
-23.14043965  
-15.66773791  
-4.910521879  
6.495598496  
16.25744785  
23.03204058  
26.54893005  
27.29769558  
25.99946699  
23.14501268  
18.8215603  
12.89862195  
5.460944997  
-2.755738647  
-10.19667703  
-14.75786802  
-14.46890837  
-8.356387305  
2.876638837  
16.70138329  
