-9.806610195  
2.738964577  
5.568646017  
-0.4128930745  
-9.631050953  
-14.76504018  
-10.18288477  
5.673530561  
29.88337905  
56.55939769  
79.35984638  
93.75133962  
98.0684757  
93.13152803  
80.91751181  
63.17235363  
40.73848758  
13.86359153  
-16.84101817  
-49.4855056  
-80.67157579  
-106.1765593  
-122.2560648  
-126.9161945  
-120.5203553  
-105.4469113  
-85.00902884  
-62.21452156  
-38.98760986  
-16.18669525  
5.706788834  
25.72769983  
41.98354221  
51.97977135  
53.62727136  
46.44670829  
32.33181965  
15.40932262  
0.9463010541  
-6.303270656  
-3.664939002  
8.579636679  
27.30268189  
47.52017121  
63.84162341  
71.86984574  
69.16698127  
55.64721281  
33.46880437  
6.585389279  
-19.92017509  
-40.68087437  
-51.05309335  
-48.19261941  
-31.95873704  
-5.308548236  
26.10342862  
55.17164305  
75.14507007  
81.43169798  
72.77627485  
51.40201933  
22.11380606  
-9.221777102  
-37.18385664  
-57.74672945  
-68.47070507  
-68.15907356  
-56.46548241  
-33.8945585  
-2.304729346  
34.41396617  
70.09183388  
97.00254172  
107.6702688  
97.2853798  
65.79675846  
18.69823504  
-34.04347026  
-80.7225421  
-111.3591511  
-120.6043416  
-108.9898905  
-82.11461297  
-48.22119077  
-15.25727683  
11.36021317  
29.49622732  
39.54823671  
42.89162857  
40.52092019  
32.65096258  
19.41199015  
2.086535307  
-16.02244582  
-29.84532773  
-34.07294876  
-25.37502076  
-4.260134553  
24.41696602  
52.7158378  
72.22611954  
76.96637813  
65.32662078  
40.24939611  
7.65656973  
-26.06592254  
-56.31858162  
-81.27060496  
-101.2591947  
-117.1180687  
-128.4824138  
-133.1030167  
-127.6355643  
-109.557886  
-79.21654555  
-40.85752823  
-1.939393802  
29.15802984  
46.11902001  
47.08584855  
35.39596662  
18.31693977  
4.306149732  
-0.06256567676  
7.72709088  
25.63374132  
48.25157569  
69.02217108  
82.47286419  
85.64756236  
78.39707028  
62.75312812  
41.93965885  
19.55026654  
-0.889773137  
-16.12128336  
-23.4409354  
-21.30575309  
-10.14434753  
7.063165883  
24.97910217  
37.16752073  
38.20512806  
25.90452074  
2.668237382  
-24.79466942  
-47.53407764  
-57.56630765  
-51.01003954  
-29.85026643  
-1.515846223  
23.67841015  
36.29373668  
31.28781622  
9.930917654  
-20.60925185  
-49.81779319  
-67.51007426  
-67.25066098  
-48.31266168  
-15.6107824  
22.1752823  
55.4557554  
76.51530952  
81.37909583  
70.38136678  
47.55893127  
19.31411473  
-7.145297048  
-25.22686244  
-30.08516874  
-19.45221995  
5.839367238  
41.73478464  
81.40253567  
116.3666201  
138.2512155  
140.790261  
121.5405744  
82.71102403  
30.74398475  
-25.30847977  
-76.13144833  
-114.4543343  
-136.5616117  
-142.5511532  
-135.3696702  
-119.1171296  
-97.36651609  
-72.18328541  
-44.17973477  
-13.46424412  
19.06413404  
50.77393273  
77.25311092  
93.28949569  
94.54332168  
79.24406515  
49.19486225  
9.629896117  
-32.07305383  
-68.36191626  
-93.43581811  
-104.4454883  
-101.6163254  
-87.40901722  
-65.22233838  
-38.2863659  
-9.222091159  
19.65389987  
45.63325752  
65.13274505  
73.95587435  
68.45984237  
47.27140983  
12.79163464  
-28.35073548  
-66.41215874  
-91.10506612  
-94.85421003  
-75.56034832  
-37.75035805  
8.471282155  
50.43802575  
76.9025132  
81.58022329  
64.99439798  
33.99446859  
-0.8112065251  
-28.71268291  
-42.30834772  
-39.51103184  
-23.59833963  
-1.508421473  
18.82235063  
31.05997615  
32.1792357  
22.90095913  
6.986586409  
-10.14887069  
-22.96927947  
-27.10229619  
-20.20864832  
-2.434456649  
23.5157116  
52.70460331  
78.75779202  
95.15017862  
96.82949837  
81.79256354  
52.08272498  
13.73054445  
-24.54965524  
-53.65498976  
-66.71905822  
-61.20736656  
-39.75003832  
-9.391818823  
20.51427463  
41.07925174  
46.42398294  
35.22474763  
10.8600777  
-19.77353557  
-48.32490701  
-67.29041657  
-71.94298197  
-61.4540639  
-39.01094894  
-10.9521414  
14.8779523  
31.21042565  
33.40456491  
20.94314821  
-2.118847558  
-28.03797043  
-47.52153318  
-52.60797243  
-39.42170188  
-9.841228284  
28.62350871  
64.87750346  
87.6526751  
89.17764534  
67.83277002  
28.82768148  
-17.37286454  
-58.34100936  
-83.55363397  
-87.51362632  
-71.11792084  
-40.92649114  
-6.729114433  
21.65669959  
37.26890696  
37.71281384  
25.33738141  
6.033238014  
-12.81278843  
-24.53602475  
-24.99220853  
-13.55107612  
6.864092751  
30.63265323  
50.96467086  
61.74622744  
59.25294589  
43.26629558  
17.23200666  
-12.65336442  
-39.2020436  
-56.30203803  
-60.60313028  
-52.24599568  
-34.4131572  
-11.94631692  
10.35550089  
29.04414787  
42.45112352  
50.20672304  
52.27609953  
48.17204137  
36.88378535  
17.64158002  
-8.869497998  
-39.56258176  
-68.94339964  
-90.31312157  
-97.85080011  
-88.76458971  
-64.57733077  
-30.92687835  
4.116055874  
32.58084937  
48.99692165  
51.774103  
43.15276875  
27.93319887  
11.65360927  
-1.016282544  
-7.165043059  
-5.767641854  
2.629092923  
16.24842626  
32.24800975  
46.83852075  
55.70912664  
55.0362704  
42.97591306  
21.07969986  
-5.18333853  
-27.43867756  
-36.98182762  
-28.1535839  
-1.171412689  
36.94197712  
74.0525388  
96.8706528  
95.77205184  
68.57999482  
21.7162974  
-31.83795495  
-77.01462287  
-101.7913077  
-100.9707721  
-77.22060806  
-39.20182863  
2.160280369  
37.52964524  
61.55235125  
73.07067681  
73.54999093  
64.92285187  
48.16899589  
23.36609552  
-8.996344902  
-46.4270944  
-83.7445998  
-113.9780862  
-130.6372853  
-130.3078209  
-114.2402835  
-88.02951315  
-59.41419998  
-35.18681871  
-18.68518327  
-9.065855242  
-2.666135212  
4.311373632  
13.24916513  
22.10066457  
26.52032532  
22.60514685  
9.818139436  
-7.527812617  
-21.20401831  
-22.22174622  
-4.88095421  
30.14183032  
75.16580303  
117.7615581  
145.0244144  
148.1102101  
125.1955663  
81.76706255  
28.33210212  
-23.29486067  
-63.52338886  
-87.04315738  
-92.96991665  
-83.57431566  
-62.61832622  
-34.23446178  
-2.69893781  
27.25286281  
50.31512913  
61.31498018  
56.75929169  
36.5803584  
5.082351627  
-29.69656707  
-58.28326748  
-72.95517625  
-70.49856553  
-53.31071696  
-28.31645228  
-4.158446907  
12.094029  
17.28612373  
12.63882738  
2.341902894  
-8.825145728  
-17.55254389  
-22.75006994  
-24.80287904  
-24.02161128  
-19.43210991  
-8.831177793  
9.741235781  
35.88347464  
65.37199959  
90.49158741  
102.4383851  
94.96483115  
67.63609069  
27.02787532  
-14.99107298  
-45.44149016  
-55.23449525  
-42.85963286  
-15.11374746  
15.51648273  
35.7449079  
36.59594919  
16.62471497  
-17.97350101  
-56.19590818  
-86.59457297  
-101.2322215  
-97.6824319  
-78.58098448  
-49.40516704  
-15.86220295  
17.79067029  
48.90724529  
75.46273143  
94.93904477  
104.1096739  
100.1174043  
82.34803432  
53.96216068  
21.95129158  
-4.740905767  
-18.46776807  
-16.10824588  
-0.7074651007  
19.42144923  
33.93897836  
34.7488334  
19.42931315  
-7.716484402  
-37.48693496  
-59.68014441  
-67.33416991  
-59.45353954  
-41.08857205  
-20.85522797  
-7.109644877  
-4.517623725  
-12.46116259  
-25.79730541  
-37.40183335  
-41.20561926  
-34.38129374  
-17.90736962  
4.407615264  
27.67818047  
47.51844335  
60.82260875  
65.73584262  
61.30018673  
47.36309668  
25.00306377  
-2.808067232  
-30.96829873  
-53.04150682  
-63.17966016  
-58.54544764  
-41.10107542  
-17.66989009  
2.160278474  
9.708492829  
0.9861925389  
-21.12933149  
-47.50845509  
-66.1710166  
-67.19469423  
-47.06962577  
-10.56216284  
30.83201577  
63.28946689  
76.0935221  
65.80294553  
37.40364504  
2.011733149  
-27.80450907  
-43.02015277  
-41.34478208  
-27.36770171  
