-2.548696939  
-3.825503689  
-6.63638101  
-10.24263967  
-13.5507769  
-15.39959691  
-14.86995296  
-11.5134681  
-5.432718989  
2.790095206  
12.2618037  
21.9662075  
30.91221998  
38.22828975  
43.22913378  
45.48988364  
44.93474834  
41.90243366  
37.12276713  
31.55614349  
26.11009867  
21.32676846  
17.18398954  
13.13200101  
8.393899355  
2.426595621  
-4.663535401  
-11.96969382  
-18.02003439  
-21.34557673  
-21.15343496  
-17.79525946  
-12.78015627  
-8.271989394  
-6.248190943  
-7.672927961  
-12.05930298  
-17.64083264  
-22.10550245  
-23.5850792  
-21.46378676  
-16.63991659  
-11.11553933  
-7.09601148  
-6.006977868  
-7.876453198  
-11.36006466  
-14.38747375  
-15.11925905  
-12.76192884  
-7.863359813  
-1.963911425  
3.210362824  
6.607771399  
8.337591029  
9.541241786  
11.70800257  
15.76817718  
21.41129094  
26.97796005  
30.01036236  
28.24228088  
20.60600202  
7.822797311  
-7.676618289  
-22.47063185  
-33.21533656  
-37.65324691  
-35.20824955  
-27.00601358  
-15.3901865  
-3.172065215  
7.104784969  
13.67872113  
15.78992459  
13.65154299  
8.269410823  
1.190604294  
-5.788239924  
-10.95339275  
-13.03304275  
-11.51781046  
-6.831595425  
-0.2482737487  
6.475956109  
11.66438113  
14.27981139  
14.25721315  
12.45703632  
10.24307925  
8.855078154  
8.844742966  
9.822993671  
10.628954  
9.845247962  
6.4314696  
0.2036541057  
-8.032655222  
-16.72741802  
-24.07896283  
-28.55942553  
-29.28066493  
-26.11567178  
-19.616133  
-10.83939219  
-1.186721673  
7.723076614  
14.20328856  
16.75605514  
14.45980254  
7.394656466  
-3.088865313  
-14.46444585  
-23.58405275  
-27.58933879  
-24.88235527  
-15.76992943  
-2.477863048  
11.53314181  
22.7258624  
28.67927419  
28.84242741  
24.55198352  
18.32675588  
12.76111267  
9.502127014  
8.740471677  
9.396665732  
9.862418766  
8.91116888  
6.334761951  
3.016782374  
0.434742824  
-0.1412271825  
1.649181532  
4.99418612  
8.20889573  
9.44806175  
7.500288739  
2.30934839  
-4.988984612  
-12.4986478  
-18.24824339  
-20.8310915  
-19.76259386  
-15.4726403  
-9.016040309  
-1.678636437  
5.351210576  
11.16195609  
15.16575048  
17.08611742  
16.94801143  
15.07455631  
12.04398444  
8.557500967  
5.223461915  
2.338758675  
-0.2107355812  
-2.841700485  
-5.972531022  
-9.666339228  
-13.41973903  
-16.2560561  
-17.135772  
-15.51602866  
-11.77329918  
-7.226730319  
-3.672457693  
-2.587895282  
-4.365086448  
-7.969653144  
-11.25631954  
-11.86736159  
-8.338068078  
-0.890394164  
8.50025076  
16.85996131  
21.49352679  
21.20787892  
16.89172698  
11.13588617  
7.023489288  
6.628047498  
9.927419424  
14.67939959  
17.37238302  
14.85773844  
5.930466243  
-7.883536389  
-22.73430447  
-33.913384  
-37.75670975  
-33.15406718  
-22.00354563  
-8.417186152  
2.961694131  
8.785818713  
8.19055296  
2.866624738  
-3.939925771  
-8.986342489  
-10.41753134  
-8.370886335  
-4.5938577  
-1.338244212  
-0.1165054458  
-0.9346068805  
-2.353454472  
-2.314397474  
0.7014930039  
6.758257402  
14.2399603  
20.42766659  
22.61730591  
19.27884798  
10.75419201  
-0.7916821793  
-12.12443881  
-20.0728437  
-22.58907313  
-19.35585  
-11.771149  
-2.385923192  
5.952102293  
10.94372663  
11.43068578  
7.61709112  
0.9234706805  
-6.443864977  
-12.09113435  
-14.0764095  
-11.45763353  
-4.613507767  
4.777670638  
14.14977241  
20.78421711  
22.67111434  
19.21096942  
11.48462164  
1.950860835  
-6.356522462  
-10.85369876  
-10.2687771  
-5.009673069  
3.094258141  
11.54805173  
18.11119611  
21.49674502  
21.58863083  
19.1561412  
15.28082332  
10.82667176  
6.22441099  
1.638394322  
-2.64833527  
-5.932416544  
-7.134988647  
-5.255967156  
-0.04287535937  
7.494894779  
15.07941738  
19.80112838  
19.21229177  
12.42269881  
0.6762921528  
-12.92495901  
-24.51177317  
-30.92935219  
-30.97412805  
-25.82591464  
-18.46007617  
-12.28575585  
-9.61959792  
-10.69254257  
-13.65028451  
-15.54781882  
-13.869871  
-7.853272645  
1.027940728  
9.663261681  
14.72525466  
14.24328333  
8.580654963  
0.3340741801  
-6.821271199  
-9.816549402  
-7.618742053  
-1.726660745  
4.515965763  
7.487990455  
5.020314107  
-2.515930413  
-12.27739661  
-20.15857605  
-22.6060593  
-18.22167676  
-8.435069035  
3.052763562  
11.80329611  
14.47312307  
10.15366336  
0.6664885571  
-10.26193629  
-18.53907769  
-21.27444427  
-17.73430444  
-9.360192623  
1.040513056  
10.4853602  
16.8430154  
19.30954462  
18.26357492  
14.72883201  
9.809656781  
4.391452654  
-0.8227857387  
-5.099053397  
-7.546723174  
-7.271687693  
-3.793097097  
2.501700964  
10.17553051  
17.04131086  
20.90653527  
20.46516464  
15.91262952  
8.949594017  
2.116046952  
-2.271479897  
-3.092789173  
-0.8415777612  
2.718676797  
5.491829299  
6.109711034  
4.576955139  
2.169390246  
0.6417224206  
1.170693266  
3.616752174  
6.538044668  
7.999226645  
6.777236654  
3.311745733  
-0.1763310357  
-0.5802927596  
4.527806316  
15.40493007  
29.50742158  
42.16179581  
48.36767734  
44.98789466  
32.32363943  
14.28246334  
-3.04782754  
-13.87456925  
-15.16496923  
-7.995706575  
2.850992079  
10.90938946  
10.80378591  
0.5610235926  
-17.55020014  
-38.00404613  
-54.36274745  
-61.92434273  
-59.51038606  
-49.65657106  
-37.21231853  
-27.06731213  
-22.07276186  
-22.0684929  
-24.36012821  
-25.30022007  
-22.14724622  
-14.3187697  
-3.52165786  
7.177133581  
14.77793361  
17.53981754  
15.41282646  
9.642669469  
1.921841165  
-6.350268716  
-14.28279124  
-21.15614755  
-25.89133882  
-26.84110109  
-22.23860017  
-11.21392221  
5.141034785  
23.35404927  
38.27656809  
44.84946364  
40.27256539  
25.58177099  
5.77197175  
-11.8057424  
-20.24791941  
-15.95879104  
-0.2942523032  
20.81586507  
39.20012398  
47.77904171  
43.4635118  
28.34525655  
8.655357344  
-8.032975453  
-16.09346041  
-14.1546913  
-5.421114076  
4.074044629  
8.41897756  
4.583425946  
-6.273600263  
-19.49675339  
-29.22731404  
-31.16456562  
-24.49003382  
-12.09572596  
0.9069924409  
9.611020528  
11.48232196  
7.273300527  
0.3374550738  
-5.208898286  
-6.502438929  
-3.129532608  
3.019479334  
9.051135408  
12.75918931  
13.78025768  
13.61907491  
14.5773503  
18.21598284  
24.22923381  
30.38413824  
33.59969824  
31.61344457  
24.34051716  
14.15812708  
4.889482228  
-0.05638999685  
0.5367102763  
4.929824018  
9.142623945  
8.872999185  
1.72667685  
-11.3405756  
-26.12938903  
-36.8893687  
-38.86828389  
-30.55170831  
-14.53735866  
3.396532124  
16.63913937  
20.46654962  
13.91983822  
0.0239213519  
-15.70185159  
-27.71164821  
-32.72852898  
-30.84008956  
-24.96715429  
-19.05920328  
-15.95720591  
-15.98540235  
-16.9409917  
-15.44666381  
-8.957935115  
2.601215873  
16.41815304  
27.8403649  
32.43532216  
28.10854359  
16.27990876  
1.537929451  
-10.12196249  
-13.73161839  
-7.413607003  
6.804485918  
23.75947325  
37.16562174  
42.02589785  
36.46524722  
22.29206444  
4.143607392  
-12.35954121  
-22.67092764  
-24.79777438  
-19.71339476  
-10.67200547  
-1.809966167  
3.371733291  
3.092576094  
-2.361704922  
-11.02593976  
-20.11588398  
-26.99556729  
-29.92974108  
-28.44188732  
-23.26137388  
-15.9629896  
-8.453561519  
-2.453855748  
0.912504626  
1.3516357  
-0.5812779357  
-3.674613234  
-6.421464801  
-7.460470391  
-5.976171296  
-1.93879454  
3.893134588  
10.20808484  
15.53434773  
18.65701406  
18.92529331  
16.3658651  
11.59599659  
5.599335473  
-0.5398978097  
-5.860793403  
-9.667828576  
-11.59583717  
-11.62680545  
-10.08000037  
-7.572740312  
-4.929444882  
-3.021059153  
