19.77097719  
17.41146079  
13.87225546  
9.695619161  
5.84484201  
3.201187778  
2.161766357  
2.555867452  
3.897801102  
5.789336298  
8.194339713  
11.38493451  
15.56329227  
20.38121442  
24.68209826  
26.70809015  
24.77763695  
18.16343418  
7.73799903  
-3.997690738  
-13.62938173  
-18.06365042  
-15.77818455  
-7.529623317  
3.834431509  
14.42587821  
20.80518975  
21.27691303  
16.43296698  
8.71877073  
1.236221378  
-3.660736865  
-5.333221603  
-4.953832402  
-4.707448985  
-6.491591549  
-10.74578007  
-15.98418745  
-19.28548462  
-17.55586067  
-9.027680215  
5.661761718  
23.29768421  
38.93197021  
47.44216646  
45.22572445  
31.41574541  
8.210702908  
-19.74505874  
-46.66129339  
-67.11911336  
-77.34056955  
-75.90260097  
-63.81246225  
-44.05395789  
-20.81076819  
1.426929286  
18.72238332  
28.42181702  
29.67200444  
23.63151621  
13.27549941  
2.741968345  
-3.717026157  
-2.960662448  
5.984005423  
21.40608914  
39.19181988  
53.91894513  
60.49280039  
55.82580126  
39.99317405  
16.43114926  
-8.953368717  
-29.52278503  
-39.95274197  
-37.90695809  
-24.77457667  
-5.207800823  
14.39849806  
27.98159974  
31.74452962  
25.30123225  
11.65512413  
-3.963499092  
-15.98372029  
-20.44067317  
-16.3056482  
-5.747883157  
6.741279793  
16.02664986  
18.19460775  
11.93306069  
-1.058592632  
-16.75299276  
-30.29468126  
-37.74637879  
-37.43764873  
-30.43631294  
-20.00486054  
-10.28524053  
-4.734973133  
-4.906988985  
-10.01011476  
-17.37092433  
-23.5698476  
-25.78409271  
-22.81921159  
-15.463822  
-6.083703378  
2.334502157  
7.289790018  
7.602079842  
3.695608664  
-2.713769302  
-9.345739032  
-14.18303554  
-16.08850811  
-15.02247944  
-11.84645883  
-7.853302163  
-4.239992159  
-1.71953557  
-0.3785964148  
0.2249519958  
0.8148439657  
2.120679801  
4.669739947  
8.687501325  
14.09397367  
20.55185525  
27.5241828  
34.32045286  
40.1375245  
44.11691555  
45.43841423  
43.4560777  
37.86063745  
28.83641312  
17.16801121  
4.250347073  
-8.037049435  
-17.61165611  
-22.60847309  
-21.87343993  
-15.40986496  
-4.624694834  
7.768271134  
18.26103496  
23.4262797  
20.95604304  
10.55199094  
-5.666325211  
-23.46841101  
-37.5567401  
-43.1085015  
-37.359518  
-20.694778  
3.181944296  
28.14740568  
47.41102101  
55.58413379  
50.38234683  
33.36719515  
9.446338564  
-14.72062411  
-32.87259544  
-41.11260607  
-39.01133152  
-29.48412907  
-17.52415605  
-8.286290034  
-5.241174171  
-9.067626049  
-17.65267998  
-27.1376519  
-33.55244729  
-34.37647557  
-29.42018818  
-20.71517397  
-11.50652276  
-4.798344146  
-2.072166679  
-2.712653219  
-4.375126668  
-4.137153145  
0.05289161387  
8.251133824  
18.22006278  
26.13804747  
28.09002774  
21.78182587  
7.795115282  
-10.16473459  
-26.21825442  
-34.20173537  
-29.86068829  
-12.55253224  
14.20767249  
43.63844557  
67.78770333  
80.14550965  
77.85924673  
62.73533833  
40.6194893  
19.32493726  
5.820281721  
3.689413525  
11.80788868  
24.75565995  
34.84904464  
35.06456009  
21.77547051  
-3.724891297  
-35.49242253  
-64.90328862  
-83.59345218  
-86.27993653  
-72.4405732  
-46.28827118  
-15.13778273  
13.14159707  
32.59600503  
40.70105642  
38.48999126  
29.44875164  
17.79338116  
6.900909424  
-1.522580558  
-7.371192797  
-11.43222438  
-14.55516804  
-17.16651893  
-19.32055634  
-21.12356851  
-23.13942941  
-26.40138454  
-31.90617283  
-39.81218899  
-48.80573236  
-56.09327568  
-58.20245898  
-52.35666799  
-37.84368725  
-16.71158289  
6.629378403  
26.84144937  
39.58275892  
43.10683544  
38.83166907  
30.61272828  
23.03283409  
19.46702509  
20.77836667  
25.20136677  
29.4126249  
30.24028707  
26.18491917  
18.04660147  
8.410085704  
0.3042445207  
-4.256661988  
-5.112889631  
-3.785966436  
-2.431448637  
-2.510030403  
-3.908238724  
-4.995922833  
-3.605711426  
1.580231451  
9.988088916  
19.05337624  
25.19111405  
25.40748385  
18.77334265  
7.01648836  
-6.096644247  
-16.32923791  
-20.76034679  
-18.94430724  
-12.9040144  
-5.99217832  
-1.210317495  
0.1686456615  
-1.00076092  
-2.478358341  
-2.089973638  
0.9083206871  
5.304983008  
8.554526329  
8.240198348  
3.605485318  
-3.693819346  
-10.09594589  
-11.74034475  
-6.434020948  
4.999052347  
18.71123466  
29.26871057  
31.93409624  
24.76273368  
9.535165361  
-8.928035445  
-24.77461747  
-33.54313686  
-33.9054685  
-27.9628595  
-20.01577432  
-14.43700385  
-13.67319875  
-17.30089287  
-22.52401112  
-25.79569141  
-24.71593977  
-19.25560739  
-11.7204742  
-5.507570265  
-3.305010754  
-5.648262109  
-10.55731395  
-14.4359496  
-13.7930199  
-6.9482002  
5.102043034  
19.0697512  
30.82336126  
37.20898942  
37.39287931  
33.11511647  
27.76310505  
24.72110729  
25.76724513  
30.2431614  
35.34596371  
37.37786073  
33.37680827  
22.4149015  
6.038324807  
-12.28043653  
-28.38834319  
-38.84740024  
-41.93312363  
-37.91224741  
-28.60615719  
-16.52460834  
-3.975509056  
7.507855435  
17.27149131  
25.24353044  
31.45540641  
35.63838818  
37.0852625  
34.83813515  
28.12755805  
16.89248213  
2.17267223  
-13.80783764  
-27.9653036  
-37.06409908  
-38.64397451  
-31.88997535  
-18.12804646  
-0.6993783767  
15.84978372  
27.07707534  
30.04142941  
24.28520099  
11.99630024  
-2.770921267  
-15.56801275  
-23.16965126  
-24.69474288  
-21.76721385  
-17.6417034  
-15.66206154  
-17.7184082  
-23.38063685  
-30.09488312  
-34.35596151  
-33.32586202  
-26.1615738  
-14.4444293  
-1.514329922  
8.981257752  
14.64918645  
15.29746713  
12.83077502  
10.15443889  
9.618609414  
11.75708328  
14.94414577  
16.16465937  
12.56665822  
3.084577021  
-10.6362084  
-24.49019959  
-33.30134103  
-32.81231727  
-21.46313647  
-1.223911769  
22.86996742  
44.31183605  
57.24085332  
58.29823682  
47.57285573  
28.36159625  
5.916623129  
-14.30673928  
-28.26690079  
-34.30539811  
-33.23886393  
-27.66828904  
-20.84250499  
-15.50651583  
-13.10496142  
-13.54226971  
-15.49728274  
-17.11366778  
-16.7895799  
-13.78386225  
-8.437893112  
-1.956548577  
4.148497427  
8.719617789  
11.43938827  
12.92328746  
14.35701394  
16.81714108  
20.57208206  
24.70356479  
27.27842736  
26.06872161  
19.55991973  
7.818475796  
-7.194884889  
-22.07159731  
-33.0426755  
-37.29106015  
-33.94429902  
-24.31655651  
-11.28547661  
1.925650416  
13.01703298  
21.35987389  
27.88791995  
34.20156727  
41.33344617  
48.79934483  
54.43937187  
55.1867551  
48.45497687  
33.5186478  
12.23076398  
-11.30593821  
-32.03606289  
-45.70243647  
-50.32442651  
-46.78636307  
-38.300021  
-28.98766878  
-22.19719324  
-19.25630897  
-19.1591302  
-19.26706107  
-16.67776107  
-9.657579879  
1.458969514  
14.24857988  
25.03187907  
30.20805325  
27.5781895  
17.19284003  
1.467829531  
-15.42473844  
-28.66359726  
-34.04768711  
-29.09432602  
-13.71287421  
9.685001237  
36.66111662  
61.72233394  
79.59125073  
86.48957524  
81.10316683  
64.93928664  
41.92748106  
17.33905115  
-3.669437377  
-17.43462023  
-22.64260542  
-20.40026306  
-13.54752113  
-5.519273255  
0.7843723563  
3.70480973  
2.912451385  
-1.030903293  
-7.318886084  
-15.38599454  
-24.99638913  
-35.94728214  
-47.625946  
-58.74877561  
-67.51193033  
-72.15076158  
-71.66185019  
-66.31725005  
-57.67319392  
-48.0099017  
-39.42400641  
-32.98379109  
-28.34705505  
-24.03329106  
-18.23081422  
-9.76147112  
1.253794257  
13.34226347  
24.2607155  
31.93009178  
35.28158473  
34.62780397  
31.41111349  
27.48366999  
24.2868549  
22.3222016  
