-10.56217249  
-17.87499938  
-30.48341238  
-43.21845706  
-50.85847683  
-50.35722523  
-41.94101937  
-28.64908928  
-14.6484954  
-3.220872593  
4.579606019  
9.988456918  
15.38215379  
22.60042953  
31.66754419  
40.60153034  
46.41139856  
46.74891718  
41.32900946  
32.34140773  
23.58820308  
18.73657787  
19.5408932  
24.92602882  
31.41512636  
34.72823958  
31.80468198  
22.28742697  
8.762702796  
-4.358167938  
-12.78564157  
-14.21578381  
-9.258177649  
-1.034876843  
6.313632876  
9.48307089  
7.359382037  
1.291434512  
-5.757856744  
-10.69726321  
-11.68176919  
-8.741976005  
-3.446249797  
2.134411213  
6.563239427  
9.67148083  
12.38302645  
15.86304971  
20.48089758  
25.17481813  
27.60400706  
25.07748702  
15.85809554  
0.239965478  
-19.11970781  
-37.81542775  
-51.05074773  
-55.22736309  
-49.16715059  
-34.52642145  
-15.27776313  
3.528162741  
17.27949938  
23.10518077  
20.58329244  
11.69159104  
0.06752933051  
-10.17543576  
-15.72832824  
-15.10828706  
-9.131829719  
-0.6857676746  
6.174220865  
7.565742188  
1.166095461  
-12.81689864  
-31.46268428  
-49.88070172  
-62.69117358  
-65.76728181  
-57.6266262  
-39.95681061  
-17.06850481  
5.523880349  
22.8580949  
31.959903  
32.455822  
26.21754141  
16.29914924  
5.695116777  
-3.53838177  
-10.49465601  
-15.01853607  
-17.06343034  
-16.26106958  
-12.0013776  
-3.992994713  
7.043410975  
19.02873393  
28.86923368  
33.48733004  
31.14539971  
22.44308477  
10.43621548  
-0.3169802612  
-5.488084474  
-2.797318492  
6.876179593  
19.63383081  
29.97291209  
32.95018188  
26.22407948  
11.12788884  
-7.688445841  
-23.92458376  
-31.95187998  
-28.88052441  
-15.58356999  
3.678149864  
22.83133364  
36.12151277  
39.99244396  
34.0646689  
20.95362361  
5.113263802  
-8.785664747  
-17.33765654  
-19.27391601  
-15.5281983  
-8.598231067  
-1.510336068  
3.235123163  
4.418573503  
2.373469736  
-1.249949013  
-4.120484746  
-4.058356496  
0.1828736916  
8.422843146  
19.01752539  
29.32211933  
36.53469649  
38.65532696  
35.21958658  
27.51161599  
18.13193091  
10.03916622  
5.407871976  
4.747395909  
6.65251138  
8.31912163  
6.651931927  
-0.4578110301  
-13.18864801  
-29.55416376  
-45.97157041  
-58.40805333  
-63.66360836  
-60.31987914  
-49.0482157  
-32.24120334  
-13.18747098  
4.857989698  
19.3868536  
28.96847903  
33.2213749  
32.57457096  
27.98616158  
20.71429261  
12.13704244  
3.567574455  
-3.964260015  
-9.914707921  
-14.30133974  
-17.5507946  
-20.12367383  
-22.06795403  
-22.75261775  
-21.00369395  
-15.69198238  
-6.567166204  
5.066867247  
16.266238  
23.17506553  
22.42182012  
12.66694335  
-4.395565238  
-24.14780597  
-40.40719974  
-47.62029825  
-43.04760872  
-28.00977619  
-7.592176244  
11.16528764  
21.90919904  
21.36971637  
10.51136699  
-6.043651194  
-22.05286165  
-32.24483538  
-34.32210351  
-29.51748263  
-21.52000633  
-14.34575023  
-10.21153281  
-8.452489026  
-6.009184535  
0.7583703929  
13.82745556  
31.96788482  
50.70811782  
63.91439981  
66.3133528  
55.82160905  
34.61360645  
8.42395141  
-15.61304592  
-31.62698211  
-37.01027708  
-32.92330557  
-23.19104697  
-12.21962712  
-2.98195701  
3.977280938  
10.12112241  
17.41577883  
26.61590067  
36.29859111  
43.20450369  
43.75555242  
35.99453259  
20.94385903  
2.636515265  
-13.29010895  
-21.84101483  
-20.7293348  
-11.30146634  
2.109013479  
14.09732931  
20.48382196  
19.94226505  
14.25282658  
7.140165136  
2.325102078  
1.762550695  
4.902298273  
9.268545048  
11.98799277  
11.43503955  
8.128762745  
4.423082397  
3.159504801  
5.992458489  
12.26876469  
19.07156661  
22.45477239  
19.29309193  
8.855284987  
-6.673588768  
-22.99514653  
-35.46751516  
-41.0279095  
-39.38855508  
-32.98153899  
-25.72122514  
-21.1953778  
-21.13153588  
-24.81239503  
-29.63383654  
-32.45689986  
-31.06103855  
-25.01971713  
-15.65500653  
-5.207502948  
4.272515554  
11.71971043  
17.16687049  
21.20928836  
24.21143694  
25.77334794  
24.80899442  
20.22736964  
11.84515277  
0.9940064345  
-9.590891452  
-16.66233637  
-17.78679945  
-12.50846424  
-2.786014119  
7.555471035  
14.17976816  
13.86265343  
5.723893175  
-8.419036447  
-24.68998045  
-38.49798302  
-46.04337818  
-45.43405197  
-37.0680248  
-23.25430007  
-7.317005648  
7.443546728  
18.59563877  
25.03457018  
27.0238872  
25.8984997  
23.54822219  
21.79762988  
21.8023698  
23.60314866  
25.99872561  
26.86264412  
23.90491288  
15.68656023  
2.516100979  
-13.2014332  
-27.45308563  
-35.91396822  
-35.63794872  
-26.46414332  
-11.46727303  
3.893604921  
13.7365596  
14.1123301  
4.779060569  
-10.42458237  
-24.88555638  
-31.7669605  
-26.79586552  
-10.11963325  
13.59031367  
36.88428844  
52.43414648  
55.88225208  
47.44512619  
31.60774954  
15.07037521  
3.859410496  
0.8595490314  
4.813534612  
11.16822091  
14.32937479  
10.28558701  
-1.561309397  
-18.12746614  
-33.99122051  
-43.69118597  
-43.93975158  
-34.80860415  
-19.45526266  
-2.628453281  
11.2939208  
19.8385606  
22.92482266  
22.22566003  
19.85225089  
17.09244112  
13.84075393  
8.964670311  
1.356107816  
-8.932381104  
-20.11218711  
-29.01085472  
-32.26190852  
-27.82080694  
-16.1097679  
-0.2290981589  
14.9359459  
24.40869958  
24.96072612  
16.3680729  
1.577669705  
-14.2917142  
-25.73771535  
-28.77884161  
-22.27317828  
-8.191194322  
9.211475025  
24.96577857  
35.09135112  
37.8006638  
33.79763305  
25.63086558  
16.42569992  
8.545022688  
2.729014829  
-1.953976828  
-7.361758825  
-15.09263496  
-25.40434942  
-36.74225609  
-46.1251608  
-50.26421298  
-46.95911388  
-36.16771522  
-20.25523374  
-3.260389959  
10.5658532  
18.36562099  
19.75229727  
16.89029434  
13.51627914  
13.29359401  
18.1834589  
27.52219744  
38.19937509  
45.86687356  
46.67347344  
38.80370198  
23.19732867  
3.187876761  
-16.74048261  
-32.52214887  
-41.75426717  
-44.15606168  
-41.16281498  
-34.95498026  
-27.43466574  
-19.61648323  
-11.641001  
-3.286272188  
5.384822777  
13.63840575  
20.16680909  
23.61342208  
23.23286835  
19.32361964  
13.19130156  
6.646501997  
1.278632932  
-2.145615432  
-3.883202541  
-4.94573408  
-6.522048929  
-9.388139365  
-13.57678917  
-18.42155073  
-22.89075131  
-25.99525365  
-27.05572884  
-25.73663095  
-21.91782695  
-15.57518695  
-6.822598942  
3.865402464  
15.39130836  
25.96196344  
33.38220024  
35.71031224  
32.0512213  
23.12644656  
11.29558131  
-0.08476092826  
-7.780808949  
-9.851737494  
-6.380258807  
0.569723316  
7.781384297  
12.17677777  
12.04829455  
7.729612246  
1.44438237  
-3.590249705  
-4.434701511  
0.423215128  
10.45335171  
23.18729003  
34.95464889  
41.97016718  
41.42474254  
32.29217799  
15.68406511  
-5.295554979  
-26.15973598  
-42.01661194  
-48.75831685  
-44.22176648  
-29.00970331  
-6.654709145  
17.07174393  
35.65105408  
43.74111473  
38.91748989  
22.57608817  
-0.4266213587  
-23.37215864  
-39.99288785  
-46.64587172  
-43.49594256  
-34.22384681  
-24.36684713  
-18.96707529  
-20.49447517  
-27.889783  
-37.08808566  
-42.75076767  
-40.4367799  
-28.30301395  
-7.686252546  
17.54965082  
42.4827765  
62.70560058  
75.35749179  
79.33953168  
74.88424527  
62.94575242  
44.86763712  
22.49873344  
-1.454984666  
-23.29759042  
-38.83029255  
-44.51682204  
-38.93246662  
-23.79996613  
-3.958682474  
13.9693101  
23.84399751  
22.32197099  
10.20907102  
-7.814549665  
-25.0719526  
-35.61716688  
-36.64815587  
-29.55090802  
-19.11865806  
