3.357761013  
-5.742414796  
-16.70357837  
-26.19730361  
-31.7126885  
-32.26586424  
-28.53517481  
-22.40820365  
-16.13984081  
-11.4592267  
-8.969759684  
-8.058731708  
-7.319401145  
-5.27932317  
-1.10890885  
4.99362402  
11.89256292  
18.01805778  
22.03923373  
23.39718594  
22.46292883  
20.26568945  
17.93837735  
16.15354493  
14.8207235  
13.18418094  
10.26597647  
5.434422267  
-1.179589517  
-8.620454252  
-15.43205241  
-20.21877037  
-22.18613341  
-21.42122583  
-18.80105659  
-15.59288046  
-12.94699299  
-11.51534928  
-11.34890761  
-12.07581016  
-13.2227893  
-14.48226398  
-15.77594245  
-17.09538583  
-18.2365668  
-18.61897538  
-17.3442217  
-13.52303391  
-6.744315016  
2.54216012  
12.94829803  
22.47248167  
29.1388196  
31.70742302  
30.15770944  
25.72747813  
20.47334978  
16.51987573  
15.29842931  
17.07718332  
20.95650122  
25.30405059  
28.42368475  
29.17094578  
27.27370952  
23.26590357  
18.11730025  
12.76579201  
7.775202508  
3.254534633  
-0.9683377258  
-5.050725557  
-8.896933888  
-12.11133201  
-14.16278955  
-14.66386087  
-13.60580417  
-11.41495984  
-8.79186301  
-6.4104398  
-4.632360544  
-3.38762865  
-2.290449049  
-0.937866757  
0.7608045355  
2.401809219  
3.167255036  
2.158697092  
-1.153006553  
-6.567664958  
-13.06717575  
-19.06868303  
-22.94023049  
-23.57940889  
-20.81824908  
-15.48407552  
-9.086746038  
-3.258157174  
0.8278995864  
2.823425239  
3.223177569  
3.044501133  
3.324804902  
4.66189898  
6.992341679  
9.687472537  
11.90032323  
12.98431731  
12.77940483  
11.6309298  
10.14160694  
8.790139183  
7.621165074  
6.181976633  
3.763365468  
-0.1517659295  
-5.446441055  
-11.17021156  
-15.72770957  
-17.42969287  
-15.20639552  
-9.182192756  
-0.838648983  
7.355305865  
12.74880175  
13.46048628  
9.106062714  
1.002331678  
-8.251490968  
-15.66853832  
-18.90683324  
-17.04732833  
-10.83284182  
-2.302609639  
5.999941705  
11.91229246  
14.28563371  
13.15537892  
9.453436363  
4.458943571  
-0.7286670987  
-5.46421354  
-9.507082776  
-12.7548597  
-14.97687995  
-15.74776624  
-14.65024381  
-11.6411535  
-7.351304374  
-3.088928587  
-0.4507859279  
-0.6521314494  
-3.865404731  
-8.9083184  
-13.50473789  
-15.09602423  
-11.9123883  
-3.853231531  
7.242154658  
18.12246145  
25.30207913  
26.44171566  
21.36049174  
12.22901172  
2.814514216  
-2.955279856  
-2.545430799  
4.147855112  
14.7086224  
25.11156523  
31.27020875  
30.59843792  
22.95939073  
10.63455726  
-2.644417272  
-13.17442239  
-18.64676059  
-18.84803758  
-15.4468561  
-11.0169352  
-7.768973834  
-6.570568737  
-6.683776325  
-6.314307827  
-3.695774665  
1.81045082  
9.128013134  
15.69237974  
18.4301073  
15.0888161  
5.346493484  
-8.796108415  
-23.54657759  
-34.60019106  
-38.67693474  
-34.71066916  
-24.2164032  
-10.68755518  
1.739555439  
9.827471454  
12.38241763  
10.56414176  
7.259203188  
5.789680303  
8.486950429  
15.70367146  
25.65152879  
35.1149486  
40.74033776  
40.37484158  
33.91736228  
23.34782778  
11.93396369  
2.944028264  
-1.614222491  
-1.725843323  
0.7107563295  
2.729732247  
1.558899704  
-4.215080045  
-14.04180616  
-25.59501302  
-35.6651697  
-41.39054313  
-41.3343498  
-35.9899747  
-27.53499293  
-18.95739982  
-12.91993084  
-10.8141045  
-12.35729368  
-15.85020007  
-18.94425746  
-19.57716396  
-16.69813453  
-10.5248855  
-2.291455941  
6.33985586  
13.91176729  
19.58096044  
23.17350049  
24.94114646  
25.20974581  
24.13852035  
21.71926425  
17.99058017  
13.30630527  
8.453445314  
4.489573338  
2.326128025  
2.244045131  
3.602819077  
4.947206713  
4.541987509  
1.152108256  
-5.263318753  
-13.28115213  
-20.3513016  
-23.66864456  
-21.26289957  
-12.86795913  
-0.1978891467  
13.51348168  
24.55140778  
29.94156188  
28.38567913  
20.56969697  
8.770292904  
-4.02757061  
-15.10965007  
-22.71991955  
-26.24428239  
-25.93382115  
-22.41913972  
-16.32839825  
-8.212760023  
1.233342203  
10.87198743  
19.03337712  
23.83176173  
23.84805034  
18.89727103  
10.47562845  
1.560990212  
-4.293609627  
-4.295346876  
2.352723877  
13.87436931  
26.33305395  
34.96608504  
35.96672295  
28.01576598  
12.92785456  
-4.884767038  
-19.95460422  
-27.72218946  
-26.16471764  
-16.47401155  
-2.552602586  
10.43908052  
17.90282441  
17.31106696  
8.898395866  
-4.617930813  
-19.07670429  
-30.22578852  
-34.91779784  
-31.82867037  
-21.60941473  
-6.573794699  
9.891717597  
24.03259524  
32.45259719  
32.80973749  
24.40654377  
8.532878347  
-11.61867532  
-31.58635037  
-46.77031834  
-53.78011331  
-51.54446688  
-41.72520349  
-28.18635334  
-15.63259716  
-7.897411673  
-6.556195465  
-10.44940819  
-16.3387739  
-20.4304496  
-20.10318269  
-15.06683795  
-7.417141341  
-0.5500144366  
2.568776327  
0.9657824887  
-3.702838351  
-7.780348077  
-7.255800761  
0.311649684  
14.48620562  
31.90164934  
47.5306847  
56.7380343  
57.20791401  
49.88223616  
38.48952124  
27.88270739  
21.94017512  
21.97170398  
26.32513164  
31.32996574  
33.1045523  
29.37596167  
20.48642247  
9.161805415  
-0.7996774539  
-6.2749147  
-6.187844661  
-1.90761649  
3.448346725  
6.42389812  
4.669347963  
-2.21511112  
-12.74390576  
-24.38029001  
-34.66550035  
-42.09205011  
-46.36769693  
-48.0642261  
-47.95322925  
-46.4455249  
-43.42999249  
-38.53652988  
-31.5904664  
-22.92497419  
-13.32806435  
-3.649425623  
5.670445381  
14.80683649  
24.28768451  
34.34107291  
44.21020477  
51.89289564  
54.60540947  
49.91155334  
37.07042477  
17.94784792  
-3.060918121  
-20.24990268  
-28.58973039  
-25.70399293  
-12.97605052  
4.76052298  
20.91426785  
29.57708637  
27.73734311  
16.3608947  
-0.09694833712  
-15.52777622  
-24.57683001  
-24.62648251  
-16.57865974  
-4.196356988  
7.621278067  
14.83664151  
15.70006621  
11.07595828  
3.658527388  
-3.457302192  
-8.156878777  
-10.04673388  
-10.31551399  
-10.89359365  
-13.37912748  
-18.24013222  
-24.60873617  
-30.67428808  
-34.41737202  
-34.32488228  
-29.80928384  
-21.25053973  
-9.767010435  
3.095673123  
15.61527398  
26.06392122  
32.88391944  
34.96214559  
32.00098239  
24.84490423  
15.53885155  
6.942745686  
1.907967117  
2.258734854  
7.984523866  
17.03954051  
25.9319324  
30.95179062  
29.58216075  
21.51247968  
8.806436914  
-4.87952912  
-15.72090503  
-21.19921855  
-21.00371041  
-16.98740275  
-12.22305277  
-9.600056315  
-10.59662279  
-14.76315077  
-20.11276134  
-24.19264655  
-25.30393716  
-23.28768672  
-19.51902847  
-16.1392623  
-14.91967698  
-16.3214573  
-19.21335473  
-21.38871289  
-20.63876258  
-15.87291104  
-7.752866546  
1.468153484  
8.84301885  
11.9714921  
10.03716454  
4.188597391  
-2.894228268  
-8.05306561  
-8.872305596  
-4.5645799  
3.81738612  
13.8846513  
22.88017773  
28.69488039  
30.53460287  
29.01986657  
25.74638452  
22.53954902  
20.72230829  
20.66649432  
21.7533682  
22.70355894  
22.11505419  
19.00652957  
13.19498161  
5.410909647  
-2.865162049  
-9.795480034  
-13.7122244  
-13.65225184  
-9.754917204  
-3.383730606  
3.12089699  
7.056171537  
6.209460038  
-0.2999855944  
-11.4929808  
-24.56601748  
-35.5746476  
-40.61658883  
-37.15416532  
-25.01346657  
-6.664998405  
13.38167887  
29.92299803  
38.71735691  
37.88601468  
28.55992165  
14.52792037  
0.9910038856  
-7.158189947  
-6.947237157  
1.71240702  
16.01846  
31.20715533  
42.0901063  
44.68721609  
37.43851869  
21.63902237  
1.000945945  
-19.48189008  
-34.99642602  
-42.25675787  
-40.35222086  
-30.88006069  
-17.35939096  
-4.127500066  
4.940968183  
7.512160988  
