-10.00423542  
-14.96493461  
-21.51521571  
-25.60367268  
-23.77980306  
-14.84557054  
-0.5035739209  
15.2748428  
27.85966122  
33.82729313  
32.27613146  
25.06160187  
15.90863942  
8.832426252  
6.555618759  
9.558155277  
16.08564288  
23.02919917  
27.25478952  
26.8297871  
21.69354793  
13.57693192  
5.271367635  
-0.4353037113  
-1.760961239  
1.461039565  
7.737455591  
14.42121345  
18.59122253  
18.02840597  
11.98597461  
1.508886041  
-10.81593965  
-21.62519115  
-27.83342439  
-27.63699655  
-21.12141714  
-10.24986206  
1.772641934  
11.53188129  
16.45579962  
15.50782502  
9.302990151  
-0.3250696855  
-11.05725718  
-20.78215908  
-27.98665956  
-31.78489824  
-31.73782937  
-27.71814068  
-20.00450001  
-9.584790802  
1.571532557  
10.60265248  
14.41493176  
10.82532683  
-0.2375525859  
-16.07694382  
-31.60712072  
-40.86066747  
-39.18547519  
-25.28172031  
-2.160206921  
23.53945108  
43.77065599  
52.05212682  
46.006129  
28.38035589  
6.062157085  
-12.57129658  
-20.9050143  
-16.60499042  
-2.372008253  
15.34991575  
29.12046729  
33.51550525  
27.1449119  
12.89523746  
-3.584756297  
-16.39023991  
-21.72362828  
-19.13822838  
-11.26079481  
-2.295531877  
3.889498516  
5.210930041  
1.805593874  
-4.54614583  
-11.53290428  
-17.31175435  
-20.92862458  
-22.10147601  
-20.69534242  
-16.37082279  
-8.729009094  
2.091121225  
14.75977444  
26.5681935  
34.03017568  
34.17036142  
25.96584569  
11.21497608  
-5.715717004  
-19.32623972  
-25.08618348  
-21.32071223  
-10.01985054  
3.849557442  
14.29453768  
16.70373404  
9.690286757  
-4.406740636  
-20.54750191  
-33.06272648  
-37.8580668  
-33.82937404  
-22.96498148  
-9.218782264  
3.239516071  
11.58502038  
15.0795424  
14.81541314  
12.7634776  
10.70199716  
9.560574244  
9.406055978  
9.913078766  
10.91237777  
12.62016597  
15.39909108  
19.23081142  
23.29479331  
26.01969016  
25.70732289  
21.47378533  
14.00593047  
5.649821424  
-0.3571636069  
-1.261868695  
3.825951927  
13.23652325  
23.14784678  
29.0260071  
27.52416498  
18.006665  
2.984130364  
-12.79305616  
-24.23799587  
-28.02177591  
-23.94825182  
-15.00179601  
-6.040264538  
-1.69845463  
-4.409316471  
-13.38732299  
-24.98825558  
-34.25822846  
-36.98493369  
-31.37835492  
-18.70817022  
-2.701059971  
11.9688396  
21.41233024  
23.76729471  
19.51541898  
10.87568069  
0.6672754524  
-8.793980137  
-16.30019325  
-21.69160707  
-25.30532003  
-27.32098604  
-27.39461802  
-24.77784108  
-18.84101082  
-9.698948645  
1.419875364  
12.29225787  
20.30076922  
23.27630429  
20.23052546  
11.67979175  
-0.5510109818  
-13.92945682  
-25.94828111  
-34.69451872  
-39.07568974  
-38.71031602  
-33.6504657  
-24.16341192  
-10.72906442  
5.744963198  
23.64964222  
40.57776995  
53.59110973  
59.87773807  
57.62505105  
46.78862212  
29.41870442  
9.336814005  
-8.811044981  
-20.85438413  
-24.32320313  
-19.17157404  
-7.735442756  
6.071897327  
18.05155949  
25.05032851  
25.8729272  
21.47417889  
14.39394165  
7.669482742  
3.643507352  
3.109632198  
5.102582115  
7.393184222  
7.485013633  
3.723566085  
-3.912847719  
-13.65319506  
-22.4860592  
-27.23952246  
-25.80229307  
-18.03487736  
-6.013614706  
6.519379525  
15.34703724  
17.21638874  
11.02605553  
-1.67106369  
-17.05923224  
-30.24589226  
-36.85695469  
-34.49658339  
-23.5579347  
-7.090036981  
10.24261284  
23.74284087  
30.24109277  
29.07417943  
22.13899373  
13.02416674  
5.569601343  
2.414964725  
4.089845669  
8.973995555  
14.10411268  
16.4681489  
14.24602105  
7.497945338  
-1.950018208  
-11.33158191  
-18.09174694  
-20.8631504  
-19.86770997  
-16.61564718  
-13.08852105  
-10.80926062  
-10.22798466  
-10.68136398  
-10.90201178  
-9.796785059  
-7.096391446  
-3.555756872  
-0.6118433758  
0.3284406498  
-1.379526431  
-5.221947828  
-9.658509282  
-12.72450926  
-12.82664239  
-9.376585987  
-2.993521702  
4.784168065  
12.11444524  
17.49973018  
20.19169015  
20.22534564  
18.15050415  
14.66626832  
10.37890332  
5.79206517  
1.471907071  
-1.796359945  
-3.053124228  
-1.486661852  
3.074488147  
9.753118082  
16.57540488  
20.9280981  
20.43292201  
13.92398994  
2.112862603  
-12.39118797  
-25.79276339  
-34.33457313  
-35.58617597  
-29.30115456  
-17.50459661  
-3.77480557  
8.003935666  
14.94349875  
16.03437794  
12.31702693  
6.334994926  
1.12453512  
-0.8656939177  
1.447394434  
7.525182306  
15.48895905  
22.78314324  
26.97737798  
26.47070122  
20.92614195  
11.35269144  
-0.1710293561  
-11.06882391  
-19.00924916  
-22.63374996  
-22.04733036  
-18.86769783  
-15.73118617  
-15.33597795  
-19.30918948  
-27.3236534  
-36.87951324  
-43.96338345  
-44.46158066  
-35.85494264  
-18.52431398  
3.937329532  
25.6677027  
40.49039163  
44.18328659  
36.15898943  
19.82517613  
1.394848092  
-12.44782382  
-17.11457258  
-11.86243833  
0.01875718268  
12.68439672  
20.27283782  
19.43100554  
10.74315685  
-1.559984023  
-11.49049152  
-13.96963056  
-7.100173745  
6.958692493  
22.90399309  
34.58738204  
37.67874114  
31.5100398  
19.2802438  
6.537102105  
-1.371920806  
-1.722523136  
4.390898392  
12.63090086  
17.50358778  
15.00380443  
4.606724639  
-10.31901729  
-23.89071939  
-30.28565246  
-26.36643928  
-13.1807663  
4.346072945  
19.40482831  
26.11653864  
21.94337499  
8.661686483  
-8.492773248  
-23.09180205  
-30.17281768  
-28.13083527  
-19.06778676  
-7.53670247  
1.665385643  
5.609348156  
4.30171527  
0.2881855755  
-2.927133112  
-2.822054793  
0.8051512992  
5.739233053  
8.517214169  
6.272069236  
-1.661477963  
-13.17172181  
-24.12307265  
-30.1026518  
-28.35814431  
-19.03703348  
-5.167026889  
8.600683189  
17.90363633  
20.37661172  
16.42189427  
8.76140258  
1.051715547  
-3.753763049  
-4.547930975  
-2.254272178  
0.9298852027  
2.777065725  
2.118882273  
-0.7255743141  
-4.317191139  
-6.987087258  
-7.737507617  
-6.680266318  
-4.821230212  
-3.363866731  
-2.958041863  
-3.330656352  
-3.50573446  
-2.480800613  
0.03908876381  
3.293509737  
5.745306709  
5.881938984  
3.131067322  
-1.614572339  
-6.198544086  
-8.104471253  
-5.670124907  
0.9691784827  
9.695368509  
17.128623  
19.97758624  
16.43854421  
7.026561175  
-5.528456548  
-17.27217285  
-24.47028399  
-24.90102499  
-18.49402567  
-7.135008765  
6.174756029  
18.3715348  
27.14935965  
31.29791605  
30.59054178  
25.46590387  
16.7816446  
5.777793417  
-5.828400436  
-15.8450186  
-21.91867596  
-22.19094458  
-16.08158209  
-4.817499655  
8.645443962  
20.42318994  
27.00390282  
26.54913631  
19.63632463  
9.084770833  
-1.109610704  
-7.313098337  
-7.636209558  
-2.59364103  
5.207560598  
12.18345992  
15.19861272  
12.71376209  
5.23717006  
-5.010030589  
-14.97579533  
-21.79330429  
-23.55399909  
-19.65420758  
-10.75759852  
1.451643047  
14.56462818  
25.75172857  
32.15193276  
31.43888732  
22.53635398  
6.268123559  
-14.39891867  
-34.81214898  
-49.83667904  
-55.49551128  
-50.44802441  
-36.66028062  
-18.87613043  
-2.980581853  
6.154702718  
6.480025226  
-0.5348992522  
-10.62556419  
-18.5755902  
-20.37986687  
-14.79066574  
-3.600156876  
9.402446519  
20.25207591  
26.52227849  
28.1370497  
26.95489513  
25.41768742  
25.01568951  
25.39293103  
24.56997225  
20.17078175  
11.00426326  
-1.856525707  
-15.12236782  
-24.53020997  
-26.73443197  
-20.94583324  
-9.499278045  
2.978996737  
11.47028071  
12.67763449  
6.388420184  
-4.539051275  
-15.54872872  
-22.47241411  
-23.3563925  
-19.19476736  
-13.25964599  
