3.36927368  
-7.704542303  
-25.2962292  
-43.70075019  
-56.22808227  
-57.52980366  
-45.49706947  
-22.03543304  
7.545988965  
36.26875793  
57.67533587  
67.67993152  
65.46642967  
53.22768232  
34.98958178  
15.07606782  
-3.168794789  
-17.98112045  
-29.02077741  
-36.71014206  
-41.49664885  
-43.42723588  
-42.20621193  
-37.62834273  
-30.07873179  
-20.7605403  
-11.4617249  
-3.925001997  
0.8884719575  
3.263335934  
4.646736207  
6.991855163  
11.78518604  
19.19688553  
27.77720353  
34.90479613  
37.85911238  
35.08560336  
27.09259594  
16.53201655  
7.34298615  
3.243032234  
6.164953896  
15.30974339  
27.27081358  
37.25696884  
40.9721966  
36.40442443  
24.77081586  
10.18593114  
-1.861749761  
-6.635872578  
-2.018314886  
10.65544205  
27.14097078  
41.97280228  
50.56661185  
50.828486  
43.58693054  
31.70259169  
18.32406676  
5.16953314  
-8.281446843  
-24.22440019  
-44.80319047  
-70.04511135  
-96.54221866  
-117.7176062  
-125.8367964  
-115.0997039  
-84.54981207  
-39.46131837  
9.6070612  
49.96780032  
71.08533655  
68.3426574  
44.76722913  
9.957419222  
-23.43102936  
-44.28229491  
-46.89563806  
-32.63629965  
-8.789048403  
14.79937994  
29.81155241  
32.56662432  
24.92322191  
12.76300417  
2.894611724  
-0.1433062805  
4.05327219  
11.96778809  
18.21495991  
18.35492155  
11.09907614  
-1.111385608  
-13.3598038  
-20.66836895  
-20.37669881  
-13.35027444  
-3.486385284  
4.181394636  
5.820616182  
0.4430240353  
-9.899259659  
-21.38539316  
-30.46311822  
-35.59513438  
-37.83299373  
-39.94686134  
-44.57733485  
-52.37352056  
-61.10133222  
-66.23583758  
-62.82860397  
-47.81220841  
-21.67331805  
11.30057015  
44.35387099  
70.6204625  
85.50935842  
88.13528703  
81.25860056  
69.85622563  
59.00757133  
52.00294201  
49.39690602  
49.25591229  
48.32754412  
43.52680662  
33.111699  
17.17134567  
-2.587883839  
-23.48759877  
-42.59525672  
-57.26602165  
-65.45907243  
-65.93395228  
-58.44917028  
-43.97522481  
-24.78944501  
-4.256189387  
13.81646157  
26.14695194  
30.9626329  
28.58666579  
21.32647109  
12.63751713  
5.85939694  
3.028997221  
4.25920185  
7.926259804  
11.54997977  
12.94928302  
11.15482953  
6.70479062  
1.258683573  
-3.219704914  
-5.292096443  
-4.521087215  
-1.450351843  
2.786161777  
6.94250746  
9.966950195  
11.05353189  
9.56327637  
5.041692534  
-2.518324132  
-12.23421292  
-21.99901983  
-28.61357827  
-28.58665788  
-19.46427838  
-1.191938632  
23.15504214  
47.78767512  
65.83193924  
71.67319981  
63.11040921  
42.38026348  
15.51324759  
-9.827653358  
-27.1976228  
-33.7346335  
-31.02445456  
-24.07855724  
-18.85992938  
-19.44389718  
-26.08034882  
-35.03749035  
-40.31992386  
-36.51388796  
-21.49988272  
2.184500497  
27.9641554  
47.60063121  
54.33552318  
45.49639894  
23.50494265  
-5.08217511  
-32.04395441  
-50.42576916  
-56.75396413  
-51.73238759  
-39.30371702  
-24.63663314  
-11.98573787  
-3.320007979  
1.811293018  
5.293733552  
8.940515239  
13.23173588  
16.88766739  
17.43909661  
12.49482322  
1.106746969  
-15.39094802  
-33.45272845  
-48.305045  
-55.48358172  
-52.36281627  
-39.1313629  
-18.87322452  
3.277935641  
21.64407614  
31.69984074  
31.44025565  
21.99593403  
7.290624601  
-7.184977412  
-16.13713306  
-16.23678352  
-7.315184776  
7.450809702  
22.50306109  
31.77284968  
30.87203661  
18.84768288  
-1.169206402  
-22.74399267  
-38.17080884  
-41.10336422  
-28.8663033  
-3.595674226  
28.24825984  
57.868851  
76.94123198  
80.25537106  
67.27519994  
42.10740234  
11.96802523  
-15.22725028  
-33.25113203  
-39.12231372  
-33.4164153  
-19.42786555  
-1.694918676  
15.45090648  
28.80026264  
36.48583953  
37.70959439  
32.37756583  
20.98948497  
4.869567409  
-13.48514534  
-30.34416433  
-41.30962814  
-42.54426969  
-32.29886866  
-12.08898742  
13.1318392  
36.12719931  
49.6400857  
49.00738596  
34.10692644  
9.768731692  
-15.66896627  
-33.24242488  
-36.64686841  
-24.65731934  
-1.705486873  
23.66786411  
41.92560138  
46.02344925  
33.93279355  
9.244346594  
-20.32683028  
-45.88368855  
-60.53977416  
-61.62830997  
-51.15906172  
-34.50892338  
-18.04030983  
-6.705913966  
-2.586985103  
-4.805594941  
-10.60889263  
-16.94017728  
-21.69923496  
-24.16930181  
-24.5865952  
-23.28560491  
-20.04056855  
-14.0568336  
-4.649384186  
7.794005101  
21.18859064  
31.96798408  
36.22415977  
31.3563002  
17.48417443  
-2.093578432  
-21.73096455  
-35.31426622  
-38.45403725  
-30.0794111  
-12.76239145  
8.354267426  
27.54961853  
40.5777906  
45.93395485  
44.87415897  
40.30961845  
35.18908073  
31.16348624  
28.12681606  
24.75542689  
19.66890783  
12.54505339  
4.578826848  
-1.967352981  
-4.89804925  
-3.325226314  
1.627714073  
7.049990894  
9.346349389  
5.759337558  
-4.346435737  
-18.98944232  
-34.07786703  
-44.7170515  
-46.81524517  
-38.41469841  
-20.32525466  
4.072780677  
29.71517495  
51.11955464  
63.69246268  
64.80682774  
54.46626939  
35.43742941  
12.77269609  
-7.28481842  
-18.88455922  
-18.31534669  
-5.412275315  
15.92330934  
38.46228765  
53.62272881  
54.17642516  
36.80546526  
3.556088591  
-38.45052373  
-79.07561666  
-108.3297316  
-119.5284072  
-111.2839737  
-87.61992379  
-56.22681115  
-25.60208883  
-2.221690385  
11.1915299  
15.75620753  
15.05012824  
13.02091039  
12.16879736  
12.74641576  
13.17705997  
11.31375602  
5.817044497  
-3.035884085  
-13.43897619  
-22.88726272  
-29.24570045  
-31.4968091  
-29.85158644  
-25.29350417  
-18.93090675  
-11.59231224  
-3.887006151  
3.392687152  
8.921559252  
10.95708778  
8.067715984  
0.2089002921  
-10.44564947  
-19.53939434  
-21.72327988  
-12.7215044  
8.533446002  
38.7036008  
70.51772251  
94.97069331  
104.5191818  
96.01014424  
72.07575459  
40.30284582  
10.40877305  
-9.469135143  
-15.84001904  
-10.9869339  
-1.673199503  
4.012369706  
0.3021083138  
-13.69739163  
-33.64799546  
-51.9536633  
-61.17458554  
-57.36378272  
-41.85501189  
-20.72463584  
-2.179269565  
6.974833016  
4.239352271  
-7.538152911  
-21.41367092  
-29.311867  
-25.42030066  
-8.585847992  
17.24223054  
44.62181437  
65.52727455  
74.31635734  
69.57730333  
54.22667065  
33.9933238  
15.06158061  
1.894966181  
-3.942701832  
-3.676764352  
-0.2042048971  
3.378881985  
4.929629271  
3.698356722  
0.07707587487  
-4.997194724  
-10.55429386  
-15.75240059  
-19.72095552  
-21.35961225  
-19.41419115  
-12.97045485  
-2.201216094  
11.04925865  
23.29778289  
30.29595935  
28.56234812  
16.9976588  
-2.158120626  
-23.59431455  
-40.51673889  
-47.06379935  
-40.63514784  
-23.15182492  
-0.6342332372  
18.85734699  
28.18623611  
23.85991893  
7.410723637  
-15.14936049  
-35.61269929  
-46.70359859  
-44.80446663  
-31.20060449  
-11.37412619  
7.321877489  
18.62399326  
19.73618204  
12.18264976  
0.8576118598  
-8.250103985  
-10.64692883  
-5.142611895  
5.839784229  
17.50101189  
24.83918419  
24.78318856  
17.37789928  
5.571958852  
-6.213773459  
-14.04088966  
-16.0496732  
-13.02785541  
-7.776178697  
-3.64133574  
-2.933612723  
-5.95392662  
-11.03294367  
-15.49877584  
-17.06603392  
-14.97064708  
-10.32450002  
-5.551960364  
-3.202919802  
-4.717159961  
-9.715805839  
-16.1296243  
-21.07739479  
-22.06674022  
-17.96619284  
-9.333949635  
1.986498808  
13.7451143  
24.17718598  
32.47755472  
38.67361971  
43.03975879  
45.44235305  
45.04027594  
40.57323453  
31.14455089  
17.10568968  
0.5388067711  
-15.02811625  
-25.69479805  
-28.68201186  
-23.62181674  
-13.03398598  
-1.674190926  
5.100557225  
