9.31413769  
5.442461447  
3.169372025  
5.23824372  
11.96162859  
20.95714169  
28.21087423  
29.97551193  
24.59602522  
13.37589008  
0.05142564497  
-10.88707259  
-16.22591577  
-15.43185978  
-10.75002911  
-5.94952461  
-4.329951653  
-6.966655828  
-12.06320406  
-15.74806575  
-13.95623842  
-4.511374077  
11.57825178  
30.22978216  
45.76703368  
53.11029562  
49.70633301  
36.3825943  
16.82996597  
-3.952292497  
-21.48040595  
-33.06550329  
-38.07705218  
-37.26194156  
-31.65054866  
-21.73761127  
-7.412458527  
11.34520495  
33.44457988  
55.99941058  
74.50748483  
84.00181262  
80.78158569  
63.9980178  
36.37111508  
3.649646232  
-27.05097203  
-49.42984817  
-59.88603914  
-58.42550581  
-48.31086889  
-34.66679886  
-22.62712597  
-15.7186606  
-15.01126501  
-19.2151054  
-25.54156287  
-30.90482781  
-32.99833697  
-30.91591315  
-25.20876948  
-17.48024469  
-9.74019077  
-3.757641928  
-0.5884883431  
-0.3638841014  
-2.346465689  
-5.206782092  
-7.44201735  
-7.834975912  
-5.837976228  
-1.76827865  
3.263189346  
7.694246474  
10.03872486  
9.431274664  
5.996157824  
0.8899266785  
-4.023305817  
-6.77241548  
-5.957530369  
-1.271149786  
6.323380999  
14.82671102  
21.78245411  
25.01902263  
23.32292698  
16.83702142  
7.062320461  
-3.541290562  
-12.24671711  
-16.85330305  
-16.35890654  
-11.31243888  
-3.725460361  
3.461724417  
7.235273315  
5.453617348  
-2.396178542  
-14.87864176  
-28.85864444  
-40.28259153  
-45.28569087  
-41.30715371  
-27.88158229  
-6.86876995  
17.94507573  
41.75460778  
59.88797435  
68.88875513  
67.25568842  
55.68483242  
36.80275432  
14.50114325  
-6.940522776  
-23.73952427  
-33.32181312  
-34.73468199  
-28.70035832  
-17.32179361  
-3.522107674  
9.644300314  
19.64176685  
24.91055633  
25.03778373  
20.63844271  
13.03423725  
3.868748542  
-5.21014558  
-12.73555711  
-17.49780545  
-18.59723104  
-15.56175768  
-8.549055212  
1.444394951  
12.520324  
22.10996324  
27.54760645  
26.8736739  
19.60485482  
7.153165621  
-7.343210548  
-19.81131187  
-26.44366431  
-24.90916131  
-15.13946253  
0.6055387463  
18.42811768  
33.99256322  
43.8063653  
46.14142656  
41.31210084  
31.28270492  
18.81997232  
6.543956499  
-3.78526468  
-11.54622179  
-17.09425843  
-21.3125322  
-25.09716556  
-28.9698944  
-32.91696108  
-36.45225839  
-38.83327825  
-39.3383367  
-37.52687931  
-33.42719703  
-27.61122768  
-21.12419497  
-15.25638388  
-11.18469391  
-9.571458069  
-10.25862149  
-12.20107906  
-13.72324036  
-13.06313926  
-9.037617566  
-1.577791122  
8.100230424  
17.80299101  
25.07237124  
28.0559459  
26.20560976  
20.52546352  
13.25979046  
7.12871462  
4.395374293  
6.108292126  
11.78718762  
19.64370129  
27.22816695  
32.24915446  
33.27363114  
30.08699436  
23.63049382  
15.58254896  
7.756125127  
1.520031335  
-2.578408178  
-4.888915615  
-6.42604444  
-8.41322478  
-11.75382283  
-16.60920533  
-22.24302604  
-27.21498874  
-29.8889434  
-29.092155  
-24.67646218  
-17.73375471  
-10.32737488  
-4.788937714  
-2.824756292  
-4.789328017  
-9.449558439  
-14.38138761  
-16.87682325  
-15.01061995  
-8.429682682  
1.465766285  
12.02266001  
20.29819414  
24.07414448  
22.51260356  
16.23212688  
6.865735546  
-3.608618806  
-13.41289027  
-21.16789834  
-25.77150797  
-26.1951288  
-21.49329197  
-11.17462269  
4.189671049  
22.48180066  
40.09193599  
52.72529025  
56.8006233  
50.91278334  
36.68088694  
18.48146068  
2.024894933  
-7.72810472  
-8.457561028  
-1.352525493  
9.45593798  
18.6737375  
22.05443933  
18.05713067  
8.225748501  
-3.828187154  
-14.29242186  
-20.92679981  
-23.87095793  
-25.12369897  
-27.0219673  
-30.57136796  
-34.56408896  
-36.0149849  
-31.74911766  
-20.34186599  
-3.375531862  
14.72830432  
28.34606785  
33.05305878  
27.65479106  
14.84282788  
0.1031692698  
-10.65675198  
-13.66755936  
-8.845610727  
0.3886521951  
8.90644107  
12.3889633  
9.341509181  
1.646160178  
-6.567002765  
-11.1145396  
-9.889748261  
-3.857294593  
3.560652239  
8.351288092  
8.039878408  
2.967007862  
-3.946518217  
-8.818237938  
-8.953745644  
-4.393202463  
1.977650672  
5.847717864  
3.734507868  
-5.070414454  
-17.87616675  
-29.64919257  
-35.27872812  
-31.96758574  
-20.59305683  
-5.379023016  
7.961369046  
14.72084101  
13.15428824  
5.0100622  
-5.535331904  
-13.94135879  
-17.31992381  
-15.44567556  
-10.35833  
-4.884749289  
-0.9376491201  
1.488518972  
4.114585004  
9.121670912  
17.56056336  
28.31607326  
38.22149564  
43.31487521  
40.63844344  
29.70300529  
12.91110327  
-5.249915046  
-19.84037852  
-27.15902979  
-25.76221342  
-16.47703365  
-1.600250655  
16.15584874  
34.38117885  
51.0676182  
64.25534727  
71.70657882  
71.08075206  
60.75083588  
40.92793118  
14.43447569  
-13.49966261  
-36.62190271  
-49.81031737  
-51.09691829  
-42.58486658  
-29.7031464  
-18.99015854  
-15.31900197  
-19.80743204  
-29.40167048  
-38.37652795  
-41.09562747  
-34.75696337  
-20.82293645  
-4.431968146  
7.960124957  
11.60881843  
5.74060545  
-6.048302167  
-17.46799106  
-22.50742798  
-18.29500687  
-6.477452804  
7.556011901  
17.25334906  
18.06816483  
9.712212413  
-3.588066344  
-14.97417994  
-18.11371178  
-10.17322906  
6.767414815  
26.50554574  
41.34068524  
45.33668065  
36.76474328  
18.68722151  
-2.486182424  
-19.7273556  
-28.14032089  
-26.55584408  
-17.41255948  
-5.195280913  
5.672669126  
12.44325651  
14.50445238  
12.69693459  
8.097684767  
1.103846673  
-8.605898963  
-21.22986499  
-35.69546519  
-49.02626853  
-56.82295165  
-54.86158987  
-41.15501  
-17.45605877  
10.67779319  
35.52130469  
49.97509334  
50.36068094  
37.96790124  
18.59938565  
0.2304540781  
-10.24207009  
-9.758466411  
-0.1597038119  
12.89098852  
22.61380407  
24.20280226  
16.90123461  
4.147379367  
-8.226893909  
-14.86725688  
-13.48314542  
-5.946460452  
2.597172818  
6.182617241  
0.9111131323  
-13.05139966  
-31.26533272  
-46.68956127  
-52.496677  
-44.81824308  
-24.28138826  
4.239363401  
33.45388185  
56.23651609  
67.8907671  
67.27838228  
56.55520305  
39.85526935  
21.63323999  
5.376574389  
-6.913305503  
-14.50876586  
-17.38273217  
-15.72757797  
-9.846086602  
-0.3950085462  
11.28753076  
23.10178414  
32.53766003  
37.38027027  
36.46667863  
30.1281754  
20.08636951  
8.829304506  
-1.259913617  
-8.643208063  
-12.93852964  
-14.72560919  
-15.01226355  
-14.66673269  
-14.09575009  
-13.28186882  
-12.08601831  
-10.58422253  
-9.21030402  
-8.609364409  
-9.287518252  
-11.27098401  
-13.98952509  
-16.4781194  
-17.81340894  
-17.56685569  
-16.03756033  
-14.13444558  
-12.95405393  
-13.25348213  
-15.07052416  
-17.67020559  
-19.83946208  
-20.39026456  
-18.64406649  
-14.69343035  
-9.348695618  
-3.817459936  
0.7353503773  
3.576342592  
4.620450857  
4.436178132  
4.068861618  
4.743594749  
7.510567515  
12.8915484  
20.59653095  
29.40125015  
37.28090493  
41.84971983  
41.05221422  
33.91966926  
21.1124348  
4.979863814  
-10.98675399  
-23.19580108  
-29.14708502  
-28.31466788  
-22.34016432  
-14.41263046  
-8.047989874  
-5.74598261  
-8.070223368  
-13.52626834  
-19.27255001  
-22.34432871  
-20.86071784  
-14.71661799  
-5.512588249  
4.178127513  
11.8289292  
15.81022451  
15.75240335  
12.37429227  
6.983388295  
0.9639271823  
-4.507988596  
-8.484142233  
-10.15374525  
-8.864058207  
-4.369999414  
2.777547877  
10.97333499  
17.72116745  
20.3340509  
16.98784228  
7.68323455  
-5.391021262  
-18.39494888  
-27.17388022  
-28.8833022  
-23.1879225  
-12.45016135  
-0.7553954556  
7.838575802  
11.05094576  
