14.78760548  
-3.244933542  
-22.57197351  
-37.36535858  
-43.52791667  
-40.09910244  
-29.38411277  
-15.80418277  
-3.998132673  
2.999533406  
4.753815966  
3.240554782  
1.65324296  
2.810450136  
7.905453661  
16.13021946  
25.26676551  
32.88072991  
37.49248934  
39.15303625  
39.18073456  
39.24721746  
40.32628953  
42.07293696  
42.96659486  
41.1462193  
35.49825674  
26.41407577  
15.79075716  
6.230569364  
-0.1859508402  
-2.937328366  
-3.355720522  
-3.977251457  
-7.215889592  
-13.99324407  
-23.02062878  
-31.15530478  
-34.7482887  
-31.40992818  
-21.37327499  
-7.769779918  
4.40131776  
10.2336309  
6.979692344  
-4.691645068  
-20.83395446  
-35.74592246  
-44.25138155  
-43.7689765  
-35.28348354  
-22.80928977  
-11.59413953  
-5.858540589  
-7.057104215  
-13.40202049  
-20.81782254  
-24.8642548  
-22.74813926  
-14.53291427  
-3.034553675  
7.507548518  
13.35716307  
12.93222009  
7.459528701  
0.3764138169  
-4.216664701  
-3.347681515  
3.572349356  
14.54053192  
25.83412773  
33.53562323  
35.0399363  
29.93382072  
19.95536291  
8.150666488  
-2.338948921  
-9.334313697  
-12.13770245  
-11.41859757  
-8.647849254  
-5.411191623  
-2.900362679  
-1.720093614  
-1.958525889  
-3.359181231  
-5.442307679  
-7.531355427  
-8.75969437  
-8.183550136  
-5.068770073  
0.7123299646  
8.364631566  
16.15600188  
21.82876482  
23.36214031  
19.81357316  
11.87088952  
1.82384197  
-7.113191669  
-11.91164664  
-10.85078911  
-4.196247239  
5.851773959  
15.93217243  
22.71237205  
24.02505243  
19.52036591  
10.62105987  
-0.1384075498  
-10.06791084  
-17.17165765  
-20.58782304  
-20.53208451  
-17.88239733  
-13.67252694  
-8.742756916  
-3.662707874  
1.131159763  
5.152795556  
7.810605967  
8.54708249  
7.105252465  
3.756147493  
-0.6729718153  
-5.029930713  
-8.244584718  
-9.724968226  
-9.546975433  
-8.341268074  
-6.931057579  
-5.903714825  
-5.332286133  
-4.787819363  
-3.63210789  
-1.436184571  
1.697168716  
5.0800332  
7.692658078  
8.624559968  
7.491932324  
4.631263964  
0.9834023781  
-2.268442392  
-4.129437823  
-4.099575832  
-2.242404638  
0.9646242196  
4.872075273  
8.840162546  
12.27564662  
14.55657028  
14.97400247  
12.82780442  
7.725535294  
-0.01524432062  
-9.079286426  
-17.21515412  
-21.75959649  
-20.52694974  
-12.75464279  
0.2998710948  
15.43660055  
28.34472546  
34.95841144  
32.85890097  
22.18539793  
5.676699165  
-12.20520807  
-26.75949227  
-34.58496649  
-34.60015713  
-28.18282347  
-18.42157993  
-8.818536287  
-1.981297746  
1.187457596  
1.526651064  
0.9384857791  
1.341234146  
3.728706575  
7.732546123  
11.84591915  
14.17459044  
13.36402594  
9.290278115  
3.217968556  
-2.639433245  
-5.971822788  
-5.289605354  
-0.5378293767  
6.831236506  
14.35343526  
19.42470469  
20.22559421  
16.3642009  
9.017702573  
0.5381943294  
-6.321950555  
-9.288381298  
-7.248969928  
-0.5340690684  
9.26742074  
19.8528573  
28.89807711  
34.65551454  
36.27931532  
33.81821242  
27.94557561  
19.58224934  
9.582085865  
-1.408444946  
-12.90111941  
-24.40596508  
-35.28111175  
-44.69620445  
-51.74179469  
-55.63771141  
-55.94021848  
-52.65320337  
-46.20223395  
-37.30568744  
-26.82630424  
-15.68571672  
-4.866898886  
4.545109826  
11.38597257  
14.58494526  
13.49444989  
8.269125904  
0.1060720174  
-8.840666705  
-15.94866614  
-18.92132026  
-16.6200944  
-9.59552671  
-0.04845788559  
8.839420221  
14.00672946  
13.64378727  
7.906981557  
-1.088944267  
-10.02263139  
-15.58156416  
-15.66506351  
-10.10401015  
-0.6266201216  
9.884036426  
18.50889383  
23.31703564  
23.89616422  
21.22739463  
17.03792612  
12.97742601  
10.00476504  
8.229309299  
7.206540246  
6.461095515  
5.916990332  
5.987244414  
7.279209329  
10.08989992  
13.99255071  
17.77943869  
19.84871559  
18.89022612  
14.55736001  
7.792895019  
0.6214106619  
-4.541212414  
-5.786103137  
-2.446093316  
4.638652755  
13.42397925  
21.39476027  
26.41769776  
27.3803959  
24.40208096  
18.60213087  
11.59213989  
4.940110866  
-0.1888249724  
-3.139959022  
-3.691220898  
-1.931418501  
1.784324168  
6.778493481  
11.97695372  
15.95216941  
17.17804593  
14.47719623  
7.512219944  
-2.896009631  
-14.80856269  
-25.62060303  
-32.80926741  
-34.72447788  
-31.13741065  
-23.34188305  
-13.77034471  
-5.260608532  
-0.2272808499  
-0.00446640026  
-4.546181662  
-12.53515097  
-21.82289842  
-30.04267298  
-35.22215451  
-36.25406868  
-33.13658278  
-26.94534356  
-19.54320786  
-13.07542065  
-9.351555503  
-9.265795094  
-12.43890534  
-17.23747118  
-21.23119349  
-21.99548966  
-18.0142187  
-9.350866342  
2.204294128  
13.63428507  
21.716075  
24.2088843  
20.75083562  
13.08620073  
4.490327623  
-1.419142191  
-2.037459511  
3.23889784  
12.78664988  
23.38575306  
31.44835728  
34.35015168  
31.33354547  
23.64475873  
13.894479  
4.954657282  
-1.121215103  
-3.70859618  
-3.543264462  
-2.076140162  
-0.6062166192  
0.3796040496  
1.35431482  
3.344141819  
7.193789834  
12.88702612  
19.27485026  
24.36826858  
26.08532219  
23.12831311  
15.60146347  
5.092130937  
-5.831296596  
-14.50231909  
-19.0659738  
-19.06088536  
-15.46865576  
-10.24707524  
-5.563355785  
-3.037323165  
-3.268231465  
-5.777209388  
-9.326634248  
-12.44439099  
-13.93978643  
-13.2408487  
-10.48338876  
-6.380691295  
-1.964452089  
1.703810647  
3.780490594  
3.81429212  
1.838032765  
-1.62721308  
-5.667743371  
-9.176706305  
-11.13738472  
-10.92590257  
-8.53717079  
-4.635673904  
-0.3804823183  
2.945830665  
4.387878264  
3.683906804  
1.399047282  
-1.241942613  
-2.776020351  
-2.026701058  
1.460125928  
7.231108404  
14.05393381  
20.30469785  
24.46647317  
25.56496564  
23.40634551  
18.56995841  
12.19634832  
5.668214322  
0.2864275228  
-2.988031581  
-3.701849875  
-1.988773638  
1.435778671  
5.378711721  
8.3932272  
9.123421012  
6.713959466  
1.167672933  
-6.501672202  
-14.44081315  
-20.47065496  
-22.81514418  
-20.79757121  
-15.21763958  
-8.207459123  
-2.551239306  
-0.6766045627  
-3.687893294  
-10.83531074  
-19.66933031  
-26.86924333  
-29.45436106  
-25.91504343  
-16.80956038  
-4.578145133  
7.361507745  
15.876385  
19.22897008  
17.59368588  
12.79158692  
7.389429673  
3.578033488  
2.324993088  
3.159042505  
4.643459308  
5.278392384  
4.374453824  
2.462224896  
1.027477363  
1.69316369  
5.246462786  
11.00406729  
16.86793195  
20.11001556  
18.57415313  
11.76447402  
1.303218687  
-9.504558702  
-16.87785994  
-18.06559047  
-12.52469146  
-2.253774655  
8.894473738  
16.67693214  
18.12406098  
12.73585698  
2.721665999  
-7.821521692  
-14.47504972  
-14.19828108  
-6.507609632  
6.308402859  
20.00062094  
29.87306735  
32.42374539  
26.51896014  
13.70655129  
-2.393771304  
-17.35669157  
-27.39950868  
-30.51524982  
-26.94267204  
-18.87872578  
-9.594874204  
-2.295897488  
0.8928964298  
-0.4997680884  
-5.297711073  
-11.21805296  
-15.73527162  
-16.97197086  
-14.32365479  
-8.620525048  
-1.781570192  
3.912904383  
6.674022992  
5.875665588  
2.295711106  
-2.171645989  
-5.235301247  
-5.093149499  
-1.144469115  
5.751643973  
13.57905542  
19.909448  
22.79041942  
21.4167854  
16.32177803  
9.033768257  
1.379214138  
-5.236897147  
-10.24440714  
-13.84736258  
-16.56192169  
-18.63341868  
-19.67863733  
-18.78819792  
-15.07690408  
-8.413491756  
0.07907763691  
8.095749122  
12.88386549  
12.39468439  
6.354177714  
-3.282897124  
-12.81084682  
-18.10099723  
-16.29289554  
-7.144328798  
6.58407361  
19.96088437  
27.67547869  
