-5.15930226  
-12.51227602  
-21.87428097  
-29.32565174  
-30.90095781  
-24.309081  
-10.0931522  
8.349000716  
25.98317683  
38.13094625  
42.38471624  
39.58349051  
33.37728094  
28.53557916  
28.73622785  
34.82832001  
44.36823277  
52.65770606  
54.82787735  
48.03060196  
32.74570644  
12.61838674  
-7.084034262  
-21.6778767  
-28.92249726  
-29.70559521  
-27.28793554  
-25.51362485  
-26.85966189  
-31.24539009  
-36.13829652  
-37.86842142  
-33.49901046  
-22.36076437  
-6.53950001  
9.885679027  
22.47661541  
28.18565485  
26.45001057  
19.20031802  
9.866513732  
1.90186506  
-2.489727049  
-2.904060741  
-0.4339769475  
3.207482078  
6.627321334  
9.287181  
11.431627  
13.55210862  
15.76487024  
17.49919117  
17.69548051  
15.41597859  
10.53091052  
4.083339945  
-1.914816461  
-5.225192503  
-4.361035976  
0.6337379723  
7.972436616  
14.61546127  
17.30301506  
13.74803632  
3.538662087  
-11.58797836  
-28.20410807  
-42.22292544  
-50.15134597  
-50.15010966  
-42.56457008  
-29.77073297  
-15.4012837  
-3.207640329  
4.076854897  
5.512367761  
2.122976525  
-3.583815261  
-8.575489842  
-10.38914049  
-7.967494538  
-1.932409668  
5.795585315  
12.86482533  
17.48098563  
19.09793386  
18.51986617  
17.38333993  
17.26824026  
18.85940227  
21.55922702  
23.73989112  
23.5174224  
19.67339603  
12.27454074  
2.684840799  
-7.034687073  
-15.03571895  
-20.44122438  
-23.56831367  
-25.50997204  
-27.31110424  
-29.20092643  
-30.33078055  
-29.20835544  
-24.6428015  
-16.71124032  
-7.194826037  
0.8414723167  
4.232904812  
1.164489914  
-7.797323295  
-19.63183544  
-29.87135293  
-34.30866029  
-30.68049467  
-19.5896403  
-4.258100951  
10.77393668  
21.42173598  
25.52908828  
23.43668719  
17.48290859  
10.76592387  
5.803205937  
3.704888046  
4.161594156  
6.108839535  
8.599609724  
11.35985599  
14.73312384  
19.10488779  
24.21552317  
28.84833776  
31.16817731  
29.60234378  
23.81063572  
15.18091526  
6.487912646  
0.7730157624  
-0.07085303962  
3.679774257  
9.501970857  
13.61519523  
12.639527  
5.1803114  
-7.403114255  
-21.42778442  
-32.34843272  
-36.60451312  
-33.03133991  
-23.22447328  
-10.73739173  
0.4754989535  
7.63693969  
10.05028649  
8.9922618  
6.755490578  
5.384566716  
5.742130441  
7.31551605  
8.763956199  
8.830155477  
7.087858886  
4.132650582  
1.15826401  
-0.793358874  
-1.450645364  
-1.43375633  
-1.80770866  
-3.328055521  
-5.822836314  
-8.089732671  
-8.406329716  
-5.410147442  
1.112536177  
9.961137314  
18.94576888  
25.80805816  
29.17500998  
29.0559261  
26.62497585  
23.40673876  
20.30416179  
17.00459541  
12.11498372  
3.999383114  
-8.086443175  
-23.15185485  
-38.39610288  
-50.01902477  
-54.60551122  
-50.48185649  
-38.43793657  
-21.49266072  
-3.813598586  
10.72528697  
19.7283521  
22.74357977  
20.90960245  
16.06735351  
9.834160225  
3.09025502  
-3.940206597  
-11.16984781  
-18.07597418  
-23.46634168  
-25.76388484  
-23.68567109  
-16.95808385  
-6.673471288  
4.930245952  
15.19184971  
21.92303591  
24.0705463  
21.86768891  
16.46646458  
9.299436879  
1.531055148  
-6.133864655  
-13.25369684  
-19.27931184  
-23.33265831  
-24.3664139  
-21.68981769  
-15.58273339  
-7.597593838  
-0.2534501364  
3.875420283  
3.328669142  
-1.367973902  
-7.622860532  
-11.66095916  
-10.08766922  
-1.490934724  
12.64685324  
28.20264643  
39.81485472  
42.9033785  
35.4824334  
19.00669468  
-2.104852636  
-22.06233379  
-35.74485698  
-40.35496994  
-36.06236077  
-25.47960723  
-12.32021776  
0.09818308487  
9.854041363  
16.58209359  
20.88767653  
23.45579974  
24.39132774  
23.14031717  
18.98998753  
11.81539261  
2.605730009  
-6.574706156  
-13.2292209  
-15.38674517  
-12.41334167  
-5.28142666  
3.830163148  
12.40414442  
18.50183864  
21.31146945  
21.12255581  
18.82599407  
15.27390054  
10.87389301  
5.624307792  
-0.4809817658  
-6.982312668  
-12.77243612  
-16.39591754  
-16.73244035  
-13.70955216  
-8.616987135  
-3.760144204  
-1.523674007  
-3.247624828  
-8.468937247  
-14.95479631  
-19.5953108  
-19.79901941  
-14.75814648  
-5.968520744  
3.289004345  
9.319272615  
9.637997768  
4.114480044  
-4.899003896  
-13.52209907  
-17.95940116  
-16.04830544  
-8.060257216  
3.566528629  
15.38615529  
24.42035659  
29.26445316  
30.3588047  
29.39059563  
28.21138415  
27.85725882  
28.15290413  
28.03478369  
26.334976  
22.53375226  
17.03703759  
10.83152067  
4.747877416  
-1.189231103  
-7.873178827  
-16.53394871  
-27.72085985  
-40.41008892  
-51.81235725  
-58.14961298  
-56.17820884  
-44.80624544  
-26.01451047  
-4.540424462  
13.67310969  
23.67607011  
23.42441039  
14.55274209  
1.633953798  
-9.773661315  
-15.43911511  
-14.11123015  
-7.792236949  
-0.5488011468  
3.553095714  
2.408831663  
-3.180101303  
-9.992838467  
-14.03900116  
-12.55476626  
-5.376704291  
4.963799959  
14.46074873  
19.56981243  
18.92283171  
13.99121141  
8.376029873  
6.059192654  
9.445358632  
18.12461627  
28.94697528  
37.3854821  
39.56465357  
34.024877  
22.41840759  
8.824546908  
-2.002444155  
-6.66648711  
-4.549050217  
1.986860343  
8.660587552  
11.10618419  
6.666896738  
-4.59627681  
-20.04861621  
-35.63116227  
-47.45515492  
-53.14247919  
-52.39193619  
-46.6391625  
-38.08860039  
-28.64010534  
-19.21701885  
-9.755473089  
0.2313276208  
10.87473816  
21.40236883  
30.1262931  
34.99666029  
34.46664477  
28.2615608  
17.68552015  
5.307726112  
-5.852395797  
-13.30747104  
-15.85390033  
-13.80902802  
-8.678988177  
-2.443490581  
3.210539087  
7.383849415  
10.01592768  
11.53832223  
12.35922428  
12.47369388  
11.4149795  
8.578050038  
3.745463518  
-2.476392409  
-8.583725719  
-12.58093383  
-12.75319052  
-8.496650589  
-0.8251654121  
7.730672611  
13.88030245  
14.7534105  
9.064853308  
-2.210817299  
-15.96959097  
-27.92546847  
-34.06197621  
-32.05991132  
-22.16203616  
-7.138133466  
8.64526946  
20.70446834  
25.91476435  
23.44323072  
14.82202383  
3.188322513  
-7.96366779  
-16.00496037  
-19.9008259  
-20.21131298  
-18.44382148  
-16.10197556  
-13.87941682  
-11.35550277  
-7.30909707  
-0.4849581142  
9.554027743  
21.89311197  
34.31660302  
43.95761092  
48.30255855  
46.14954058  
38.12763196  
26.55315968  
14.65931456  
5.482981932  
0.82952148  
0.7077823642  
3.447102381  
6.442880235  
7.23431507  
4.488831013  
-1.493728798  
-8.952036106  
-15.43330174  
-18.84216005  
-18.33229269  
-14.66483099  
-9.877642776  
-6.398683186  
-5.979552603  
-8.912914902  
-13.8873706  
-18.56448093  
-20.64333173  
-18.95049801  
-14.05876131  
-8.126863844  
-3.988552007  
-3.860780999  
-8.235261679  
-15.46676091  
-22.28942278  
-25.09040078  
-21.42686309  
-11.14069074  
3.425768944  
18.23805121  
29.09058926  
33.21895692  
30.33690758  
22.67273066  
14.00463953  
8.113975944  
7.309517602  
11.62433852  
18.98006556  
26.19362603  
30.35388991  
29.97116666  
25.43945933  
18.67801326  
12.17709474  
7.905431226  
6.551664879  
7.381772651  
8.702861428  
8.668350192  
6.04936735  
0.6624773145  
-6.667875492  
-14.52254766  
-21.44992091  
-26.43524028  
-29.1251035  
-29.78794295  
-29.09685072  
-27.858711  
-26.78522227  
-26.3440098  
-26.68348656  
-27.61391726  
-28.64414287  
-29.08665347  
-28.23454914  
-25.57690616  
-20.98019049  
-14.75536202  
-7.568169793  
-0.2259079257  
6.559370801  
12.31179583  
16.7697524  
19.73399435  
20.90959796  
19.88856432  
16.34560035  
10.38107493  
2.814655026  
-4.800555115  
-10.57131284  
-12.98446128  
-11.65960366  
-7.744183699  
-3.658422843  
-2.175524863  
