10.30448777  
17.60355979  
22.10118941  
25.23436979  
28.40519018  
32.04794656  
35.36718279  
36.79288793  
34.84921778  
28.97412545  
19.90272527  
9.47252884  
-0.01799555706  
-6.593316679  
-9.211118693  
-8.003802003  
-4.12794984  
0.6672599907  
4.586385455  
6.299731538  
5.314341093  
2.133459453  
-1.846089129  
-4.719626422  
-4.69750584  
-0.8182049558  
6.488140769  
15.24759177  
22.36265374  
24.55930117  
19.57457688  
7.143671636  
-10.63456319  
-29.75974621  
-45.49819837  
-53.84012548  
-52.70416127  
-42.45918643  
-25.62973178  
-5.98889541  
12.53898264  
26.74499425  
34.54880273  
35.01181222  
28.19294867  
15.08990599  
-2.27146715  
-20.77339115  
-36.46893957  
-45.3768927  
-44.71998056  
-34.17166629  
-16.49258386  
2.937401116  
17.75214349  
22.89869517  
16.6928898  
1.694371732  
-16.1086008  
-29.59472167  
-33.38533349  
-26.07400067  
-10.80931419  
6.070263477  
17.78034228  
20.01159499  
12.73164977  
0.07534470182  
-11.59813653  
-16.57192577  
-12.25021147  
-0.1496788371  
14.97565269  
27.38492657  
32.87478396  
30.41345576  
22.21020013  
12.33022779  
4.646333999  
1.169401463  
1.518473305  
3.649786782  
5.307023573  
5.326205236  
4.080885574  
2.886529914  
2.796449606  
3.574981746  
3.53417099  
0.4228754067  
-7.070295455  
-18.04566153  
-29.15476468  
-35.70253429  
-33.6963608  
-21.90420448  
-2.888943978  
17.58979411  
32.66473762  
37.08467453  
29.38734844  
12.55902573  
-7.113674525  
-22.49436927  
-28.2939281  
-22.89829717  
-8.651438771  
9.375179007  
25.46382746  
35.2478267  
36.8643755  
30.99148313  
20.02730641  
6.979368888  
-5.399381596  
-14.98762047  
-20.30242272  
-20.44920837  
-15.26637297  
-5.653620526  
6.196089829  
17.02640555  
23.38825314  
22.95541264  
15.73667155  
4.528994092  
-5.799888616  
-10.09531935  
-5.115797352  
8.79888696  
27.40674326  
43.87338493  
51.28511829  
45.379991  
26.36748101  
-0.9401885781  
-28.76629732  
-49.12752965  
-56.61697016  
-50.14433574  
-33.03334784  
-11.55783924  
7.405353555  
18.66476017  
20.13861106  
13.04484886  
0.9954908326  
-11.50305862  
-20.54260543  
-23.84437274  
-21.14312986  
-13.98380638  
-5.120055591  
2.284957063  
5.499906803  
2.982484256  
-5.090055697  
-16.68412772  
-28.30399739  
-35.92257553  
-36.24769128  
-27.92619662  
-12.22246204  
7.160592451  
25.14229768  
36.87019264  
39.28510622  
32.05238744  
17.51520171  
-0.269267788  
-16.97778105  
-29.35007702  
-35.90246613  
-36.85144621  
-33.4441455  
-27.13072496  
-19.01222658  
-9.775309172  
-0.01736573594  
9.357093059  
17.00643542  
21.44257195  
21.62028117  
17.49890925  
10.23618581  
1.862084802  
-5.438019578  
-10.08130718  
-11.51173709  
-10.09927063  
-6.618386744  
-1.649364992  
4.712615092  
12.64166495  
21.97846048  
31.63093313  
39.42739839  
42.66632925  
39.22699475  
28.75143302  
13.27523678  
-3.126759367  
-15.67454405  
-20.70599542  
-17.20884038  
-7.348941375  
4.304653826  
12.58257659  
13.79820147  
7.223468054  
-4.671965764  
-17.3043899  
-25.89419741  
-27.38535235  
-21.56553417  
-10.96976976  
0.307935259  
8.319873051  
10.7444263  
7.568669355  
0.7944458801  
-6.585552371  
-11.83499864  
-13.42761762  
-11.39915246  
-7.08469609  
-2.463703346  
0.57833056  
0.8232181331  
-1.983788084  
-7.109532234  
-13.02266151  
-17.74904525  
-19.35866951  
-16.52563425  
-9.033608509  
1.964847043  
14.11563161  
24.51258955  
30.67548533  
31.5043976  
27.79048638  
21.99213227  
17.28594944  
16.24310976  
19.6985883  
26.3417227  
33.25905871  
37.22560571  
36.17475059  
30.16718657  
21.39154556  
13.17740785  
8.471783281  
8.492945114  
12.19826376  
16.8124258  
19.15522266  
17.12321251  
10.61589837  
1.479225591  
-7.473272653  
-13.85083582  
-16.78944549  
-17.23520317  
-17.29906883  
-19.04343856  
-23.33624303  
-29.35443458  
-34.97286036  
-37.8211471  
-36.46098812  
-31.09712011  
-23.49145265  
-16.16318045  
-11.30538416  
-9.957911922  
-11.80160598  
-15.58841068  
-19.89202333  
-23.73118297  
-26.74336958  
-28.88990712  
-29.96929487  
-29.33592235  
-26.08957996  
-19.69380528  
-10.67572818  
-0.9401748094  
6.618348615  
9.162195161  
5.192559941  
-4.548883264  
-17.05808646  
-28.04003526  
-33.51138473  
-31.3499545  
-22.10022265  
-8.671065006  
4.934160922  
15.27676446  
20.7912469  
22.19180336  
21.8611685  
22.57411947  
26.17913968  
32.8199353  
40.9710708  
48.15677714  
51.93694646  
50.69868932  
43.98698082  
32.3985095  
17.27720199  
0.4696502547  
-15.76820751  
-28.84162248  
-36.10662471  
-35.52607054  
-26.57043087  
-10.95852145  
7.271825322  
22.68015014  
30.20310805  
27.1812755  
14.74494346  
-2.195698562  
-16.57225953  
-21.88074902  
-14.91842558  
2.673851065  
24.83611205  
43.41736479  
51.47988529  
46.16283168  
29.83111058  
8.969531595  
-8.709310395  
-17.65360058  
-16.82336651  
-9.930927722  
-3.461141658  
-3.390126154  
-12.13272796  
-27.15776186  
-41.94789272  
-48.90033541  
-42.8622329  
-23.68649523  
3.374374534  
29.64838589  
46.54707738  
49.06183277  
37.73989719  
18.31092608  
-0.8257309319  
-12.12360943  
-11.89522294  
-1.558162243  
13.31045173  
25.58301616  
29.64541332  
23.59045157  
9.680459412  
-6.975447553  
-20.80874118  
-28.12310715  
-28.36677331  
-23.89351704  
-18.46614495  
-15.29317195  
-15.53374024  
-17.92107223  
-19.60013094  
-17.71702104  
-10.98148653  
-0.4769893898  
10.63975629  
18.39889777  
19.67446701  
13.52328573  
1.650331051  
-12.17355933  
-23.48607652  
-28.74245676  
-26.54066545  
-18.02652716  
-6.375626904  
4.405347008  
10.89129122  
11.36117005  
6.271187014  
-2.028439279  
-10.17961  
-14.97111677  
-14.37640629  
-8.162313064  
2.084554781  
13.47972951  
22.72421901  
27.07310364  
25.11067474  
17.12263276  
4.976567616  
-8.437119588  
-20.03097666  
-27.36603478  
-29.26828794  
-26.04011864  
-19.21868991  
-10.9814287  
-3.413052108  
2.108100437  
5.200583642  
6.371894104  
6.596277797  
6.786195473  
7.398533774  
8.343092623  
9.209132593  
9.663785315  
9.785159211  
10.11763061  
11.3805529  
13.95355623  
17.41183467  
20.40624868  
21.04679178  
17.70545463  
9.91523764  
-1.071627087  
-12.41145075  
-20.55209497  
-22.5861422  
-17.52618978  
-6.914215203  
5.586567913  
15.54383294  
19.54218909  
16.65001045  
8.894813864  
0.467558282  
-4.073474877  
-1.864571496  
6.832407455  
18.49692308  
27.64247241  
29.04613788  
19.99949056  
1.62942554  
-21.29070631  
-41.9912115  
-54.16146908  
-54.2288466  
-42.57024761  
-23.2251546  
-2.295481419  
14.27633017  
22.67000733  
22.19387218  
15.081436  
5.317426086  
-2.941337243  
-6.732588264  
-5.027330566  
1.257658152  
9.798484512  
17.65854017  
22.08226783  
21.15150436  
14.26371489  
2.404212508  
-11.86808311  
-24.83844626  
-32.51454122  
-31.84234224  
-21.91210424  
-4.665777777  
15.31599515  
32.06689124  
40.20846368  
36.94540816  
23.26438152  
3.761289235  
-14.94445935  
-26.64336436  
-27.85208206  
-19.05465311  
-4.347510051  
10.35167795  
19.74915881  
21.22018376  
15.60170205  
6.466528579  
-1.697480293  
-5.510343303  
-3.998780915  
1.349440557  
7.662949548  
12.24289318  
13.76042853  
12.51204042  
9.694808476  
6.212299744  
1.777976875  
-5.084991152  
-16.05903018  
-31.55532862  
-49.58128508  
-65.69633785  
-74.2995995  
-70.82095229  
-53.8780249  
-26.38072817  
5.026984453  
32.08031823  
47.75513029  
48.72248529  
36.401335  
16.21549791  
-4.580753083  
-19.56734695  
-25.22896231  
-21.67873706  
-11.91111539  
