-23.8012544  
-32.42611569  
-38.12266838  
-39.1634838  
-34.9548965  
-26.42525067  
-15.85866935  
-6.175053229  
0.109325353  
1.847171653  
-0.2467784569  
-3.810927792  
-5.717859969  
-3.303588201  
4.532918947  
16.80356401  
30.70298811  
42.58520262  
49.26817207  
49.16009119  
42.77875825  
32.48614991  
21.5744729  
13.08281002  
8.801789031  
8.810391107  
11.65183714  
15.001383  
16.51876202  
14.56560424  
8.586364541  
-0.8753219363  
-12.41448799  
-24.10302696  
-33.82111971  
-39.56582179  
-39.77834038  
-33.71649381  
-21.81438108  
-5.877941648  
11.06464109  
25.35661393  
33.67169531  
34.06144283  
26.69965661  
13.97845335  
-0.1729418039  
-11.56937256  
-17.20485613  
-16.29392333  
-10.49568933  
-3.209943974  
1.792426301  
1.866817531  
-3.47243477  
-12.38748677  
-21.46605756  
-27.0635949  
-26.69208863  
-19.91764778  
-8.455707915  
4.512099942  
15.47690546  
21.73618382  
22.12315973  
17.14345554  
8.582723093  
-1.174998863  
-9.834255024  
-15.68154917  
-17.82402103  
-16.22523202  
-11.62382671  
-5.380882247  
0.7599468366  
5.036917364  
6.146479743  
3.71871356  
-1.403242099  
-7.272202959  
-11.4050852  
-11.68006481  
-7.241840807  
0.9774759812  
10.41109625  
17.71080025  
20.01778719  
16.1491455  
7.18700505  
-3.823030769  
-12.98877969  
-17.07255764  
-14.76232745  
-7.182012146  
2.57323634  
10.6768755  
14.0604816  
11.5360749  
4.114928674  
-5.549237176  
-14.28654732  
-19.58399376  
-20.31578781  
-16.79887549  
-10.28047344  
-2.220245552  
6.225863513  
14.28600851  
21.2732165  
26.20779765  
27.72241393  
24.44916115  
15.78554304  
2.655399803  
-12.2125281  
-24.80415987  
-31.08694407  
-28.57916553  
-17.5486758  
-1.242890132  
15.07703076  
26.0088532  
28.0710598  
21.09763916  
8.346937614  
-4.773188101  
-12.87363879  
-12.76310368  
-4.732187973  
7.595339787  
18.78318541  
23.83869951  
20.26594773  
9.073221846  
-5.659150918  
-18.4432061  
-24.57344356  
-21.94756476  
-11.80754414  
1.843407461  
13.85492772  
19.89433633  
17.99304858  
9.123496574  
-3.330334787  
-14.9224251  
-21.75665031  
-21.77332972  
-15.30822349  
-4.822462615  
6.011581888  
13.50943204  
15.07366248  
9.899825535  
-0.8508539134  
-14.4034797  
-27.12257066  
-35.47286349  
-36.95891856  
-30.81338564  
-18.24374979  
-2.140688205  
13.7074427  
25.68918698  
31.40985823  
30.35152333  
23.91672281  
14.83231969  
6.133918148  
0.1189819654  
-2.325670222  
-1.773438177  
0.2960331865  
2.370969851  
3.67922107  
4.490876204  
5.814550518  
8.648957717  
13.18121704  
18.36539396  
22.14715976  
22.28973704  
17.45165533  
8.012069158  
-3.780638976  
-14.47515611  
-20.66892561  
-20.33609859  
-13.66239562  
-3.01352526  
7.968136209  
15.76527062  
18.29724531  
15.59530731  
9.58042258  
3.079474986  
-1.454225537  
-2.93610067  
-1.93044925  
-0.1285502587  
0.6867298597  
-0.3356098511  
-2.614798489  
-4.41974754  
-3.810232656  
0.2095270491  
6.894906771  
13.74905755  
17.37384935  
14.86364154  
5.152471075  
-10.29063876  
-27.76891424  
-42.60177007  
-50.83290308  
-50.71618247  
-43.36225936  
-32.26285221  
-21.86924332  
-15.79661175  
-15.38905697  
-19.23990558  
-23.87214124  
-25.30457713  
-20.85544369  
-10.42806974  
3.275856695  
15.73281956  
22.39170625  
20.56771928  
10.66257864  
-3.802789035  
-17.38462304  
-24.69045704  
-22.36587491  
-10.32419669  
8.248179049  
28.08908014  
43.76892635  
51.55583919  
50.53174103  
42.58490934  
31.37317012  
20.75658203  
13.37433142  
9.922184452  
9.341711575  
9.720041311  
9.408166964  
7.814356257  
5.532883715  
3.814222143  
3.706578833  
5.344135908  
7.763370633  
9.347141386  
8.669751445  
5.306256877  
0.1799769984  
-4.754873186  
-7.369413124  
-6.360306615  
-1.917991027  
4.262155961  
9.643768258  
11.89031441  
9.812396942  
3.803187643  
-4.407238285  
-12.52958868  
-18.63850506  
-21.81661502  
-22.26136059  
-20.88043762  
-18.65254109  
-16.12281301  
-13.29353424  
-9.926130763  
-6.023689037  
-2.153724886  
0.6418575993  
1.358527475  
-0.2958817558  
-3.462381707  
-6.253032668  
-6.489947523  
-2.780789455  
4.575466634  
13.34872887  
20.03146054  
21.20205553  
15.04955173  
2.379279855  
-13.40270027  
-27.4031916  
-35.04405621  
-33.8198151  
-24.27091391  
-9.753041662  
4.904706122  
15.28758131  
19.03722623  
16.57889972  
10.67153455  
5.029155055  
2.644114299  
4.538097093  
9.444111845  
14.49733114  
16.58135021  
13.72492637  
5.968152611  
-4.618380545  
-14.71013831  
-20.94045084  
-21.06354229  
-14.66507449  
-3.23854566  
10.31010991  
22.50066411  
30.18677382  
31.31493546  
25.40628052  
13.70427643  
-1.032551996  
-15.09204482  
-24.67078868  
-26.89085598  
-20.71373409  
-7.436267373  
9.48642659  
25.34914417  
35.61500556  
37.37828619  
30.32183431  
16.7638626  
0.7330357749  
-13.58575958  
-23.40478974  
-28.23280149  
-29.73597814  
-30.63383596  
-33.14452761  
-37.71294217  
-42.63780486  
-44.80307472  
-41.19575057  
-30.50560978  
-14.03443035  
4.556593371  
20.59954804  
30.28943369  
32.22581976  
27.91231479  
20.97012399  
15.41720687  
13.80830282  
16.10667653  
19.82693998  
21.39342585  
18.07967186  
9.600262672  
-1.434961841  
-10.48131315  
-13.053507  
-6.87323599  
6.819105581  
23.43563747  
36.69960773  
41.1331645  
34.33403878  
18.06698896  
-2.31363788  
-19.89344016  
-28.85613732  
-26.69222908  
-15.07971758  
0.8814199887  
14.72446969  
21.09962542  
17.69455579  
5.877662417  
-10.09683675  
-24.9029296  
-34.18377658  
-36.00651394  
-31.22463695  
-22.72823658  
-14.01205669  
-7.720813994  
-4.766959918  
-4.312026777  
-4.506844446  
-3.576613722  
-0.731797838  
3.4851328  
7.523771475  
9.622102016  
8.682956909  
4.829528523  
-0.5954850109  
-5.56751003  
-8.203643049  
-7.513537982  
-3.766990213  
1.654336071  
6.834022067  
10.06996541  
10.48727433  
8.286056008  
4.562289255  
0.8163413678  
-1.622149301  
-2.019532707  
-0.3718009409  
2.750909959  
6.523734244  
10.17387841  
13.13781519  
15.03537497  
15.53760486  
14.26571035  
10.8373079  
5.082880102  
-2.659176907  
-11.34021587  
-19.25356874  
-24.40751234  
-25.13673399  
-20.73875512  
-11.87376998  
-0.5312755835  
10.47525008  
18.33632918  
21.11160767  
18.32202176  
11.0590671  
1.583989915  
-7.420161318  
-13.66535539  
-15.86377035  
-13.95059877  
-8.912840061  
-2.354764619  
4.005930027  
8.744080478  
10.95739226  
10.33842949  
7.155625075  
2.197475346  
-3.318836543  
-7.921393576  
-10.18387844  
-9.133746254  
-4.654486472  
2.296272674  
9.816782414  
15.58857055  
17.67499159  
15.30728933  
9.319796452  
1.990430847  
-3.732528529  
-5.371081367  
-1.987200594  
5.27499472  
13.45365286  
18.80295849  
18.23571458  
10.61891496  
-2.605341096  
-17.75552427  
-30.11366558  
-35.5633922  
-32.05405279  
-20.34678865  
-3.773930395  
12.88277056  
24.96865589  
29.41564171  
25.59096594  
15.29452436  
1.985835841  
-10.42160414  
-18.75359474  
-21.37769918  
-18.42511768  
-11.46554083  
-2.836531731  
5.105488226  
10.58570553  
12.73802681  
11.64523987  
8.155258096  
3.565968589  
-0.7363538386  
-3.61918692  
-4.474652544  
-3.370981718  
-1.044669842  
1.286094469  
2.261477018  
0.7972041999  
-3.538279183  
-10.30880029  
-18.24121648  
-25.5118576  
-30.21543155  
-30.88182109  
-26.88865891  
-18.64828985  
-7.517440514  
4.54207426  
15.45270059  
23.52411792  
27.83203893  
28.3713343  
25.94347021  
21.81348438  
17.24187011  
13.04303552  
9.324748563  
5.515376349  
0.6889708111  
-5.915213299  
