-84.81961405  
-86.45366758  
-70.21079344  
-38.0589121  
3.808896959  
46.82114261  
82.51273501  
104.83941  
111.6103365  
104.6445858  
88.6913045  
69.55585068  
52.11678922  
38.91654742  
29.76637769  
22.41290283  
13.91594481  
2.138393879  
-13.25515652  
-30.65309834  
-47.18592405  
-59.87535873  
-66.69574991  
-67.09058785  
-61.78506684  
-52.10493907  
-39.25637609  
-24.01688206  
-7.02468729  
10.53302675  
26.33483455  
36.98135653  
38.94214118  
30.14456224  
11.50024325  
-12.49647593  
-34.68230207  
-47.5859558  
-46.43045914  
-31.49688089  
-8.644520521  
12.54727143  
22.52886993  
15.99970102  
-5.22148335  
-32.10415649  
-51.44490039  
-51.0490045  
-25.04062334  
22.9349004  
80.12472987  
128.7800338  
152.5084692  
142.4244461  
100.6510448  
39.74627362  
-21.75449967  
-65.9429881  
-81.72549617  
-68.26088423  
-34.48038286  
4.888168901  
35.03338462  
46.20647204  
36.41825694  
10.95403075  
-20.69132268  
-48.90537345  
-67.31968832  
-74.2358827  
-71.8936497  
-64.3032527  
-54.8605032  
-44.8563965  
-33.41064262  
-18.62873048  
0.7494397163  
24.0624744  
48.37702239  
69.16193172  
81.63300313  
82.20852661  
69.57949561  
45.13965446  
12.77852625  
-21.81061703  
-52.13505149  
-72.09141952  
-77.22806358  
-65.90345752  
-40.05416906  
-5.23138839  
30.33358669  
57.59574008  
69.08518285  
61.11356413  
35.03662109  
-2.938211739  
-43.42376041  
-76.50046572  
-94.47976959  
-93.90051657  
-76.17811155  
-46.82229352  
-13.61484405  
15.5919731  
34.79970855  
41.07617873  
34.91477346  
19.82933199  
1.37573421  
-14.20212275  
-21.50685  
-17.4572674  
-2.349809632  
19.88048947  
42.48686007  
57.8049441  
59.75974822  
46.15873975  
19.85003062  
-11.87231109  
-39.59186465  
-55.06496283  
-54.23655087  
-38.73627126  
-15.17562088  
7.527146995  
21.71266806  
23.94459569  
16.11998129  
4.282299973  
-4.293981552  
-4.420732737  
4.763910443  
19.58671358  
33.66890413  
40.87379664  
37.98576581  
25.92735934  
9.067985773  
-6.905692816  
-17.44499993  
-20.73861921  
-17.7929647  
-11.14251947  
-3.033634573  
5.851711258  
16.41639179  
29.91856503  
46.21815765  
62.55801558  
73.71581566  
73.68849874  
58.27820343  
27.43623614  
-13.76242709  
-56.09218884  
-88.85374284  
-103.2900306  
-95.46612442  
-67.56465685  
-27.17345786  
15.11068177  
48.87938756  
66.84635586  
66.65256441  
51.12634242  
27.07200995  
3.042924166  
-13.24487349  
-17.16930825  
-8.535752773  
8.403306425  
26.33035403  
37.33872756  
35.79496872  
20.61286342  
-3.995518386  
-29.7927922  
-47.57077658  
-50.94133335  
-39.33594477  
-18.80131847  
0.03457170725  
6.261933267  
-6.408406675  
-36.27599412  
-73.49320304  
-103.5158203  
-112.9596472  
-95.46587509  
-54.97632414  
-4.787197292  
37.46922028  
56.94745564  
47.815961  
15.8590824  
-23.768702  
-52.76185006  
-57.22359046  
-33.32579803  
11.34528244  
61.26529372  
99.65682697  
115.3935437  
107.1152525  
82.87936479  
55.72410348  
37.33610612  
32.77979657  
38.63722241  
45.24957526  
41.84604257  
22.07061261  
-12.66474894  
-53.4740963  
-87.69841337  
-104.2472551  
-98.17123678  
-72.52409565  
-36.8752861  
-3.323028326  
18.15121579  
23.04298854  
13.21052921  
-4.732801139  
-22.50833347  
-33.29115066  
-33.66115612  
-23.91162527  
-7.027522773  
12.88273442  
31.91905463  
47.07295215  
56.31916523  
58.46947968  
53.13791728  
40.9248994  
23.64770886  
4.31332016  
-13.36435157  
-25.84302396  
-30.71702445  
-27.37741271  
-17.11394161  
-2.666463375  
12.52930933  
25.08636624  
32.19802511  
31.95787734  
23.60918546  
7.837955445  
-12.95248178  
-34.6460318  
-52.00126457  
-59.92903027  
-55.19092193  
-37.88573307  
-11.98892832  
15.51684648  
36.79928348  
45.86824387  
40.70456433  
23.88202477  
1.373308063  
-19.94019878  
-34.9198519  
-41.76778531  
-41.89178646  
-38.24212885  
-33.12058134  
-26.73800817  
-17.38082141  
-3.140051603  
15.78165936  
35.61291283  
49.51019755  
50.13089085  
33.24453938  
0.6196862459  
-39.44363105  
-74.56365106  
-92.91141963  
-88.07910663  
-61.95180997  
-24.14364445  
11.90621698  
34.52073812  
38.56821617  
27.28296256  
10.31922221  
-1.010735691  
0.9442685843  
16.78885722  
40.1624772  
61.13501751  
71.17673379  
67.24013197  
52.98515931  
36.62525266  
26.55446595  
27.0010004  
35.90276897  
46.06424531  
48.99450922  
39.48192662  
18.59293675  
-6.435466468  
-25.40041134  
-29.90206283  
-17.38022912  
7.516505301  
34.86779767  
53.78581572  
57.05339468  
43.96714151  
20.17593408  
-5.245984316  
-23.98220289  
-31.92156655  
-30.3609643  
-24.62233582  
-20.98532557  
-23.54720545  
-32.50346261  
-44.50819981  
-54.70041406  
-59.21766543  
-56.91408002  
-49.54911506  
-40.56933516  
-33.30159271  
-29.56011526  
-29.2986366  
-31.26814795  
-34.07063222  
-36.85123736  
-39.19962817  
-40.42138398  
-38.81584215  
-31.66568649  
-16.2393868  
8.544106126  
40.6598435  
74.66965216  
103.0239344  
118.6326491  
117.6502492  
101.1841974  
75.04039043  
47.49856129  
26.04311025  
14.49396241  
11.82398582  
13.16682041  
12.4942943  
5.667171121  
-7.58719182  
-23.67054769  
-37.02227998  
-42.96549225  
-40.09762692  
-31.09108722  
-21.55927628  
-17.56774443  
-22.97688156  
-37.82494473  
-58.40882745  
-78.9053272  
-93.69575441  
-99.32460999  
-95.31689966  
-83.69652832  
-67.66531193  
-50.20986849  
-33.28736711  
-17.81520158  
-4.207234651  
7.062099159  
15.31212795  
20.0343316  
21.5118258  
21.19494984  
21.45053571  
24.65547413  
32.00438893  
42.62505949  
53.50979711  
60.41100699  
59.40157467  
48.48163134  
28.58497024  
3.598457932  
-20.58511156  
-37.60283995  
-42.2181986  
-31.5368613  
-5.6301741  
32.42346466  
76.96638912  
120.5737828  
155.2349251  
173.8788697  
172.0710303  
149.4742045  
110.5018105  
63.66395026  
19.47604728  
-12.6269601  
-27.39410263  
-25.69755083  
-14.40801507  
-4.038826823  
-4.891263247  
-23.11291283  
-58.21050835  
-103.0373429  
-146.2973376  
-176.5806257  
-186.3252593  
-174.1588484  
-144.7921221  
-106.688921  
-68.64925766  
-36.81527579  
-13.29054642  
3.266852617  
15.65797481  
25.9450506  
34.2154544  
38.89600289  
38.34491181  
32.75195795  
25.18381521  
21.0219357  
25.85381049  
42.69663751  
69.86257994  
100.5900314  
124.8444523  
132.748934  
118.3566099  
82.26522213  
31.98257491  
-20.18563044  
-60.999833  
-80.52226704  
-75.22760892  
-48.94268948  
-11.37838173  
25.14237666  
49.58172542  
55.41283464  
42.20238864  
15.18947484  
-16.83319598  
-44.53183013  
-60.93163085  
-63.32155178  
-53.65404594  
-37.42250943  
-21.47058862  
-11.49891302  
-10.11140315  
-16.05677831  
-24.91415244  
-30.97524822  
-29.63468504  
-19.38482457  
-2.621784091  
15.1149981  
27.246867  
28.83015472  
18.7431106  
0.4590398073  
-19.00328112  
-31.63841698  
-31.5703603  
-17.49604285  
6.558932006  
32.53966716  
51.2616713  
55.79480708  
44.0034945  
19.24580812  
-11.01515532  
-38.08304864  
-55.18518038  
-59.63008663  
-53.1470497  
-40.39126611  
-26.39389938  
-14.17494145  
-3.623851508  
7.852971897  
23.25560999  
43.50734895  
65.81917822  
83.81662047  
89.5746026  
76.83902752  
44.1214602  
-3.691077054  
-56.03917181  
-99.63199377  
-122.6464957  
-118.6710396  
-88.92948133  
-41.94667488  
9.23656258  
51.29188317  
74.76150794  
76.70200449  
60.96987653  
36.18971884  
12.26946914  
-3.205429465  
-7.414099813  
-2.795817971  
4.434137076  
7.073398411  
-0.06134843826  
-18.00340641  
-43.0926497  
