-4.587458383  
3.931944165  
13.74504216  
22.39227959  
27.81733615  
28.99346228  
26.22145322  
21.00091583  
15.51254548  
11.88341861  
11.48906232  
14.53920197  
20.09179676  
26.47669869  
31.94694582  
35.28836516  
36.14196386  
34.92948015  
32.45577737  
29.41090967  
26.03420504  
22.11209806  
17.29980739  
11.5752527  
5.545732971  
0.3865695842  
-2.625615414  
-2.796171497  
-0.5745452108  
2.335890329  
3.470609924  
0.5728477147  
-7.337584193  
-19.26952147  
-32.29993537  
-42.42128914  
-45.92733216  
-40.82107532  
-27.69045381  
-9.688839498  
8.395100156  
21.64178897  
26.52700367  
21.92918401  
9.29727355  
-8.009946281  
-25.90233999  
-40.79276979  
-50.46860932  
-54.37658366  
-53.34698314  
-48.97604578  
-42.95617584  
-36.58550805  
-30.55767546  
-25.00075322  
-19.66166596  
-14.13142797  
-8.050941675  
-1.280963322  
5.967985116  
13.07330729  
19.05774739  
22.81195233  
23.46795687  
20.81930317  
15.60984211  
9.512131266  
4.71178262  
3.180901098  
5.889230946  
12.283741  
20.30487471  
27.0124805  
29.63555356  
26.65501311  
18.47496252  
7.376875096  
-3.266563522  
-10.23061955  
-11.64283964  
-7.665246472  
-0.3784927664  
7.077220865  
11.7405906  
11.93326675  
7.788566567  
1.025814566  
-5.879864514  
-10.73309988  
-12.4022678  
-11.04552148  
-7.75505626  
-3.868366889  
-0.3325435252  
2.559190495  
4.962858093  
6.984225446  
8.229039774  
7.728449969  
4.363559032  
-2.377171175  
-11.69907711  
-21.28972846  
-27.83760754  
-28.1845562  
-20.68431152  
-6.173773587  
11.93384913  
28.58765093  
38.78101433  
39.34540036  
30.1352629  
14.10300141  
-3.791528717  
-18.41241941  
-26.28675722  
-26.71707304  
-21.7447337  
-15.02600879  
-10.13482237  
-9.027977088  
-11.31107235  
-14.5774209  
-15.62383618  
-11.98195302  
-3.096298497  
9.339121931  
21.99330957  
31.16772722  
34.17738656  
30.29324746  
20.91548704  
8.9802955  
-2.103148333  
-9.551434922  
-11.9592474  
-9.512569066  
-3.69510033  
3.320487956  
9.356048502  
12.79754502  
12.95130684  
10.16251378  
5.70202426  
1.433527988  
-0.7094911995  
0.6487216949  
5.759992379  
13.46835955  
21.39705757  
26.65184358  
26.86739223  
21.2247564  
10.9993208  
-0.672575184  
-9.821385747  
-13.12391437  
-9.248814408  
0.5199993345  
12.69772235  
22.92559424  
27.66807862  
25.5471333  
17.72167597  
7.146169344  
-2.936204533  
-10.53938866  
-15.76168683  
-20.47264558  
-26.99716029  
-36.44746279  
-47.57121786  
-56.77965206  
-59.47438766  
-52.15445561  
-34.35842995  
-9.499370324  
15.90195031  
34.3785263  
40.22928681  
31.66588848  
11.49524894  
-13.94030467  
-37.10518349  
-51.9087747  
-55.57315049  
-49.05019419  
-35.97272063  
-20.75038506  
-6.732434221  
4.771887763  
14.30544803  
23.18184805  
32.1859016  
40.77342295  
47.17289713  
49.297834  
45.95901886  
37.72495011  
26.96882718  
17.05329062  
11.02426823  
10.40886139  
14.64147696  
21.33363666  
27.21698213  
29.31923099  
25.88873675  
16.76308942  
3.1618606  
-12.87614337  
-29.10501044  
-43.50682347  
-54.49348942  
-60.96312148  
-62.33883256  
-58.64760768  
-50.58569023  
-39.45419433  
-26.89205495  
-14.45753075  
-3.236136436  
6.315660407  
14.18608543  
20.37423043  
24.47396752  
25.58139565  
22.68134668  
15.39094142  
4.676701114  
-6.919790856  
-15.83863047  
-18.75336076  
-14.03196457  
-2.715725969  
11.54610082  
23.72920889  
29.39878513  
26.5679045  
16.58505874  
3.585198435  
-7.306624536  
-12.22473147  
-10.22296275  
-3.552985237  
3.582036496  
7.199750548  
5.568720608  
0.07889801675  
-5.505157371  
-7.05787985  
-2.369571466  
7.483250121  
18.42094073  
25.22877492  
24.13133071  
14.80167544  
0.7676745735  
-12.05726164  
-18.06720062  
-14.60041373  
-3.232451628  
10.93124841  
21.65093112  
24.49245738  
18.88861572  
8.31875753  
-1.477594811  
-5.370931617  
-1.380344189  
8.369873409  
18.73818462  
24.14555837  
21.35387562  
11.05911418  
-2.483524828  
-13.59226488  
-17.95583389  
-14.67410104  
-6.516881765  
1.707433406  
5.806318509  
4.482826389  
0.02683157551  
-2.978066157  
-0.2916264781  
9.369666067  
23.14838458  
35.01074409  
38.49913947  
29.97849429  
10.76811786  
-12.96793475  
-32.64377473  
-40.93714331  
-35.04861551  
-18.00826034  
2.600490329  
17.92990458  
21.66708229  
12.6208585  
-5.035745802  
-23.89238436  
-36.73201862  
-39.64293651  
-33.41511855  
-22.69392034  
-13.44392146  
-10.0332593  
-13.34357052  
-20.72093936  
-27.63796471  
-30.11187141  
-26.62123076  
-18.60572272  
-9.413271805  
-2.361077025  
1.007260477  
1.554576851  
1.796844542  
4.245735842  
9.80392454  
17.11889798  
23.2591708  
25.3441655  
22.22523744  
15.27194885  
7.786009283  
3.304622083  
3.670974174  
7.913318671  
12.58539324  
13.47208559  
7.834998273  
-3.952381053  
-18.27091081  
-29.7831902  
-33.93944467  
-29.24825797  
-18.16078574  
-6.05758309  
1.253683938  
0.3734056354  
-7.885957105  
-18.64078924  
-25.03448711  
-21.37776755  
-5.904719455  
18.13060135  
43.54459868  
62.0404384  
67.51453208  
58.41999832  
38.20678686  
13.74028684  
-7.510048209  
-20.23202114  
-22.82182985  
-17.20423923  
-7.234227731  
3.387117122  
12.62332186  
20.37969379  
27.58286636  
34.73166951  
40.83743915  
43.42756848  
39.68154392  
28.12480078  
9.955693607  
-10.79051648  
-28.48573172  
-38.10046256  
-37.37315549  
-27.93013985  
-14.76765919  
-4.240870796  
-1.396344318  
-7.805379431  
-20.85766148  
-34.84002283  
-43.34526732  
-41.97923499  
-30.21571206  
-11.63310267  
7.528127239  
20.84135012  
24.15173984  
17.02691983  
2.684162341  
-13.46284012  
-25.94533611  
-31.1634368  
-28.37136276  
-19.46692417  
-7.847959557  
3.061544961  
10.97272706  
15.18073834  
16.27795664  
15.43232673  
13.66186972  
11.4436338  
8.758145423  
5.429249028  
1.492467934  
-2.636346562  
-6.265476897  
-8.704589482  
-9.525243798  
-8.650298756  
-6.246526428  
-2.529111739  
2.355577985  
8.261128952  
14.81634367  
21.20902632  
26.1805428  
28.3437637  
26.75203983  
21.46906369  
13.82252308  
6.124837399  
0.8812551375  
-0.2301208356  
2.835506434  
8.296489901  
13.12022164  
14.18402225  
9.556411947  
-0.6468005941  
-14.21297969  
-27.62410339  
-37.35602524  
-41.13054144  
-38.59897171  
-31.20549384  
-21.35740046  
-11.3361258  
-2.471639189  
5.061734257  
11.80415267  
18.23086556  
24.10288562  
28.33123061  
29.44748187  
26.43568904  
19.46673943  
10.10594879  
0.8245357902  
-5.99117667  
-9.061985043  
-8.754502091  
-6.84199317  
-5.576134276  
-6.512623299  
-9.675355277  
-13.49601828  
-15.58890485  
-14.00053262  
-8.317572935  
-0.06353600066  
7.853888185  
12.4182972  
11.90987836  
6.761626176  
-0.5659340826  
-6.65947205  
-8.684952003  
-5.656114564  
1.164002168  
8.91828276  
14.54840079  
16.24689519  
14.26142446  
10.65908592  
8.171169154  
8.69433456  
12.20212207  
16.6284458  
18.81297969  
16.07331273  
7.647908864  
-4.706169739  
-17.28819389  
-25.97561507  
-28.01184975  
-23.24046452  
-14.21053448  
-5.093979188  
0.1028845002  
-0.7696107256  
-7.160007372  
-16.17459806  
-23.94645046  
-27.37325821  
-25.43714624  
-19.53476185  
-12.71244465  
-8.197831955  
-7.918419857  
-11.67354809  
-17.30190882  
-21.72575835  
-22.36613887  
-18.28458685  
-10.56001916  
-1.772838235  
5.135336251  
8.102367487  
6.752506943  
2.454444678  
-2.346380896  
-5.197734087  
-4.647441732  
-0.7851701122  
4.863938406  
10.00538441  
12.50548815  
11.21702161  
6.405681793  
-0.3472358451  
-6.696652252  
-10.32591389  
