-16.11556643  
-22.22126786  
-23.96508824  
-21.86372212  
-17.41366665  
-12.14059838  
-6.884473706  
-1.643876537  
4.026414473  
10.36604344  
16.92268978  
22.52971904  
25.77717471  
25.7251715  
22.46886789  
17.23355462  
11.92039325  
8.30781419  
7.294785757  
8.554583302  
10.76248811  
12.273891  
11.90730496  
9.44316965  
5.604646439  
1.558915394  
-1.774442195  
-4.225157579  
-6.406781101  
-9.258749968  
-13.33855188  
-18.25192737  
-22.55306077  
-24.21808604  
-21.5048548  
-13.80869016  
-2.108787519  
11.21841747  
23.15273352  
31.03009697  
33.36966397  
30.20883342  
22.86843987  
13.32628272  
3.525538439  
-5.083250285  
-11.63985247  
-15.69892416  
-17.00588204  
-15.43546704  
-11.15769438  
-4.905286667  
1.898734941  
7.359434842  
9.700028412  
8.017296872  
2.842568493  
-3.82981894  
-9.174304995  
-10.64506608  
-7.125215568  
0.4026087564  
9.017516838  
14.86557446  
14.64786269  
6.997319151  
-6.832548709  
-23.27724771  
-37.67357737  
-45.91118695  
-45.88339387  
-38.18471469  
-25.80943049  
-12.99789937  
-3.694113762  
-0.1971639387  
-2.481154002  
-8.380464429  
-14.51277607  
-17.56260789  
-15.45523737  
-8.028414812  
2.990743636  
14.65251797  
23.8381425  
28.33239257  
27.55506327  
22.70884286  
16.2922693  
11.13922173  
9.316051269  
11.27664768  
15.60934213  
19.5122466  
19.86568687  
14.52425151  
3.331266927  
-11.5702886  
-26.3049432  
-36.53931419  
-38.9979825  
-32.63776485  
-19.02222167  
-1.759627167  
14.75042546  
26.74233701  
32.12185895  
30.76167681  
24.05709672  
14.07172405  
2.748223388  
-8.447459907  
-18.37451407  
-25.80326895  
-29.15442379  
-26.72302859  
-17.42116025  
-1.713758926  
17.79443297  
36.59768812  
49.48479594  
52.34550582  
43.87226381  
26.37745538  
5.255396917  
-12.819304  
-22.2970049  
-20.79638728  
-9.934590375  
5.411657189  
19.10328432  
26.15185692  
24.54157342  
15.73500434  
3.727554986  
-6.855617248  
-12.74073646  
-13.20897838  
-10.06544849  
-6.495572653  
-5.414256691  
-8.090863516  
-13.64577975  
-19.5724312  
-22.96653173  
-21.8546996  
-16.02736263  
-7.057164691  
2.424893319  
9.808415914  
13.445027  
13.08344549  
9.69826858  
4.884793866  
0.1455398386  
-3.618913669  
-6.246761057  
-8.10006585  
-9.661823369  
-11.15423522  
-12.34313418  
-12.59484721  
-11.15311621  
-7.530074009  
-1.870445382  
4.854120564  
10.93324316  
14.33096522  
13.35856983  
7.414796638  
-2.492073516  
-13.72515034  
-22.65240844  
-25.83139989  
-21.36795255  
-9.90161509  
5.279358172  
19.1952937  
26.95807967  
25.72311624  
15.98525673  
1.585973097  
-11.69273197  
-18.44931902  
-15.94775888  
-5.361465176  
8.626102961  
19.76008137  
22.89175609  
16.23248439  
2.17808274  
-13.68013536  
-24.9327602  
-27.06622545  
-19.31593323  
-4.862101745  
10.66560485  
21.64596341  
24.75269928  
20.06910513  
10.62442585  
0.7000818448  
-6.199340004  
-8.729856783  
-7.862740302  
-5.881400236  
-4.865961907  
-5.516782903  
-6.919147116  
-7.299300222  
-5.271664475  
-0.8219140244  
4.559058435  
8.6814747  
9.951250571  
8.406675355  
5.870856417  
5.06464043  
8.098580483  
15.12739744  
23.90647763  
30.55171551  
31.19321323  
23.7501448  
8.976314202  
-9.72169549  
-27.59382311  
-40.34720771  
-45.59847591  
-43.36365144  
-35.49105409  
-24.47640616  
-12.36360534  
-0.2987345123  
11.13577924  
21.17256877  
28.31866425  
30.51872586  
26.07428932  
14.86224615  
-0.8809455002  
-16.80798033  
-27.83955371  
-30.15537263  
-22.88354093  
-8.629908119  
7.500973489  
20.01709743  
25.33180311  
23.16561758  
16.39486914  
9.434552311  
5.960838647  
7.101465167  
10.98180239  
13.82890554  
12.04899706  
4.205832949  
-8.114062823  
-20.98957108  
-30.04980685  
-32.58918002  
-28.83279444  
-21.71337672  
-15.28705126  
-12.61206912  
-14.18546029  
-17.7392309  
-19.49453592  
-16.2222694  
-7.046046759  
5.941094308  
18.56638387  
26.52556122  
27.41004487  
21.80484996  
12.93190173  
5.053149864  
1.462120755  
3.070772024  
8.258820367  
13.98331948  
17.49956929  
17.75645891  
15.74143035  
13.64020391  
13.32663214  
15.0611101  
17.16073367  
16.87219586  
12.01130737  
2.486677152  
-9.161161113  
-18.59487474  
-21.578008  
-16.05459174  
-3.389231106  
11.88815274  
23.79121724  
27.30898404  
20.48447116  
5.224799716  
-13.48876819  
-29.6046388  
-38.3178321  
-37.72056899  
-29.17215828  
-16.38236374  
-3.75366957  
5.231458671  
8.937320585  
7.593621324  
2.635695668  
-4.144862725  
-11.1870393  
-17.30256771  
-21.51029379  
-22.87985539  
-20.64607202  
-14.61650608  
-5.629409315  
4.299235215  
12.3870347  
16.00884115  
13.7736411  
6.245894266  
-4.085584508  
-13.65421621  
-19.14852969  
-18.754021  
-12.75457572  
-3.242133695  
6.894557313  
15.19891759  
20.50904684  
23.08244147  
24.00231816  
24.25177677  
23.99727207  
22.48783098  
18.62636014  
11.88840761  
3.05314451  
-5.714432749  
-11.56748439  
-12.19216099  
-6.96761477  
2.511981688  
12.86469206  
20.1740862  
21.55495791  
16.35790449  
6.485574747  
-4.324090049  
-11.94896241  
-13.46770703  
-8.243810088  
1.890691176  
13.36462026  
22.16417281  
25.16653257  
21.03370266  
10.42313668  
-4.433422083  
-20.51453224  
-34.82448972  
-44.99134347  
-49.56281323  
-48.05743298  
-40.88969581  
-29.2552324  
-14.98465794  
-0.317442343  
12.44719877  
21.39373599  
25.41386896  
24.44949761  
19.43448474  
11.92818898  
3.572377039  
-4.405438112  
-11.43016337  
-17.46020343  
-22.58652156  
-26.56975173  
-28.5839856  
-27.35251777  
-21.6774877  
-11.16267542  
3.201522766  
18.90865658  
32.42173173  
40.18433325  
39.83108612  
31.15027006  
16.40103012  
-0.1967976381  
-13.68307244  
-19.89747827  
-16.81391267  
-5.200074795  
11.63353797  
28.90779258  
41.89210733  
47.33351504  
44.31370917  
34.27387986  
20.26109095  
5.730730521  
-6.619776662  
-15.55824874  
-21.35085687  
-25.18826636  
-28.31315155  
-31.25635306  
-33.51592964  
-33.80396542  
-30.73278408  
-23.62408305  
-13.07433585  
-1.016167825  
9.774955698  
16.55301187  
17.5283321  
12.50612117  
3.005921243  
-8.176639653  
-17.81047523  
-23.18827163  
-22.89724492  
-17.17100041  
-7.734209339  
2.791622171  
11.72689422  
17.15796213  
18.49504122  
16.58896871  
13.36055122  
11.04817255  
11.31449023  
14.52686393  
19.49958551  
23.84982027  
24.89964776  
20.82869196  
11.63448276  
-0.528434859  
-11.86332792  
-18.20703629  
-16.64042904  
-6.810426483  
8.614652036  
24.63784754  
35.6058785  
37.27000767  
28.43577739  
11.51397731  
-8.302585584  
-24.95998889  
-33.82155097  
-33.39168509  
-25.7811888  
-15.71916292  
-8.519148742  
-7.844677621  
-14.20241811  
-24.78208234  
-34.69100301  
-39.04570117  
-35.03187306  
-23.07573948  
-6.661841201  
9.091409413  
19.47690064  
22.01345559  
17.31240685  
8.700587827  
0.819849651  
-2.18805437  
1.807825535  
12.25482592  
26.23990728  
39.57945544  
48.20408039  
49.344406  
42.1891207  
27.93201354  
9.330516947  
-10.00887087  
-26.42109841  
-36.92334166  
-39.83208146  
-35.18057815  
-24.82444641  
-12.11443458  
-1.091580486  
4.674345227  
3.284286096  
-4.691747877  
-16.20746551  
-26.66729303  
-31.56101568  
-28.23977759  
-17.12195908  
-1.768937927  
12.31415098  
19.76868542  
17.56843069  
6.39994818  
-9.387351745  
-23.32372921  
-29.2957282  
-23.98255368  
-8.259580257  
13.02604227  
32.8447584  
44.63387992  
44.74913137  
33.7463076  
16.0104452  
-2.069754786  
-14.60146762  
-18.33949965  
-13.65938874  
-4.047989157  
5.56864345  
10.88896283  
9.823630173  
3.016725709  
-6.786297559  
