30.53635478  
16.42150901  
-6.250944638  
-30.68605003  
-49.38188625  
-56.87518245  
-51.6850545  
-36.65086479  
-17.54072447  
-0.5596202815  
10.13359772  
13.81354468  
12.91386276  
11.30908743  
12.04775045  
15.67857061  
20.00491256  
21.38564934  
16.91870035  
6.378200485  
-7.135125294  
-18.2615972  
-21.75302911  
-15.05879045  
0.12722726  
18.17847548  
31.68161475  
34.53115753  
24.61511733  
4.880737048  
-17.72803422  
-35.03014952  
-40.88574922  
-33.59941409  
-16.45717957  
3.764540754  
19.61033753  
25.84542591  
21.24978463  
8.665889891  
-6.551878188  
-18.8783896  
-24.6935794  
-23.27601879  
-16.46708858  
-7.37098674  
1.174698081  
7.637777722  
11.96594847  
14.99847995  
17.57515608  
19.88458191  
21.38849986  
21.30184879  
19.29524464  
15.97578001  
12.83577105  
11.65202528  
13.61346999  
18.60331612  
24.99803369  
30.11063601  
31.11938271  
26.11704964  
14.87599837  
-0.9502148038  
-18.2456232  
-33.30821434  
-42.8853668  
-45.05016371  
-39.67983315  
-28.43037759  
-14.24058799  
-0.5129462079  
9.806305904  
14.99821703  
14.97283743  
11.17166226  
5.985474887  
1.866104298  
0.4348241914  
1.917042217  
5.12891759  
8.033092442  
8.644832099  
5.91173969  
0.1892590485  
-6.896236352  
-13.13385985  
-16.65301133  
-16.66772261  
-13.71363584  
-9.29612243  
-5.153242726  
-2.513538295  
-1.711779885  
-2.32256402  
-3.687308891  
-5.499570698  
-8.084601861  
-12.18705967  
-18.3676585  
-26.35301159  
-34.74689648  
-41.34508731  
-43.98377415  
-41.54555404  
-34.61867233  
-25.42889991  
-16.99484528  
-11.83726661  
-10.81219542  
-12.61385335  
-14.20677564  
-12.03330771  
-3.494163545  
11.91771998  
32.28972464  
53.8715985  
72.29057626  
83.89364837  
86.71965229  
80.82050067  
67.94956403  
50.86556561  
32.57020832  
15.71020911  
2.213788519  
-6.891640973  
-11.55516508  
-12.67959268  
-11.93031315  
-11.30506004  
-12.49542866  
-16.23215615  
-21.91244862  
-27.76419037  
-31.58869687  
-31.82370621  
-28.44314455  
-23.20256468  
-18.99696997  
-18.52532804  
-22.84407727  
-30.53267689  
-37.97443756  
-40.75135423  
-35.59129032  
-21.97323677  
-2.58515007  
17.67050332  
33.73521122  
42.57979674  
44.46250059  
42.60659521  
41.39519154  
43.92574301  
50.13170435  
56.46177847  
57.3864275  
48.10707073  
27.21187957  
-2.027459266  
-32.44106617  
-55.59498655  
-65.16012265  
-59.51931587  
-42.42592165  
-21.39526287  
-4.533417925  
2.789730789  
-0.03592649437  
-8.985850777  
-17.53315238  
-19.75197786  
-12.96471423  
1.218304746  
17.82954847  
30.89629384  
36.05824653  
32.26071823  
21.84958249  
9.185526904  
-1.43591012  
-7.528360006  
-9.062347383  
-7.864318897  
-6.23799297  
-5.609676053  
-5.896597495  
-5.848730928  
-4.074726742  
-0.1150405291  
5.061439055  
9.418253021  
10.87291892  
8.427860009  
2.805785765  
-3.751457766  
-8.430784022  
-9.080846349  
-5.141669775  
2.148200638  
10.3225495  
16.72615016  
19.52359723  
18.24725088  
13.71730732  
7.476856385  
1.081823516  
-4.4129079  
-8.59739303  
-11.52993068  
-13.43969081  
-14.51696874  
-14.88259961  
-14.67816907  
-14.13479547  
-13.51242915  
-12.92183408  
-12.16270239  
-10.74076601  
-8.135042618  
-4.217424621  
0.4115411933  
4.419773989  
6.178362069  
4.499325618  
-0.6626771799  
-7.930908518  
-14.87406806  
-18.9393949  
-18.56799963  
-13.96996098  
-7.153245799  
-1.128965177  
1.392043933  
-0.765260972  
-6.643619101  
-13.48702564  
-17.86879169  
-17.11136289  
-10.36443631  
1.121773273  
14.60623405  
27.01746012  
36.0977167  
41.01428387  
42.22184441  
40.75057183  
37.37475961  
32.14531298  
24.53993203  
14.12265451  
1.304958093  
-12.27620159  
-24.05898375  
-31.47112198  
-33.0492606  
-29.20649062  
-22.22375432  
-15.39633735  
-11.67209142  
-12.37864281  
-16.61736246  
-21.61253796  
-23.87691092  
-20.68989944  
-11.25234401  
2.964682332  
18.79415141  
32.58583676  
41.51621562  
44.44946179  
42.04114108  
36.1298326  
28.76881619  
21.37139984  
14.34148484  
7.297625913  
-0.2932435652  
-8.440115155  
-16.27802048  
-22.23873275  
-24.67915777  
-22.68291665  
-16.66206414  
-8.463275486  
-0.8874523174  
3.22540799  
2.01423071  
-4.664076221  
-15.05994624  
-26.00449077  
-33.88441417  
-35.794919  
-30.48465019  
-18.7763205  
-3.323189803  
12.21569748  
24.30582757  
30.59819625  
30.57452958  
25.57666852  
18.23264362  
11.49676581  
7.645313595  
7.570364927  
10.59446909  
14.835816  
17.96095038  
18.03966419  
14.20509676  
6.913500529  
-2.247087436  
-11.09792273  
-17.55943567  
-20.267089  
-18.9389599  
-14.4093763  
-8.339562709  
-2.695953398  
0.8585413277  
1.490001431  
-0.5272152052  
-3.891390609  
-6.733413223  
-7.345568987  
-4.943892013  
-0.162134488  
4.978876832  
7.714885498  
5.632463717  
-2.179229293  
-14.41377448  
-27.65778101  
-37.40983444  
-39.70082466  
-32.69748277  
-17.60223608  
1.602980468  
19.55389142  
31.5203723  
35.20944735  
31.56611626  
24.19494216  
17.63435441  
15.25037579  
17.71818712  
22.81395688  
26.63955176  
25.71805362  
18.95359319  
8.471665734  
-1.144886795  
-4.950704957  
-0.1272737689  
12.31277942  
27.47665976  
38.33142983  
38.53893367  
25.16187719  
0.04133689345  
-30.77456837  
-59.30449581  
-78.60989671  
-85.18439712  
-79.77497224  
-66.40118569  
-50.16636636  
-34.96682311  
-22.16819678  
-10.76906999  
1.20111526  
14.9094457  
29.57318227  
42.55923991  
50.6547517  
51.79317542  
46.26925608  
36.74561486  
27.00174481  
20.06352875  
16.70749081  
15.16699283  
12.24600782  
5.290357431  
-6.027538028  
-19.11383652  
-29.47143551  
-32.91639839  
-27.9053096  
-16.74101068  
-4.910064376  
1.292013801  
-2.192896739  
-14.92547196  
-31.67125928  
-44.36225874  
-45.54571834  
-31.79807607  
-5.529172282  
25.70880487  
52.16726116  
65.82480592  
63.55361126  
48.13443907  
26.7125494  
7.453625954  
-4.037664674  
-6.907668045  
-4.914897709  
-4.135945411  
-9.691128994  
-23.08361124  
-41.40069769  
-58.69736476  
-68.82927091  
-68.33022258  
-57.94967678  
-42.1509717  
-26.87198898  
-16.67750555  
-12.69131221  
-12.2776052  
-10.56656283  
-3.025857015  
12.20005617  
33.30536579  
55.62100702  
73.74391151  
83.91614143  
85.49437063  
80.84091597  
73.773669  
67.4211766  
62.59831378  
57.5218535  
48.9869355  
34.38011065  
13.4835834  
-10.86821879  
-33.64510001  
-49.60884657  
-55.49578911  
-51.36746945  
-40.50951931  
-27.95443677  
-18.34571003  
-14.13871348  
-14.9286008  
-18.12236039  
-20.52414461  
-19.99791176  
-16.39409497  
-11.34799656  
-7.149722643  
-5.346794021  
-5.845583214  
-6.98607834  
-6.536842882  
-3.066992536  
3.049852793  
9.562833802  
13.29115149  
11.65813554  
4.06798089  
-7.563886927  
-19.42142345  
-27.29479479  
-28.31256661  
-22.11957485  
-10.97517943  
1.260548587  
10.78588937  
15.42024683  
15.39371349  
13.0507138  
11.64077054  
13.75747056  
20.11160868  
29.14840528  
37.63883764  
41.96534153  
39.55881137  
29.91837109  
14.8468907  
-2.142748477  
-16.99019079  
-26.38263565  
-28.74396928  
-24.62506103  
-16.42225331  
-7.561085431  
-1.425027161  
-0.3545156832  
-4.997340326  
-14.17893923  
-25.3122386  
-35.21532582  
-41.08784872  
-41.3470573  
-36.06424671  
-26.86716092  
-16.35102403  
-7.207087843  
-1.371935209  
0.5183180024  
-0.7905845247  
-3.535524031  
-5.572113845  
-5.039864983  
-0.8517511465  
7.085067213  
17.8916035  
29.89445085  
40.88525585  
48.45319683  
50.42777269  
45.44436402  
33.54031233  
16.56141961  
-1.89853722  
-17.21334913  
-25.03974225  
-22.86941361  
-11.2305589  
6.043191026  
22.77288449  
32.43584387  
