29.60609293  
23.66070136  
6.367388546  
-13.48699178  
-26.97810881  
-28.59855834  
-18.20558506  
-0.6819727495  
16.34831855  
25.62689374  
22.8601228  
7.877950298  
-15.82987934  
-42.68634997  
-66.86241222  
-83.66439161  
-90.19962279  
-85.48575373  
-70.35659039  
-47.38435522  
-20.73290426  
4.364551812  
22.73954451  
30.910418  
28.61473431  
19.44106102  
9.956301063  
7.353796989  
16.42758228  
37.18516707  
64.32493482  
89.06596597  
102.7317652  
100.5678194  
84.01248485  
60.2379341  
39.00969741  
28.21794102  
30.1600149  
40.40483639  
49.9024522  
49.44489387  
34.38711277  
7.308926959  
-22.7905474  
-44.53310758  
-49.59543715  
-36.93019772  
-13.6461058  
8.034410477  
16.42728227  
6.013755083  
-19.68267129  
-49.45541884  
-69.49767467  
-69.88173051  
-49.36748627  
-16.19719536  
15.59595879  
32.68959729  
28.72572657  
7.317529231  
-19.68565331  
-37.91075964  
-37.46438566  
-17.86921643  
11.48914625  
35.71434399  
41.56170431  
24.03847209  
-10.73004965  
-47.82795556  
-70.10644308  
-66.00680339  
-35.05496635  
11.52538368  
55.41142331  
78.94968052  
72.63271029  
38.99809177  
-8.676605001  
-52.15613383  
-75.83309472  
-72.77376002  
-46.74415162  
-9.66642952  
23.99335763  
43.17821187  
43.92170586  
29.45392203  
7.222201407  
-15.293778  
-33.74956299  
-47.65592842  
-58.66375628  
-67.74876049  
-73.15309985  
-70.43300538  
-54.72704789  
-24.0726299  
18.06369916  
62.56849305  
97.18725526  
110.8190023  
97.75938567  
60.0418126  
6.889006793  
-48.41710553  
-92.85088959  
-117.3735749  
-118.767314  
-99.25903904  
-64.61223239  
-21.8619197  
22.31054308  
62.2309323  
93.28039116  
112.0145027  
116.7848729  
108.6815669  
92.06733026  
73.8950538  
61.52603555  
59.66139738  
67.74728206  
79.33204128  
84.14523206  
72.39528771  
39.55891395  
-10.57596466  
-66.28974764  
-111.9402884  
-134.0895775  
-127.1038783  
-95.65173136  
-52.83617437  
-14.6836541  
6.565617174  
7.312286258  
-6.613429032  
-23.52207873  
-32.00060889  
-26.5909906  
-10.23189573  
7.697575685  
16.68746001  
11.01546896  
-6.803621441  
-26.89346153  
-36.88434836  
-28.37602586  
-1.702351317  
33.53562179  
62.63669121  
72.76265596  
59.31442767  
28.50746284  
-5.279760331  
-26.25832264  
-24.89131728  
-2.727399409  
28.04788223  
50.27501345  
50.08745573  
23.83997685  
-19.67831644  
-62.91873363  
-87.5008828  
-82.70389521  
-50.52000978  
-4.865751408  
34.70628138  
51.86201864  
40.77470386  
8.471684873  
-28.7948668  
-53.3767231  
-54.53788105  
-33.34591608  
-1.902867481  
22.64984497  
26.48956503  
5.911427915  
-30.57456866  
-65.78383385  
-81.38523941  
-66.00392771  
-20.31258109  
43.03601064  
104.4531951  
145.1142313  
153.9865748  
131.3523  
87.67242423  
38.67126323  
-1.004428074  
-22.8658818  
-26.55705729  
-18.39361774  
-7.592716962  
-2.093769565  
-5.723574057  
-17.59469974  
-33.52148235  
-48.43624608  
-58.57046279  
-62.53260451  
-61.08743093  
-56.05882171  
-49.07350203  
-40.77132577  
-30.75926964  
-18.19084352  
-2.60464102  
15.38757442  
33.84417227  
49.75744152  
59.75976259  
61.08188528  
52.51161236  
35.0692983  
12.12998644  
-11.18135446  
-29.29597723  
-37.90145345  
-35.48432527  
-24.08654253  
-8.840688005  
3.711253315  
7.982478812  
1.485253766  
-14.15572192  
-33.81340312  
-50.89845489  
-59.98046377  
-58.84469412  
-49.0676561  
-34.87350426  
-20.84986301  
-9.66004131  
-0.8980735615  
8.333303809  
21.41809786  
39.84252694  
61.71790135  
82.07588061  
94.91274598  
96.03380591  
85.26689245  
66.84037253  
47.58100399  
33.67583644  
27.52370606  
26.26994696  
22.89934762  
9.57494254  
-18.19803169  
-58.49270268  
-102.4971777  
-137.0968805  
-149.5974163  
-132.7153642  
-87.79462864  
-24.90793216  
40.23633093  
91.39716825  
116.9831436  
113.4428143  
85.77166864  
45.18257195  
4.99391219  
-23.70053639  
-35.133432  
-29.89927054  
-13.87579464  
4.345160451  
16.54537929  
17.51503551  
6.526205897  
-12.6774969  
-33.29269122  
-47.83372402  
-50.77105629  
-40.60291748  
-20.61721773  
2.056918576  
18.9469195  
23.50298321  
13.92263087  
-5.676674873  
-26.4206478  
-37.94964488  
-32.62535958  
-8.955722898  
27.30846742  
65.06145985  
92.09218875  
99.96935569  
87.44127935  
60.79027876  
30.90114227  
8.309168234  
-1.518299341  
-0.4486297965  
3.630264893  
1.152727768  
-13.79470989  
-39.76586241  
-67.81185251  
-85.20213151  
-81.44178033  
-53.81354795  
-9.736892879  
35.40360698  
64.25255165  
64.78348702  
35.68072435  
-12.65912101  
-62.06623836  
-93.84676808  
-96.2389079  
-68.89291513  
-22.53677283  
25.86648373  
60.20616561  
71.40941522  
60.1403909  
35.12914319  
8.25973627  
-11.07037242  
-19.66768171  
-20.7952086  
-21.18574277  
-26.59697783  
-38.28793997  
-52.19712783  
-61.15129536  
-58.87442313  
-43.67584813  
-19.89077997  
3.703804433  
17.76081734  
16.66399986  
1.205610368  
-21.61052141  
-41.51447952  
-49.27238533  
-40.39267181  
-16.66341166  
14.97135785  
45.46809068  
67.17048392  
76.22788492  
73.1420189  
61.61248711  
46.58251558  
32.53906643  
22.69617552  
19.00636943  
22.43684776  
32.91546166  
48.78507414  
66.20401134  
79.26239502  
81.38431758  
67.87621197  
38.64782144  
-0.3321889341  
-38.00824411  
-61.797565  
-62.5985775  
-39.15570116  
0.3541971594  
40.63519034  
64.91820383  
61.76194432  
30.09427878  
-19.85454173  
-70.3724075  
-103.3874857  
-107.8908481  
-84.42823336  
-44.66030173  
-6.159789354  
15.24802503  
12.19693194  
-11.420123  
-42.72629557  
-66.05952359  
-70.17773038  
-53.15971842  
-22.83324644  
7.316484712  
24.7060324  
23.54346813  
7.319209987  
-13.15836048  
-25.11903784  
-19.96525159  
2.698494524  
34.9331764  
64.13375151  
78.64881651  
72.70152065  
48.44980434  
14.49208395  
-18.18575816  
-40.74274209  
-49.4167185  
-45.78494779  
-34.70242718  
-21.36216962  
-9.148472071  
0.7330248654  
8.03472954  
11.80774307  
9.680211693  
-1.187595934  
-21.85684484  
-49.42147289  
-76.44097848  
-92.84722668  
-89.87069201  
-64.30253428  
-20.9595083  
28.15488409  
68.02019546  
86.49851531  
79.39547502  
52.33725499  
18.47918017  
-7.046689603  
-13.51316965  
1.043593079  
29.43492576  
59.02437612  
77.77343139  
79.81645942  
68.01343527  
52.36309862  
45.08395284  
54.6769537  
81.68773094  
118.0332834  
150.0993933  
164.1404057  
151.5920881  
112.1092736  
53.28730501  
-12.48196952  
-72.43773025  
-117.2867497  
-143.1340739  
-151.2380674  
-146.2667927  
-134.1569176  
-120.4674403  
-109.5203713  
-104.0628648  
-104.9933531  
-110.9542505  
-118.0561967  
-120.2997532  
-111.1209193  
-85.90012759  
-44.5601102  
7.028724819  
57.87974465  
95.12265082  
108.6480031  
95.31761578  
60.82785669  
18.1585251  
-17.01428118  
-32.18153223  
-22.72030376  
6.537281513  
43.54953834  
74.12934531  
87.61183743  
80.70547432  
57.99663258  
29.13518831  
4.209559537  
-10.47006917  
-14.31960661  
-11.51388277  
-7.899315998  
-7.542297989  
-10.70323529  
-14.16338763  
-13.55249621  
-6.290602542  
6.508720011  
20.22278641  
28.90376574  
28.30786389  
18.17292568  
2.541325539  
-12.06104758  
-19.68090647  
-17.70147337  
-7.952860713  
4.338659793  
13.18707639  
14.72823617  
8.940357331  
-0.5651208609  
-8.457399398  
-10.25679009  
-4.264725551  
8.014861822  
22.98848218  
36.85364431  
47.15438697  
53.21497554  
55.37649471  
53.69420481  
47.07457966  
33.56227717  
11.76823302  
-17.32757337  
-49.3287285  
-76.99784017  
-92.52641177  
-90.6523135  
-71.21163613  
-39.82994004  
-6.232421163  
19.25870079  
