0.2214415865  
-1.547895293  
-0.9608862242  
2.292301103  
7.980308536  
15.25891452  
22.78323687  
29.01190659  
32.63679103  
33.00695057  
30.38962306  
25.94309831  
21.36797848  
18.32454629  
17.81226095  
19.75055636  
22.95011655  
25.52598391  
25.62533949  
22.19776617  
15.49026582  
7.038902963  
-0.8746997663  
-6.104989599  
-7.505960103  
-5.407715609  
-1.487301222  
1.926993167  
2.828154154  
0.3573611708  
-4.87931005  
-11.14453552  
-16.39819179  
-19.23491959  
-19.49406167  
-18.25749341  
-17.24328292  
-17.89417314  
-20.61049833  
-24.50994807  
-27.84056512  
-28.85083676  
-26.68835375  
-21.87523365  
-16.10854534  
-11.46392773  
-9.379526958  
-9.917195015  
-11.67388069  
-12.40878296  
-10.10550835  
-3.975840841  
5.066040924  
14.68197845  
22.012094  
24.78901944  
22.17062025  
14.95271201  
5.128929399  
-4.936199393  
-13.30796294  
-18.91373845  
-21.49953835  
-21.26910798  
-18.51254728  
-13.48778519  
-6.614962916  
1.194855295  
8.38424657  
13.00694483  
13.40182802  
9.008008949  
0.8880236053  
-8.402297894  
-15.67024095  
-18.36930495  
-15.74571885  
-9.283294201  
-2.165553528  
2.073301186  
1.13286808  
-4.959277848  
-13.77702808  
-21.52258693  
-24.71061845  
-21.74862872  
-13.68319235  
-3.758392046  
4.020204262  
6.663385308  
3.511686932  
-3.499283016  
-10.71671347  
-14.36685417  
-12.13838643  
-4.064152115  
7.632278722  
19.57267567  
28.61314758  
32.95395355  
32.54000364  
28.70079543  
23.33307522  
18.08818673  
13.93021  
11.16380764  
9.753730951  
9.628624275  
10.73939375  
12.861107  
15.34387395  
17.08832712  
16.89519779  
14.08470266  
9.055078596  
3.399473451  
-0.6165127761  
-1.076495013  
2.520480837  
8.711225837  
14.41297436  
16.12291038  
11.49199628  
0.5503224729  
-14.03591074  
-27.87268832  
-36.56082298  
-37.47399147  
-30.77866502  
-19.22201248  
-6.793597045  
3.093662819  
9.026588754  
11.93970865  
14.24421037  
18.20475533  
24.41384785  
31.17337608  
35.14426402  
32.98607238  
23.19522669  
7.219501952  
-10.7506442  
-25.29105716  
-31.90779987  
-28.88924874  
-18.01341305  
-3.799519995  
8.349176446  
14.28018558  
12.5863269  
4.87351516  
-5.207643333  
-13.63565809  
-17.61176311  
-16.41349469  
-11.26185396  
-4.433167827  
1.847766082  
6.190347879  
8.216014158  
8.211916084  
6.602303005  
3.611282604  
-0.6991410059  
-6.111575359  
-11.94919743  
-17.07446255  
-20.28148676  
-20.90147634  
-19.26212565  
-16.67471211  
-14.86144192  
-15.05710295  
-17.24134915  
-19.94520225  
-20.81532919  
-17.73232059  
-9.966294062  
1.215600395  
12.84624956  
21.39147765  
24.23467671  
20.83209838  
12.9878924  
4.097504507  
-2.30996935  
-4.068630194  
-1.232073472  
4.089408015  
8.811950566  
10.36014622  
7.856968639  
2.486505746  
-3.104800855  
-6.058671642  
-4.612905864  
1.122530378  
9.23849918  
16.86804723  
21.38181934  
21.40333621  
17.23541162  
10.58179368  
3.75610966  
-1.244500069  
-3.425142021  
-3.020803028  
-1.264461011  
0.1363386331  
-0.412616177  
-3.922084837  
-10.55468088  
-19.57243795  
-29.46843907  
-38.25750322  
-43.90078739  
-44.80997085  
-40.31788695  
-30.95740959  
-18.40549082  
-5.048867519  
6.715322397  
15.19405869  
19.8372316  
21.20964817  
20.51262526  
18.88945919  
16.86645479  
14.22129666  
10.35360033  
4.9586755  
-1.380329535  
-7.056974136  
-9.921561263  
-8.209633  
-1.485062886  
8.898632313  
20.12097861  
28.93330823  
32.97887029  
31.78487546  
26.93773114  
21.32415724  
17.77159774  
17.72647551  
20.60880924  
24.16550349  
25.65818319  
23.30315794  
17.24355  
9.552823512  
3.245530785  
0.7710458755  
2.740765149  
7.541451425  
12.06004979  
13.19150058  
9.396648859  
1.528767025  
-7.512505446  
-14.17076163  
-16.01289131  
-13.03089953  
-7.800916666  
-4.370567798  
-6.357979803  
-15.14002523  
-28.98921171  
-43.59257448  
-53.74885019  
-55.49461749  
-47.71232685  
-32.51513253  
-14.27014832  
2.258042912  
13.77615347  
19.50373782  
20.96600785  
20.72110238  
20.70697048  
21.05658139  
19.98378682  
14.80837437  
3.622721215  
-13.22649828  
-32.60780536  
-49.36840261  
-58.14310241  
-55.47192334  
-41.32181461  
-19.33938228  
4.314487487  
23.10682866  
32.40812225  
31.01095082  
21.32011162  
8.187377308  
-3.097032577  
-8.831189664  
-8.150152375  
-3.048821463  
2.757580068  
5.607964392  
3.544956428  
-2.837557465  
-10.67368544  
-16.08527329  
-15.87783115  
-8.961026513  
3.094341919  
16.59110222  
27.11355217  
31.23645395  
27.8446436  
18.53461514  
6.946074197  
-2.693779122  
-7.213647704  
-5.661983001  
0.4675185491  
8.011107248  
13.55438553  
14.8781656  
11.81644811  
6.180569211  
0.8170673432  
-1.755762162  
-0.5108105848  
3.644746919  
8.333453822  
10.85210017  
9.464891338  
4.250348111  
-2.884687738  
-9.029122284  
-11.5551771  
-9.28810353  
-3.036332991  
4.747092429  
11.01188429  
13.3979889  
11.20368338  
5.633092232  
-0.7512611353  
-5.103885911  
-5.427886901  
-1.303550849  
6.038901026  
14.26349533  
20.81073167  
23.74770509  
22.29296683  
16.9044341  
9.004710166  
0.5217872451  
-6.582372788  
-10.70344804  
-10.89704171  
-7.109799211  
-0.3182334319  
7.508643735  
13.72780909  
15.65798491  
11.42148833  
0.7249301368  
-14.75913831  
-31.66308472  
-45.86901115  
-53.85543128  
-53.95390227  
-46.99709384  
-36.04255484  
-25.22201096  
-18.14008545  
-16.46051562  
-19.26534423  
-23.46520306  
-25.10167943  
-21.00788446  
-10.14317774  
5.93905063  
23.66166432  
38.76953876  
47.87973074  
49.61043017  
44.87413772  
36.2921475  
27.04882853  
19.70166502  
15.42372958  
13.91804504  
13.93148123  
14.05134753  
13.39391223  
11.89936554  
10.16643356  
8.976711825  
8.777667301  
9.373935412  
9.947748763  
9.367493883  
6.625247319  
1.216236053  
-6.670701207  
-16.18642548  
-26.0299356  
-34.74555908  
-41.03072987  
-44.0039435  
-43.40097852  
-39.66664567  
-33.8982558  
-27.60758163  
-22.31455511  
-19.06261962  
-18.01830432  
-18.33535238  
-18.39892944  
-16.42437728  
-11.2219202  
-2.829535238  
7.277471021  
16.55053097  
22.22942517  
22.40387173  
16.8618269  
7.362284765  
-2.821993076  
-9.961355395  
-11.15099084  
-5.343033116  
6.257211077  
20.57500554  
33.67899612  
42.04385454  
43.61192676  
38.30764784  
27.88640438  
15.24918383  
3.524669281  
-4.749525997  
-8.115035719  
-6.291760221  
0.01511177567  
9.428582036  
20.18914122  
30.37004176  
38.06499527  
41.63414876  
40.04874682  
33.27309402  
22.52316889  
10.21114485  
-0.5376228359  
-6.743939409  
-6.571464345  
-0.10181169  
10.45548039  
21.29155323  
28.16871004  
27.86757671  
19.39352457  
4.466008863  
-12.94978505  
-27.95748183  
-36.4446428  
-36.5712442  
-29.45917376  
-18.79119091  
-9.436685546  
-5.600512003  
-9.189765742  
-19.0282985  
-31.23672064  
-40.65493061  
-42.78367902  
-35.51953654  
-20.03191885  
-0.4542592398  
17.49339669  
28.43887667  
29.14520236  
19.5216683  
2.537295199  
-16.87483958  
-33.47996906  
-43.36071079  
-44.95127121  
-39.20407271  
-28.93985998  
-17.70901171  
-8.61478866  
-3.490810529  
-2.635772919  
-5.07748524  
-9.161823179  
-13.19673526  
-15.92975237  
-16.7560114  
-15.6785665  
-13.1228804  
-9.719824764  
-6.132661977  
-2.947131214  
-0.6036826111  
0.6559836752  
0.8355062164  
0.2043770668  
-0.7369585873  
-1.363408818  
-1.086785591  
0.4750550905  
3.380580837  
7.342385176  
11.80768249  
16.10885406  
19.62672324  
21.91125152  
22.72932973  
22.04568101  
19.97095431  
16.71935253  
12.60298957  
8.06039431  
