103.8502734  
93.37496092  
66.26105902  
30.52439768  
-2.926198508  
-24.48803734  
-29.45217859  
-19.44600571  
-1.181304902  
16.80673508  
27.85242201  
29.57683822  
24.01272313  
15.58394056  
8.14482981  
2.715280546  
-2.863967487  
-12.17394938  
-27.32443711  
-46.55510312  
-63.79201174  
-70.67598275  
-60.31531017  
-31.05454588  
11.61324797  
56.11653301  
88.65326471  
98.31514967  
81.33762799  
42.64315817  
-6.004586339  
-50.45453318  
-79.34255556  
-87.84340366  
-78.55450832  
-59.37350523  
-39.5386015  
-25.71378851  
-19.82209505  
-19.38517052  
-19.89569881  
-17.8237786  
-12.66114544  
-7.003385731  
-4.729618336  
-8.334071372  
-16.89902636  
-25.87214303  
-28.89227624  
-20.85369393  
-0.7299967153  
27.27328807  
54.9198403  
73.08091824  
75.46551089  
61.27996995  
35.60224265  
7.269234687  
-14.81135985  
-25.30837423  
-24.47874438  
-17.68494071  
-12.67192902  
-15.84222996  
-29.1914558  
-49.24618009  
-68.44343802  
-78.31701155  
-73.08786371  
-52.12253988  
-20.25886476  
14.05911463  
41.9692801  
57.3369854  
58.60153094  
48.70920254  
33.36884601  
18.5388006  
8.2710747  
3.738569579  
3.645293998  
5.577847808  
7.500366296  
8.661166634  
9.585489282  
11.34564379  
14.65088155  
19.32303184  
24.43250175  
28.94645393  
32.42472172  
35.27073142  
38.31483449  
41.9276462  
45.19373102  
45.72228184  
40.38713113  
26.80024841  
4.881477326  
-22.27027721  
-48.76623059  
-67.60296991  
-73.05323336  
-62.83067084  
-39.12481662  
-8.044217118  
22.34224084  
44.61003439  
54.23767751  
50.71738684  
37.2216066  
19.1109344  
1.969418998  
-10.08031996  
-15.27400481  
-14.20702654  
-9.17568395  
-3.24199059  
0.6583813855  
0.4177379608  
-4.743352234  
-13.97478681  
-24.78085246  
-33.45509567  
-36.07366948  
-29.92348455  
-14.9245111  
5.604775569  
25.41179596  
37.15304563  
35.13276521  
17.90203243  
-10.47604222  
-41.29205128  
-64.13151453  
-70.87396413  
-59.11782267  
-33.47389027  
-3.978754359  
17.88675613  
23.97326139  
12.96955212  
-8.969534738  
-30.86369596  
-41.7461388  
-35.59362416  
-14.1277822  
13.83262898  
36.25563568  
43.32670921  
31.99381027  
7.54632166  
-18.5482315  
-33.65228518  
-29.62135536  
-6.616321104  
26.64147688  
56.32041144  
69.16582156  
57.99824836  
24.70710091  
-20.46785536  
-62.98304126  
-89.60655942  
-93.27121635  
-75.26446016  
-44.05237468  
-11.4459652  
12.16452426  
21.54732577  
17.96228878  
7.795534364  
-0.7011704062  
-1.097197371  
8.593734137  
25.28555423  
42.26979696  
52.04145779  
49.35814983  
33.40073813  
8.298785844  
-18.11574725  
-36.87495391  
-40.89739612  
-27.47271535  
0.6197922975  
35.77079449  
67.83152811  
87.34443209  
88.65962967  
71.85491378  
42.7291973  
10.79565067  
-14.05662325  
-25.02479851  
-20.67210132  
-5.144348443  
13.75059909  
27.80581667  
31.67266275  
24.77621401  
11.14717334  
-2.658331088  
-10.54903278  
-9.437606454  
-0.2380780791  
13.00389569  
25.27922931  
32.93326169  
34.98484171  
32.8745946  
28.91711636  
24.41294102  
18.5441031  
8.738366114  
-7.624705904  
-31.06273187  
-58.60586973  
-84.07452776  
-100.11029  
-101.1544849  
-86.03340599  
-58.91265859  
-28.08915348  
-3.06279271  
8.896539654  
5.260602244  
-11.15204035  
-33.60016483  
-54.13300908  
-66.38687058  
-67.37470551  
-57.76359807  
-40.85707224  
-21.00030173  
-2.188209865  
12.67504775  
21.89855898  
24.87421943  
22.06016217  
15.16007197  
7.227913158  
2.279071501  
4.183705751  
15.07238003  
33.93500016  
56.23373041  
75.02595264  
83.40443116  
77.34139814  
57.66422092  
30.13755433  
3.422618851  
-14.32396349  
-18.74936909  
-11.00509654  
2.960501196  
15.21844058  
19.48856786  
13.89320576  
1.562995536  
-11.14310775  
-17.89310874  
-15.50819001  
-5.451373481  
6.991746464  
15.36028633  
15.13040872  
5.74975534  
-9.346579424  
-24.62363957  
-35.16517368  
-38.78124794  
-36.46860161  
-31.12124858  
-25.35669556  
-19.78850463  
-12.79373386  
-1.944261234  
13.72631159  
32.00484097  
47.50803904  
53.70144528  
46.08548957  
24.95689914  
-3.794476305  
-30.51381687  
-45.60499088  
-43.6616632  
-25.95525  
-0.02288005927  
23.55327876  
35.73761084  
32.88817221  
18.07750109  
-0.6917503604  
-14.47534204  
-17.63590787  
-10.31707729  
1.992996182  
11.50977509  
12.24533857  
3.10635439  
-11.50962535  
-23.86489431  
-26.67393363  
-16.6590825  
3.840330209  
27.91334011  
47.17805611  
55.37636848  
50.75365394  
36.21142651  
17.37729553  
-0.2555160139  
-13.61233156  
-22.67850555  
-29.39999699  
-35.69284948  
-41.83878649  
-46.23119023  
-46.58262704  
-41.80006827  
-33.29238703  
-24.76110785  
-20.39222331  
-22.34618773  
-28.97636283  
-34.96180621  
-33.59719223  
-20.30531191  
4.349292244  
33.81209311  
57.58475919  
65.49856873  
52.37269183  
20.8720592  
-18.91429122  
-53.18797103  
-69.92279123  
-63.71196934  
-37.81207561  
-2.46873016  
29.69577094  
49.11254177  
53.04762037  
46.07573277  
37.16201371  
34.85479666  
42.9393474  
58.61727513  
74.01293935  
80.19116686  
71.67913913  
49.28700447  
19.88863559  
-6.681473562  
-22.07347039  
-23.05864824  
-12.64964671  
1.742085785  
12.11516251  
13.73198399  
7.134270894  
-2.606181638  
-8.93681398  
-7.574682934  
0.9660661306  
11.36462836  
16.03223451  
8.96171342  
-11.00703341  
-39.12739982  
-66.45817958  
-83.58822523  
-84.66156039  
-69.85983249  
-45.23379545  
-20.01558146  
-2.686673579  
2.404071995  
-3.592302016  
-15.14759214  
-25.28800246  
-28.87155029  
-24.69397838  
-15.55750948  
-6.451186063  
-1.863939383  
-3.582589714  
-9.989576944  
-17.08017038  
-20.57298008  
-18.00698922  
-9.806013141  
1.130806676  
11.00130326  
16.97825965  
18.44767111  
17.04659919  
15.57468083  
16.40686226  
20.24204068  
25.7960266  
30.53731092  
32.03400261  
29.20116108  
22.82937333  
15.16746993  
8.813267463  
5.488859317  
5.297956816  
6.792389674  
7.766925043  
6.367918121  
1.989276149  
-4.427816953  
-10.77581793  
-14.62884031  
-14.18228866  
-8.929352326  
0.1237201733  
10.71370885  
19.92017593  
24.93450781  
23.8321312  
16.19568473  
3.435797146  
-11.34453778  
-24.03230368  
-30.66516782  
-28.77590647  
-18.43282611  
-2.470649694  
14.36674224  
27.20589291  
33.10361355  
32.47390365  
29.09713377  
28.47340522  
35.05100783  
49.50424255  
67.40764974  
80.19355264  
78.31886484  
55.50344338  
12.2364165  
-43.15124733  
-96.64087798  
-133.3275291  
-143.0461928  
-124.4793154  
-85.8916794  
-41.99955275  
-8.136447298  
5.893895109  
-0.3378112657  
-18.03368012  
-33.30343943  
-33.54344404  
-13.31088082  
22.87367106  
62.05852407  
88.12486898  
88.57427461  
59.97757798  
9.799358202  
-46.1486096  
-89.54955907  
-106.322396  
-91.57994522  
-50.95689467  
2.00286388  
51.14058139  
83.45199716  
93.13509986  
82.59549459  
60.39406929  
37.2789599  
22.0147151  
18.55448486  
25.37238605  
36.85538152  
45.93472386  
46.84836926  
37.08619903  
18.0190553  
-5.783067126  
-28.15514932  
-43.29807482  
-47.53153153  
-40.39103867  
-24.7995176  
-6.254429858  
8.782178151  
14.86534832  
9.325734862  
-6.79350142  
-29.00516315  
-50.83465031  
-65.99357182  
-70.48811756  
-63.8661526  
-49.1328786  
-31.40624649  
-15.90571168  
-6.129774873  
-2.95018982  
-4.894765143  
-9.327566345  
-13.8442108  
-17.17177728  
-19.20147098  
-20.29894545  
-20.44629392  
-18.84430484  
-14.29995873  
-6.206456972  
4.507089819  
15.16309367  
22.21931793  
22.98974534  
17.38433691  
8.67161199  
2.630060984  
5.2134679  
19.65858501  
44.38734816  
72.83972335  
95.56510585  
