-26.7731355  
-33.61561756  
-40.31725888  
-44.87295013  
-44.79312343  
-37.94909954  
-23.47859132  
-2.366965594  
22.57339525  
47.36319273  
67.93765043  
81.26405314  
86.10405394  
83.18036113  
74.73964368  
63.72193109  
52.85903  
44.00236041  
37.85027461  
34.07112867  
31.68503225  
29.51149135  
26.52684687  
22.06099085  
15.85132651  
8.019827153  
-0.9673135668  
-10.33903151  
-19.08502277  
-26.08999089  
-30.35338942  
-31.26044236  
-28.81635268  
-23.74022258  
-17.3448949  
-11.2046604  
-6.700023441  
-4.593211467  
-4.796544442  
-6.438363203  
-8.226145462  
-8.990116781  
-8.209242463  
-6.311903227  
-4.612394208  
-4.873324377  
-8.626652928  
-16.48842783  
-27.72157011  
-40.22942098  
-51.01498249  
-56.97963713  
-55.8099814  
-46.66730279  
-30.46016035  
-9.621562015  
12.52157313  
32.57436728  
47.83769047  
56.79899606  
59.25402625  
56.09151851  
48.87127106  
39.35768389  
29.1420249  
19.41757016  
10.90450631  
3.880805099  
-1.727255372  
-6.221336988  
-9.98052485  
-13.29013274  
-16.17894295  
-18.32100614  
-19.06749637  
-17.64682967  
-13.50523825  
-6.686148856  
1.904845017  
10.49469082  
16.76835456  
18.47537979  
14.14830796  
3.691539405  
-11.38237611  
-28.19017953  
-43.1533163  
-52.92105463  
-55.26021262  
-49.63518698  
-37.30168924  
-20.89794912  
-3.678710927  
11.35573214  
22.16483823  
28.01009821  
29.37111737  
27.51637725  
23.91775418  
19.72786506  
15.4962608  
11.19232471  
6.483243218  
1.119902256  
-4.749079208  
-10.47476902  
-15.06419976  
-17.53105033  
-17.2935049  
-14.44969804  
-9.809393443  
-4.66060734  
-0.358661207  
2.099543637  
2.349292457  
0.6774198819  
-2.205968659  
-5.531742124  
-8.805125163  
-11.96126864  
-15.27915867  
-19.10198999  
-23.49950433  
-28.03326093  
-31.73940246  
-33.34902915  
-31.66608349  
-25.96355241  
-16.26016113  
-3.397643135  
11.08375042  
25.21135897  
36.90609106  
44.30651699  
46.0626698  
41.59295583  
31.28841809  
16.61470825  
0.03725066517  
-15.29801622  
-26.13160602  
-29.81125301  
-24.98228372  
-12.02832809  
6.905481582  
28.34718957  
48.27682323  
63.01869026  
69.9906309  
68.12641807  
57.9252332  
41.21309236  
20.76704978  
-0.07310641102  
-17.77161694  
-28.99645174  
-31.13003022  
-22.89611048  
-4.969703692  
19.68387812  
46.01842346  
67.80931769  
79.14238411  
76.10274735  
58.10478971  
28.3396783  
-6.921929271  
-40.03243699  
-64.14840787  
-75.1573017  
-72.6891003  
-59.88374592  
-42.0494013  
-24.75257685  
-12.06508522  
-5.585674694  
-4.503322825  
-6.538353234  
-9.260926745  
-11.18800503  
-12.21963955  
-13.31072149  
-15.62730234  
-19.64916326  
-24.67070642  
-28.93877575  
-30.35459932  
-27.40526163  
-19.89110603  
-9.114879453  
2.557218176  
12.57618081  
19.15984511  
21.91715193  
21.89819549  
21.06401822  
21.40764287  
24.09143326  
28.94960868  
34.54722201  
38.76216623  
39.64778663  
36.22674802  
28.89567999  
19.27563347  
9.562897162  
1.634908118  
-3.728035064  
-7.179401593  
-10.54120632  
-16.01190958  
-25.14149018  
-37.97887882  
-52.75203541  
-66.2469224  
-74.78330707  
-75.44375886  
-67.10348444  
-50.87729421  
-29.82420354  
-8.035731051  
10.53893277  
23.10439785  
28.5458447  
27.38003551  
21.27855485  
12.45013674  
3.14765939  
-4.587871675  
-9.022308307  
-8.845795032  
-3.455317491  
6.626384373  
19.42145115  
31.57540522  
39.05823511  
38.42177934  
28.21268721  
9.93192885  
-12.00328344  
-31.48272477  
-42.78057882  
-42.70837429  
-31.92566676  
-14.76358883  
2.47417117  
14.0863164  
17.33453771  
13.52999401  
7.310546863  
4.379879119  
8.703366181  
20.45044902  
35.67631433  
47.95820081  
51.29041014  
42.92296462  
24.80646829  
2.916647429  
-15.29555435  
-24.19112832  
-22.45063124  
-13.60888622  
-4.31935382  
-1.111195406  
-7.130839378  
-20.40769804  
-34.51183599  
-41.3787366  
-35.06757481  
-14.75563162  
14.41671045  
43.09578587  
61.35349342  
62.67277253  
46.58930201  
18.89379398  
-10.6386733  
-31.98390674  
-38.49345359  
-28.97294794  
-7.522974924  
18.56331794  
41.77544219  
56.92577835  
62.30391902  
59.23138508  
50.54249701  
38.91788228  
25.90452908  
11.96809826  
-2.679097962  
-17.13366423  
-29.4119579  
-36.92802247  
-37.63362063  
-31.21413053  
-19.66634536  
-6.874307732  
2.702530502  
5.666469702  
0.911038049  
-10.10219769  
-24.11356341  
-37.48743737  
-47.60758804  
-53.6144578  
-56.20624021  
-56.69832337  
-55.89614739  
-53.41129122  
-47.80703749  
-37.52295934  
-22.11394531  
-3.146894107  
15.7739881  
29.99579351  
35.48915977  
30.53387313  
16.69222185  
-1.394773499  
-17.38929143  
-25.34106035  
-21.70973353  
-6.574167719  
16.41494051  
41.30587071  
61.85181888  
73.50351661  
74.67208619  
66.84913348  
53.6213266  
39.03964107  
26.03032473  
15.48532319  
6.362929593  
-3.306478885  
-15.00317106  
-28.55883674  
-41.81482483  
-51.2953271  
-53.63522851  
-47.1417075  
-32.77323319  
-14.04502275  
4.167617346  
17.45627034  
23.55098672  
23.08110674  
19.05352941  
15.25167286  
14.27435166  
16.14159346  
18.17456239  
16.29274732  
7.197203091  
-9.555137656  
-30.61004619  
-49.57834848  
-59.32249903  
-54.87064014  
-35.71058707  
-6.412470643  
24.7913051  
48.96461198  
59.77651017  
55.7932449  
40.80011915  
22.03546033  
7.106688746  
0.908526439  
3.834290709  
11.98302903  
19.18614794  
19.90064719  
11.6800558  
-3.825877041  
-21.70663823  
-36.00975395  
-42.31376516  
-39.5257495  
-30.1703989  
-19.12814667  
-11.44836547  
-10.21890062  
-15.386772  
-23.96548941  
-31.45715687  
-33.82884018  
-29.20602572  
-18.61985758  
-5.566884756  
5.387414741  
10.38697328  
7.774045493  
-1.237167213  
-12.91859901  
-22.28328615  
-24.81737986  
-18.12212984  
-2.917635761  
16.96332123  
35.66706148  
47.22207583  
47.67171396  
36.69830588  
18.08323974  
-1.312882265  
-13.84141557  
-13.89826444  
-0.2559029745  
23.07403226  
47.93283023  
64.80428377  
66.32688999  
50.18093904  
20.16488362  
-15.04652162  
-45.03795625  
-61.46216497  
-60.99458652  
-46.25112532  
-24.34014816  
-3.728808637  
9.191726512  
12.36500124  
8.242979931  
1.933528231  
-1.702068969  
-0.5758470819  
3.675709357  
6.730750409  
4.058527509  
-6.409942328  
-22.74695125  
-39.4108684  
-49.40929148  
-47.26274194  
-31.41419408  
-4.99861204  
25.34781545  
52.06556293  
69.46572195  
75.5363092  
72.07546571  
63.26746938  
53.50526312  
45.52023579  
39.6196285  
34.21388017  
27.17644183  
17.23137194  
4.658088537  
-8.948860258  
-21.58799314  
-31.81541795  
-39.19105305  
-43.9977389  
-46.49525696  
-46.27212576  
-42.21057837  
-33.20790199  
-19.30495171  
-2.547512316  
13.0524879  
22.67161023  
22.56908889  
11.88542374  
-6.556052846  
-26.9553157  
-42.57783815  
-48.31445164  
-42.65001949  
-28.15976444  
-10.30160615  
4.955751606  
13.60059857  
15.04399832  
11.96783616  
8.700629566  
8.944941592  
13.95263476  
21.99269674  
29.3108756  
32.06270826  
28.25377107  
18.75278621  
6.918923118  
-2.935559653  
-7.480742848  
-5.780041836  
0.4535395392  
7.804989875  
12.78409262  
13.31764632  
9.414302624  
2.763231159  
-4.430562448  
-10.70855154  
-16.04714235  
-21.63449031  
-28.89023174  
-38.28215788  
-48.59767107  
-57.09427537  
-60.5070203  
-56.45694136  
-44.60075197  
-26.9775819  
-7.384756223  
9.941830246  
21.76557355  
26.80510889  
25.85906122  
21.13988332  
15.19456505  
9.922500575  
6.084677042  
3.415141116  
1.146653487  
-1.401931525  
-4.495042835  
-8.027623992  
-11.83323911  
-15.98615753  
