28.70122425  
24.26385492  
18.4869681  
13.23193292  
9.567651909  
7.32165092  
5.26159147  
1.853319615  
-3.753296762  
-11.00774841  
-17.9204144  
-21.80791459  
-20.54241166  
-13.73885618  
-3.281201103  
7.154829494  
13.47776992  
12.91296993  
5.333388584  
-6.448910425  
-17.64224646  
-23.3501679  
-20.60077263  
-9.667947572  
5.900077998  
20.58749207  
29.02606207  
28.05006902  
17.85671318  
1.831317852  
-14.83192601  
-27.09060643  
-31.77042052  
-28.37971355  
-18.80188418  
-6.146540366  
6.62924396  
17.69411663  
26.54402574  
33.48249261  
38.78095145  
42.04515731  
42.16253622  
37.86998163  
28.63702824  
15.37586122  
0.556939498  
-12.41344912  
-20.34301312  
-21.46043657  
-16.16175039  
-6.961226425  
2.36080443  
8.095683262  
7.923708267  
1.724078576  
-8.406658129  
-18.91423044  
-26.03902096  
-27.12200901  
-21.52788651  
-10.89148778  
1.385441448  
11.2272895  
15.2293256  
11.83197988  
1.935664293  
-11.28200372  
-23.34634804  
-29.992814  
-28.71552104  
-19.79691924  
-6.382329227  
6.525234004  
13.86709066  
12.49412673  
2.525555999  
-12.50069295  
-26.84604746  
-34.76161539  
-32.81238951  
-21.37608871  
-4.641423981  
10.97286204  
19.38445179  
17.35392743  
5.86510293  
-10.24088182  
-24.26306747  
-30.44574241  
-26.39959226  
-14.09702872  
0.9906181699  
12.23758692  
14.66865059  
7.009310852  
-7.887667074  
-24.37864309  
-36.48771942  
-40.36933978  
-35.69371973  
-25.40038284  
-14.0272298  
-5.465239502  
-1.216228472  
0.05159810049  
1.502955423  
6.239778346  
15.47704969  
27.70064717  
39.22557234  
45.88809237  
45.0570809  
36.99768039  
24.9290772  
13.73400727  
7.905122095  
9.657288111  
18.04296848  
29.4340177  
39.11024426  
43.21456102  
40.21258775  
31.26700005  
19.45997445  
8.312779807  
0.3245841207  
-3.826708388  
-5.147450762  
-5.443480638  
-6.208744149  
-7.861687502  
-9.67711496  
-10.38223386  
-9.052000322  
-5.807289589  
-1.940294907  
0.608407662  
0.1752969453  
-3.736202657  
-10.01817861  
-16.1826005  
-19.16998835  
-16.43014569  
-6.87479774  
8.625157996  
27.34195093  
45.33618089  
58.43980251  
63.31066654  
58.3046681  
43.96511507  
23.00300883  
-0.2713175591  
-20.98741682  
-35.01043719  
-40.15004004  
-36.88542559  
-28.28954898  
-19.06434298  
-13.9240979  
-15.85737394  
-24.92355133  
-38.10585164  
-50.36449056  
-56.54998404  
-53.44828822  
-41.12458774  
-22.98101529  
-4.463810298  
9.069736444  
14.43984418  
11.80631689  
4.415061456  
-2.944601408  
-6.080701363  
-3.189891127  
4.478604467  
13.34472512  
19.23452566  
19.31296432  
13.32978257  
3.639842825  
-5.957881871  
-11.97492036  
-12.74445846  
-9.004516563  
-3.33852369  
1.190473239  
2.51050005  
0.4045937316  
-3.607415147  
-7.240688596  
-8.724225941  
-7.714084248  
-5.385083166  
-3.686232291  
-4.179971595  
-7.093971696  
-11.09485835  
-13.91275108  
-13.50217143  
-9.145437394  
-1.928564851  
5.666049349  
10.86475017  
11.87338145  
8.701471636  
3.149806398  
-2.019922141  
-4.325274499  
-2.624561085  
2.478549255  
9.031224199  
14.68675095  
17.73205192  
17.70751117  
15.37811759  
12.15183893  
9.300060209  
7.3916452  
6.194727216  
5.026611237  
3.298122981  
0.9223213438  
-1.629297448  
-3.615404561  
-4.449160435  
-3.983686482  
-2.489177347  
-0.357590087  
2.247662173  
5.534709191  
9.882017306  
15.37998146  
21.39593291  
26.48201016  
28.79040852  
26.8826433  
20.56519754  
11.30265589  
1.913559315  
-4.41371931  
-5.399626796  
-0.6768281419  
7.964166678  
17.23799353  
23.6657653  
24.93927569  
20.73975389  
12.66320133  
3.333022137  
-4.834751509  
-10.60093054  
-14.15601587  
-16.59272818  
-18.94627991  
-21.37210319  
-22.9458826  
-22.22075167  
-18.24550557  
-11.46423516  
-3.940202408  
1.32386997  
1.721910536  
-3.587944931  
-12.98714255  
-22.7954675  
-28.67772555  
-27.4735933  
-18.63060079  
-4.570665306  
10.20521232  
20.89501518  
24.27624969  
19.87231939  
9.931087089  
-1.704985878  
-11.2617206  
-16.45091808  
-17.03980207  
-14.42290352  
-10.54303039  
-6.797950274  
-3.516618542  
-0.2324517911  
3.481439479  
7.173655423  
9.242406837  
7.490895088  
0.3028027973  
-12.1516685  
-27.35793959  
-40.9598869  
-48.23710679  
-45.97649553  
-33.91929643  
-15.10482397  
5.101405507  
20.9287122  
28.28316141  
26.13125773  
16.63997344  
4.074327451  
-7.016032689  
-13.51801206  
-14.67677989  
-11.91457705  
-7.754433088  
-4.435268107  
-2.887928128  
-2.509061676  
-1.7538125  
0.8256414844  
5.655350807  
11.79452233  
17.32524308  
20.26476145  
19.5438479  
15.57957682  
10.17919427  
5.830752221  
4.71090445  
7.847015952  
14.77394142  
23.78653512  
32.62787678  
39.28951198  
42.59585766  
42.38230504  
39.27609543  
34.25285839  
28.20149588  
21.67833987  
14.90794589  
7.964921947  
1.003539029  
-5.591334867  
-11.19591664  
-15.07154548  
-16.56123289  
-15.28939402  
-11.31463911  
-5.209063341  
1.951579807  
8.704765791  
13.44123783  
14.75952567  
11.87509847  
4.965593118  
-4.695824987  
-14.93497685  
-23.21472876  
-27.39231059  
-26.45250722  
-20.93549566  
-12.85550725  
-5.084289868  
-0.3847301539  
-0.4372525439  
-5.230648391  
-13.0653485  
-21.18566633  
-26.80662283  
-28.1401595  
-25.02174026  
-18.89848426  
-12.19894919  
-7.352617643  
-5.862359443  
-7.797331473  
-11.88739542  
-16.14383823  
-18.71720184  
-18.6207896  
-16.02840849  
-12.05614879  
-8.166229039  
-5.485906041  
-4.348795115  
-4.242812386  
-4.149377767  
-3.079108014  
-0.5337878553  
3.319476133  
7.817360065  
12.19203315  
15.95685488  
19.07143831  
21.79915639  
24.34355747  
26.48149819  
27.4278596  
26.05668527  
21.41873355  
13.32636742  
2.712975891  
-8.446181894  
-17.67204212  
-22.78397473  
-22.63809124  
-17.49110732  
-8.844502265  
1.141214807  
10.37986215  
17.4069234  
21.52160688  
22.53089729  
20.32323855  
14.59616641  
4.976952263  
-8.460095112  
-24.54053413  
-40.61824647  
-52.84387864  
-57.16571379  
-50.78908368  
-33.52667266  
-8.4104732  
18.83749615  
41.43306151  
53.73584317  
53.21452463  
41.38290388  
23.28754968  
5.692269943  
-5.366115768  
-6.713065811  
0.9582897496  
13.57857089  
25.4562505  
31.56471521  
29.44529923  
20.00099787  
6.933096942  
-4.873687084  
-11.31336982  
-10.57668437  
-3.669941977  
6.179801299  
14.90207478  
19.14160035  
17.39471506  
10.35371959  
0.4372403127  
-9.211100088  
-15.82535984  
-17.831607  
-15.16074412  
-9.061257126  
-1.572825164  
5.118740456  
9.257481022  
9.911050631  
7.139622107  
1.936808724  
-4.043119814  
-8.935226295  
-11.21199902  
-10.19358556  
-6.348736433  
-1.2391446  
2.939876942  
4.117131774  
1.153435063  
-5.611689955  
-14.32359031  
-22.15730522  
-26.2846812  
-24.91982611  
-18.04193528  
-7.498915765  
3.575239994  
11.83221259  
14.88158105  
12.13302219  
5.001216179  
-3.596769779  
-10.26495874  
-12.30666486  
-8.649888003  
-0.2151566547  
10.37978701  
19.66269758  
24.41300767  
22.6791491  
14.39660791  
1.426995636  
-12.98662829  
-25.18219241  
-32.17146273  
-32.53485633  
-26.84190285  
-17.45757479  
-7.780585883  
-1.143130324  
0.2783162434  
-3.819073852  
-11.7657058  
-20.48284882  
-26.52217582  
-27.22659372  
-21.61374959  
-10.68458744  
2.931537409  
15.84800532  
24.98747159  
28.47679517  
26.09239436  
19.15889577  
9.998829439  
1.16427508  
-5.285197265  
-8.257444382  
-7.768344911  
-4.773214693  
-0.7863873714  
2.591736673  
4.130056018  
3.313932368  
0.509260398  
-3.111605191  
-5.895996973  
-6.233703017  
-3.135875071  
3.329282799  
11.93491208  
20.61973176  
27.16470373  
29.98307828  
