-8.466714519  
-16.067565  
-24.83318566  
-30.89987761  
-31.05670828  
-24.1495692  
-11.62154774  
3.037652684  
15.68388987  
23.14502581  
24.39322133  
20.79231328  
15.36257664  
11.42152055  
11.20155388  
15.01813299  
21.2934833  
27.36267249  
30.66826866  
29.8179453  
25.07845247  
18.14582783  
11.34506473  
6.634196348  
4.838859519  
5.41493291  
6.798736081  
7.160849656  
5.228577444  
0.8360837505  
-5.009506906  
-10.552645  
-14.01414558  
-14.31511301  
-11.50766221  
-6.747628467  
-1.830478101  
1.511807565  
2.261459682  
0.4472988792  
-2.969700015  
-6.593226107  
-9.238828161  
-10.43166742  
-10.52303664  
-10.37438921  
-10.77019195  
-11.86872075  
-13.00117499  
-12.97228314  
-10.75984179  
-6.278822222  
-0.7859792639  
3.378732068  
3.720972832  
-1.149633273  
-10.50303513  
-21.26875698  
-28.87392506  
-28.93927061  
-19.20016963  
-0.8265408335  
21.5223721  
41.08865662  
51.41962061  
48.87398599  
34.20196954  
12.49012377  
-8.593938174  
-21.6207013  
-22.18446168  
-10.54789501  
8.511286631  
27.58057969  
39.45381272  
39.79668792  
28.60617735  
9.956856737  
-9.765523116  
-24.35745135  
-30.00405852  
-26.3866743  
-16.3907911  
-4.694595713  
4.084692657  
6.937206406  
3.194084274  
-5.651284118  
-16.76522775  
-26.99469545  
-33.69798751  
-35.20569  
-30.9531607  
-21.43964924  
-8.136872956  
6.651574185  
20.08185691  
29.30847148  
32.23713714  
28.2764162  
18.75871802  
6.745807388  
-3.845933549  
-9.560824039  
-8.677125216  
-1.910075394  
7.789121113  
16.30580562  
19.90014941  
16.59715823  
6.873344595  
-6.612178295  
-20.08647308  
-30.05084082  
-34.40910252  
-32.92267283  
-26.91279566  
-18.4680528  
-9.593301492  
-1.684608771  
4.521616624  
8.657318934  
10.39556506  
9.370377451  
5.431023395  
-0.9329381439  
-8.315317828  
-14.54960848  
-17.36105539  
-15.28781464  
-8.441663148  
1.311097966  
10.93277877  
17.38599021  
18.91059654  
15.82706912  
10.46567436  
6.202626733  
5.995859944  
11.0568334  
20.25379206  
30.52335314  
38.11982758  
40.15675015  
35.7684069  
26.39466749  
15.08935165  
5.183903555  
-1.090122058  
-3.421722735  
-3.357061105  
-3.427590632  
-5.892125035  
-11.65867842  
-19.83689977  
-28.07235909  
-33.47271964  
-33.70935338  
-27.84957059  
-16.63705809  
-2.192715105  
12.66752359  
25.20050214  
33.33488022  
35.98373793  
33.09414356  
25.53425026  
14.905929  
3.307158586  
-6.986703307  
-13.94770622  
-16.2802859  
-13.82891635  
-7.725971181  
-0.146057583  
6.322942874  
9.507283148  
8.36600893  
3.302259703  
-4.082416807  
-11.70391123  
-17.87913346  
-21.98513783  
-24.58956021  
-26.9833751  
-30.32706742  
-34.81506381  
-39.27761919  
-41.45603713  
-38.88696391  
-30.04323018  
-15.23874173  
3.123042766  
21.11671132  
34.5013546  
40.12015864  
36.96143829  
26.4822191  
12.0868986  
-2.021976532  
-12.17745489  
-16.28643105  
-14.24100624  
-7.637687928  
1.000879409  
9.1518861  
15.01928691  
17.85168985  
17.83602765  
15.71693196  
12.36074324  
8.447161387  
4.367272523  
0.2939265768  
-3.673886599  
-7.392087967  
-10.62709232  
-13.07815653  
-14.426869  
-14.3828333  
-12.72709966  
-9.379427469  
-4.506123143  
1.356311656  
7.239027268  
11.83441122  
13.79977145  
12.22702625  
7.122821063  
-0.3227766031  
-7.870279231  
-12.82240807  
-12.93169281  
-7.309188434  
3.042291091  
15.34759738  
25.8738965  
31.19490893  
29.44714628  
21.08090288  
8.777033809  
-3.479524805  
-11.83708151  
-13.97284027  
-9.897203668  
-1.849253777  
6.666248209  
12.29776407  
13.13742121  
9.361282532  
2.982010925  
-3.14460292  
-6.605322312  
-6.445294836  
-3.488255421  
0.1461594303  
2.079325566  
0.7804235725  
-3.754881415  
-10.04479133  
-15.83884044  
-19.16751034  
-19.23635001  
-16.75796705  
-13.57623479  
-11.75860014  
-12.56995817  
-15.79237171  
-19.70033478  
-21.71611149  
-19.47579772  
-11.86583021  
0.3969475209  
14.87827531  
28.19134346  
37.12123373  
39.69113062  
35.79207695  
27.17508245  
16.83980409  
8.057669485  
3.367932108  
3.862722895  
8.953633661  
16.64559306  
24.19034922  
28.89927502  
28.87687211  
23.48650622  
13.45155034  
0.60063857  
-12.64493089  
-23.88633138  
-31.29854785  
-33.98392388  
-32.06060509  
-26.49816204  
-18.78258425  
-10.52667823  
-3.135708619  
2.405766623  
5.616145637  
6.502296298  
5.493689851  
3.351477176  
1.046433235  
-0.4189083949  
-0.2533045547  
1.853289382  
5.524411711  
9.671330619  
12.72546654  
13.11367571  
9.841046901  
2.962534441  
-6.27685233  
-15.74775787  
-23.1255921  
-26.72338363  
-26.13583689  
-22.40809092  
-17.6228561  
-14.04445458  
-13.16205778  
-15.03873553  
-18.26253395  
-20.54367854  
-19.72112075  
-14.75238836  
-6.254269533  
3.652045097  
12.13955944  
16.78442362  
16.51407352  
11.9936407  
5.293484348  
-1.004256044  
-4.864537149  
-5.564644536  
-3.848618432  
-1.431490971  
-0.1002993484  
-0.8285569389  
-3.299542205  
-6.039264845  
-7.084855112  
-4.879905266  
0.9977031894  
9.585036799  
18.85253478  
26.44020399  
30.49586492  
30.27765444  
26.30421872  
20.0363477  
13.26150653  
7.452633184  
3.349531847  
0.8924675354  
-0.5211486048  
-1.609691926  
-2.81058859  
-4.073520282  
-4.906348362  
-4.627390653  
-2.70214889  
0.9760930245  
5.966863816  
11.36181512  
16.02681708  
18.9208551  
19.38589073  
17.31845358  
13.17434105  
7.810374907  
2.21740804  
-2.769279796  
-6.690642679  
-9.547218886  
-11.72491877  
-13.79625496  
-16.2732674  
-19.400155  
-23.05412092  
-26.77534012  
-29.89698578  
-31.71397278  
-31.62788737  
-29.23474896  
-24.36193815  
-17.0867615  
-7.767707102  
2.911695588  
13.92465556  
23.96865209  
31.66033588  
35.8458235  
35.94491037  
32.2017455  
25.72038202  
18.22979241  
11.62527738  
7.429786398  
6.360569818  
8.156306121  
11.72162778  
15.52633422  
18.1045985  
18.47507513  
16.3517294  
12.1107413  
6.573593209  
0.7189762339  
-4.569622635  
-8.663037682  
-11.25312511  
-12.35972341  
-12.30566585  
-11.6573098  
-11.10571812  
-11.27349687  
-12.47941425  
-14.54853935  
-16.78165381  
-18.15926123  
-17.75776533  
-15.23505746  
-11.16664151  
-7.032065606  
-4.777334319  
-6.067893246  
-11.51409087  
-20.20907771  
-29.82651056  
-37.30565187  
-39.89779467  
-36.17262147  
-26.57647107  
-13.30511169  
0.4636755614  
11.66682902  
18.33889339  
20.1019516  
18.01154932  
13.89254435  
9.508391634  
5.947255188  
3.465645611  
1.784293321  
0.6032689423  
0.009255498386  
0.5274728599  
2.780963981  
6.947600318  
12.33460555  
17.35026236  
19.96460545  
18.503759  
12.4417555  
2.82647128  
-7.881121678  
-16.5290407  
-20.29621532  
-17.63165331  
-8.768955389  
4.348927752  
18.67473746  
30.95225062  
38.5975521  
40.31206356  
36.29942311  
28.09069698  
18.07365282  
8.858458425  
2.613540976  
0.4997289871  
2.330452317  
6.574699321  
10.76829322  
12.28884718  
9.303850091  
1.576272872  
-9.212401241  
-19.840954  
-26.59637604  
-26.66832505  
-19.36452631  
-6.623454562  
7.46755754  
18.04930312  
21.27523449  
15.80612034  
3.395253082  
-11.7056679  
-24.30766931  
-30.19658191  
-27.63221637  
-17.85204162  
-4.422645974  
8.232181319  
16.47565823  
18.59900553  
15.05772409  
7.835259807  
-0.6526057417  
-8.543943589  
-14.96954089  
-19.84142162  
-23.24411495  
-24.87830553  
-23.94270087  
-19.56247314  
-11.53008378  
-0.9074346554  
9.931517304  
17.96731182  
20.68420713  
17.18691879  
8.728131376  
-1.670208532  
-10.40188088  
-14.77390765  
-14.14524136  
-10.17283425  
-6.024613149  
