16.43161171  
2.118964457  
-13.66434188  
-25.98585673  
-31.06103894  
-27.71531625  
-17.69053237  
-4.693461955  
7.333846057  
15.89376037  
20.78621089  
23.77802921  
27.31216229  
32.94030765  
40.2803452  
47.02514415  
50.00062853  
46.75037933  
36.86450721  
22.3948333  
7.14164973  
-4.861061596  
-10.95736512  
-10.84026832  
-6.463376885  
-0.9848839723  
2.714702251  
3.226181199  
0.9793181452  
-2.321725237  
-4.836830825  
-5.676563805  
-5.36720073  
-5.468691318  
-7.570406713  
-12.21811083  
-18.36581169  
-23.67894573  
-25.5779458  
-22.52316039  
-14.90082604  
-5.04709766  
3.643124186  
8.132032732  
7.032657014  
1.185193709  
-6.742573647  
-13.43341472  
-16.32471347  
-14.59834601  
-9.333249161  
-2.805514727  
2.680905341  
5.850704832  
6.90861498  
7.213790435  
8.392577951  
11.36664311  
15.78794683  
20.14461274  
22.45677857  
21.19559437  
15.97039496  
7.671331305  
-1.957634316  
-11.06081318  
-18.34338418  
-23.36521499  
-26.37480642  
-27.85240779  
-28.06892002  
-26.92461952  
-24.14197784  
-19.6630373  
-13.97328675  
-8.112406367  
-3.316853834  
-0.4631125874  
0.3839978235  
0.04835966229  
-0.1332750862  
1.028366195  
3.964277775  
8.11030683  
12.18123392  
14.82474271  
15.31801696  
13.93873367  
11.80730094  
10.27466852  
10.17197622  
11.31633221  
12.53655996  
12.21192822  
9.051364778  
2.720246919  
-5.987983977  
-15.49042291  
-24.05017098  
-30.35573384  
-33.75662053  
-34.09717662  
-31.34818369  
-25.36569331  
-16.02204438  
-3.695391044  
10.18130821  
22.94447355  
31.2059019  
32.00346196  
24.1630809  
9.212459665  
-8.713164785  
-24.11744934  
-32.13328633  
-30.43516815  
-20.20366955  
-5.648450771  
7.757855174  
15.57215766  
16.16573709  
11.18675854  
4.50615795  
0.1793996735  
0.4327044284  
4.663638111  
9.934756939  
12.68319047  
10.74844175  
4.652986244  
-2.553028724  
-6.832680554  
-5.313319025  
2.068177856  
12.31151157  
20.6827418  
23.00962919  
17.80933199  
7.167312871  
-4.1119177  
-10.70412693  
-9.256197699  
0.04750368599  
13.6084914  
26.15645714  
33.23938831  
33.22794084  
27.86038756  
21.10096227  
16.93757213  
17.26987413  
20.96994086  
24.57663671  
24.23300387  
17.8358404  
6.265213597  
-6.950254423  
-17.35668911  
-21.78713854  
-19.9101719  
-14.31371265  
-9.090542579  
-7.676839424  
-11.08366315  
-17.45105009  
-23.15338296  
-24.86034428  
-21.44398948  
-14.69255131  
-8.415126503  
-6.37637536  
-10.13977316  
-17.98140608  
-25.50946288  
-27.74995396  
-21.68507793  
-7.959749539  
9.146318719  
23.53121992  
30.02394344  
26.74758759  
15.937143  
2.808089645  
-6.971306312  
-9.966249645  
-6.511241218  
-0.3610395452  
3.344265428  
0.7747262723  
-8.571644112  
-21.51800995  
-32.68457774  
-37.05633411  
-32.38800449  
-20.29248979  
-5.51653104  
6.212863873  
10.7206262  
7.103680065  
-2.116348559  
-12.38677547  
-19.3160809  
-20.58740387  
-16.72211291  
-10.43303789  
-5.002673801  
-2.55867423  
-3.100974805  
-4.701092464  
-4.684811695  
-1.136143513  
6.053117624  
15.08729289  
23.11927688  
27.5811524  
27.32133845  
23.01881799  
16.73460007  
10.88553031  
7.175598161  
5.987487383  
6.464888196  
7.160638467  
6.869824304  
5.225273826  
2.801101619  
0.7416282892  
0.1588045217  
1.617381875  
4.934231084  
9.328409748  
13.78336145  
17.40797033  
19.63544286  
20.22415682  
19.1451871  
16.48650975  
12.4578653  
7.483983386  
2.290227326  
-2.129741248  
-4.714754433  
-4.655949943  
-1.706299268  
3.661810217  
10.33264781  
16.8365446  
21.7438993  
24.02085943  
23.23589363  
19.57950347  
13.73266237  
6.659428053  
-0.6049416455  
-7.128857465  
-12.21219356  
-15.46899722  
-16.86165089  
-16.67502603  
-15.42519868  
-13.72146727  
-12.12689464  
-11.06991649  
-10.83486645  
-11.61021394  
-13.53047947  
-16.6438672  
-20.78421849  
-25.40553233  
-29.50081532  
-31.72805012  
-30.78491452  
-25.93798005  
-17.4926184  
-6.955259619  
3.266893878  
10.59202348  
13.17121227  
10.61360951  
4.205738128  
-3.503790375  
-9.614113198  
-11.9196058  
-9.675934348  
-3.790559058  
3.604770716  
9.983185219  
13.29352922  
12.5430544  
7.934759214  
0.6183019502  
-7.743817911  
-15.38466935  
-20.71448745  
-22.51163045  
-20.12580449  
-13.74395361  
-4.631317733  
4.859220192  
11.71309991  
13.14957201  
7.751006075  
-3.638499439  
-17.74181823  
-29.6720736  
-34.59283948  
-29.62535545  
-15.19929338  
4.813582835  
24.36617673  
37.47232661  
40.51544756  
33.64660362  
20.65256441  
7.333994129  
-0.9058713777  
-1.212547614  
5.748036079  
16.36838442  
25.89004169  
30.53566595  
29.00428252  
22.70776382  
14.75698422  
8.296688863  
5.050529364  
4.760431134  
5.699310458  
5.87548554  
4.221785609  
1.126909044  
-1.931490227  
-3.38335473  
-2.585303637  
-0.26466832  
1.866181673  
2.101584186  
-0.2307680447  
-4.302038566  
-8.155353801  
-9.727760481  
-7.958897416  
-3.365130564  
2.252549114  
6.816574616  
9.139140169  
9.58490253  
9.83430743  
11.8491373  
16.60051043  
23.28219172  
29.49669712  
32.38330676  
30.12892021  
23.05597579  
13.66204256  
5.516143605  
1.524444991  
2.441221823  
6.415164274  
9.853927416  
9.215113242  
2.835355329  
-8.1394972  
-20.22731121  
-29.28357374  
-32.55438913  
-30.07473514  
-24.68849488  
-20.65147285  
-21.49148381  
-28.18160655  
-38.53757749  
-48.15038891  
-52.41214517  
-48.66221871  
-37.43504679  
-22.2409652  
-8.026566388  
0.9227681589  
2.654882907  
-1.919663267  
-9.762782688  
-17.225511  
-21.54707072  
-21.65275005  
-18.01491291  
-11.86090299  
-4.316508789  
3.98718978  
12.68074007  
21.0751582  
27.75829903  
30.79914643  
28.60209587  
20.99882583  
9.919214435  
-0.8880309334  
-7.150141622  
-5.883301177  
3.127211018  
16.96034259  
30.59622258  
38.96594571  
39.09473952  
31.32716922  
19.03324862  
6.920787576  
-1.235885294  
-4.343535727  
-4.353993698  
-5.064053397  
-9.948384888  
-20.11161292  
-33.40060511  
-45.15560105  
-50.27613506  
-45.62768532  
-31.63814422  
-12.31260604  
6.355582172  
18.84789701  
22.3326106  
17.64382785  
8.642803433  
0.3298654601  
-3.37657294  
-1.184081213  
5.337854637  
12.81590362  
17.82052674  
18.43799455  
14.9664123  
9.513539596  
4.809220051  
2.877863135  
4.206635646  
7.73324376  
11.54699679  
13.87102596  
13.82020253  
11.61319103  
8.23597425  
4.826657118  
2.147130605  
0.3966037013  
-0.607656273  
-1.067286892  
-0.920824505  
0.1774624734  
2.618105033  
6.5014935  
11.4274369  
16.54940491  
20.87391924  
23.64275019  
24.59218781  
23.95995769  
22.25786966  
19.95729916  
17.27360155  
14.16341478  
10.51408746  
6.387391434  
2.148801679  
-1.613483435  
-4.345859248  
-5.817182348  
-6.266013827  
-6.310097082  
-6.652675778  
-7.733788925  
-9.505694637  
-11.44424867  
-12.78257387  
-12.84235433  
-11.30134918  
-8.289946711  
-4.314518788  
-0.0946916444  
3.578482481  
5.914193409  
6.162523587  
3.71660816  
-1.662851924  
-9.546276427  
-18.62113413  
-26.77238987  
-31.57874738  
-31.14818344  
-24.99840802  
-14.57347152  
-3.064607591  
5.530778644  
7.829937141  
2.417717944  
-9.455589389  
-24.1860611  
-37.07462629  
-44.05043394  
-43.15635261  
-35.18237194  
-23.20090662  
-11.23738258  
-2.679602687  
0.8853214289  
-0.04998061654  
-3.540616186  
-7.325995704  
-9.875574956  
-10.84833251  
-10.81824171  
-10.51919781  
-10.10830821  
-8.909621919  
-5.805801653  
-0.05659245861  
7.947984142  
16.48963241  
23.08706652  
25.61270825  
23.41402553  
17.83097993  
11.76105296  
8.390809843  
9.653271545  
15.15732732  
22.15629992  
26.64975468  
25.16736962  
