32.66935441  
31.42230285  
25.14245149  
16.02448067  
6.265668561  
-2.588244909  
-9.802035771  
-15.2036125  
-18.80234932  
-20.54768842  
-20.35078896  
-18.2931767  
-14.81720433  
-10.71014911  
-6.833621363  
-3.727791  
-1.324555493  
1.031295926  
4.212316909  
8.748126168  
14.36030482  
19.85911116  
23.50682374  
23.72359564  
19.83222048  
12.49761125  
3.639292194  
-4.176457696  
-8.63242087  
-8.488784748  
-4.022554455  
3.07752975  
10.29874703  
15.13806427  
15.88163469  
12.0843803  
4.637695512  
-4.543326913  
-13.08059063  
-18.77256072  
-20.15996324  
-16.90243412  
-9.89214489  
-1.069718831  
7.042229008  
12.00295194  
12.15437347  
7.148031799  
-1.896374199  
-12.69592322  
-22.50634151  
-28.99087178  
-30.94063623  
-28.570191  
-23.27670764  
-16.97437479  
-11.29574669  
-7.00569664  
-3.865954545  
-0.9718190353  
2.641075945  
7.442373806  
13.18180117  
19.08430135  
24.32446759  
28.48602383  
31.7211778  
34.49538949  
37.0510688  
38.90994697  
38.75525302  
34.86091814  
25.94538611  
12.06842987  
-4.899826095  
-21.56019715  
-34.00997844  
-39.24333777  
-36.3408541  
-26.90733132  
-14.51956539  
-3.376690337  
3.293696857  
4.399556986  
1.228423772  
-3.312773231  
-6.100558419  
-5.201320687  
-0.658961001  
5.659145794  
11.03963475  
13.23383938  
11.47775225  
6.759419196  
1.246014039  
-2.81622096  
-4.17681209  
-3.111561135  
-1.170625462  
-0.2936206376  
-1.745998903  
-5.408637326  
-9.772614887  
-12.64434011  
-12.22250729  
-8.032681942  
-1.273134422  
5.59678315  
9.846067472  
9.601357735  
4.625373169  
-3.577457506  
-12.34960509  
-18.89120544  
-21.26558574  
-19.01195447  
-13.17415019  
-5.80935777  
0.7677995829  
4.693626463  
4.987528284  
1.639837828  
-4.562577324  
-12.32064886  
-20.08992346  
-26.28646077  
-29.46780354  
-28.54680157  
-23.05001851  
-13.35192992  
-0.7588198463  
12.66996246  
24.58376269  
32.97412553  
36.76435299  
36.12059807  
32.34029881  
27.33864141  
22.92296606  
20.14161676  
18.9687966  
18.44869481  
17.22897217  
14.24929336  
9.2860791  
3.118060733  
-2.759916143  
-6.756061227  
-7.875001367  
-6.195733891  
-2.931712424  
-0.03789088179  
0.4932414101  
-2.614959439  
-9.398528696  
-18.54873054  
-27.76705106  
-34.45701197  
-36.51814764  
-32.98025464  
-24.27875596  
-12.09725805  
1.151549243  
13.020609  
21.6652226  
26.22072273  
26.82058154  
24.28739978  
19.64869834  
13.68890185  
6.728841573  
-1.275404492  
-10.36284611  
-20.10270234  
-29.27244942  
-35.87958478  
-37.60029882  
-32.53317777  
-20.01349654  
-1.169192042  
21.04165563  
42.40290431  
58.4926416  
65.89785338  
63.1932167  
51.34983747  
33.42738941  
13.64794781  
-3.839844806  
-16.09940838  
-22.08735799  
-22.68867999  
-20.14483695  
-17.11550935  
-15.71679246  
-16.85715371  
-20.06190017  
-23.79503811  
-26.12106062  
-25.45132127  
-21.11777814  
-13.59782259  
-4.342654736  
4.707154834  
11.74183788  
15.63018406  
16.22040954  
14.30531732  
11.27329706  
8.569595354  
7.156362926  
7.1643328  
7.867347053  
7.999242298  
6.306708012  
2.134186335  
-4.18870707  
-11.32746174  
-17.32755862  
-20.28427984  
-19.05588697  
-13.74617642  
-5.75876432  
2.616616058  
8.943757432  
11.43499732  
9.508914847  
3.912047806  
-3.620791359  
-11.0154006  
-16.5542422  
-19.35974931  
-19.51194259  
-17.80721466  
-15.30688748  
-12.88745402  
-10.97072433  
-9.506752814  
-8.161524298  
-6.581398156  
-4.597900956  
-2.292100608  
0.08097820341  
2.243937832  
4.043731262  
5.539328711  
7.018019102  
8.955384794  
11.93242454  
16.50173174  
22.98680541  
31.22416297  
40.32054382  
48.55956227  
53.60389496  
53.06270451  
45.334411  
30.45643013  
10.58619354  
-10.21264518  
-26.97960882  
-35.43137591  
-33.5653796  
-22.63922874  
-7.026449986  
7.146522024  
14.17194894  
10.94139805  
-1.750368291  
-19.37112679  
-35.30745808  
-43.40786922  
-40.40626827  
-27.2298866  
-8.633127235  
8.707610517  
18.85437723  
18.91802871  
10.06794527  
-3.143765543  
-14.8031493  
-20.09631471  
-17.1552617  
-7.548627046  
4.690439337  
14.95893672  
19.99241797  
18.94859431  
13.28129518  
5.622644973  
-1.655168679  
-7.43657165  
-11.95642824  
-16.05117837  
-20.09135259  
-23.28483974  
-23.81989832  
-19.83177521  
-10.6834497  
2.179645251  
15.37423875  
24.8018314  
27.44908481  
22.90651136  
13.80335977  
4.830766549  
0.699362458  
3.923597414  
13.47033374  
24.95948492  
32.41156597  
30.81992596  
18.42266924  
-2.341501988  
-25.63587283  
-44.45211733  
-53.30464216  
-50.25363307  
-37.44343709  
-20.01613003  
-3.959013279  
6.146710463  
8.556865779  
4.50556261  
-2.802777289  
-9.736363372  
-13.56899084  
-13.09443265  
-8.455328714  
-0.520721673  
9.697614271  
21.24147732  
32.99695138  
43.368754  
50.22980049  
51.37383598  
45.36643512  
32.38892595  
14.583036  
-4.396468422  
-20.52490557  
-30.77609357  
-34.09377634  
-31.51348747  
-25.39442965  
-18.16786357  
-11.25148407  
-4.682799893  
2.36976516  
10.54629531  
19.33065855  
26.79639356  
30.29874556  
27.8148146  
19.22897539  
6.81561286  
-5.463627625  
-13.62733736  
-15.54555702  
-12.07219558  
-6.793080223  
-4.397321297  
-8.377667772  
-19.15297625  
-33.56902272  
-46.11206721  
-51.34927663  
-46.48882925  
-32.84295936  
-15.45427481  
-0.9931245286  
5.147151823  
1.235150225  
-10.02940224  
-22.71383877  
-30.25794891  
-28.28316586  
-16.33085236  
2.215584105  
21.90033012  
37.74504785  
47.337765  
51.49530688  
53.26762767  
55.87513376  
60.6791026  
66.23779309  
68.93294521  
64.85234679  
51.98180631  
31.60234752  
8.173498904  
-12.28239162  
-24.56388017  
-26.35349499  
-19.03834962  
-6.96112758  
4.500088495  
11.1151117  
11.27871786  
6.201358083  
-1.133987867  
-7.63748385  
-11.56287914  
-13.09229701  
-13.88609279  
-15.94519146  
-20.43243737  
-27.05298552  
-34.25456328  
-40.06927747  
-43.1089631  
-43.19015576  
-41.2988641  
-38.96731939  
-37.43138746  
-37.02012755  
-37.07368171  
-36.39062575  
-33.9330657  
-29.40704228  
-23.42938267  
-17.22475055  
-12.03586298  
-8.554015514  
-6.63451433  
-5.392797294  
-3.587769256  
-0.08650589728  
5.782768313  
14.07636798  
24.24629841  
35.22626385  
45.53223635  
53.39774511  
57.02242578  
54.98511813  
46.76390673  
33.17308702  
16.46628309  
-0.06731942173  
-12.98385071  
-19.7680832  
-19.69369429  
-14.06971695  
-5.717350087  
2.143078798  
7.137488379  
8.580014987  
7.551456864  
6.203323442  
6.637422937  
9.90179342  
15.569922  
22.06753793  
27.53233966  
30.73358583  
31.5684073  
30.89784028  
29.85091773  
29.01716332  
28.00742575  
25.65319974  
20.7508553  
12.93282028  
3.147917951  
-6.577690532  
-14.04131429  
-17.98632723  
-18.84106458  
-18.62386466  
-19.97628723  
-24.75382511  
-32.87707565  
-42.0711439  
-48.71291623  
-49.45565074  
-42.88335506  
-30.38196575  
-15.75245839  
-3.680010543  
2.26804273  
1.193030215  
-4.769027377  
-11.45256731  
-14.5811452  
-11.71059644  
-3.298681094  
7.578426748  
16.70101115  
20.65560913  
18.34135024  
11.3545277  
3.128019437  
-2.704078216  
-3.90531079  
-0.4540334502  
5.7401966  
11.98097256  
16.1429627  
17.53766055  
16.88869424  
15.5169626  
14.26196847  
12.79457188  
9.745524331  
3.609816048  
-6.064290374  
-17.88752503  
-28.75820575  
-34.96600585  
-33.81625509  
-25.01260356  
-11.0981086  
3.333678488  
13.37722113  
15.77121843  
10.22205112  
-0.4836341167  
-11.62012847  
-18.41627293  
-17.89141083  
-9.886401507  
3.072141973  
16.91946054  
