27.65324719  
28.25163189  
28.27444732  
28.78295494  
31.37160714  
37.1839906  
46.02002295  
56.00818376  
64.08011401  
67.11633156  
63.2950514  
53.03394069  
39.04778584  
25.41194235  
15.96700924  
12.72518954  
14.98298264  
19.57176885  
22.19359205  
19.30309664  
9.728728647  
-4.690381634  
-19.76495264  
-30.6619157  
-33.93589393  
-29.00630637  
-18.43097973  
-6.850598425  
0.9363895841  
1.925660736  
-3.962942718  
-14.05049896  
-24.24644569  
-30.93632507  
-32.53917866  
-30.03839882  
-26.2830642  
-24.43676798  
-26.34450078  
-31.61026588  
-37.82316294  
-41.80708912  
-41.26961189  
-36.03043199  
-28.21060356  
-21.26710285  
-18.32118166  
-20.5817043  
-26.63573072  
-32.97754816  
-35.56475163  
-31.69961591  
-21.37019096  
-7.424567225  
5.517940972  
12.9423522  
12.27576444  
3.893913476  
-9.107735321  
-22.22618597  
-31.331435  
-34.13807661  
-30.78744912  
-23.40149255  
-14.93546366  
-7.925080553  
-3.686666962  
-2.231326347  
-2.76674081  
-4.388327224  
-6.532515969  
-8.974338012  
-11.46628359  
-13.34892345  
-13.48643165  
-10.67438597  
-4.355313459  
4.761638604  
14.59960514  
22.32149263  
25.46382422  
23.09538952  
16.41544011  
8.42301155  
2.718276915  
1.934437315  
6.518921125  
14.46259749  
22.15323706  
25.9993853  
24.08787109  
17.09683215  
8.017171001  
0.7905251924  
-1.511571828  
1.88506743  
9.10145758  
16.4983425  
20.40571145  
18.87760426  
12.64440774  
4.809350925  
-0.5758052581  
-0.3959632674  
6.054641253  
16.69156457  
27.52316706  
34.39058987  
34.77463216  
28.86590165  
19.44323704  
10.64718918  
6.215761982  
7.955600531  
15.07754391  
24.61515891  
32.67322033  
35.93009649  
32.77372208  
23.67551114  
10.76908857  
-3.074357177  
-15.23336107  
-24.00921422  
-28.81954702  
-29.98024735  
-28.2896225  
-24.6372787  
-19.76410616  
-14.17861132  
-8.162347915  
-1.803514999  
4.947569941  
12.16245858  
19.7326218  
27.12860251  
33.2485543  
36.50932139  
35.25729829  
28.4181595  
16.14079969  
0.1167524794  
-16.66190689  
-30.72029878  
-39.23668104  
-41.04971798  
-37.09212447  
-30.01718635  
-23.12670461  
-19.02677479  
-18.57947304  
-20.6093111  
-22.50034003  
-21.42955234  
-15.69753293  
-5.574722124  
6.703159079  
17.77987403  
24.48850808  
25.06255846  
19.74853895  
10.60065031  
0.5952589172  
-7.522903354  
-12.17721329  
-13.33359566  
-12.24112963  
-10.73766323  
-10.46536301  
-12.31754373  
-16.27770818  
-21.61227081  
-27.23974272  
-32.07467827  
-35.22590864  
-36.04826661  
-34.13400813  
-29.33759725  
-21.86474868  
-12.37241665  
-1.979480738  
7.8884917  
15.81465167  
20.7673213  
22.38896869  
21.07512902  
17.80781383  
13.81435811  
10.18987553  
7.622070522  
6.294717706  
5.960194494  
6.110201159  
6.16091279  
5.603761747  
4.117123128  
1.657214301  
-1.470346917  
-4.59518083  
-6.782373195  
-7.083274549  
-4.896707542  
-0.3133788673  
5.730041898  
11.6188429  
15.55401464  
16.21267421  
13.30181194  
7.737484013  
1.323884309  
-3.967608418  
-6.818033095  
-7.103514485  
-5.89134681  
-4.866261228  
-5.43819634  
-7.951212965  
-11.38361553  
-13.70844091  
-12.77231004  
-7.298586196  
2.445071041  
14.62036165  
26.43936624  
35.14135913  
38.88622413  
37.19623879  
30.82546465  
21.22447203  
9.946366675  
-1.684664067  
-12.5266819  
-21.34461165  
-26.62287706  
-26.74727517  
-20.60726431  
-8.371293162  
8.008678094  
24.96590121  
38.27801649  
44.53040347  
42.48164063  
33.68234447  
21.97468329  
11.99273095  
7.263113452  
8.732678611  
14.39799822  
20.23111153  
22.00660882  
17.21406759  
6.193710155  
-8.008905912  
-20.98092709  
-28.83673867  
-29.79492737  
-24.74245119  
-16.59438728  
-8.834285243  
-3.98404595  
-2.734355018  
-4.08676767  
-6.320967714  
-8.186439182  
-9.635511829  
-11.70067169  
-15.61337226  
-21.69898963  
-28.72433174  
-34.14280816  
-35.1938221  
-30.32721863  
-20.2023854  
-7.682566146  
3.263476477  
9.278867071  
9.135500146  
4.292889779  
-1.810610039  
-5.422778805  
-4.304806562  
1.169953929  
8.192312484  
12.89390558  
12.25723908  
5.626382848  
-4.921577951  
-15.52411526  
-22.33123302  
-23.27099701  
-18.92305637  
-12.09080682  
-6.31076002  
-4.061315408  
-5.570673998  
-8.809185413  
-10.64857095  
-8.580546889  
-2.108886884  
6.900698305  
15.09862131  
19.31928768  
18.19860986  
12.91949988  
6.694337347  
3.219116751  
4.846230546  
11.36718803  
20.00570896  
26.6399088  
27.68482819  
21.7570324  
10.35338601  
-2.753920453  
-13.10931196  
-17.41859553  
-14.83048833  
-7.133512202  
2.141251128  
9.241979034  
11.64552207  
8.845386555  
2.247447818  
-5.639320083  
-12.2580239  
-15.82723447  
-15.66343426  
-12.02972236  
-5.756645641  
2.081992407  
10.29246211  
17.54118821  
22.3839292  
23.51377557  
20.23224639  
12.94350874  
3.362354547  
-5.800101728  
-11.67293757  
-12.29869401  
-7.479177021  
1.029195594  
10.13195794  
16.61574589  
18.46117334  
15.66571177  
10.19174733  
5.045747977  
2.894214134  
4.842199712  
9.932148521  
15.59249517  
18.82974321  
17.61755234  
11.84945294  
3.426121972  
-4.554493821  
-9.132278483  
-8.746720095  
-3.875878792  
3.204258635  
9.401803165  
12.07805434  
10.04937394  
3.915219142  
-4.378116051  
-12.49437237  
-18.73608736  
-22.69842372  
-25.2942739  
-28.18076732  
-32.865202  
-39.88094385  
-48.36881105  
-56.218529  
-60.70328215  
-59.36732809  
-50.85908705  
-35.44454487  
-15.05730877  
7.111988027  
27.36010204  
42.345088  
49.86759979  
49.36703584  
42.01093916  
30.35386687  
17.6495985  
6.995758841  
0.5447036586  
-0.9943252737  
1.58338482  
6.366638041  
11.03655398  
13.65920636  
13.30127585  
10.27219313  
5.928497069  
2.126819237  
0.5265164759  
1.981879921  
6.219708814  
11.89268921  
16.97499807  
19.36503556  
17.51045272  
10.8768671  
0.13511063  
-12.97826826  
-26.08710134  
-36.77338153  
-43.18488788  
-44.48185928  
-40.99113579  
-34.02014815  
-25.39253719  
-16.86743555  
-9.653517007  
-4.197984345  
-0.3203469093  
2.390128371  
4.121775216  
4.58061111  
3.092402196  
-0.9397258249  
-7.423838538  
-15.13649674  
-21.74516182  
-24.41027966  
-20.81242402  
-10.21280754  
5.928118981  
24.12214769  
39.85719134  
49.1150745  
49.83122354  
42.69951461  
30.96152886  
19.22557211  
11.76665863  
10.98422104  
16.63380668  
26.12414016  
35.71865514  
42.10289704  
43.64132303  
40.80962034  
35.67461202  
30.72485923  
27.63457301  
26.54501574  
26.17869356  
24.69045901  
20.80469591  
14.65399757  
7.883387944  
2.943752269  
1.893383201  
5.27403268  
11.6081464  
17.78671116  
20.21398104  
16.2299475  
5.204220197  
-11.16090555  
-29.43371233  
-45.68986687  
-56.85471559  
-61.60750237  
-60.52524979  
-55.49128333  
-48.70288752  
-41.75211288  
-35.1692903  
-28.56769489  
-21.23629075  
-12.8327213  
-3.814366946  
4.595953425  
10.86909149  
13.80520776  
13.02388986  
9.074966115  
3.132923142  
-3.555387956  
-10.18669786  
-16.62762637  
-23.25266039  
-30.49370274  
-38.34726564  
-46.10840048  
-52.48927189  
-56.09199645  
-56.02586782  
-52.37766098  
-46.29601319  
-39.61746285  
-34.16726227  
-31.02124235  
-30.04728602  
-29.93926554  
-28.75602733  
-24.76391436  
-17.2457054  
-6.936444308  
4.116205116  
13.24496901  
18.16440393  
17.90027907  
13.27715154  
6.749145733  
1.604191178  
0.8144742609  
5.951925957  
16.57752245  
30.34506738  
43.79390483  
53.5421651  
57.43513285  
55.2183642  
48.49110423  
39.9809403  
32.4519884  
27.70177162  
26.05568815  
