-33.34330332  
-27.98156238  
-34.34812966  
-45.73726416  
-53.21927267  
-50.10098863  
-35.03427476  
-12.31126177  
10.62345916  
27.01030946  
33.93520895  
33.26752435  
30.08791929  
29.64835906  
34.60554957  
43.98704472  
54.2860896  
61.85431761  
65.05641007  
64.86493033  
63.5608018  
62.40695798  
59.86452961  
51.7000277  
33.26545429  
2.890589595  
-35.52381998  
-72.46279031  
-95.86622745  
-96.23425871  
-71.44641378  
-28.82442051  
16.90713143  
49.20971876  
56.5368619  
37.29027942  
0.5705060065  
-37.74903959  
-61.92408735  
-63.10322368  
-42.8789739  
-12.05521978  
14.6966241  
25.70169425  
17.41599694  
-4.519675225  
-28.64171439  
-43.63986814  
-43.927825  
-32.06717354  
-16.92519443  
-8.591068149  
-12.68754363  
-26.9994306  
-42.18005471  
-46.2639257  
-30.81947327  
4.260901809  
49.71755993  
90.24233115  
110.7226222  
102.6098107  
67.56952906  
16.84096199  
-33.31785184  
-68.00834876  
-79.10760516  
-67.52059174  
-41.59557396  
-12.74682021  
9.55232197  
21.18865582  
23.9604622  
23.40215608  
25.23097551  
32.22965288  
42.9711746  
52.7835632  
56.28180617  
50.14947623  
34.87690902  
14.76255389  
-3.697192729  
-14.24742144  
-13.13739726  
-0.4131501913  
20.07960081  
41.82499707  
57.44955221  
60.70345163  
48.17681849  
20.42801517  
-17.72285137  
-57.91417754  
-90.0078806  
-104.6620237  
-96.12539989  
-64.40125495  
-15.92440137  
37.74188656  
83.01775098  
108.3351782  
107.7261985  
82.65720618  
41.38244295  
-3.986476123  
-41.6127038  
-63.72147381  
-68.65599263  
-60.53798342  
-46.83919632  
-34.97821748  
-29.36299288  
-30.00921547  
-33.12963325  
-33.25586194  
-25.87744731  
-9.476531148  
13.79998159  
38.96488523  
60.04295599  
72.14673695  
72.98991098  
63.36709726  
46.56148329  
27.01455662  
8.789603889  
-5.648648441  
-15.97300804  
-23.72498703  
-31.35722619  
-40.91533357  
-52.82410955  
-65.25621903  
-74.42843556  
-75.87279779  
-66.3410368  
-45.65378666  
-17.67133211  
10.23706529  
29.31990588  
32.57519403  
17.7416386  
-11.13659449  
-44.43998285  
-70.00248542  
-77.45608237  
-62.2426762  
-27.6332677  
16.19200739  
55.76742148  
79.28595728  
80.87979227  
62.49425171  
32.62485552  
2.530608922  
-18.38245046  
-25.99362397  
-22.29110214  
-13.3927871  
-5.867713988  
-3.220507622  
-4.261644185  
-4.120755404  
2.668360427  
18.62847874  
41.21659929  
63.31580257  
76.25100243  
73.95831472  
56.28549495  
29.71801826  
4.982722789  
-7.548553288  
-2.637703061  
17.06452394  
41.66437057  
57.95830819  
55.05775726  
29.30581452  
-13.66636118  
-60.69996381  
-96.02183735  
-107.3121758  
-90.45284474  
-51.05773497  
-2.244565517  
40.35558578  
64.28575155  
64.41398625  
44.06167436  
12.92463231  
-17.12099481  
-36.51320159  
-41.05583674  
-32.5570932  
-17.15334654  
-2.315035105  
6.101130486  
5.634547889  
-2.616398543  
-15.16087446  
-27.84448564  
-37.31744379  
-41.74513848  
-40.74274248  
-34.88535869  
-25.24330574  
-13.20711291  
-0.5581737757  
10.49508083  
17.60533643  
18.97079349  
14.172041  
4.703883469  
-6.215895772  
-14.67482796  
-17.60778427  
-14.19389892  
-6.407073051  
1.663916886  
5.554194868  
2.511639535  
-7.022177279  
-19.30230406  
-28.72666547  
-30.29809386  
-22.03905258  
-6.229712598  
11.19975588  
22.9874146  
23.64603591  
12.01791233  
-7.87828514  
-28.16375321  
-40.09554297  
-37.51101279  
-19.27632016  
10.29107031  
43.18190634  
70.86111209  
87.48445457  
91.8328101  
87.23948282  
79.67555052  
74.93484986  
76.17271083  
82.79306066  
91.00452769  
95.61526287  
92.15918353  
78.43744016  
54.96663123  
24.40614599  
-9.52018857  
-42.9927963  
-72.58688915  
-95.32437176  
-108.6348025  
-110.5944231  
-100.5443397  
-79.80891395  
-51.99849081  
-22.46590622  
3.112938762  
20.55363616  
28.56808406  
29.03442216  
25.9000774  
23.16782159  
22.92549193  
24.42688367  
24.74507424  
20.70951787  
11.1264489  
-1.954776704  
-13.75298566  
-18.97605997  
-14.74821231  
-2.752705991  
10.65106216  
16.66314292  
7.803512037  
-18.45443767  
-57.88926423  
-100.5143161  
-134.0228831  
-148.2435806  
-138.6959674  
-107.7821304  
-63.27932253  
-15.04523605  
28.40766177  
61.9331468  
83.71831861  
93.71231347  
91.83712745  
77.30627143  
49.59081113  
10.43417716  
-34.50693375  
-75.82210052  
-102.8504419  
-107.725032  
-89.09332341  
-53.49121124  
-13.29382387  
18.18659788  
32.35497254  
29.04746044  
16.35775739  
6.432651699  
9.106689155  
26.45370781  
51.05855119  
69.10924113  
67.05146107  
38.69219297  
-10.75749099  
-65.87528723  
-107.158621  
-119.3712888  
-98.21177238  
-52.11971429  
1.676823795  
44.99535528  
66.64279544  
66.64736915  
54.79834503  
44.36694968  
44.31595874  
54.09311694  
63.80846381  
59.83517009  
33.022156  
-14.78651035  
-69.55176166  
-110.2208256  
-118.1255298  
-86.16264498  
-23.17836678  
48.88866007  
104.1197554  
123.929004  
105.319361  
62.13560611  
18.60167947  
-1.934809387  
12.1651091  
55.47288087  
108.1019922  
145.0389859  
147.8074363  
113.0168956  
53.86183624  
-6.024905145  
-43.39632887  
-45.81649929  
-16.92007726  
25.74310032  
59.04555154  
64.78250611  
37.50378698  
-13.70277405  
-69.9191858  
-111.0703474  
-124.4138061  
-109.0996012  
-75.14886498  
-37.87972  
-10.77556896  
-0.1678130925  
-3.872878194  
-13.82088077  
-20.84654164  
-19.06297421  
-7.844560146  
9.056988239  
26.22360063  
39.32184735  
46.4332881  
47.59236856  
43.31382829  
33.4286592  
17.19268441  
-5.350717187  
-31.7484493  
-56.5955354  
-72.88009375  
-74.88926876  
-61.27875352  
-36.55262578  
-9.845716596  
8.736859143  
12.60265899  
1.752251744  
-17.21504432  
-34.34969383  
-41.34385163  
-35.76349032  
-22.28904396  
-10.19774747  
-8.261370659  
-19.65550804  
-39.60618496  
-57.20629406  
-60.72768894  
-43.88608396  
-9.868635923  
29.11182705  
56.82647073  
60.404185  
36.58010954  
-6.275259912  
-51.50099459  
-81.45514262  
-85.4296962  
-64.45223325  
-30.67883205  
-1.624609202  
8.079571962  
-6.447614372  
-38.0390588  
-70.76672333  
-87.21719036  
-76.33763066  
-38.25935537  
15.98176509  
69.48041213  
106.7394282  
119.7884448  
110.4933078  
88.35413536  
65.24106753  
49.82805669  
44.3762922  
45.13738161  
45.75050515  
41.56871837  
32.55138509  
23.27911857  
20.24400276  
27.99400562  
46.24036986  
69.45765252  
89.15923628  
97.64982903  
91.34876108  
72.07271457  
45.76559606  
19.46649551  
-1.865079015  
-17.08734292  
-28.44638735  
-39.41319633  
-52.09528482  
-65.67023353  
-76.66102862  
-80.8488642  
-75.74713719  
-62.29237205  
-44.84928095  
-29.51731515  
-21.5817697  
-23.33868313  
-33.2744588  
-46.86869431  
-58.51084578  
-63.57361102  
-59.75785089  
-47.31411991  
-28.34347102  
-5.754896343  
17.55351967  
39.04733378  
56.58174402  
68.4278428  
73.51277149  
71.7858451  
64.37529337  
53.22100186  
40.18861414  
26.1001327  
10.35019985  
-8.408811092  
-30.62210917  
-54.03749564  
-72.95172873  
-79.42482632  
-66.48358101  
-32.17284393  
17.49398988  
68.55670595  
102.8836678  
104.7614954  
67.802531  
-0.9130408764  
-81.72484249  
-148.5778474  
-178.4214395  
-160.1171071  
-99.0779039  
-15.48816463  
63.36906457  
113.5981555  
123.6468544  
98.02301556  
54.33938456  
15.15560019  
-1.701398551  
9.871970117  
42.79728362  
81.1408511  
107.8863382  
112.416615  
94.36244029  
62.39466554  
29.0048278  
4.132143736  
-9.176687598  
-15.12778008  
-21.72852242  
-35.59654665  
-57.8617458  
-83.27914768  
-102.9123458  
-108.8747271  
-98.5901711  
-76.34499103  
-51.35052761  
