93.0044356  
104.6397711  
98.24293279  
73.58212516  
35.84084527  
-5.859302107  
-41.3828646  
-62.84758066  
-66.98538024  
-55.73434282  
-34.94171305  
-11.82886851  
7.672347091  
20.64367973  
27.3967059  
30.32084839  
32.08640087  
34.12809068  
36.08915155  
36.36231487  
33.30451096  
26.39857376  
16.72214351  
6.491593637  
-2.042604285  
-7.730452404  
-11.06006196  
-13.79389376  
-17.87969569  
-24.20132438  
-31.83482457  
-38.23481947  
-40.3173266  
-35.95593486  
-25.18922711  
-10.5552873  
3.636459757  
12.80563783  
13.74407214  
5.726877381  
-9.326638299  
-27.63608737  
-44.89090193  
-57.55474454  
-63.65990611  
-62.90263035  
-56.18453831  
-44.95767578  
-30.73316333  
-14.93168383  
0.9927627242  
15.39723781  
26.51025722  
32.80279336  
33.54476846  
29.26203689  
21.80476714  
13.89602514  
8.275555221  
6.76020114  
9.606251898  
15.44401461  
21.81452029  
26.086411  
26.38187113  
22.15865274  
14.26183149  
4.489710214  
-5.094604788  
-12.80894039  
-17.72754933  
-19.71354293  
-19.19116423  
-16.82710382  
-13.27790015  
-9.077677805  
-4.643109379  
-0.3166033713  
3.622314823  
6.993380037  
9.757326881  
12.00253113  
13.84914833  
15.30555546  
16.16257295  
16.00984647  
14.40066083  
11.10420499  
6.318091316  
0.7122976362  
-4.752201588  
-9.172399927  
-12.06363842  
-13.55135095  
-14.28098782  
-15.06763104  
-16.44192301  
-18.31410314  
-19.93597562  
-20.2032629  
-18.17439273  
-13.56611849  
-6.983734688  
0.2402206616  
6.542344589  
10.74100787  
12.48587499  
12.33648791  
11.43639868  
10.94081148  
11.47384195  
12.87568473  
14.35749091  
14.98093795  
14.21717087  
12.29778938  
10.16965447  
9.060031258  
9.854250048  
12.58892766  
16.31918752  
19.44664012  
20.37788792  
18.22289852  
13.217983  
6.679237039  
0.5050498778  
-3.552563048  
-4.529575857  
-2.537257935  
1.400649244  
5.849134614  
9.543693109  
11.78185602  
12.46966051  
11.85613451  
10.14904995  
7.258016208  
2.831457521  
-3.417842702  
-11.27654178  
-19.74647917  
-27.12149835  
-31.46543448  
-31.32559096  
-26.37570361  
-17.68124777  
-7.42566011  
1.831478368  
8.08057318  
10.59281399  
10.14498268  
8.634505794  
8.234998916  
10.43683579  
15.36493479  
21.6521726  
26.92037151  
28.67883305  
25.29244406  
16.65377283  
4.317252416  
-8.942011894  
-19.97783873  
-26.23520453  
-26.51273354  
-21.29844144  
-12.6000312  
-3.344583733  
3.461168162  
5.565725037  
2.072377059  
-6.356733523  
-17.74395409  
-29.41411905  
-38.80254811  
-44.20197279  
-45.2023985  
-42.66901658  
-38.26038481  
-33.6642104  
-29.85302644  
-26.67380488  
-22.96831708  
-17.20166616  
-8.347768157  
3.359512945  
16.17664429  
27.27445872  
33.71758667  
33.61780837  
26.97047131  
15.78795836  
3.431235848  
-6.611130284  
-11.99464482  
-12.3023317  
-9.007162896  
-4.641067875  
-1.554106718  
-0.8319631213  
-1.86590628  
-2.766447881  
-1.418151154  
3.328405205  
10.90013177  
19.05396591  
24.73912124  
25.39451141  
20.10490511  
10.10132835  
-1.614844318  
-11.35756424  
-16.08555439  
-14.42740615  
-7.01959506  
3.906274951  
15.43079257  
24.92030408  
30.68020803  
32.11248608  
29.46529311  
23.43574194  
14.8949395  
4.857742385  
-5.384501316  
-14.18687864  
-19.73761286  
-20.55713274  
-16.14237129  
-7.437426497  
3.175900754  
12.4878658  
17.51189225  
16.58082298  
10.02381577  
0.10433031  
-9.795711511  
-16.43354548  
-17.89282148  
-14.21135271  
-7.197996434  
0.4645151903  
6.431660556  
9.699204313  
10.97267109  
12.26176206  
15.88595053  
23.31840267  
34.34767645  
46.89587471  
57.56474896  
62.70458708  
59.62188558  
47.51327982  
27.8316204  
3.988591509  
-19.49433664  
-38.12772417  
-48.57103749  
-49.43480839  
-41.57404054  
-27.80625657  
-12.13227259  
1.34084289  
9.489096436  
10.97179983  
6.508969692  
-1.455017519  
-9.602747924  
-14.84426946  
-15.30907548  
-10.90588876  
-3.275053777  
4.827716157  
10.47895093  
11.52704543  
7.210161834  
-1.717513894  
-13.3311917  
-25.17170566  
-34.92404629  
-40.92778947  
-42.41773779  
-39.51318598  
-33.04681294  
-24.33160572  
-14.91967367  
-6.357862036  
0.0729500177  
3.620016875  
4.257915005  
2.730278875  
0.3629789566  
-1.340906121  
-1.210571158  
1.165445646  
5.275782666  
9.876122171  
13.47735956  
14.94669204  
13.98009396  
11.25303231  
8.18738337  
6.426321149  
7.218763923  
10.93496405  
16.86877588  
23.36743027  
28.22412146  
29.21085809  
24.62496165  
13.75031487  
-2.842242994  
-23.22268278  
-44.32389197  
-62.49239902  
-74.31942621  
-77.57841437  
-71.98056137  
-59.43247304  
-43.58992701  
-28.74495998  
-18.3738428  
-13.87952636  
-14.06561361  
-15.6366477  
-14.60758015  
-8.089891154  
4.297847173  
20.04800911  
34.65504152  
43.46792675  
43.7356741  
35.93891664  
23.76998944  
12.70000447  
7.706718508  
11.1402626  
21.67772671  
34.85855861  
44.99574642  
47.63819079  
41.5017702  
29.01643547  
15.25325572  
5.719836419  
4.013006883  
10.3660135  
21.70561272  
33.14130452  
40.16834247  
40.57005625  
35.1820089  
27.23365794  
20.64501102  
18.11504575  
19.89058315  
23.74273949  
26.09147391  
23.69342211  
15.08730072  
1.161430347  
-15.33732613  
-31.02807927  
-43.22015246  
-50.72441412  
-53.85542  
-53.75876166  
-51.5190036  
-47.55967924  
-41.62876773  
-33.30510737  
-22.66365649  
-10.65933818  
1.034322023  
10.66852291  
17.1898805  
20.69183156  
22.26301741  
23.2818832  
24.52854722  
25.61664681  
25.10552125  
21.30145352  
13.37256512  
2.191601627  
-9.594036778  
-18.41020488  
-21.20839027  
-16.87632154  
-6.927295229  
4.912525397  
14.10080812  
17.07965193  
12.69639803  
2.620766743  
-9.414831383  
-19.19312612  
-23.68956667  
-22.1106154  
-15.87903124  
-7.660937062  
0.02452963755  
5.904358259  
10.23563454  
14.18915448  
18.71904664  
23.57086675  
27.00922429  
26.4715765  
19.86414004  
6.857177601  
-10.50878664  
-28.2908736  
-42.06327458  
-48.69361991  
-47.67763949  
-41.40238057  
-34.17734833  
-30.42826941  
-32.82937073  
-41.18165113  
-52.51105986  
-62.31758522  
-66.4047647  
-62.48656949  
-50.9032009  
-34.20575428  
-15.88538373  
1.115597687  
15.42283929  
27.36359285  
38.2448196  
49.2123813  
60.29885972  
70.13822788  
76.4713536  
77.17020574  
71.26552775  
59.48152333  
44.04130987  
27.86666991  
13.57360665  
2.728978662  
-4.337842632  
-8.177164276  
-9.598451261  
-9.171573381  
-7.120272828  
-3.617129788  
0.7676825808  
4.820328627  
6.891190824  
5.541741618  
0.3331569969  
-7.681210516  
-16.10230468  
-22.01775382  
-23.20913826  
-19.19028056  
-11.55577429  
-3.406916093  
1.948263034  
2.462082938  
-1.694420634  
-8.15375214  
-13.38787326  
-14.31512954  
-9.750446582  
-1.017842798  
8.588573528  
15.28497125  
16.56978598  
12.48675882  
5.789988357  
0.9009930508  
2.079033898  
11.57111362  
28.51600936  
49.05349546  
67.58375406  
78.66249908  
78.79160016  
67.45805668  
47.1149132  
22.22286192  
-2.203815765  
-21.9986674  
-34.76286472  
-40.12947875  
-39.45307911  
-35.15750135  
-29.99169884  
-26.36724526  
-25.85975276  
-28.90698175  
-34.73981263  
-41.59474555  
-47.22694723  
-49.64713218  
-47.87688456  
-42.43321437  
-35.28654437  
-29.21280157  
-26.71884336  
-28.94741825  
-35.03635803  
-42.25992969  
-46.96095284  
-45.92795475  
-37.65306382  
-22.93614911  
-4.581724123  
13.6614039  
28.43125007  
37.76548714  
41.39116645  
40.26434429  
35.71418066  
28.72861321  
19.80657106  
9.444805403  
-1.082568262  
-9.232362611  
-11.48764091  
-4.54972942  
12.9755578  
39.17622683  
68.5150838  
