-0.7296960807  
-21.13822431  
-37.08260841  
-42.20990771  
-33.55249411  
-12.57844531  
15.40381474  
43.15558072  
63.91067095  
73.33937741  
70.42892088  
57.15419968  
37.30693165  
15.10793517  
-5.838659723  
-22.99455973  
-34.84048891  
-40.65159898  
-40.39573458  
-34.84750131  
-25.75851255  
-15.79167779  
-8.007676581  
-4.942158085  
-7.60192304  
-14.85606828  
-23.60561323  
-29.79994834  
-29.97157143  
-22.67990337  
-9.236016183  
6.645846485  
20.17412182  
27.26264548  
26.04529553  
17.51052811  
5.020360223  
-7.04980794  
-14.9607128  
-16.87261291  
-13.255256  
-6.369475673  
0.8627557039  
6.064515761  
8.187189944  
7.620926302  
5.710089613  
3.998933854  
3.595972221  
4.916918119  
7.832406033  
12.03500087  
17.3532385  
23.81013507  
31.3956863  
39.69994357  
47.64070847  
53.47800642  
55.16584128  
50.92883245  
39.84799738  
22.24243099  
-0.2722323335  
-25.03972744  
-48.82607462  
-68.35591196  
-80.82360672  
-84.33723907  
-78.28223865  
-63.57049813  
-42.69305835  
-19.46492345  
1.607428956  
16.28762076  
21.69223688  
17.16734067  
4.62430613  
-11.8620636  
-27.14238679  
-36.45893847  
-36.81650687  
-27.8006832  
-11.57898483  
7.88287715  
26.07938536  
39.24340359  
45.22758995  
43.76935784  
36.1736656  
24.6510783  
11.6184989  
-0.8021406123  
-11.00628339  
-17.92180304  
-20.95706353  
-19.99315833  
-15.43487486  
-8.242107336  
0.1629128652  
8.163550632  
14.33716972  
17.82164091  
18.50153564  
16.92636188  
13.99973819  
10.58619667  
7.218323847  
4.024852705  
0.8789818667  
-2.348969495  
-5.595190563  
-8.571410449  
-10.89806505  
-12.29358831  
-12.68087264  
-12.13331249  
-10.70237717  
-8.269134908  
-4.569929673  
0.5538150132  
6.795038204  
13.14590583  
18.02067135  
19.80796713  
17.67369065  
12.22761519  
5.634689879  
0.9544997846  
0.8608039436  
6.259754592  
15.48669807  
24.59778277  
28.8135585  
24.60685771  
11.53253774  
-7.110083119  
-25.2499773  
-36.39900204  
-36.45119147  
-25.68009205  
-8.941044836  
6.171892559  
12.53810471  
6.734356019  
-9.188668512  
-28.27024362  
-41.42622938  
-41.33165578  
-25.72733271  
1.329386706  
30.88401505  
52.62354004  
59.03997564  
48.43672955  
25.49727731  
-0.7931352998  
-20.9272205  
-28.69324819  
-23.4025891  
-9.65792  
5.088487151  
13.97625599  
13.5972916  
5.058523589  
-7.071544949  
-17.26057627  
-21.66704709  
-19.69224367  
-13.79300304  
-7.805996357  
-4.743528785  
-5.217295662  
-7.260357747  
-7.567264513  
-3.448922575  
5.539783242  
17.14049882  
27.32137188  
32.10791101  
29.38591688  
19.79067943  
6.286145571  
-7.29133542  
-17.94054508  
-24.58244328  
-28.01808324  
-29.86563008  
-31.13038742  
-31.25046157  
-28.19837112  
-19.64232895  
-4.5801288  
15.43663084  
36.21400612  
52.14899097  
58.31464431  
52.48022219  
36.13649434  
14.03064386  
-7.610689823  
-23.39790977  
-30.63059769  
-29.9156046  
-24.36309011  
-17.82056862  
-13.01573497  
-10.46862009  
-8.62378418  
-5.052392192  
1.928628099  
12.04553212  
22.86585611  
30.70746686  
32.23077764  
25.9734507  
13.12539772  
-2.802030871  
-17.26145073  
-26.35032776  
-28.18484921  
-23.43064222  
-14.83609388  
-6.029800872  
-0.1131877124  
1.394039962  
-1.099487633  
-5.65481362  
-9.692924749  
-10.97958462  
-8.340403225  
-1.910535453  
7.067733636  
16.72903278  
25.12776734  
30.6656673  
32.33180308  
29.77896932  
23.30588131  
13.80307688  
2.67295843  
-8.309393675  
-17.23770539  
-22.42801025  
-22.83060204  
-18.3886643  
-10.2071665  
-0.4259675569  
8.228020472  
13.12740952  
12.4915459  
5.969416826  
-5.141582641  
-18.14309203  
-29.61014677  
-36.31174877  
-36.10910186  
-28.56018028  
-15.04949998  
1.58655097  
17.80924425  
30.26362585  
36.54303322  
35.64337906  
28.04077354  
15.44831843  
0.3796619178  
-14.35042209  
-26.10441673  
-32.84922592  
-33.5224389  
-28.29962042  
-18.6759072  
-7.249861031  
2.852005776  
8.846225151  
9.232256374  
4.459514647  
-3.006520872  
-9.374958397  
-10.84253231  
-5.103231087  
7.528865276  
23.89277713  
38.85150198  
47.02889298  
44.79763628  
31.74807403  
11.02383919  
-11.66244969  
-29.99268409  
-39.23822284  
-37.83163079  
-27.70903542  
-13.3207789  
0.2456958466  
9.232969255  
12.46271696  
11.39401544  
9.047841715  
8.343864716  
10.63008392  
15.06757971  
19.12103364  
19.89300283  
15.65529997  
6.84788231  
-3.933929441  
-12.9766745  
-17.05199826  
-14.86433506  
-7.683050539  
1.143579751  
7.600053657  
8.736692475  
3.969996958  
-4.623616843  
-13.16358445  
-17.61780931  
-15.55193692  
-7.227089948  
4.431852544  
14.99831716  
20.35856041  
18.42166346  
10.00782417  
-1.45831524  
-11.32272202  
-15.57027669  
-12.40982795  
-2.925818844  
9.450325435  
20.39204526  
26.40981765  
26.11946112  
20.53176354  
12.30017277  
4.337977742  
-1.509304418  
-5.099881906  
-7.657593153  
-10.67167282  
-14.6408362  
-18.37197258  
-19.28635394  
-14.68512722  
-3.409172312  
12.94345957  
29.95477007  
41.70250988  
43.03064837  
31.8484318  
10.41970206  
-15.03479089  
-36.40228748  
-46.65974831  
-42.58441171  
-26.0722171  
-3.49616133  
16.65509536  
26.91143302  
23.48020999  
7.414652565  
-16.07309542  
-39.74956396  
-56.99188805  
-63.85503935  
-59.8679196  
-47.4681745  
-30.56136796  
-12.9685797  
2.583290658  
14.67255935  
22.78627667  
26.77297513  
26.56466815  
22.31017525  
14.72863698  
5.312221844  
-3.910197466  
-11.04412413  
-15.1079983  
-16.44850903  
-16.46539474  
-16.69429542  
-17.70095896  
-18.43352609  
-16.51838867  
-9.51435569  
3.413803968  
20.2799531  
36.30398257  
45.43811104  
42.90685875  
27.68228951  
3.689245507  
-21.01388106  
-36.97039101  
-36.9767751  
-19.1499509  
11.93878072  
46.64692039  
73.68974117  
84.265555  
75.22438998  
50.03198557  
17.21388927  
-12.99500825  
-32.3780975  
-37.3645666  
-29.64464809  
-14.76121614  
0.513260704  
10.81594535  
13.81592279  
10.36984921  
3.447740336  
-3.467248306  
-7.733815085  
-8.186546567  
-5.024083896  
0.720013386  
7.704544703  
14.55381017  
19.902952  
22.4365319  
21.12915857  
15.69735508  
7.026647111  
-2.774055366  
-10.91504138  
-14.97543093  
-14.03278772  
-9.294196861  
-3.803204951  
-1.213557365  
-4.104719512  
-12.6114147  
-24.07225768  
-33.97035369  
-37.83267437  
-33.266406  
-21.19244063  
-5.663736049  
7.708686833  
14.05505146  
11.25923287  
0.7936458116  
-12.97792726  
-24.69085596  
-30.19829439  
-28.1386968  
-20.2109297  
-10.13152694  
-1.841500004  
2.177159229  
1.740415277  
-1.319760615  
-4.289572637  
-4.923562412  
-2.351047733  
2.822193048  
9.134390449  
15.17349056  
20.24463541  
24.46966242  
28.3449225  
32.09128326  
35.22902916  
36.6568168  
35.2043375  
30.3442599  
22.64527345  
13.68307984  
5.420115797  
-0.6436035517  
-4.116724261  
-5.828680171  
-7.351247771  
-10.17496664  
-14.9527966  
-21.17634074  
-27.41564264  
-31.96670361  
-33.56091068  
-31.79196922  
-27.09791687  
-20.38581197  
-12.56732718  
-4.285625671  
4.036808569  
11.91971863  
18.56228493  
22.83968289  
23.64430464  
20.43039974  
13.66408631  
4.88930925  
-3.700090465  
-10.0326665  
-12.93065087  
-12.51345453  
-10.03852821  
-7.26450324  
-5.65882677  
-5.840455647  
-7.508348898  
-9.834894724  
-12.0503361  
-13.85019902  
-15.38026965  
-16.82337801  
-17.87865103  
-17.52520116  
-14.32780859  
-7.22874065  
3.555456818  
16.06086887  
26.91994137  
32.53377321  
30.63780205  
21.54450533  
8.398687123  
-3.821966901  
-10.25471456  
-8.255635719  
1.281508408  
14.05150323  
23.96085163  
25.63219223  
16.75464184  
