21.37148907  
19.52248632  
16.80926806  
15.82316534  
17.6682489  
21.42849145  
24.66122707  
24.65856749  
19.85016728  
10.6612755  
-0.5854075829  
-10.66640832  
-16.8631461  
-18.10218573  
-15.30139692  
-10.79050362  
-7.122293186  
-5.869116095  
-6.97863187  
-8.964843291  
-9.791588347  
-7.978194193  
-3.375307093  
2.746289213  
8.293778212  
11.30227502  
10.75601858  
6.905887839  
0.993672496  
-5.398663354  
-10.99056236  
-15.10517989  
-17.53504809  
-18.14676375  
-16.55761854  
-12.16804635  
-4.604480863  
5.654132946  
16.86345294  
26.16492001  
30.39276698  
27.28234109  
16.56854105  
0.4392957709  
-16.95068747  
-30.79729989  
-37.30504782  
-35.01959117  
-25.28656738  
-11.65299314  
1.526100783  
10.68765965  
14.21615495  
12.72777583  
8.450944246  
4.056378855  
1.490955193  
1.309965393  
2.729258688  
4.27109143  
4.625087869  
3.292430381  
0.7367705543  
-1.965067957  
-3.736401665  
-4.037738063  
-3.062959402  
-1.529866565  
-0.2162351143  
0.4865888661  
0.7581016065  
1.179913652  
2.316332528  
4.280715162  
6.532599355  
8.033190119  
7.706053868  
4.993905901  
0.2472023216  
-5.25122418  
-9.663582873  
-11.23994893  
-8.976356692  
-3.03022983  
5.268131276  
13.81325876  
20.38583858  
23.34297987  
22.10317793  
17.27332552  
10.39321848  
3.399834733  
-1.999779618  
-4.839111939  
-5.124573155  
-3.725562346  
-1.973953129  
-1.121960748  
-1.85555023  
-4.039946176  
-6.790198923  
-8.839207689  
-9.061219158  
-6.946236663  
-2.836132373  
2.174035963  
6.632022252  
9.262836178  
9.426351144  
7.316389577  
3.830690989  
0.1802049924  
-2.586958213  
-3.945035163  
-3.994676257  
-3.294228455  
-2.523155185  
-2.148911233  
-2.25114803  
-2.568779708  
-2.722942816  
-2.48693231  
-1.961776406  
-1.572500091  
-1.893741438  
-3.393855053  
-6.216492259  
-10.08835261  
-14.37380808  
-18.23255197  
-20.80668938  
-21.37998371  
-19.4929671  
-15.03175038  
-8.309092219  
-0.1228083024  
8.264381389  
15.2921891  
19.44422372  
19.70463887  
15.97915244  
9.289507562  
1.598450734  
-4.743573412  
-7.770247658  
-6.606267019  
-1.813827961  
4.793603963  
10.82860159  
14.24178709  
14.09726001  
10.88499964  
6.236694523  
2.170971724  
0.2025904584  
0.7110437531  
2.845682312  
4.998858501  
5.617685855  
3.970782782  
0.5098639105  
-3.341616684  
-5.870289426  
-5.900258136  
-3.371389392  
0.6096311218  
4.276110776  
6.032124252  
5.217436174  
2.441083086  
-0.6854414741  
-2.307116552  
-1.235728578  
2.408835571  
7.136036584  
10.65748276  
10.86692093  
6.810092088  
-0.7831416241  
-9.656244239  
-16.83699261  
-19.7882615  
-17.43388054  
-10.63634411  
-1.918757222  
5.472813229  
8.803946288  
6.899273718  
0.5905857883  
-7.609277992  
-14.47649853  
-17.30762975  
-14.93176232  
-8.116522511  
0.773349594  
8.708991824  
13.1382304  
12.88287441  
8.458106163  
1.728057104  
-4.914877129  
-9.4777097  
-11.01600837  
-9.769441712  
-6.793165439  
-3.318867979  
-0.1813905617  
2.417114552  
4.727614205  
7.007290176  
9.096278491  
10.29572217  
9.658679562  
6.569848349  
1.30664755  
-4.756087982  
-9.485372035  
-10.79538168  
-7.587565794  
-0.3856644938  
8.673355879  
16.55378157  
20.47463733  
19.01381674  
12.67312888  
3.644300305  
-5.124961664  
-11.14470117  
-13.3286544  
-12.25514302  
-9.654482409  
-7.403841775  
-6.541889177  
-6.793538677  
-6.832105786  
-5.129933316  
-0.9469996729  
5.067928581  
10.99933653  
14.48235632  
13.83223337  
8.932671595  
1.432406732  
-5.872892541  
-10.20488387  
-9.980234516  
-5.462149648  
1.402322369  
7.862678653  
11.53743424  
11.33801993  
7.74983457  
2.403718749  
-2.790195989  
-6.490457804  
-8.352356339  
-8.885354845  
-8.896067745  
-8.875970482  
-8.689593912  
-7.723785765  
-5.384654853  
-1.62800277  
2.808193687  
6.631934298  
8.586084512  
8.089989146  
5.585661127  
2.390230918  
0.1150992028  
-0.06120080375  
2.09384361  
5.809930226  
9.714320308  
12.45750546  
13.23510738  
11.96272633  
9.075436025  
5.140107743  
0.560749824  
-4.427901569  
-9.494695973  
-13.897069  
-16.41119806  
-15.67945131  
-10.88935001  
-2.449244926  
7.758392399  
16.81044219  
21.79045573  
21.02556597  
14.9194151  
5.914925498  
-2.488475211  
-7.268051697  
-7.254265051  
-3.669195299  
0.4793478832  
1.898015377  
-1.310522565  
-8.622223809  
-17.26531139  
-23.54795312  
-24.70430969  
-20.33010971  
-12.65000209  
-5.428048898  
-2.024556406  
-3.570433916  
-8.219911887  
-11.94029542  
-10.53306068  
-1.931652247  
12.3769423  
27.59100014  
37.49647535  
37.21955291  
25.56210437  
5.799185495  
-15.49142272  
-31.08429827  
-36.06370029  
-29.7547844  
-15.77993019  
-0.2671930149  
10.91206513  
14.57971257  
11.27075481  
4.46262998  
-1.490667306  
-3.628976443  
-1.731707819  
1.871849207  
3.837109147  
1.818169452  
-4.118535831  
-11.41801735  
-16.32389149  
-15.84531288  
-9.373972324  
0.8899003029  
10.92645246  
16.79846722  
16.50595267  
10.86734625  
3.008203615  
-3.250713439  
-5.264846996  
-2.745621113  
2.322952537  
6.938144808  
8.805921781  
7.613214654  
5.171266214  
4.360015921  
7.439966564  
14.63471787  
23.75230869  
31.0760958  
33.09729718  
28.22031288  
17.57693781  
4.533027083  
-6.869572191  
-13.7586026  
-15.65059598  
-14.4560776  
-13.30273287  
-14.80253608  
-19.65571147  
-26.29311195  
-31.7137995  
-33.06001832  
-29.10319949  
-20.8767325  
-11.14510221  
-3.005559038  
1.637950576  
2.93425113  
2.841603165  
3.926209076  
7.847054157  
14.33269115  
21.19625201  
25.39264487  
24.57831336  
18.37084478  
8.657189454  
-1.214087676  
-7.951442201  
-9.785502142  
-7.150540259  
-2.26048063  
2.173171476  
4.396235617  
4.473919034  
4.110966012  
5.529918776  
10.00735621  
16.85885272  
23.44734752  
26.27230527  
22.64084854  
12.10702625  
-3.047247119  
-18.56689231  
-29.90153305  
-34.05059561  
-30.73892391  
-22.40166612  
-13.01257797  
-6.316037362  
-4.271364441  
-6.384558093  
-10.16389325  
-12.41569967  
-10.74039592  
-4.552413646  
4.776327041  
14.61658041  
22.21933498  
25.74123397  
24.73766124  
20.01191058  
13.02450933  
5.233116932  
-2.313149941  
-9.007049406  
-14.46001565  
-18.26778111  
-19.97328095  
-19.27031899  
-16.30587444  
-11.85003206  
-7.162468681  
-3.560134118  
-1.878267338  
-2.103729551  
-3.390694149  
-4.475543334  
-4.294247458  
-2.489932466  
0.452234858  
3.513293835  
5.727029941  
6.728612291  
6.964268467  
7.438056994  
9.119465155  
12.32235323  
16.39245581  
19.88942524  
21.1973057  
19.2748324  
14.17802192  
7.095182542  
-0.1276741998  
-5.745472075  
-8.798592803  
-9.412251798  
-8.596447019  
-7.676312263  
-7.649225739  
-8.77504145  
-10.56451353  
-12.11947182  
-12.61096811  
-11.6407996  
-9.328445578  
-6.135282056  
-2.580572895  
0.9587486175  
4.255256062  
7.080971477  
9.051963891  
9.631494652  
8.352519494  
5.163177916  
0.6833671887  
-3.83271606  
-6.894559996  
-7.396144449  
-5.165694937  
-1.139778953  
2.985025725  
5.510052726  
5.560824368  
3.567714308  
1.124570533  
0.2419247296  
2.319762546  
7.331902211  
13.64403525  
18.60332179  
19.66894883  
15.58057793  
7.022110256  
-3.541949368  
-12.80222832  
-17.90239652  
-17.52746069  
-12.31923664  
-4.476534372  
3.227531405  
8.532908385  
10.40287812  
9.101994088  
5.718149012  
1.466298843  
-2.826922302  
-6.816415013  
-10.34774313  
-13.05827534  
-14.20886655  
-12.93403308  
-8.821020031  
-2.483267354  
4.270179572  
8.896724527  
9.112667209  
3.997475003  
-5.337043417  
-15.9117399  
-23.90721201  
-26.16002176  
-21.47690925  
-11.15922243  
1.528827426  
12.73073924  
19.59460491  
