14.42010716  
6.398516297  
-2.73512454  
-10.38148153  
-14.52116835  
-14.32754706  
-10.35466537  
-4.222184488  
2.088069039  
7.044546953  
10.14703249  
12.02026239  
13.97184149  
17.21296733  
22.11420282  
27.87444589  
32.80258776  
35.11567275  
33.88386081  
29.63923015  
24.2874993  
20.2807709  
19.38455139  
21.61994066  
24.94533306  
25.94224736  
21.30717926  
9.53708403  
-7.965528597  
-26.95174184  
-41.65399318  
-46.92300379  
-40.32033045  
-23.28017538  
-0.8114362831  
20.18784981  
33.34848153  
35.01990432  
25.37677335  
8.056028348  
-11.44276971  
-27.8667686  
-37.94341952  
-41.08649939  
-38.92167987  
-34.00648788  
-28.4348677  
-22.99071863  
-17.18371419  
-10.03813935  
-1.140235344  
8.652751834  
17.24106814  
22.06145247  
21.24788272  
14.609891  
3.94373355  
-7.502939968  
-16.20642691  
-19.69168366  
-17.45430825  
-11.10739435  
-3.711626414  
1.423219455  
1.982461092  
-2.533341449  
-10.68817568  
-19.68495922  
-26.3789358  
-28.34606568  
-24.64441599  
-16.04946007  
-4.738327127  
6.428965994  
14.78065002  
18.59141573  
17.52125911  
12.6344524  
6.017953258  
0.1252186788  
-2.957881706  
-2.110773015  
2.534296328  
9.694567836  
17.38859284  
23.58598476  
26.84114185  
26.70783274  
23.81093509  
19.57313886  
15.7075822  
13.65448222  
14.13781232  
16.95785026  
21.05014531  
24.76521646  
26.28302929  
24.06916597  
17.29148741  
6.125577262  
-8.121769109  
-23.13729235  
-36.01135834  
-43.90144353  
-44.81886855  
-38.31815968  
-25.83701362  
-10.49960727  
3.644117391  
12.76432486  
14.43260637  
8.432244809  
-3.111114921  
-16.36057591  
-26.96868302  
-31.44355441  
-28.21270129  
-18.02906753  
-3.608018311  
11.34012543  
23.3151042  
30.04944233  
31.03106326  
27.41374979  
21.4234775  
15.52005177  
11.61433103  
10.57337235  
12.11751547  
15.07733338  
17.88122771  
19.10331648  
17.91042327  
14.2921312  
9.020390797  
3.357808343  
-1.395655546  
-4.372221332  
-5.457523047  
-5.334715938  
-5.21425811  
-6.335660183  
-9.432908571  
-14.39152836  
-20.26073567  
-25.6359277  
-29.25444856  
-30.5342511  
-29.79414636  
-28.03484629  
-26.37371859  
-25.41044905  
-24.85752846  
-23.65581224  
-20.55611214  
-14.89465177  
-7.156520551  
1.011099743  
7.419561983  
10.35029512  
9.477529503  
6.209356162  
3.193644619  
3.131141025  
7.405494513  
15.18983735  
23.52801152  
28.4654182  
26.80516417  
17.72605496  
3.494673428  
-11.13804033  
-20.6910132  
-21.15921307  
-11.72855151  
4.76971344  
22.90650963  
36.7913261  
42.39766324  
39.08233851  
29.64894882  
18.94230697  
11.60514346  
9.992602754  
13.16303654  
17.3811004  
17.89938323  
11.2251962  
-3.125637124  
-22.1544972  
-40.39322773  
-51.97992752  
-52.93524531  
-42.71749269  
-24.45689332  
-3.82094385  
12.99767686  
21.37285994  
19.64852862  
9.411737171  
-5.345216141  
-19.7531151  
-29.67186379  
-32.82364467  
-29.15602089  
-20.4551192  
-9.478575495  
1.018221555  
9.038176387  
13.70317175  
15.20883232  
14.48694449  
12.74115667  
11.01236857  
9.883191879  
9.375229166  
9.041211838  
8.208628306  
6.294462563  
3.0872911  
-1.104461483  
-5.500452857  
-9.086550153  
-10.95932384  
-10.64231267  
-8.242317365  
-4.377600757  
0.08997060315  
4.395910369  
8.128415157  
11.27970783  
14.07720456  
16.69200564  
18.99019355  
20.47657814  
20.48336949  
18.52474569  
14.63840337  
9.522487364  
4.363526582  
0.4005490564  
-1.589547689  
-1.643080555  
-0.6135311464  
0.1999791392  
-0.3513370628  
-2.713694812  
-6.385537089  
-10.11007403  
-12.43584423  
-12.39831345  
-10.0083042  
-6.311234673  
-2.971008122  
-1.551441272  
-2.810900905  
-6.328354294  
-10.63566991  
-13.80712668  
-14.25462358  
-11.38625147  
-5.849749915  
0.733744739  
6.416903296  
9.668098736  
9.895487814  
7.553215111  
3.824510946  
0.05947221187  
-2.763671264  
-4.323850632  
-4.89902719  
-5.044158581  
-5.200918001  
-5.444913834  
-5.484423349  
-4.882010536  
-3.35391855  
-0.9692288451  
1.864373206  
4.616596657  
6.924244947  
8.781559436  
10.50882271  
12.49910538  
14.87144031  
17.22478118  
18.65302954  
18.05806223  
14.64588717  
8.384224623  
0.1968307054  
-8.225782526  
-14.95077211  
-18.46181487  
-18.18577002  
-14.67296273  
-9.364054691  
-4.047895759  
-0.2364251834  
1.301519921  
0.691667069  
-1.221352302  
-3.258760792  
-4.325970482  
-3.716347032  
-1.241382446  
2.781881913  
7.610509781  
12.16719014  
15.14888392  
15.20741749  
11.25278993  
2.858769887  
-9.350990025  
-23.52950458  
-36.8196274  
-46.00357618  
-48.44834611  
-43.03596175  
-30.70778287  
-14.35053354  
2.011387829  
14.47195557  
20.49793907  
19.7040856  
13.84424992  
6.022931177  
-0.551803167  
-3.767916339  
-3.283729759  
-0.4307854975  
2.567201014  
3.684834031  
2.003742084  
-1.947379115  
-6.536140154  
-9.854402208  
-10.61932033  
-8.719673592  
-5.160795438  
-1.453003598  
1.245959286  
2.808977524  
4.295303934  
7.485649378  
13.98880675  
24.31735174  
37.35841072  
50.50428724  
60.42959305  
64.22676181  
60.45779332  
49.70964793  
34.43696317  
18.15487636  
4.291246543  
-4.874995583  
-8.81387284  
-8.698887118  
-6.781715484  
-5.461172849  
-6.411876455  
-10.08476306  
-15.72579944  
-21.84978196  
-26.93764948  
-30.0574898  
-31.16273398  
-30.96796761  
-30.48122633  
-30.41281837  
-30.72705072  
-30.54355135  
-28.44853715  
-23.10644556  
-13.93369856  
-1.559498807  
12.1290274  
24.40901823  
32.48783323  
34.35958376  
29.46169031  
18.90811562  
5.221840559  
-8.345140893  
-18.68642014  
-23.6444268  
-22.51545435  
-16.13516772  
-6.552887173  
3.586416447  
11.76787747  
16.24550594  
16.43495385  
12.96969159  
7.414955404  
1.721827005  
-2.420911086  
-4.137947025  
-3.634166295  
-2.067001125  
-1.045039654  
-1.920580918  
-5.146911031  
-9.977723219  
-14.67327403  
-17.17519857  
-15.99785567  
-10.95680471  
-3.386485558  
4.30310987  
9.590637015  
10.9323552  
8.48422258  
4.093826725  
0.5108836917  
0.1286563724  
3.813213157  
10.37604063  
16.97986666  
20.34615038  
18.24803675  
10.61046714  
-0.3094775655  
-10.78173691  
-17.14167122  
-17.32200683  
-11.68265336  
-2.762000952  
5.92411828  
11.462633  
12.7557156  
10.80494445  
7.965505195  
6.575577754  
7.669282125  
10.43002234  
12.65743247  
11.9980269  
7.292200742  
-0.6781374962  
-9.453669111  
-16.0655003  
-18.52033086  
-16.83365064  
-13.05323164  
-10.22233462  
-10.78221202  
-15.22115946  
-21.67991879  
-26.75588473  
-27.14361279  
-21.31014736  
-10.36160913  
2.356827126  
12.75779603  
17.87924721  
17.19809064  
12.73102301  
7.871172335  
5.552323452  
6.685843206  
9.690997361  
11.38802454  
8.819824214  
1.065172671  
-9.927799062  
-19.99529581  
-24.66048531  
-21.38942132  
-11.07154415  
2.080575694  
12.27510712  
14.7850523  
8.270265791  
-4.349261322  
-16.95572688  
-22.82568214  
-17.61995452  
-1.425395365  
21.09240915  
42.52429473  
55.74952219  
56.84192836  
46.5950711  
30.03707506  
14.19694912  
5.13409435  
5.520787415  
13.77046826  
24.9892957  
33.23414101  
34.03906255  
26.13628965  
11.72550974  
-4.686355416  
-18.25603317  
-25.69386774  
-26.31734625  
-21.95281326  
-15.88652742  
-11.42618305  
-10.70165429  
-14.12575141  
-20.58550703  
-28.12296909  
-34.72200821  
-38.87581729  
-39.79971205  
-37.3554762  
-31.86549969  
-23.97838619  
-14.63977602  
-5.103074515  
3.142005018  
8.607700384  
10.19423284  
7.595259376  
1.543431918  
-6.246927908  
-13.47393905  
-17.88093348  
-17.9309332  
-13.30057212  
-5.025081184  
4.76383512  
13.43785963  
18.63575467  
18.96406708  
