-26.27594998  
-59.35248312  
-88.23742387  
-104.4274265  
-101.2477335  
-76.45325537  
-33.64091904  
18.27935162  
67.57508113  
103.3358582  
118.9381607  
114.0048916  
94.11594519  
68.42510114  
46.17628173  
33.51970699  
31.83474985  
38.07472195  
46.77658306  
52.71352437  
52.99940962  
47.81243033  
39.61352196  
31.42739284  
25.13309018  
20.60714447  
16.06964001  
9.355795493  
-0.6146472104  
-12.96298936  
-25.03180079  
-33.53301643  
-36.08551121  
-32.37901283  
-24.38704607  
-15.52765145  
-9.175853258  
-7.243526908  
-9.495187855  
-13.90748393  
-17.87491334  
-19.66289868  
-19.39635067  
-19.09672437  
-21.73132328  
-29.70515125  
-43.48763664  
-61.01837016  
-78.19116508  
-90.24959989  
-93.52831227  
-86.83211918  
-71.89472238  
-52.74219016  
-34.22504003  
-20.30193409  
-12.73187781  
-10.64762634  
-11.12483361  
-10.48440997  
-5.804918062  
3.922997743  
17.41006684  
31.55822831  
42.62137132  
47.60250742  
45.39062324  
37.24371106  
26.45861256  
17.33906061  
13.80696698  
18.11185826  
30.06177216  
47.02815177  
64.72592509  
78.51453438  
84.79475667  
82.04092488  
71.1340456  
54.89941954  
37.03314135  
20.81362332  
8.069795313  
-1.228027258  
-8.623941991  
-16.24190744  
-25.64678503  
-36.96429148  
-48.61601725  
-57.78224219  
-61.41565313  
-57.41654145  
-45.51806551  
-27.54834654  
-6.972926479  
12.11018683  
26.16444592  
33.19010042  
33.17855363  
27.93797234  
20.3990844  
13.65528202  
10.04269784  
10.51091651  
14.42444145  
19.80689036  
23.93791025  
24.14345948  
18.58917271  
6.880321836  
-9.699015302  
-28.4089393  
-45.72504602  
-58.30758855  
-63.98836909  
-62.44725277  
-55.31164871  
-45.5994735  
-36.67193739  
-31.07712454  
-29.73622288  
-31.80882615  
-35.29003367  
-38.06610229  
-38.92673924  
-38.0340259  
-36.58966935  
-35.84171564  
-35.93206394  
-35.2324015  
-30.63972993  
-18.86479986  
1.772921419  
29.87018982  
60.59005272  
86.81800725  
101.5455381  
100.591799  
84.51558808  
58.80746564  
32.13393831  
13.23316229  
7.682642099  
15.8655805  
32.98957603  
51.14405565  
62.50863958  
62.33282222  
50.43518607  
30.65961504  
8.668401683  
-10.79913308  
-25.85860238  
-37.69643368  
-49.02992061  
-61.66574601  
-74.49009298  
-83.04894635  
-81.11393816  
-63.64137896  
-29.77829907  
15.56041083  
62.46  
99.01008649  
115.4234138  
107.6020555  
78.67124783  
37.83521619  
-2.97441095  
-33.28969258  
-47.47176471  
-46.00507784  
-34.39158325  
-20.31603078  
-10.38865301  
-7.810604974  
-11.76609766  
-18.53284039  
-23.58656628  
-23.67095074  
-17.9840354  
-8.154948871  
2.740678945  
11.52010462  
15.97215832  
15.33115879  
10.17163089  
1.997278625  
-7.173803085  
-15.09283286  
-19.5030356  
-18.47201861  
-10.91629948  
2.807309387  
20.5572603  
38.63578362  
52.71052206  
59.19923385  
56.58988668  
46.09228654  
31.2523326  
16.60554283  
5.908130887  
0.7091943541  
-0.09775595004  
0.4479890199  
-1.085830451  
-6.906440525  
-17.06365394  
-29.61732327  
-41.76521395  
-51.31653816  
-57.73351193  
-62.20333458  
-66.71274562  
-72.62821105  
-79.54939352  
-85.08099903  
-85.70615637  
-78.38684675  
-62.13737959  
-38.81212402  
-12.70826535  
10.86154869  
27.4105252  
34.75283772  
33.54008248  
26.73096992  
18.329014  
11.97206404  
9.913384209  
12.65208193  
19.14042  
27.29022762  
34.51043598  
38.16967808  
36.05294883  
26.9178159  
11.12318336  
-8.91500828  
-28.81230727  
-43.1183159  
-46.95529868  
-37.88233326  
-17.19023539  
10.08310846  
36.65631209  
55.57198549  
62.80398977  
58.73909129  
47.79245593  
36.24897604  
29.28518346  
28.57973813  
31.70502329  
33.6571692  
29.81548781  
18.8382642  
3.938404192  
-8.293550806  
-11.13408223  
-1.540477693  
17.41120848  
36.90488665  
45.75086464  
35.44532585  
4.675523379  
-38.92079031  
-80.82561259  
-104.9458988  
-100.0469192  
-64.60132301  
-7.9227507  
52.99192308  
99.66093256  
118.8218793  
106.936762  
70.79667102  
24.22441616  
-17.51166999  
-43.13765746  
-48.53345566  
-36.67689363  
-14.93720436  
8.647825989  
28.2830788  
41.39015719  
47.67870196  
47.34889514  
39.79131161  
23.69358708  
-1.496620988  
-33.71056842  
-67.31571133  
-94.00066164  
-105.4435773  
-96.70620544  
-68.77858894  
-28.95378554  
11.34572965  
40.50338885  
50.78911066  
40.88809179  
15.87926714  
-15.18918732  
-42.9491564  
-60.96193965  
-67.27363908  
-63.8795692  
-54.70518637  
-43.32255064  
-31.57345745  
-19.63280599  
-7.196252834  
5.13695196  
15.26237616  
20.22274372  
17.80841826  
8.196258741  
-5.386717308  
-17.51633388  
-22.68496813  
-17.71390034  
-3.273845537  
16.29516879  
34.85187449  
47.15651826  
51.1133124  
48.46004417  
43.56090937  
40.89773495  
42.50977122  
46.68299326  
48.59147856  
42.64609197  
25.45410436  
-2.032102262  
-34.25104721  
-62.85641526  
-79.86727721  
-80.76297312  
-66.17034715  
-41.43491989  
-14.32273099  
8.084912573  
21.93293724  
27.52557929  
28.37994874  
28.99046396  
32.42844349  
38.8939771  
45.81571755  
49.33498989  
46.37408852  
36.27020192  
21.21940348  
5.378492672  
-6.899215743  
-12.84472208  
-12.27147183  
-7.400365657  
-1.682276834  
1.776685901  
1.457056246  
-2.170313631  
-7.154742592  
-11.14121914  
-12.45049478  
-10.6745324  
-6.598362189  
-1.610838603  
3.002448426  
6.491809931  
8.615811907  
9.260349754  
8.021784686  
4.092159885  
-3.402521812  
-14.74051191  
-28.98309575  
-43.7972609  
-55.94841306  
-62.35810308  
-61.31245205  
-53.26648695  
-40.81912035  
-27.78065469  
-17.67662438  
-12.32145137  
-11.11204888  
-11.39633358  
-9.794999596  
-3.898393864  
6.446768469  
18.90072003  
29.62002714  
35.07785525  
33.88981592  
27.75903248  
21.00387495  
18.76421176  
24.61461886  
38.65378597  
57.0008906  
73.055993  
80.09774842  
74.15487274  
55.89188105  
30.61853279  
6.313428038  
-9.570583659  
-13.1876836  
-5.935947148  
6.090982699  
14.64812141  
12.82545587  
-1.98897907  
-26.91429928  
-54.63296926  
-76.22349841  
-84.56052705  
-76.88731259  
-55.57991065  
-26.94414525  
1.287796344  
22.61666347  
33.52385846  
33.77935752  
25.50143177  
11.69282628  
-4.913169418  
-22.19911218  
-38.26752953  
-50.84038984  
-57.10709519  
-54.37965182  
-41.36772993  
-19.41216598  
7.121241973  
31.76029367  
48.00056553  
51.74499574  
43.02934441  
26.17867181  
8.208086006  
-3.920397578  
-6.021275535  
1.789442433  
15.41769569  
28.77026296  
36.45004591  
35.92962489  
28.25690539  
17.07670788  
6.564721454  
-0.6398828489  
-4.473540031  
-7.001541842  
-10.80684605  
-17.13763441  
-24.84496962  
-30.72051719  
-31.10059292  
-23.92842131  
-10.19735603  
6.018814359  
19.05503514  
24.01302697  
18.90028395  
5.547288416  
-11.12282472  
-25.12734327  
-31.81944848  
-29.57706589  
-20.09175169  
-7.251725024  
4.741707493  
13.08734634  
17.1711352  
18.1999255  
18.05357881  
18.07500915  
18.46270204  
18.51963721  
17.49868829  
15.44269126  
13.44573109  
13.1222762  
15.56653502  
20.42240738  
25.67322136  
28.38724884  
26.12056802  
18.26909919  
6.618217274  
-5.299315511  
-13.81925525  
-16.98693738  
-15.69083613  
-13.44902951  
-14.84047398  
-23.24940588  
-38.96978601  
-58.60164257  
-76.10091482  
-85.088574  
-81.43420809  
-64.99601092  
-39.7697048  
-12.40966021  
10.21623832  
23.39557299  
25.93018354  
20.05663152  
10.1498359  
0.9050565773  
-4.204116122  
-3.67333212  
2.130795298  
11.56543372  
22.32990818  
31.80652599  
37.16419201  
35.52790985  
24.53684697  
