-25.65557434  
-38.24834252  
-47.67450202  
-50.91544219  
-45.64417616  
-31.04789574  
-8.366993267  
19.09715102  
46.60554793  
69.11648699  
82.61776359  
85.24029498  
77.78551871  
63.48019304  
47.02462005  
33.23299882  
25.68798295  
25.81240795  
32.60945045  
43.09923344  
53.27319604  
59.25315439  
58.32328087  
49.57841269  
34.06743422  
14.45158561  
-5.693189073  
-22.74008399  
-33.84043369  
-37.54147696  
-34.06561506  
-25.19469554  
-13.78286238  
-3.011517303  
4.430134801  
7.018197014  
4.727846087  
-1.079115068  
-8.185680358  
-14.30708237  
-17.88144838  
-18.60194711  
-17.51126157  
-16.62536536  
-18.2128121  
-23.97168322  
-34.37528057  
-48.39815007  
-63.70292784  
-77.22432196  
-85.96792274  
-87.79229095  
-81.96088608  
-69.32691128  
-52.11506614  
-33.36438885  
-16.17330077  
-2.932769123  
5.259045124  
8.83945633  
9.595077874  
10.06882969  
12.7071089  
18.9958816  
28.87412167  
40.65513867  
51.53493304  
58.55562523  
59.7046049  
54.73781228  
45.38324944  
34.79311607  
26.40544408  
22.63122172  
23.8856149  
28.37654906  
32.77535599  
33.53325171  
28.3265819  
17.03768591  
1.854911956  
-13.56463658  
-25.52666791  
-31.72567087  
-32.05962735  
-28.4920371  
-24.03442952  
-21.31123544  
-21.35353223  
-23.16506553  
-24.25432084  
-21.88756751  
-14.48729432  
-2.5301807  
11.4791939  
23.96469622  
31.75063245  
33.39696291  
29.80380831  
23.81183937  
18.96910889  
17.99591749  
21.60570252  
28.17568702  
34.39016841  
36.56832154  
32.11893154  
20.54110708  
3.610328745  
-15.26146546  
-32.1817468  
-43.97894038  
-49.02455926  
-47.46050207  
-40.86908766  
-31.61438055  
-22.13832951  
-14.42573846  
-9.720011633  
-8.456411718  
-10.33144373  
-14.44744502  
-19.51622762  
-24.12960152  
-27.07816683  
-27.64771518  
-25.78105899  
-22.0156219  
-17.19246348  
-12.0495762  
-6.891446629  
-1.51339102  
4.556442487  
11.60384825  
19.30385135  
26.58234377  
31.90019809  
33.88047056  
32.00217572  
27.00452295  
20.75166537  
15.55128786  
13.19469534  
14.14971488  
17.29668893  
20.36114361  
20.8696002  
17.19794986  
9.229098947  
-1.680660135  
-13.38680659  
-23.93247138  
-32.30723167  
-38.59920435  
-43.47415577  
-47.28548399  
-49.34385858  
-47.82515936  
-40.48218163  
-25.89774876  
-4.683981262  
20.01857541  
43.12015967  
59.13273897  
64.11577625  
57.20750032  
41.06322932  
20.96816984  
2.956819017  
-8.304197154  
-11.01784685  
-6.570381191  
1.39651959  
8.686064561  
12.26083767  
11.26864808  
7.038572957  
2.180587028  
-0.7063743248  
-0.1107978257  
3.954826962  
10.22828362  
16.91786537  
22.44587018  
25.8697675  
26.87575189  
25.49797064  
21.84707806  
16.07397137  
8.59396115  
0.3837834695  
-6.932691047  
-11.40437602  
-11.44461229  
-6.613150931  
1.911769488  
11.48673562  
18.82869113  
21.23700715  
17.71354216  
9.480797675  
-0.3721685521  
-8.021563455  
-10.38962876  
-6.387556117  
2.573800253  
13.0065571  
20.53564224  
21.40390407  
13.74575789  
-1.798305194  
-22.29138796  
-43.40517983  
-60.67974498  
-70.72614465  
-72.0310818  
-65.18106201  
-52.5092067  
-37.32104201  
-22.94982163  
-11.91441604  
-5.409409434  
-3.251984494  
-4.26745988  
-6.944824999  
-10.09181445  
-13.21149406  
-16.43606293  
-20.05551625  
-23.89216952  
-26.88692542  
-27.20629706  
-22.94301303  
-13.16541203  
1.180184227  
17.04312754  
30.00813672  
35.8557243  
32.3583624  
20.50810164  
4.517279783  
-9.57787397  
-16.24483114  
-12.76272465  
-0.4745713025  
15.65070699  
29.04967758  
34.34984667  
29.67904835  
17.4353956  
3.135539139  
-7.150566834  
-9.58731233  
-4.261906654  
5.043851214  
12.89552522  
15.06155762  
10.75085218  
3.069396019  
-2.606675888  
-1.591593284  
7.287795925  
20.50015153  
31.00975698  
31.47665503  
18.03473254  
-7.168003132  
-36.01753002  
-57.27691361  
-61.13369646  
-43.50683233  
-8.189328681  
34.2015916  
70.10975325  
88.16121344  
83.38832556  
58.83426591  
23.97590578  
-9.22799268  
-30.89669754  
-36.49309751  
-27.60232426  
-10.20929993  
8.450014939  
22.89385297  
30.95975818  
33.48655465  
32.64212355  
30.03067506  
25.68071588  
18.40738596  
7.215824692  
-7.187930702  
-21.7770814  
-31.97827577  
-33.57022881  
-24.78987463  
-7.561038901  
12.84904694  
29.68263517  
37.25720105  
33.10258868  
18.73882427  
-1.185414576  
-20.9138985  
-35.79225221  
-43.69206812  
-45.1400892  
-42.30786844  
-37.54138101  
-32.23748799  
-26.57485127  
-20.07235009  
-12.48570999  
-4.408733418  
2.815319611  
7.805127278  
9.997373919  
10.05852072  
9.519170487  
9.780763153  
11.07079952  
12.03184017  
10.32995635  
4.097987335  
-6.508085733  
-18.55173754  
-26.9709577  
-26.57833064  
-14.60716512  
7.400283423  
33.39575206  
54.6466265  
62.96796117  
54.03983057  
29.34824559  
-4.168863091  
-36.6960697  
-59.26729939  
-67.05434956  
-60.81976899  
-45.97140553  
-29.73896869  
-17.82438767  
-12.07049309  
-10.1661965  
-7.416518559  
0.3689432343  
14.32362594  
31.56446491  
46.29318147  
52.42810865  
46.50711715  
29.4806821  
6.546837764  
-14.90179791  
-28.28018158  
-30.41327302  
-22.60832262  
-9.796420102  
1.778360004  
7.224589298  
4.839939684  
-3.608736144  
-14.13090789  
-22.56600903  
-26.4224007  
-25.67773514  
-22.28387307  
-18.76641914  
-16.71563602  
-15.95461697  
-14.7750737  
-11.06397618  
-3.696308901  
6.547380868  
17.02508188  
24.23616101  
25.31082922  
19.28555627  
7.582388043  
-6.502866583  
-19.03529777  
-26.82189155  
-28.34188438  
-23.89343056  
-15.02202938  
-3.627677587  
8.749860784  
21.13086553  
32.77655331  
42.66392269  
49.2017704  
50.50700528  
45.2357705  
33.60455946  
18.0384011  
2.962066238  
-6.401177639  
-5.890721754  
5.776693486  
26.03501223  
48.87635171  
66.64548106  
72.6505261  
63.63356277  
41.1311183  
11.13891884  
-17.86231666  
-37.82309483  
-43.90315895  
-36.07242015  
-18.94590837  
0.05460122666  
13.48064769  
16.50623974  
8.463237245  
-7.248472247  
-24.73381277  
-37.95338416  
-42.89643647  
-38.77073429  
-27.86366795  
-14.2936487  
-2.288198414  
5.262804684  
7.451334137  
5.087241421  
-0.163179536  
-6.705220545  
-13.54253991  
-20.22331817  
-26.37630428  
-31.23547907  
-33.53914415  
-31.95174124  
-25.82294602  
-15.85770031  
-4.254186469  
5.893820745  
11.75884819  
12.00677316  
7.492754084  
1.027361088  
-3.768192792  
-4.057169329  
0.8800778167  
9.210920332  
17.2654095  
21.1300452  
18.43007611  
9.497317381  
-2.623199517  
-13.36037642  
-18.49094126  
-15.88167658  
-6.339205291  
6.78741638  
19.04644257  
26.70041301  
28.11297264  
24.12529812  
17.33010117  
10.66023475  
6.001664941  
3.485508622  
1.748841348  
-1.036782963  
-5.940075036  
-12.49906353  
-18.80675188  
-22.41281852  
-21.58318037  
-16.27481398  
-8.318379684  
-0.6884184554  
3.810685229  
3.825501397  
0.09283406589  
-4.872438589  
-7.902886979  
-6.604156172  
-0.4323238281  
9.053865498  
18.85938835  
25.81452834  
27.85698694  
24.77921762  
18.15582601  
10.54789838  
4.393450908  
1.095023698  
0.6767807195  
2.084310589  
3.897602383  
5.059358457  
5.263128757  
4.853839736  
4.358527899  
3.947587408  
3.145121865  
0.9598174826  
-3.621224694  
-11.02531572  
-20.68513819  
-31.04541211  
-40.00422926  
-45.60780873  
-46.70453157  
-43.29400254  
-36.44826306  
-27.86963264  
-19.29001022  
-11.9557518  
-6.373767227  
-2.364765302  
0.65638255  
3.319889199  
6.000188256  
8.654472447  
10.81189  
11.68031522  
10.33438589  
5.961972132  
-1.844881956  
