-5.410419886  
-7.435942442  
-11.43168046  
-16.24377963  
-19.98861942  
-20.85167585  
-17.86863032  
-11.34583568  
-2.745991856  
5.893794655  
12.74460026  
16.82872577  
18.26412864  
18.03975793  
17.45839405  
17.51624089  
18.49332227  
19.9143236  
20.86414679  
20.48817896  
18.43875863  
15.06880045  
11.29662617  
8.211694286  
6.598858702  
6.585886461  
7.561333951  
8.397163189  
7.889429082  
5.248525784  
0.4537710735  
-5.661805429  
-11.63301768  
-15.82011114  
-16.94902504  
-14.55248018  
-9.161088774  
-2.177517578  
4.526714389  
9.157892115  
10.5072909  
8.253305156  
2.968779143  
-4.146525938  
-11.68906248  
-18.4623575  
-23.72770601  
-27.22911574  
-29.03125025  
-29.28984779  
-28.09072183  
-25.44141676  
-21.40393785  
-16.26862412  
-10.63731998  
-5.326667024  
-1.103339773  
1.63171096  
3.041999506  
3.806325062  
4.807113569  
6.681410332  
9.450857602  
12.43333089  
14.51738627  
14.70090659  
12.64645558  
8.967467318  
5.064435043  
2.538570171  
2.427599628  
4.625309129  
7.7946874  
9.874634183  
9.00110298  
4.446195268  
-2.866884715  
-10.55424291  
-15.64277437  
-15.78471662  
-10.30023903  
-0.5833161187  
10.33157202  
18.8827174  
22.31715075  
19.69405474  
12.14834176  
2.333408759  
-6.682264035  
-12.56886452  
-14.45228294  
-12.93755764  
-9.515938404  
-5.710255699  
-2.404456695  
0.3305671661  
2.88536119  
5.491280377  
7.73147248  
8.51016686  
6.555092154  
1.222949145  
-6.820143902  
-15.45546126  
-21.68523885  
-22.75741569  
-17.38319303  
-6.495310723  
6.84424138  
18.42592597  
24.41294623  
22.79864398  
14.20362834  
1.675910624  
-10.434668  
-18.08081567  
-18.96667694  
-13.28625232  
-3.499204151  
6.716514589  
13.88101633  
15.93177551  
12.80189545  
6.202129822  
-1.224556166  
-6.982961236  
-9.601988548  
-9.002153575  
-6.28453002  
-3.103674144  
-0.9230813255  
-0.4536106607  
-1.461204877  
-2.964283844  
-3.694792206  
-2.620898878  
0.6616047327  
5.78877694  
11.75875712  
17.26379635  
21.10183618  
22.53369596  
21.47820528  
18.4899089  
14.53056999  
10.6102211  
7.420926421  
5.096704405  
3.198071592  
0.9424485328  
-2.395033902  
-7.063934302  
-12.58191573  
-17.76794627  
-21.08365063  
-21.17190496  
-17.38854426  
-10.11226713  
-0.6980324344  
8.917058651  
16.80389762  
21.59729914  
22.80818335  
20.79617423  
16.45711648  
10.79840053  
4.606057497  
-1.662193625  
-7.753669339  
-13.38827308  
-18.09108766  
-21.2190232  
-22.19228629  
-20.81285869  
-17.48454742  
-13.18420332  
-9.15532825  
-6.445335147  
-5.502936091  
-6.0401786  
-7.240227658  
-8.217153997  
-8.495327008  
-8.250982319  
-8.167441778  
-8.953036795  
-10.75995615  
-12.82338822  
-13.56282531  
-11.17541441  
-4.501262671  
6.226070159  
19.125045  
31.0982034  
38.84397797  
40.06966071  
34.40858833  
23.64282909  
11.11135017  
0.5232026643  
-5.353260857  
-5.605236374  
-1.347267385  
4.878177811  
10.17954762  
12.40153181  
10.77707266  
5.929634189  
-0.6876451705  
-7.588113241  
-13.8830471  
-19.46902511  
-24.7356798  
-30.00395507  
-35.02956633  
-38.85806932  
-40.12543359  
-37.66284376  
-31.10521062  
-21.19572782  
-9.626463721  
1.521859541  
10.48815882  
16.37190063  
19.28307758  
20.07154933  
19.80592436  
19.27479046  
18.74619876  
18.06584368  
16.9880206  
15.51395419  
14.02028174  
13.09122388  
13.14721512  
14.09313167  
15.21691275  
15.44428413  
13.86035952  
10.24623317  
5.338633322  
0.6342862401  
-2.220550331  
-2.196937752  
0.5572325488  
4.659976822  
8.014498981  
8.70633978  
5.885574453  
0.2229706267  
-6.294085394  
-11.16553345  
-12.44347553  
-9.588860831  
-3.733176884  
2.779771744  
7.374144715  
8.311310465  
5.37618018  
-0.1152644398  
-5.973531721  
-10.14519288  
-11.60846145  
-10.75222817  
-9.0821421  
-8.410205756  
-9.918281594  
-13.53474928  
-17.90928182  
-20.99021657  
-20.93343565  
-16.92959379  
-9.585141312  
-0.7048195171  
7.407086485  
12.80710177  
14.56763591  
12.97961966  
9.274074279  
5.043604381  
1.648971701  
-0.1438790702  
-0.2001206875  
1.196627053  
3.62010542  
6.661067717  
9.900029472  
12.76350006  
14.42610577  
13.90916134  
10.41388725  
3.774582526  
-5.191419041  
-14.65988862  
-22.20387099  
-25.53737733  
-23.33888529  
-15.8273938  
-4.836959875  
6.675880731  
15.5355202  
19.34313402  
17.21374289  
10.00792754  
0.005288007031  
-9.834395078  
-16.75063293  
-18.91775708  
-15.83995871  
-8.347468642  
1.736930177  
12.11874614  
20.58759175  
25.48768192  
26.02811263  
22.39253209  
15.6337548  
7.367508421  
-0.6764558985  
-7.133625195  
-11.36371106  
-13.54963782  
-14.47377515  
-15.03665803  
-15.71151345  
-16.19026578  
-15.42564453  
-12.11282941  
-5.44261702  
4.206844297  
15.00026608  
24.01399298  
28.1890762  
25.53046389  
16.05215264  
2.01873613  
-12.70165927  
-23.98307102  
-28.97212628  
-27.17043997  
-20.59141053  
-12.89016769  
-7.806217143  
-7.567533198  
-11.93848356  
-18.32850027  
-22.92150018  
-22.3417161  
-15.13499715  
-2.4260351  
12.52368436  
25.65011312  
33.71896457  
35.54634537  
32.2994398  
26.79100328  
22.12955363  
20.35489852  
21.66287295  
24.52331027  
26.57192503  
25.80934299  
21.52900652  
14.56056647  
6.766908139  
0.09496802269  
-4.322946392  
-6.576234637  
-7.721065093  
-9.037490856  
-11.21489093  
-13.90596795  
-15.88682312  
-15.73937784  
-12.69815792  
-7.213930052  
-0.9274800425  
3.955790038  
5.59680867  
3.310084853  
-2.171707918  
-9.076381335  
-15.41645351  
-19.84791816  
-22.14566952  
-23.08260225  
-23.80776289  
-25.07256162  
-26.72518432  
-27.74462845  
-26.79656162  
-23.01335702  
-16.57619679  
-8.775507559  
-1.496359396  
3.619944523  
5.909313949  
5.929935147  
5.084975334  
4.816716957  
5.800669168  
7.581143601  
8.866797479  
8.35170464  
5.628666813  
1.677054466  
-1.403117703  
-1.357944229  
2.991611379  
10.88658933  
19.63923358  
25.62714573  
25.89719338  
19.6609747  
8.946174764  
-1.990929344  
-8.329038818  
-6.741019926  
3.060821514  
18.01829067  
32.85485963  
42.19011568  
42.73629612  
34.61419718  
21.20636831  
7.615850459  
-1.576520183  
-4.250559369  
-1.522054831  
2.967025024  
4.885061554  
1.307080798  
-7.89862443  
-20.01685476  
-30.75905641  
-36.24277302  
-34.74088446  
-27.39350927  
-17.57829664  
-9.270930185  
-5.193624761  
-5.629745351  
-8.445745604  
-10.27663704  
-8.278704781  
-1.596395438  
8.155980297  
17.61356858  
23.22069868  
22.87830515  
16.89922998  
7.836635535  
-0.7068591336  
-5.704835302  
-5.995144318  
-2.644038149  
1.743337282  
4.391516416  
3.719632112  
0.0494095432  
-4.656785629  
-7.861307989  
-7.772290806  
-4.268141688  
1.013658811  
5.445145219  
6.644387402  
3.580869125  
-2.961921021  
-10.75187723  
-17.08807565  
-19.90825835  
-18.5144858  
-13.63139856  
-6.857444398  
0.1433170243  
6.272797358  
11.16133384  
14.85595822  
17.30102195  
17.98733827  
16.03663151  
10.72245856  
2.151380797  
-8.305959458  
-18.15583855  
-24.54047151  
-25.33586736  
-20.10102918  
-10.41500457  
0.6066220913  
9.453851809  
13.55094772  
12.20244691  
6.751682609  
-0.1013712558  
-5.50173221  
-7.618532778  
-6.29053842  
-2.891373579  
0.4667720764  
1.978960058  
0.9447293241  
-2.029380357  
-5.461936624  
-7.798207447  
-8.158013481  
-6.665997876  
-4.235615395  
-1.963921787  
-0.4853779592  
0.3630972023  
1.392192438  
3.515759008  
7.113705725  
11.65568604  
15.80584365  
17.97953921  
17.08682879  
13.09250775  
7.104243819  
0.9268786405  
-3.717517145  
-5.938585279  
-6.040076149  
