-33.65342616  
-15.98852074  
-4.920889918  
-5.225943586  
-16.46849837  
-33.28151029  
-47.56840487  
-51.69797854  
-41.38587197  
-17.14571118  
16.15382853  
51.27476401  
81.18163465  
101.1024684  
109.339797  
106.7466203  
95.40235457  
77.31743557  
53.84521139  
25.99688634  
-4.692623651  
-35.42042129  
-62.1011486  
-80.28268845  
-86.66407549  
-80.51761972  
-64.29777687  
-43.06498076  
-22.88830078  
-8.854571874  
-3.481220526  
-6.133628974  
-13.59701401  
-21.46831954  
-25.74352958  
-23.99080213  
-15.77512628  
-2.37257781  
13.91174219  
30.44441723  
44.74280787  
54.71673891  
58.81691674  
56.24293125  
47.23120417  
33.27585808  
17.05794907  
1.9404788  
-8.90284853  
-13.43522568  
-11.3894644  
-4.290881176  
5.168191469  
14.14555796  
20.62154401  
23.92004653  
24.59499952  
23.80548194  
22.53014133  
21.01649167  
18.70613413  
14.61929877  
7.960771347  
-1.368198177  
-12.57463072  
-24.13140814  
-34.15597475  
-40.8231027  
-42.68957673  
-38.92889781  
-29.54644019  
-15.6095227  
0.593737591  
15.66740002  
25.68107632  
27.21819725  
18.63040732  
0.9971795264  
-21.73176585  
-43.67376133  
-58.82889818  
-63.1212336  
-55.81411382  
-39.64595446  
-19.57688364  
-0.6832372698  
13.8327228  
23.57833722  
30.4147564  
36.72667053  
43.45981556  
49.03286738  
49.81607702  
42.05577859  
24.31757655  
-0.8566282784  
-27.09775334  
-46.34093782  
-52.1094374  
-42.46118349  
-21.15308843  
3.651270801  
22.65891846  
29.26742887  
22.18361901  
5.631670153  
-12.92365303  
-26.42731448  
-31.49183057  
-29.70188612  
-26.37812939  
-27.47150401  
-36.18208361  
-51.02033793  
-66.29240614  
-74.76619409  
-71.17620472  
-54.80835271  
-29.87616958  
-3.519419029  
17.54818674  
30.04690663  
35.29660315  
37.99895433  
43.31791477  
53.80575092  
67.78603939  
80.04318357  
84.47034942  
77.31415167  
59.34126836  
35.79916599  
14.16612446  
0.8076471888  
-1.796190179  
4.107300852  
13.00039213  
19.04970051  
19.01538849  
13.63014855  
6.786020594  
3.024449414  
4.711378519  
10.44182527  
15.5677072  
14.62139751  
4.392151069  
-13.96802172  
-34.9748558  
-51.07829003  
-56.1234197  
-48.33215148  
-31.32638416  
-12.64668203  
-0.4282245924  
0.2170583356  
-10.57240885  
-27.5798737  
-42.94771269  
-49.69606088  
-44.68482281  
-29.71773955  
-10.41846685  
6.440765954  
15.82174456  
16.20507145  
9.61958388  
0.1653856305  
-8.028739999  
-12.32845352  
-11.94474223  
-7.196493798  
1.609808921  
14.80868214  
33.00242811  
55.85546978  
80.8297131  
102.8073202  
115.1641194  
112.0960398  
91.25352011  
55.41405413  
12.22534838  
-28.12177634  
-56.46303989  
-68.00183418  
-63.96322142  
-50.7962207  
-37.23043772  
-30.4552891  
-33.09254552  
-42.2854007  
-51.28235882  
-52.77731668  
-42.49102168  
-21.3845928  
4.474755588  
26.320879  
36.29076026  
30.64060855  
11.20594412  
-15.45714856  
-40.78367077  
-57.51732098  
-62.19242528  
-55.79372835  
-42.4815425  
-27.14740304  
-13.04836174  
-0.6463830077  
11.864488  
26.71374816  
44.41480177  
62.49998839  
75.8781241  
78.77188795  
67.40840771  
42.22454584  
8.507777979  
-24.94617282  
-48.71250443  
-56.02642137  
-45.16636802  
-19.992447  
11.52450306  
40.13202675  
58.32677093  
62.44212225  
53.13991032  
34.37205516  
11.48789281  
-10.60425161  
-28.5209492  
-40.53412357  
-46.06230335  
-45.09565684  
-38.02077529  
-25.92777778  
-11.06470221  
3.091597952  
12.52205185  
14.04408344  
6.835295009  
-6.686258842  
-21.24419362  
-30.42706313  
-29.16919885  
-15.9549245  
6.273408899  
31.01179337  
50.61079497  
59.22296539  
55.02136109  
40.73203653  
22.27493448  
6.152722037  
-3.227452049  
-5.126065762  
-2.315128507  
0.6118761761  
-0.4175244155  
-7.076582531  
-18.03933167  
-29.80803709  
-38.43678288  
-41.25731197  
-37.81866236  
-29.7319955  
-19.68408348  
-10.24289198  
-3.060561247  
1.264788141  
2.8414659  
2.082264931  
-0.3856165484  
-3.462377843  
-5.294994347  
-3.439471266  
4.283211733  
18.45650068  
36.93215703  
54.68474169  
65.10350247  
62.46642067  
44.62589028  
14.61955251  
-19.7648283  
-48.56965675  
-63.45473444  
-61.07186437  
-44.46159332  
-21.73830678  
-2.570227972  
5.978281918  
2.334642094  
-9.292853818  
-21.31576904  
-26.64555788  
-22.13243207  
-9.884591026  
4.123360554  
13.36043496  
14.20119413  
7.714375283  
-1.149658761  
-6.509835298  
-5.020966024  
2.073026956  
9.49993818  
10.93412298  
2.840230299  
-12.92138513  
-29.28473346  
-37.10197395  
-29.76846498  
-7.019925986  
24.14731546  
52.11505842  
65.73512162  
59.46456706  
36.00844099  
5.091927408  
-21.12106618  
-33.75723928  
-31.28727002  
-19.87237335  
-9.810556399  
-9.858480716  
-22.31517488  
-41.42021602  
-55.98587433  
-55.04809351  
-33.75370624  
3.496961524  
44.34378441  
73.72682085  
80.67929398  
63.42582031  
30.33736644  
-3.732747675  
-24.00653425  
-22.15443293  
0.4467264605  
33.95388781  
65.00461201  
82.86269953  
83.8129588  
71.8668454  
55.75118774  
43.97658167  
40.61620782  
43.88342219  
48.01584846  
47.20031838  
39.23886352  
26.8801327  
16.07777089  
12.16388238  
16.1132589  
23.09262775  
24.31057904  
11.42282971  
-18.68400474  
-61.24435141  
-104.6605986  
-135.0128922  
-142.0580624  
-123.9342944  
-88.31793853  
-49.40937165  
-22.06432605  
-15.70024249  
-30.67794633  
-58.66731566  
-86.65747733  
-102.6492253  
-100.4294217  
-81.42118788  
-53.08213637  
-24.93373539  
-4.277336542  
6.425998538  
9.541849711  
10.01117551  
12.28873113  
18.11118937  
26.10431686  
33.15925801  
36.57933219  
35.69313398  
32.05946442  
28.27026668  
26.17850993  
25.6855781  
24.86532911  
21.3953227  
14.46823202  
6.019994383  
0.4279896268  
2.642197618  
15.58643218  
38.13302994  
64.7591203  
87.21397844  
97.55795037  
91.25546019  
68.95672754  
36.20647926  
1.266923694  
-27.92723409  
-46.34689555  
-52.96660661  
-50.13775092  
-41.80242527  
-31.57149551  
-21.59354709  
-12.59069644  
-4.752337893  
1.268625218  
3.996195222  
1.703500781  
-6.395617579  
-19.07408758  
-32.87709254  
-43.07739801  
-45.48009413  
-38.26022088  
-22.92834176  
-3.896096571  
13.226068  
23.85439882  
26.1833029  
21.69319182  
14.24518285  
8.254263773  
6.83466072  
10.75983517  
18.61663187  
27.91240253  
36.4329016  
43.08683442  
47.82304121  
50.77690032  
51.27348673  
47.42941855  
36.77674507  
17.73710546  
-8.778748122  
-38.58203044  
-64.88116433  
-80.40852114  
-80.24238106  
-64.11467512  
-37.08644741  
-8.100890653  
13.16429479  
19.94065559  
11.01386439  
-8.767228399  
-30.38604936  
-44.21741318  
-43.8023457  
-28.29606226  
-2.610740829  
24.74915584  
45.19915611  
53.43659856  
49.26962685  
37.22717725  
24.23085867  
16.41992692  
16.53068391  
22.93092038  
30.6472324  
33.85195077  
28.66914623  
15.06957102  
-2.940021804  
-18.87606932  
-26.39587886  
-21.87789996  
-5.931914755  
16.71331215  
38.83667124  
53.18788024  
54.85555523  
42.72958668  
19.65153937  
-8.655011132  
-35.39591736  
-54.61943513  
-62.67377051  
-58.88992517  
-45.4453409  
-26.57842707  
-7.429443538  
7.199210761  
13.91092719  
11.41392304  
0.723421894  
-15.17531906  
-32.13423946  
-45.92895091  
-53.34469058  
-52.9637758  
-45.43967615  
-33.20044647  
-19.70199429  
-8.477910787  
-2.25804667  
-2.358773145  
-8.426407008  
-18.5129862  
-29.4217877  
-37.27536619  
-38.28645514  
-29.68865666  
-10.69000234  
16.81759208  
48.13572831  
76.49448344  
94.66444689  
97.09748451  
81.92002288  
51.99236559  
14.46473542  
-21.22449024  
-46.3357216  
-55.75372092  
-49.72311894  
