23.9753611  
17.52187813  
9.108759051  
0.7738815245  
-5.196637706  
-7.306737245  
-5.591612674  
-1.635682249  
2.19976563  
3.984239805  
3.246079031  
1.257992472  
0.3731225858  
2.694833968  
8.737034439  
16.78722656  
23.37415239  
24.70579762  
18.44389763  
4.97259716  
-12.48162303  
-28.99803853  
-39.89794278  
-42.60670152  
-37.60261057  
-28.03652814  
-18.22516214  
-11.7373312  
-9.959261157  
-11.76722135  
-14.38844729  
-14.96542925  
-12.02924608  
-6.176957917  
0.3260072439  
4.755453192  
5.302925495  
1.924889688  
-3.721614507  
-9.164743144  
-12.32636219  
-12.42383645  
-10.13314125  
-6.990844709  
-4.410607767  
-2.87113159  
-1.710487224  
0.387069236  
4.50794941  
10.73721314  
17.9366088  
24.20598514  
27.78656261  
27.92256916  
25.21666177  
21.28314546  
17.87691638  
15.95714511  
15.18459923  
14.12904343  
11.09488151  
5.14944307  
-3.174463844  
-11.87459994  
-18.20532828  
-19.80885966  
-15.73409085  
-6.885293019  
4.282743758  
14.65967421  
21.55259056  
23.48688315  
20.45611824  
13.62325732  
4.714346446  
-4.56756014  
-12.87041722  
-19.22262541  
-22.90344057  
-23.36058627  
-20.30382449  
-13.94131282  
-5.185195667  
4.377909866  
12.84711442  
18.60788978  
20.92124863  
20.21151244  
17.87923285  
15.68564112  
14.96898356  
16.04892121  
18.10043183  
19.56351588  
18.90400899  
15.37379338  
9.417292303  
2.534443628  
-3.340410094  
-6.666358593  
-6.965566364  
-5.047039996  
-2.696511466  
-1.971546558  
-4.396583678  
-10.37547621  
-19.03293811  
-28.51683194  
-36.6213071  
-41.49001671  
-42.15760616  
-38.76923577  
-32.44070946  
-24.83823955  
-17.63305533  
-12.00839554  
-8.366920262  
-6.318797336  
-4.941611091  
-3.215421135  
-0.4744526604  
3.29524795  
7.432666858  
10.87062272  
12.59268709  
12.08628821  
9.588360786  
6.002338318  
2.511389871  
0.05952855327  
-1.053519753  
-1.260564902  
-1.442873146  
-2.4053438  
-4.37461908  
-6.788997234  
-8.513762284  
-8.400463803  
-5.920538033  
-1.542694805  
3.36747327  
7.114841169  
8.453647943  
7.194665775  
4.320070998  
1.518938899  
0.3503722183  
1.445739553  
4.165405106  
6.913303815  
7.98216136  
6.516395113  
3.090233243  
-0.4376542401  
-1.780899208  
0.5869630762  
6.495633524  
13.89458295  
19.58913166  
20.62057229  
15.67944798  
5.882364043  
-5.497621785  
-14.28881561  
-17.14653  
-12.98911126  
-3.492629089  
7.598677086  
16.0606762  
18.9831761  
15.97816369  
9.268607156  
2.622069872  
-0.3932596733  
1.946144939  
8.701315479  
16.64006149  
21.63092898  
20.45525603  
12.25740296  
-0.9812568591  
-15.13557358  
-25.49584336  
-28.54194267  
-23.21602079  
-11.21110195  
3.787228612  
17.54542025  
26.80188028  
30.26541711  
28.75146318  
24.49198348  
19.9873403  
16.92301753  
15.5980509  
15.05352436  
13.77021327  
10.56421801  
5.247949727  
-1.241381451  
-7.281487211  
-11.34019989  
-12.70152914  
-11.78916684  
-9.932090016  
-8.689086527  
-9.06672891  
-11.02429632  
-13.52639958  
-15.13784601  
-14.87937691  
-12.91161361  
-10.6693067  
-10.31400677  
-13.70356382  
-21.33516964  
-31.77634246  
-41.91241557  
-47.98459523  
-47.02626438  
-38.09949608  
-22.79255151  
-4.743755001  
11.62418049  
22.63603332  
26.53350038  
23.83150667  
16.78541621  
8.28504533  
0.7164810844  
-4.710469832  
-7.948854902  
-9.558177725  
-10.00935432  
-9.283934157  
-6.990192116  
-2.890311983  
2.529795782  
7.865195503  
11.18924212  
10.9190377  
6.724410816  
-0.0296007195  
-6.624049581  
-10.04422693  
-8.30423678  
-1.410196889  
8.531621915  
18.16109459  
24.30082298  
25.31796315  
21.76774897  
16.01511186  
11.0263142  
8.925746378  
10.02137619  
12.76108748  
14.6121571  
13.39797979  
8.410030545  
0.7468588319  
-7.259249488  
-13.19810377  
-15.70497968  
-14.97953621  
-12.46958393  
-9.942414614  
-8.485902161  
-7.999267994  
-7.441143791  
-5.66569876  
-2.336848672  
1.642523367  
4.479294034  
4.464196111  
1.040127953  
-4.658991115  
-10.16634059  
-12.82514924  
-11.15689595  
-5.728323807  
0.9888827304  
5.763222086  
6.214798085  
2.07589486  
-4.57459805  
-10.27400319  
-11.88954899  
-8.227409487  
-0.7030539037  
7.305541462  
12.13175401  
11.69249204  
6.602491046  
-0.06253788246  
-4.27044939  
-3.07002302  
3.862385537  
13.96267159  
22.96321381  
26.95127407  
24.28356947  
16.40149222  
7.137456097  
0.8573692485  
0.3647333412  
5.604303698  
13.79123997  
20.86833832  
23.52834953  
20.77111649  
14.22737122  
7.132642207  
2.534448747  
1.700511952  
3.567736281  
5.502667234  
4.935161565  
0.9536764995  
-5.035037949  
-9.981313457  
-10.87937423  
-6.57559327  
1.297791784  
8.836510445  
11.65581595  
7.104778774  
-4.218320989  
-18.47104831  
-30.18141879  
-34.7566935  
-30.69798892  
-20.43243007  
-9.313331509  
-3.206639619  
-5.763182092  
-16.63898311  
-31.4924871  
-43.76885432  
-47.46635564  
-39.65254583  
-21.64423085  
1.600970358  
23.52687972  
38.49981602  
43.72141123  
39.81043773  
29.98364561  
18.38191785  
8.384875258  
1.631702763  
-1.975597309  
-3.517413105  
-4.099035529  
-4.234698725  
-3.832036619  
-2.654128746  
-0.8705341805  
0.7067032017  
0.8853132214  
-1.280583693  
-5.863430158  
-11.81492189  
-17.2792712  
-20.34674182  
-19.89086442  
-16.08465743  
-10.35214348  
-4.789491162  
-1.337351348  
-1.080189629  
-3.952173046  
-8.910851149  
-14.41980259  
-18.97537034  
-21.45756733  
-21.23516434  
-18.10909812  
-12.242522  
-4.172906033  
5.12315582  
14.24323316  
21.5815201  
25.77659156  
26.23359137  
23.45817834  
18.9684068  
14.73022633  
12.31232089  
12.14221925  
13.25369864  
13.71524888  
11.60293164  
6.086470961  
-1.90743644  
-9.833944833  
-14.48879253  
-13.40444473  
-6.058330429  
5.68706106  
18.16656211  
27.30834239  
30.25211487  
26.48064527  
17.96498728  
8.266411526  
1.007494141  
-1.599208334  
0.4787338953  
5.327722887  
10.15858908  
12.66962053  
12.05158921  
9.18911731  
6.020420278  
4.424812795  
5.217776913  
7.751281461  
10.29337142  
10.96303594  
8.723511985  
3.921420241  
-1.89753181  
-6.792016855  
-9.427826185  
-9.761237063  
-9.049274491  
-9.175227571  
-11.62616788  
-16.63745796  
-22.94103124  
-28.25824372  
-30.31140113  
-27.87391048  
-21.35816949  
-12.66482455  
-4.372225778  
1.343079608  
3.546577967  
2.770009549  
0.5532214587  
-1.429471714  
-2.200233901  
-1.852097217  
-1.30330213  
-1.596848689  
-3.148341481  
-5.36992232  
-6.897566137  
-6.324846548  
-3.064403991  
2.132346316  
7.315868212  
10.13155183  
8.919353506  
3.592926046  
-4.154076392  
-11.46288401  
-15.5039781  
-14.71971416  
-9.540777764  
-2.231365433  
4.083631192  
6.77642453  
4.846644381  
-0.6821018273  
-7.263169276  
-11.97474401  
-12.77336593  
-9.283233154  
-2.790490348  
4.499547519  
10.53930117  
14.31018207  
16.08097517  
16.97458945  
18.11918501  
19.86300256  
21.48361683  
21.55242728  
18.76390315  
12.78872642  
4.687099562  
-3.363599804  
-8.926737082  
-10.35148406  
-7.504873741  
-1.839975533  
4.231188935  
8.358626001  
9.189816729  
6.800619844  
2.463292105  
-2.07969027  
-5.443763559  
-7.123712918  
-7.491485464  
-7.342311889  
-7.29205992  
-7.383604667  
-7.115974714  
-5.855263869  
-3.362445257  
-0.1065400235  
2.844712245  
4.318888818  
3.651366479  
1.06880412  
-2.390337544  
-5.400253914  
-7.048381734  
-7.331312239  
-7.160155951  
-7.846697513  
-10.32408438  
-14.51277307  
-19.18261443  
-22.41218094  
-22.4352923  
-18.45661594  
-11.02677469  
-1.791133485  
7.250749197  
14.58745175  
19.70807562  
23.04033103  
25.38799836  
27.21795964  
28.22881196  
27.47176604  
