34.82510338  
7.77196193  
-28.53309067  
-62.40880251  
-83.85825497  
-88.01254158  
-76.12894396  
-53.88144031  
-28.0183547  
-3.210030612  
19.3153273  
40.80318705  
62.44529077  
82.94068338  
97.75171124  
100.7243207  
87.39717773  
58.2860758  
20.26234792  
-15.02965918  
-35.33954458  
-32.85493268  
-7.852553063  
30.80235777  
68.7101325  
91.36709193  
89.73315447  
63.63685072  
21.67004888  
-22.26746769  
-54.23565299  
-65.1542078  
-53.47359833  
-24.8299705  
10.80953038  
43.07114618  
64.51322575  
72.23485737  
67.51384772  
54.08541947  
36.09520867  
16.647288  
-2.632305729  
-21.17471452  
-38.70794986  
-54.69258753  
-68.21922166  
-78.28713253  
-84.16170259  
-85.51961988  
-82.29176417  
-74.3555508  
-61.35858148  
-42.88815378  
-18.98911406  
9.207891249  
39.1068647  
66.8073678  
87.87116078  
98.48134009  
96.59026829  
82.62867124  
59.50579252  
31.88537662  
4.978075191  
-16.75825209  
-30.60951959  
-36.01064213  
-34.29142414  
-27.90189689  
-19.41903099  
-10.69986078  
-2.489267878  
5.376180391  
13.27079885  
20.92034538  
26.83648076  
28.4356754  
22.96471548  
8.962920636  
-12.36029453  
-36.57816872  
-56.85487224  
-66.09855937  
-59.79488606  
-38.38230895  
-8.006373006  
20.98882133  
37.56049627  
34.25261998  
10.54240764  
-26.28207272  
-63.33505677  
-86.77898163  
-87.1382098  
-63.10439356  
-22.17983873  
22.21139942  
56.0050212  
69.96801036  
63.03809556  
42.11997472  
18.48551198  
2.4331266  
-1.364075867  
4.279638093  
10.80460516  
8.403795732  
-8.843271896  
-39.61218423  
-75.34025884  
-103.630454  
-113.5186064  
-100.2184818  
-67.20918252  
-24.75664974  
14.41681278  
40.3331005  
49.51462624  
45.7076572  
37.41236029  
33.50537585  
39.04165161  
53.13519503  
69.76462912  
80.95976002  
80.7539072  
68.01841707  
46.91525581  
24.87895564  
9.191746514  
3.811059101  
7.894824612  
16.59626404  
23.60996402  
24.17121282  
17.08855084  
4.942156714  
-7.495275446  
-15.72228861  
-17.61119998  
-14.16673354  
-8.678574184  
-4.806562321  
-4.629184057  
-7.649196251  
-11.22574481  
-12.1704387  
-8.664876672  
-1.504700012  
5.987559516  
9.389453467  
5.301799901  
-6.821628034  
-24.01574391  
-40.6819783  
-50.68906228  
-49.84199292  
-37.69072672  
-17.91186242  
2.926493022  
17.7572405  
21.64735082  
13.66595475  
-2.719095724  
-20.85814822  
-33.29095084  
-34.39589711  
-22.36007235  
0.2164788633  
27.25658403  
51.29657376  
65.94652811  
67.8348681  
57.38295475  
38.21959899  
15.56339131  
-5.729699083  
-22.67507333  
-34.68089789  
-42.98461262  
-49.37538385  
-54.86272265  
-58.93829567  
-59.77109618  
-55.2172449  
-44.12551659  
-27.26960024  
-7.40886912  
11.6016951  
26.26495867  
34.78196696  
37.63612009  
37.13095217  
36.09485659  
36.37968974  
37.89529943  
38.67012555  
35.92644042  
27.64749609  
13.84963976  
-3.10343072  
-19.34430916  
-31.12539693  
-36.43583606  
-35.80184389  
-31.84831136  
-27.81435584  
-25.76011013  
-25.39095262  
-24.15117779  
-18.6191781  
-6.563133111  
11.36420141  
31.20808935  
46.91391038  
52.71652209  
45.67912488  
27.20587381  
2.774806564  
-20.07186529  
-34.64131737  
-37.63997815  
-30.24488382  
-17.24709556  
-4.694563565  
2.865271817  
4.281025332  
1.996293738  
0.5214399561  
3.954017756  
13.75109115  
27.81370492  
41.3101164  
48.8417286  
46.9369552  
35.72131364  
19.00837412  
2.787637543  
-7.196960999  
-7.705273864  
0.8621452263  
14.8678649  
29.11653584  
39.01030668  
42.23910086  
39.33970341  
32.99280841  
26.47611174  
22.00702662  
19.69018401  
17.47530286  
12.0898092  
0.5413760967  
-18.39837409  
-43.26411699  
-69.84319451  
-92.03877813  
-103.4347888  
-99.16895817  
-77.62460594  
-41.45369389  
2.458657537  
44.25779368  
73.45477212  
81.80699869  
65.92425443  
28.71352793  
-20.98058875  
-70.6393674  
-107.6637375  
-123.1739617  
-114.7074417  
-86.82446685  
-49.35513154  
-13.90064221  
10.12832697  
18.47438218  
12.93844734  
-0.004244310362  
-12.20441949  
-17.17507163  
-12.42834764  
0.02710149095  
15.05233076  
26.86320829  
31.49509024  
28.22965333  
19.51597821  
9.609053616  
2.670566793  
1.207291174  
5.446210079  
13.74120377  
23.62433245  
32.89151737  
40.21151535  
45.08422463  
47.35026975  
46.66872692  
42.34672385  
33.65698391  
20.47528186  
3.868746227  
-13.7293852  
-28.92689643  
-38.25459706  
-39.19706265  
-30.98787889  
-14.89267628  
6.08613101  
27.94504794  
46.59999293  
58.73029816  
62.36349884  
57.12065912  
44.12788376  
25.65424397  
4.574542235  
-16.21402443  
-34.27097544  
-47.85781941  
-55.90029157  
-57.74510067  
-52.91149882  
-41.06961809  
-22.37476596  
1.93721782  
29.02208819  
54.40257321  
72.75006805  
79.41783355  
72.23137659  
52.74880963  
26.26450318  
0.2812158073  
-18.13030321  
-25.05780044  
-21.33450226  
-12.1439868  
-4.651275068  
-4.618158547  
-13.54325652  
-27.74553448  
-39.97236261  
-42.91060165  
-32.9847152  
-12.55853008  
10.68823736  
27.11195726  
29.71449437  
17.79691762  
-2.2391083  
-19.55353222  
-23.92632714  
-10.88650122  
15.59579282  
44.32060258  
61.61702245  
57.55805129  
30.74439653  
-10.65432439  
-52.19596618  
-79.34737707  
-83.70273655  
-66.35361501  
-36.87836325  
-8.522409592  
8.034991256  
9.29084667  
-0.2730336834  
-11.42377351  
-15.65464312  
-9.995269118  
1.376527108  
9.564926901  
6.139572668  
-11.69642217  
-38.7739956  
-63.854761  
-74.9550026  
-65.46129216  
-37.88191844  
-3.185573183  
24.12706501  
32.88528773  
20.65391341  
-5.060649607  
-30.49306543  
-42.42865522  
-34.76970974  
-11.55404368  
15.14234504  
31.43095059  
28.87654892  
9.138084596  
-16.42298337  
-32.0931944  
-25.56148659  
5.714042887  
52.6899713  
98.43979298  
125.6617254  
124.4345054  
96.55505829  
54.46039736  
15.34415766  
-6.659484885  
-6.525139027  
10.10471938  
30.33200592  
40.49118609  
32.4726475  
6.934196232  
-27.84134625  
-60.48594418  
-81.95561012  
-89.0832916  
-84.73991605  
-74.94681161  
-64.8414764  
-55.83707556  
-45.47206894  
-29.83585595  
-6.987909721  
20.74230652  
47.01533298  
64.26676209  
67.5298234  
57.18506306  
39.0720005  
21.81226108  
12.70457187  
14.33208515  
23.64919128  
33.98588108  
38.84631702  
35.42725466  
25.9590433  
16.17908263  
11.82766667  
15.14926777  
23.38541806  
30.15288687  
28.9980627  
17.1848623  
-2.412381933  
-22.4505648  
-34.7917558  
-34.79501822  
-23.90633086  
-9.076932366  
0.7858609981  
-0.4828840892  
-12.95311754  
-30.43826113  
-43.70494627  
-45.42265396  
-34.23202334  
-15.69797523  
0.4861793706  
5.683230593  
-2.816537453  
-19.88957336  
-34.83397963  
-36.83057114  
-20.91817996  
8.615884351  
39.35329487  
56.08947697  
47.98905709  
14.14610362  
-35.18133856  
-82.37155642  
-109.602512  
-106.1375925  
-72.48660828  
-19.7289171  
35.4309537  
77.40311213  
97.15928444  
94.19842232  
74.71143404  
47.46785456  
19.82579422  
-4.191655228  
-23.25814825  
-36.62126801  
-42.37413119  
-37.60175583  
-20.5365073  
6.624473847  
36.3084265  
57.09956931  
58.1798585  
34.85539737  
-7.650357753  
-54.51289718  
-86.3179704  
-87.03505279  
-51.53326316  
10.92238233  
79.17149657  
127.9920132  
138.1297717  
104.2658708  
37.45892176  
-39.02711682  
-98.73185461  
-122.0249399  
-103.0189989  
-50.75311471  
15.3944912  
73.68429711  
107.8150293  
111.4691401  
88.32023566  
48.36734801  
2.915836764  
-39.31374814  
-73.5252111  
-97.8042245  
-111.1095062  
-111.991719  
-98.99296261  
-72.4242936  
-36.20290445  
1.751649668  
31.31542929  
43.64979811  
