-15.8944161  
-24.17789076  
-32.97391445  
-40.03105994  
-43.30737653  
-41.6114067  
-34.95430578  
-24.53679243  
-12.40790892  
-0.9117064392  
7.92907665  
12.94051813  
14.10634279  
12.56742989  
10.2870239  
9.445949189  
11.72680606  
17.71242973  
26.6204101  
36.50279866  
44.87844511  
49.58956231  
49.56504406  
45.18576667  
38.0938761  
30.51472789  
24.37099335  
20.56520485  
18.74052374  
17.61831299  
15.7506672  
12.33154319  
7.678054438  
3.139778959  
0.4597386364  
0.8694243927  
4.33638068  
9.327692942  
13.23097426  
13.28571139  
7.653202784  
-3.807794811  
-19.36689153  
-35.90567925  
-49.85446058  
-58.22194321  
-59.36078954  
-53.26088314  
-41.36642652  
-26.07977157  
-10.17170297  
3.735128788  
13.55149401  
18.00506404  
16.86337203  
11.07659168  
2.740621699  
-5.24415665  
-9.864135384  
-8.917295611  
-1.8806286  
9.648448413  
22.21898801  
31.53611776  
33.92950592  
27.75300783  
14.14469534  
-3.21930405  
-19.35444516  
-29.74876257  
-32.00724981  
-26.70041971  
-17.06666961  
-7.68665517  
-2.671709938  
-4.104789538  
-11.35271008  
-21.48736561  
-30.58243044  
-35.29918189  
-34.09081898  
-27.56800039  
-17.96584666  
-8.048896611  
0.0005794224354  
5.222493275  
7.84160375  
8.69979687  
8.552324712  
7.64547398  
5.792654696  
2.857526639  
-0.6958936972  
-3.582073964  
-4.023518697  
-0.5444874577  
7.144576532  
17.64900908  
28.11295425  
35.16692613  
36.24157662  
30.6785691  
20.12136725  
7.970432419  
-1.895796973  
-6.599703235  
-5.311931243  
0.5693120327  
8.154750642  
14.35886449  
17.16362221  
16.30707611  
13.14363764  
9.813426071  
8.162668718  
8.931495214  
11.55295406  
14.58195275  
16.46840059  
16.25238891  
13.85006415  
9.85209361  
5.030881113  
-0.1054727081  
-5.4346218  
-10.96357965  
-16.3968818  
-20.86638437  
-23.08859662  
-21.96589422  
-17.35293671  
-10.54195375  
-4.089514596  
-0.9091553627  
-2.946911143  
-10.04157551  
-19.57974691  
-27.2514021  
-28.71297627  
-21.50309257  
-6.360658599  
12.71120829  
29.77471502  
39.19800079  
37.88510065  
26.53196425  
9.338654062  
-7.727620241  
-19.38371784  
-23.13819969  
-20.14400143  
-14.44196468  
-10.95502765  
-13.14623821  
-21.38939906  
-32.76704975  
-42.35773757  
-45.40810391  
-39.40393079  
-25.12818761  
-6.275007514  
12.1515918  
25.89283395  
33.0156423  
34.35025227  
32.66825295  
31.06293368  
31.33245207  
33.12216241  
34.19212418  
31.63908609  
23.46875706  
9.780117863  
-6.97065358  
-22.72432109  
-33.24027483  
-35.57189932  
-29.00947145  
-15.17963725  
2.632902815  
20.57796179  
35.28603474  
44.52520182  
47.36640134  
43.9852761  
35.33554059  
22.88510745  
8.46416886  
-5.860026242  
-18.01016948  
-26.28220768  
-29.80133566  
-28.85286017  
-24.88503546  
-20.09761935  
-16.72114381  
-16.25233009  
-18.95549219  
-23.83524876  
-29.07834879  
-32.75619623  
-33.47619665  
-30.71969692  
-24.78013779  
-16.41905523  
-6.485830352  
4.27213002  
15.12767279  
25.13308918  
32.95635259  
37.01082281  
35.93238446  
29.23722353  
17.83523275  
4.078675581  
-8.79334027  
-17.67087578  
-20.6613823  
-17.78159962  
-10.92549476  
-3.08661098  
2.852075688  
5.246045005  
4.249749715  
1.579076622  
-0.3942669205  
0.2137275914  
3.942671973  
9.793693421  
15.75070757  
19.7346677  
20.51846482  
18.17622977  
13.88969551  
9.259665441  
5.506236814  
2.972747848  
1.164600177  
-0.7425294502  
-3.245047206  
-6.099476637  
-8.409231785  
-9.176344389  
-8.008184752  
-5.552796336  
-3.354528413  
-3.12189344  
-5.734886023  
-10.50844717  
-15.16333891  
-16.64281606  
-12.49580997  
-2.223361338  
12.07165826  
26.13389022  
35.03112693  
35.1030655  
25.56771058  
9.062093733  
-9.18455879  
-23.26828972  
-28.86262396  
-24.88067886  
-13.8502325  
-0.8342775074  
8.663189816  
10.94295892  
5.585376809  
-4.440661425  
-14.05969231  
-18.21577386  
-13.96689423  
-1.707175521  
14.94488741  
30.50724365  
39.67118604  
39.20849204  
29.04055821  
12.12753713  
-6.695648288  
-22.43037776  
-31.51664783  
-32.78130041  
-27.48749708  
-18.59046762  
-9.567374886  
-3.277588364  
-1.22019913  
-3.352632783  
-8.412199997  
-14.52662961  
-19.85420004  
-23.0475393  
-23.45012478  
-21.05019589  
-16.29426395  
-9.880259169  
-2.617311151  
4.624584786  
10.91293736  
15.27382085  
16.8050331  
14.90482863  
9.567321127  
1.627512763  
-7.191591139  
-14.54321075  
-18.04334842  
-16.04668868  
-8.353554108  
3.45720631  
16.29153739  
26.42253974  
30.75528325  
28.03123458  
19.47495031  
8.541780344  
-0.2451481726  
-2.997522821  
1.94091122  
13.17352192  
26.61434985  
36.97807716  
39.85329562  
33.52966632  
19.80084424  
3.3610659  
-10.00349021  
-15.70350524  
-12.16257258  
-1.39210068  
11.91672205  
22.38074746  
26.11645942  
22.17757167  
12.63165636  
1.300228125  
-8.198101707  
-14.14460651  
-17.3409798  
-20.36964788  
-25.88448109  
-34.81518185  
-45.433335  
-53.82291854  
-55.60914716  
-48.15301984  
-32.14030889  
-11.72558901  
6.949460776  
18.26871329  
19.5649408  
12.32150692  
1.547538423  
-6.446920431  
-6.89770859  
1.237261301  
14.78041819  
27.76542227  
34.15770922  
30.62441847  
18.08232698  
1.312454988  
-13.17851741  
-20.06014798  
-17.50694733  
-7.89278192  
3.442092151  
10.74764671  
10.53436745  
3.116193267  
-7.666638216  
-16.37029006  
-18.57222128  
-12.94206391  
-1.789894298  
10.13662369  
17.99716196  
19.20235485  
14.62848089  
8.128131791  
4.578498007  
7.403960884  
16.75330914  
29.1997175  
39.11792199  
41.11810285  
32.43979239  
14.24268761  
-8.756756365  
-30.11123435  
-44.11319921  
-47.85342649  
-42.04984433  
-30.40261237  
-17.86812684  
-8.655903558  
-4.779901051  
-5.66720572  
-8.826778978  
-11.14879411  
-10.22207405  
-5.161955135  
3.258201301  
13.06041645  
21.7948253  
27.24077013  
27.89715339  
23.24219546  
13.82921282  
1.26456097  
-11.96501926  
-22.89731751  
-28.76534772  
-27.82198321  
-20.04888752  
-7.414481756  
6.546380428  
17.79701585  
23.16670999  
21.48561648  
13.98618352  
3.752868345  
-5.584945286  
-11.36432017  
-12.93388949  
-11.75200348  
-10.48607114  
-11.52943793  
-15.6389332  
-21.35726946  
-25.52877987  
-24.70572523  
-16.81783552  
-2.338764425  
15.60105114  
32.2346852  
42.88808817  
44.68772335  
37.54291225  
24.03751041  
8.343462832  
-5.330701986  
-14.1033286  
-17.09530615  
-15.27396055  
-10.68706777  
-5.518567137  
-1.373940087  
1.005247961  
1.652108196  
1.123619792  
0.291926757  
0.2392164478  
2.158994293  
7.107101461  
15.54317122  
26.79779364  
38.7704319  
48.17174583  
51.42577248  
46.01295718  
31.73000265  
11.25030702  
-10.42026607  
-27.54297653  
-35.74619405  
-33.76655579  
-24.0366718  
-11.77379823  
-2.870092472  
-1.443076637  
-8.103035337  
-19.71871425  
-30.8182984  
-36.03321637  
-32.51076158  
-21.21827613  
-6.548617827  
5.602366248  
10.42702115  
6.305502241  
-4.517958264  
-16.96674009  
-25.38295299  
-25.9730295  
-18.35827428  
-5.573580662  
7.423298769  
16.00239011  
17.83019284  
13.68991757  
6.85248568  
1.373602532  
0.1660636011  
3.75029343  
10.21927294  
16.35335742  
19.28143296  
17.85966168  
13.11790139  
7.60546761  
4.008717047  
3.750935895  
6.268373995  
9.304213292  
10.05968933  
6.62983279  
-0.9726450743  
-10.69309029  
-19.26415502  
-23.59814238  
-22.10288805  
-15.33706794  
-5.738543386  
3.41552655  
9.329748932  
10.71139422  
8.081244486  
3.302895081  
-1.397642981  
-4.45390311  
-5.579899462  
-5.761204732  
-6.677146832  
