2.691727116  
-5.407175025  
-17.11877594  
-30.00428007  
-40.38791119  
-44.58236502  
-40.36943241  
-28.08680799  
-10.76696275  
6.843378028  
20.05087746  
26.04256725  
24.96645755  
19.75392675  
14.7257657  
13.5850156  
17.70198351  
25.48592077  
33.15059178  
36.53542425  
33.14289966  
23.43456491  
10.76127158  
-0.06716738479  
-4.928646267  
-2.266570518  
6.170321531  
16.07192516  
22.4552276  
21.83515144  
13.69688452  
0.6276360106  
-12.904489  
-22.51957711  
-25.71905882  
-22.70741303  
-15.93957083  
-8.708311064  
-3.520626093  
-1.065619281  
-0.2344853517  
0.9000038253  
3.72036839  
8.068328772  
12.15312119  
13.41687472  
9.905925332  
1.428069535  
-10.12123402  
-21.46313994  
-29.34701903  
-31.9862415  
-29.81354717  
-25.18277395  
-21.15950907  
-19.98954833  
-21.98977641  
-25.39909492  
-27.25883068  
-24.89628472  
-17.29778175  
-5.717235426  
6.76640311  
16.53343437  
20.95501507  
19.48003958  
13.8092012  
7.114440807  
2.686247876  
2.615323262  
7.05647559  
14.32529612  
21.70248892  
26.54040793  
27.19759877  
23.47175751  
16.46361544  
8.044468548  
0.2132415145  
-5.412755622  
-7.867888096  
-6.904944732  
-2.958144921  
2.927846627  
9.215844801  
14.10943954  
15.94976026  
13.72405115  
7.518073891  
-1.310897424  
-10.40044029  
-17.07842604  
-19.27374064  
-16.29489765  
-9.143168676  
-0.1980640936  
7.629550034  
11.95180617  
11.74919985  
7.676182913  
1.724759592  
-3.593915664  
-6.205936279  
-5.197486623  
-1.057448635  
4.595216251  
9.639163382  
12.1705115  
11.06974836  
6.274043883  
-1.261826524  
-9.844580626  
-17.46083288  
-22.24729228  
-22.94198015  
-19.2444917  
-11.99340045  
-3.067748193  
5.033746639  
9.877398309  
9.859203487  
4.782365119  
-3.99878065  
-13.97546684  
-22.31446193  
-26.8203656  
-26.65097206  
-22.49622339  
-16.15612484  
-9.716719741  
-4.697524795  
-1.546015176  
0.3219100414  
2.003190962  
4.404684711  
7.722007112  
11.35271937  
14.25767134  
15.54944699  
14.97739717  
13.05225924  
10.76265123  
9.065303997  
8.449638571  
8.819956082  
9.736406246  
10.8304865  
12.09340944  
13.80745658  
16.11935089  
18.51276418  
19.5675569  
17.29791264  
10.06092776  
-2.32781489  
-17.85334107  
-32.44638714  
-41.16488655  
-40.05742956  
-27.9535404  
-7.346024168  
16.14920387  
35.66848797  
45.60681889  
43.71780542  
31.89415753  
15.26910501  
0.01541902798  
-9.1962671  
-10.96661711  
-7.406978729  
-2.797431923  
-1.336668385  
-5.059339809  
-12.89093406  
-21.2502299  
-25.86571298  
-23.90546957  
-15.39150225  
-3.238835513  
8.068250933  
14.5015136  
14.24176635  
8.35077843  
0.09932276283  
-6.661172279  
-9.26135801  
-7.273186456  
-2.418266943  
2.533325058  
5.249156586  
4.934633387  
2.527080015  
-0.03861752459  
-1.032083477  
0.08155989153  
2.393953809  
4.15873849  
3.8926278  
1.349446956  
-2.182497937  
-4.445136892  
-3.359154071  
1.835437175  
10.04343392  
18.67371298  
24.72904797  
26.09477257  
22.40071184  
15.05499929  
6.468356464  
-1.114489791  
-6.583198948  
-10.26743353  
-13.47229214  
-17.532232  
-22.90091551  
-28.75133024  
-33.27722118  
-34.52245531  
-31.30857519  
-23.80700136  
-13.50790372  
-2.651003303  
6.568403984  
12.64057682  
14.99139107  
13.84382052  
9.893224512  
4.044066221  
-2.663224375  
-9.000626705  
-13.57432467  
-15.09318971  
-12.87750318  
-7.378357131  
-0.357376694  
5.531284223  
7.730414001  
4.971772944  
-1.903293654  
-9.991233254  
-15.37485865  
-14.8118384  
-7.323426485  
5.102347573  
18.13099035  
26.85508548  
27.97117765  
21.34949485  
10.20663039  
-0.2848602841  
-5.368159331  
-2.966095935  
5.256113217  
14.59334213  
19.50288546  
16.30272964  
5.080611653  
-10.14306416  
-23.14897162  
-28.39338707  
-23.69114203  
-11.41879706  
2.391279901  
10.71856953  
8.798531092  
-3.541820931  
-21.55564156  
-37.45433983  
-43.68932047  
-36.19963422  
-16.20102929  
10.24995239  
34.69637026  
49.63936561  
51.37155348  
41.13569414  
24.24088623  
7.663131748  
-2.742449925  
-4.234799035  
2.328818764  
13.4936572  
25.02726472  
33.63010539  
37.81198621  
37.72658448  
34.30376854  
28.31893462  
19.96690627  
9.135485714  
-3.873208167  
-17.70172338  
-29.8651108  
-37.41413916  
-38.07662514  
-31.32756303  
-18.83217729  
-3.993964034  
9.231652696  
17.74275372  
20.30148491  
17.73249786  
12.28194421  
6.491442111  
2.131537935  
-0.3449963348  
-1.66421916  
-3.085894598  
-5.647975806  
-9.688158412  
-14.82324891  
-20.29234387  
-25.3824466  
-29.65543531  
-32.86531787  
-34.68631443  
-34.51647535  
-31.58800787  
-25.41559496  
-16.36426718  
-5.971594664  
3.279726879  
8.783480624  
8.93442043  
4.036812564  
-3.504506363  
-9.925989531  
-11.56203385  
-6.424002197  
4.809386435  
18.88651271  
31.18816437  
37.56098225  
35.98670876  
27.34702824  
14.94073527  
2.977609875  
-5.255821381  
-8.712143213  
-8.780639407  
-8.297146513  
-9.863563291  
-14.3077767  
-20.05446965  
-23.74619356  
-21.85776162  
-12.55862558  
3.063533778  
21.03411357  
35.83191728  
42.49611942  
38.60246473  
25.25685738  
6.680028101  
-11.43193513  
-24.06753895  
-28.67332522  
-25.83309992  
-18.64060199  
-11.12051119  
-6.436127987  
-5.664725029  
-7.621319227  
-9.720318939  
-9.408270584  
-5.481102034  
1.30507815  
8.567633717  
13.38012455  
13.58780847  
8.766370936  
0.4236511867  
-8.606641163  
-15.28318801  
-17.49744338  
-14.77623711  
-8.305251215  
-0.332451069  
6.747448056  
11.2338351  
12.57477037  
11.32142613  
8.686235551  
5.950190635  
3.983679064  
3.051135965  
2.921022485  
3.169316641  
3.503545502  
3.954395669  
4.865104857  
6.704900628  
9.803843343  
14.12641781  
19.17488387  
24.0585695  
27.70766607  
29.16720429  
27.8866254  
23.92103085  
17.97986775  
11.29131134  
5.298672051  
1.25642383  
-0.1617399829  
0.8868640995  
3.411395507  
5.867502706  
6.657517559  
4.694803394  
-0.1699450014  
-7.03522402  
-14.22061746  
-19.85250691  
-22.56014485  
-22.01710684  
-19.10357953  
-15.60033471  
-13.50722672  
-14.23565628  
-17.98896778  
-23.58771877  
-28.8319123  
-31.2865335  
-29.20545959  
-22.24696031  
-11.70394282  
-0.1500879201  
9.379092788  
14.37936132  
13.6928192  
7.86237685  
-1.082997092  
-10.31559191  
-17.11082061  
-19.64801876  
-17.45433538  
-11.38331946  
-3.1911184  
5.095003605  
11.77855559  
15.87637208  
17.20422712  
16.20880056  
13.67175609  
10.42568802  
7.175712505  
4.442586604  
2.578261187  
1.781476869  
2.068435191  
3.209271259  
4.692123429  
5.787616902  
5.748781191  
4.106638617  
0.9505379391  
-2.947806954  
-6.269967021  
-7.55256166  
-5.741412341  
-0.6958791518  
6.572514476  
14.0636251  
19.34578566  
20.3396511  
16.05986753  
7.041822012  
-4.715567779  
-16.28882267  
-24.67564603  
-27.66590686  
-24.45540531  
-15.82107745  
-3.834110037  
8.761435807  
19.2885205  
25.77607892  
27.3471806  
24.3047904  
17.95053003  
10.21674749  
3.199909506  
-1.32806229  
-2.355978105  
0.06730966704  
4.76715512  
9.687992789  
12.4561353  
11.15290169  
5.071543642  
-4.829457081  
-16.01450882  
-25.07079761  
-28.8511132  
-25.67868617  
-16.14578924  
-3.140298977  
8.99547962  
15.92657202  
14.88781329  
5.749463648  
-8.845999699  
-24.35635459  
-35.90286879  
-39.93193704  
-35.34825223  
-23.71782169  
-8.521178666  
6.186408003  
17.14476256  
22.76979067  
23.28561751  
20.19188017  
15.41646706  
10.57463903  
6.619674785  
3.913991583  
2.519784616  
2.424087825  
3.514256253  
5.334085824  
6.848850314  
