13.4183505  
12.99415063  
9.339192418  
4.022528459  
-0.9795832873  
-3.933099721  
-3.860383269  
-0.7509598218  
4.571512743  
10.83037574  
16.74524379  
21.36857121  
24.20614193  
25.13353398  
24.21470955  
21.55971291  
17.31244979  
11.76520745  
5.505531869  
-0.5366021938  
-5.234012977  
-7.593454403  
-7.155794116  
-4.283988675  
-0.1780581643  
3.441956507  
4.901701976  
3.185664035  
-1.641911384  
-8.385501477  
-15.07333458  
-19.59793498  
-20.41022259  
-17.01880663  
-10.12653502  
-1.377735119  
7.168966201  
13.64274426  
16.83681528  
16.43124716  
12.94161042  
7.465577059  
1.344557045  
-4.153166681  
-8.065579935  
-9.872921066  
-9.549275893  
-7.541240769  
-4.670101714  
-1.947169574  
-0.3105896252  
-0.3316228817  
-1.979972353  
-4.55045723  
-6.819486404  
-7.422335642  
-5.34806077  
-0.3819964512  
6.681009321  
14.16230016  
19.9544327  
22.17013616  
19.76762567  
12.93366374  
3.085798404  
-7.511830826  
-16.39151427  
-21.57267601  
-22.08277692  
-18.16062588  
-11.10670558  
-2.858074417  
4.561335483  
9.548724504  
11.25991445  
9.716084509  
5.689897735  
0.4333922971  
-4.666332534  
-8.418767195  
-10.08084946  
-9.483940447  
-7.019630209  
-3.496133409  
0.09679113843  
2.853827898  
4.180281104  
3.917102126  
2.331334966  
-0.01863792961  
-2.493570527  
-4.58513146  
-6.056758234  
-6.970702459  
-7.601211671  
-8.276062607  
-9.210742688  
-10.39688121  
-11.58078608  
-12.33248267  
-12.17571366  
-10.73414782  
-7.85232661  
-3.664192553  
1.400484918  
6.66881551  
11.32745311  
14.5628066  
15.72226585  
14.47114668  
10.91140115  
5.62417853  
-0.3926810469  
-5.898350975  
-9.667922959  
-10.77949481  
-8.855961041  
-4.192101953  
2.275380906  
9.156622743  
14.91568352  
18.22372276  
18.27426926  
14.98443204  
9.032563974  
1.718931229  
-5.323608604  
-10.50634189  
-12.66183468  
-11.32764815  
-6.860043233  
-0.3396239213  
6.712459439  
12.7340429  
16.52367449  
17.52633639  
15.91972978  
12.48175373  
8.29355193  
4.385609662  
1.44829993  
-0.3036160474  
-1.087012355  
-1.369083786  
-1.636556276  
-2.207327211  
-3.143684815  
-4.274171874  
-5.286827622  
-5.839576793  
-5.646734943  
-4.53186988  
-2.462478241  
0.4134023492  
3.72957343  
6.893051588  
9.149684485  
9.752193574  
8.209382559  
4.536584469  
-0.6089127747  
-6.007244591  
-10.19736668  
-11.96215704  
-10.80726821  
-7.233720829  
-2.659668068  
1.024747704  
2.133904694  
-0.1506973076  
-5.392786898  
-11.95740402  
-17.51265366  
-19.80471248  
-17.42494615  
-10.29067479  
0.3261228317  
12.21324027  
22.90331556  
30.37107396  
33.50519862  
32.22928631  
27.29399145  
19.88238297  
11.2144497  
2.296761885  
-6.132215443  
-13.51168342  
-19.33264713  
-23.08315654  
-24.31405295  
-22.79891443  
-18.70526481  
-12.68219947  
-5.804077803  
0.6300623834  
5.384120018  
7.571775955  
6.858791423  
3.528231871  
-1.601593017  
-7.379532188  
-12.5928852  
-16.24523964  
-17.77806271  
-17.18181153  
-14.96215234  
-11.95993754  
-9.0673663  
-6.924170082  
-5.699423858  
-5.048888591  
-4.281095073  
-2.684728632  
0.1061063975  
3.863836871  
7.760134763  
10.63122826  
11.43058872  
9.69200024  
5.80302264  
0.953448885  
-3.247665843  
-5.350986949  
-4.614263174  
-1.291885662  
3.461558915  
8.044879476  
11.04335334  
11.78599727  
10.59994869  
8.657609736  
7.477551871  
8.279701667  
11.4516476  
16.33535355  
21.41524913  
24.83314789  
25.03587239  
21.32091439  
14.09380401  
4.762450911  
-4.678425367  
-12.22266083  
-16.40158197  
-16.64859472  
-13.39459814  
-7.896589528  
-1.873096346  
2.941433586  
5.209198223  
4.280065966  
0.312206823  
-5.785509168  
-12.56358978  
-18.34571561  
-21.58558859  
-21.20306377  
-16.83991494  
-8.985610402  
1.060788989  
11.40343931  
19.91778449  
24.7171846  
24.62505036  
19.53409626  
10.53562232  
-0.2591505839  
-10.20688272  
-16.8308011  
-18.54283778  
-15.15982909  
-8.018129154  
0.3951855956  
7.214597093  
10.13614122  
8.205164761  
2.161142228  
-5.806426549  
-12.8242893  
-16.35695219  
-15.11029944  
-9.480858108  
-1.384264693  
6.465153868  
11.54148217  
12.38236533  
9.030135672  
2.90036032  
-3.830221797  
-9.04367697  
-11.37904862  
-10.56140684  
-7.290766414  
-2.807719714  
1.632930513  
5.149865103  
7.358224855  
8.249006788  
7.961069885  
6.61129177  
4.28473721  
1.17188625  
-2.261665945  
-5.219729771  
-6.726440356  
-5.96289348  
-2.656463412  
2.661965905  
8.680363488  
13.64197619  
15.89432335  
14.45198086  
9.360299302  
1.722160494  
-6.621241344  
-13.63677155  
-17.68009182  
-17.92167951  
-14.50148071  
-8.399221131  
-1.099674273  
5.819892416  
11.0554736  
13.81268064  
13.88606261  
11.60024638  
7.658572754  
2.950979175  
-1.633272963  
-5.355683545  
-7.723682275  
-8.528920641  
-7.840430883  
-5.971941904  
-3.439683382  
-0.9123067348  
0.8630645734  
1.183079355  
-0.4307814573  
-4.019259115  
-9.0131974  
-14.2030895  
-17.9326546  
-18.52774054  
-14.86495647  
-6.889223703  
4.142359686  
15.84897602  
25.35392682  
30.17576019  
29.07074176  
22.49710967  
12.49508084  
2.000173129  
-6.160395286  
-10.20166308  
-9.883865548  
-6.405268098  
-1.766133488  
2.093278313  
3.998179593  
3.802391017  
2.150263742  
-0.07816580334  
-2.312726997  
-4.532402734  
-7.084995923  
-10.21372035  
-13.58938747  
-16.15651654  
-16.44124399  
-13.21749246  
-6.21655384  
3.491327644  
13.68015143  
21.68630356  
25.36722878  
23.87679352  
17.91131112  
9.329807484  
0.3501351407  
-7.280523298  
-12.75035954  
-16.09898897  
-17.70219174  
-17.67686337  
-15.59870474  
-10.7448965  
-2.761591042  
7.620823967  
18.28961448  
26.16599637  
28.28052727  
23.08465523  
11.38577587  
-3.603976779  
-17.24742325  
-25.16047973  
-24.9083353  
-16.98530169  
-4.629286899  
7.474866765  
15.05740556  
15.8930067  
10.50930021  
1.706624763  
-6.841905408  
-12.23885487  
-13.5055597  
-11.73433089  
-9.249701249  
-8.245092903  
-9.588725793  
-12.37934507  
-14.44394694  
-13.50168583  
-8.399569116  
0.1939584048  
9.972089144  
17.95055766  
21.73657358  
20.50463543  
15.24176066  
8.191340995  
1.80715011  
-2.260301632  
-3.678643196  
-3.263312163  
-2.288637171  
-1.691344  
-1.595914838  
-1.38581615  
-0.2335323148  
2.24696022  
5.618859129  
8.745496023  
10.36364799  
9.795012165  
7.394505049  
4.463425889  
2.636049884  
3.034852543  
5.626946581  
9.131140167  
11.55538544  
11.12603705  
7.164747126  
0.4815432875  
-6.917997477  
-12.68270976  
-15.12374473  
-13.90796482  
-10.12091863  
-5.692686029  
-2.485479909  
-1.492608197  
-2.524173333  
-4.495399262  
-6.126357274  
-6.660875924  
-6.220199117  
-5.614918437  
-5.736706732  
-6.884589488  
-8.423843934  
-9.006004702  
-7.277607146  
-2.72926337  
3.771420988  
10.09524023  
13.64297409  
12.50141983  
6.443022226  
-2.720614114  
-11.65562322  
-16.73226595  
-15.47201652  
-7.607040642  
4.708734959  
17.64569152  
27.10946913  
30.24850608  
26.45815633  
17.50034817  
6.728040854  
-2.237602679  
-6.831738515  
-6.362691164  
-2.051809422  
3.644029427  
8.091844296  
9.474961897  
7.347688809  
2.599508308  
-3.072260233  
-7.904024074  
-10.70287229  
-11.15345236  
-9.739212493  
-7.386561979  
-5.031462928  
-3.299309045  
-2.401407035  
-2.235971763  
-2.592579769  
-3.332106517  
-4.4498936  
-6.003981799  
-7.96369872  
-10.07374158  
-11.82208956  
-12.55151421  
-11.68899722  
-9.010406124  
-4.832332793  
-0.03887267714  
4.097541313  
6.269493967  
5.562725648  
1.818285156  
-4.207531577  
-10.96832079  
-16.53053812  
-19.14720271  
-17.82295937  
-12.67499621  
-4.949764266  
3.332379979  
10.00058061  
