4.380432208  
-9.642037183  
-21.5057803  
-27.94512546  
-27.67848293  
-21.52970165  
-11.79769672  
-1.20778082  
8.09996943  
15.1633305  
20.20691147  
24.15932607  
27.95581476  
31.95202878  
35.68580839  
38.05171273  
37.77968417  
34.00085165  
26.67197511  
16.70254323  
5.746495245  
-4.263255954  
-11.67892349  
-15.61676791  
-16.1942154  
-14.44163167  
-11.90513492  
-10.05999172  
-9.731502202  
-10.73970275  
-11.92692103  
-11.59868141  
-8.245336462  
-1.279264055  
8.519491687  
19.07042144  
27.60136035  
31.60019061  
29.74640566  
22.44084407  
11.69974128  
0.4390807092  
-8.563847129  
-13.6048238  
-14.50346717  
-12.41146985  
-9.110521119  
-6.15680815  
-4.279343804  
-3.289765989  
-2.488966527  
-1.297307186  
0.2736776775  
1.592583238  
1.849464493  
0.7122318197  
-1.208839388  
-2.427721566  
-1.24980361  
3.229571692  
10.29709517  
17.45693579  
21.15133559  
18.17009455  
7.182323454  
-10.30742537  
-30.08733023  
-46.51475467  
-54.49760325  
-51.39990278  
-38.08414071  
-18.64231672  
1.09195438  
15.65239786  
21.82418437  
19.5718908  
11.69961222  
2.46558122  
-4.213578483  
-6.213085433  
-3.755113563  
1.059472037  
5.432315708  
7.185917764  
5.649861609  
1.793314648  
-2.361608978  
-4.713729583  
-3.993726299  
-0.2498976914  
5.22774003  
10.43661205  
13.37983289  
12.69082777  
7.979578262  
-0.1409823638  
-10.27481306  
-20.58921431  
-29.18651242  
-34.44409851  
-35.2970356  
-31.43841343  
-23.39675305  
-12.44745545  
-0.3476460694  
11.05371473  
20.2175646  
26.19561058  
28.70057161  
27.96802845  
24.50889296  
18.89839779  
11.71530722  
3.644838298  
-4.356236162  
-10.99716156  
-14.82685731  
-14.65569659  
-10.08421416  
-1.893055131  
7.942113585  
16.71272099  
21.8117378  
21.64970626  
16.28906346  
7.516352114  
-1.715489839  
-8.290316163  
-10.00868398  
-6.340608786  
1.423852625  
10.66595004  
18.36719126  
22.12155784  
20.87037303  
15.13097625  
6.693268732  
-2.053985821  
-8.900036289  
-12.43164492  
-12.32852484  
-9.300340897  
-4.746134754  
-0.2796894806  
2.729544408  
3.487739274  
1.920804852  
-1.376075501  
-5.350621232  
-8.80548948  
-10.72993787  
-10.56746398  
-8.349774046  
-4.663619866  
-0.4653121266  
3.195352709  
5.454030176  
5.832093995  
4.31072945  
1.279748537  
-2.60029517  
-6.568489496  
-9.922907457  
-12.14657988  
-12.99419093  
-12.53466592  
-11.13356652  
-9.354779469  
-7.776160895  
-6.753910519  
-6.216787213  
-5.594003193  
-3.95418823  
-0.3527541362  
5.71856771  
13.96431405  
23.18697627  
31.55460245  
37.17594227  
38.77214133  
36.16086495  
30.32306285  
22.9931406  
15.9294989  
10.18378073  
5.708557915  
1.503877564  
-3.743416603  
-10.8142845  
-19.31196179  
-27.55391803  
-33.10532035  
-33.76076548  
-28.55772607  
-18.36402383  
-5.748324085  
5.851722185  
13.3418957  
15.07129286  
11.36975868  
4.311150461  
-3.183240761  
-8.515707253  
-10.37359395  
-9.105176353  
-6.394634826  
-4.414324884  
-4.83404187  
-8.099426362  
-13.25418726  
-18.3458668  
-21.22352877  
-20.40009349  
-15.65149181  
-8.143521964  
-0.05766054445  
6.141440297  
8.543655533  
6.460263984  
0.7023623037  
-6.628347085  
-12.78929558  
-15.30143903  
-12.82575877  
-5.710876687  
4.01188513  
13.24117071  
18.86545674  
18.92059321  
13.41429919  
4.466877697  
-4.349520526  
-9.281042303  
-7.816559676  
0.2863276571  
12.79981518  
25.7611136  
34.87863952  
37.06339273  
31.48433942  
19.74575997  
5.15523437  
-8.572139382  
-18.61100431  
-23.80201012  
-24.65417025  
-22.68612108  
-19.50644284  
-16.10721617  
-12.68194404  
-8.971637576  
-4.854735983  
-0.7781928108  
2.264873264  
3.230492407  
1.722265496  
-1.523080635  
-4.696034524  
-5.577712571  
-2.537208295  
4.612999581  
14.3473412  
23.92474282  
30.46491755  
32.12390728  
28.82691098  
22.21838379  
14.86233627  
9.082533516  
5.998134414  
5.200753577  
5.190645197  
4.310274256  
1.672783801  
-2.394996426  
-6.607826893  
-9.512777907  
-10.36679186  
-9.605401329  
-8.625300298  
-8.97590609  
-11.38615345  
-15.16782255  
-18.36598105  
-18.65101818  
-14.55137368  
-6.415496253  
3.418992826  
11.41320176  
14.27727274  
10.4502204  
0.9271029363  
-10.97727581  
-20.86901703  
-25.00875433  
-21.80287534  
-12.42183827  
-0.2984042577  
10.25866325  
15.73579526  
14.68226783  
8.097141155  
-1.142792697  
-9.493535395  
-14.04981422  
-13.4353535  
-8.011101902  
0.5439770126  
9.982193957  
18.20378777  
23.69122025  
25.61545354  
23.74395994  
18.33586102  
10.13485401  
0.4266139911  
-8.984704762  
-16.02977096  
-18.88985667  
-16.63440793  
-9.709855538  
-0.008758544293  
9.604601015  
16.19875767  
17.7835538  
14.01528464  
6.292750228  
-2.813262924  
-10.56971161  
-15.1101181  
-16.05442268  
-14.4726801  
-12.23683232  
-11.07150833  
-11.73946776  
-13.72334266  
-15.52920709  
-15.45196178  
-12.43485475  
-6.622019889  
0.6475576373  
7.395275636  
11.84628412  
13.17536517  
11.82132933  
9.240614976  
7.227387816  
7.119347255  
9.249060999  
12.87517792  
16.59991475  
19.05512358  
19.52455558  
18.21361532  
16.05599343  
14.17163123  
13.25530512  
13.20202975  
13.15340516  
11.93984052  
8.696880092  
3.348288113  
-3.288368879  
-9.831495821  
-14.94460473  
-17.92810537  
-19.00122756  
-19.13130252  
-19.48899938  
-20.79658879  
-22.89478759  
-24.75391709  
-24.94067464  
-22.32735824  
-16.7060709  
-9.007858158  
-1.013073397  
5.319301488  
8.592823364  
8.445479903  
5.549103312  
1.169408029  
-3.463191793  
-7.637013973  
-11.25061066  
-14.48909653  
-17.2997188  
-19.00944693  
-18.36961689  
-14.08884662  
-5.635269707  
6.103539876  
18.70599463  
28.82916553  
33.38637059  
30.82546303  
21.93683682  
9.776312196  
-1.346656863  
-7.451674459  
-6.405101185  
1.261129451  
12.57845351  
23.32296459  
29.64737052  
29.47924575  
23.12197775  
12.86200743  
1.827651138  
-7.342057764  
-13.41482048  
-16.69966508  
-18.42363498  
-19.73767738  
-20.89752098  
-21.05096139  
-18.73894528  
-12.84640185  
-3.502582436  
7.556985488  
17.40163432  
22.95414316  
22.23095354  
15.22493599  
4.031249623  
-7.853157278  
-16.76931603  
-20.16709703  
-17.4056806  
-9.803202131  
0.01971407215  
9.177641856  
15.49720087  
18.0719082  
17.25685934  
14.21503031  
10.29062419  
6.501387183  
3.326510434  
0.7934627288  
-1.271437853  
-3.008030543  
-4.424897935  
-5.452112534  
-6.061257813  
-6.34124168  
-6.464401551  
-6.562157294  
-6.598689602  
-6.340558792  
-5.46502789  
-3.761907658  
-1.317424172  
1.435806505  
3.852774767  
5.342659821  
5.635266149  
4.901064061  
3.64727528  
2.430143019  
1.531287194  
0.7816067792  
-0.3452279977  
-2.383611745  
-5.431122155  
-8.846897276  
-11.29686796  
-11.20227064  
-7.451293976  
-0.07736280851  
9.427003721  
18.37462932  
23.70942274  
23.12503765  
16.04789192  
4.065125026  
-9.432346028  
-20.32055299  
-25.1619971  
-22.44760882  
-13.17789321  
-0.5400794241  
11.21662703  
18.29303021  
18.67059618  
12.7626698  
3.154328342  
-6.445462817  
-12.61508202  
-13.44492292  
-9.120855588  
-1.683878819  
5.885415889  
10.85522002  
11.72427505  
8.638935434  
3.142769207  
-2.569379471  
-6.543878179  
-7.74384877  
-6.280961316  
-3.189943817  
0.08244784967  
2.220785015  
2.409018076  
0.444735809  
-3.344805619  
-8.259094462  
-13.35095957  
-17.50728575  
-19.55268966  
-18.46560788  
-13.72878234  
-5.716313253  
4.081401718  
13.19937746  
18.79334881  
18.57104139  
11.74300907  
-0.410013988  
-14.6670219  
-26.75690749  
-32.75647899  
-30.50002884  
-20.45129223  
-5.663952215  
9.199744863  
19.45085426  
21.97151116  
16.23457629  
