13.17077716  
10.90724509  
4.747907252  
-4.159845082  
-14.2043158  
-23.5255089  
-30.25314285  
-32.80101152  
-30.20925567  
-22.45019526  
-10.55948006  
3.525244265  
17.43403902  
29.01368446  
36.91880461  
40.90107698  
41.6683817  
40.37785234  
38.00197345  
34.87357948  
30.6312021  
24.58613539  
16.31465766  
6.155364163  
-4.668565098  
-14.39473979  
-21.38382163  
-24.7754302  
-24.80478029  
-22.61218453  
-19.6349425  
-16.89053326  
-14.52352607  
-11.85963288  
-7.948565601  
-2.316140845  
4.47868227  
10.8058354  
14.51692276  
13.86151226  
8.34287211  
-0.9027396996  
-11.40578529  
-20.23043337  
-25.0322607  
-24.84741324  
-20.28822451  
-13.1044948  
-5.360835813  
1.363651113  
6.39526957  
9.868704355  
12.24849626  
13.78979792  
14.26369135  
13.10270497  
9.873927663  
4.792146764  
-1.048583282  
-5.906658783  
-8.024543976  
-6.378737685  
-1.187049947  
6.086139585  
13.25105549  
18.21707791  
19.7558603  
17.8734141  
13.65042574  
8.658638464  
4.247663678  
1.034722824  
-1.189640786  
-3.13934959  
-5.489598037  
-8.398079748  
-11.3233083  
-13.21515219  
-12.97331828  
-9.953993638  
-4.30103619  
3.026973827  
10.52349934  
16.57117665  
19.88329543  
19.81485015  
16.48168523  
10.69641326  
3.767831328  
-2.784792897  
-7.559990396  
-9.599546822  
-8.646706186  
-5.253128995  
-0.6603004127  
3.561056656  
6.034737196  
6.094116168  
4.079920107  
1.266248083  
-0.6017018693  
-0.005834526508  
3.683750697  
9.867003575  
16.85438007  
22.45110738  
24.75240914  
22.82072415  
16.96679254  
8.532694197  
-0.7032038449  
-9.217279052  
-16.21755724  
-21.71376172  
-26.19163251  
-30.09188165  
-33.37902619  
-35.42689382  
-35.28003436  
-32.15830353  
-25.9509272  
-17.45235115  
-8.21772711  
-0.09497798979  
5.365355977  
7.378058231  
6.095749501  
2.453732956  
-2.206346243  
-6.557729853  
-9.599725929  
-10.79084447  
-10.03379974  
-7.593760231  
-4.020082531  
-0.0835211216  
3.313945902  
5.309353648  
5.333745044  
3.377843647  
0.1375529774  
-3.081920519  
-4.736873314  
-3.594716742  
0.7416270577  
7.562743837  
15.18090612  
21.44341619  
24.45081572  
23.20585537  
17.94277465  
10.0193802  
1.434277464  
-5.823499083  
-10.33873125  
-11.56086317  
-9.771280541  
-5.815080915  
-0.7582291751  
4.386104138  
8.80094672  
11.90998947  
13.39937056  
13.27009725  
11.90406666  
10.06329525  
8.736172282  
8.811507472  
10.67174409  
13.88462082  
17.17908409  
18.79287082  
17.11191648  
11.36505269  
2.073799589  
-8.967603673  
-19.21712414  
-26.22820531  
-28.47607417  
-25.83181993  
-19.50120856  
-11.48206487  
-3.80111798  
2.128318148  
5.771069219  
7.303592806  
7.179767366  
5.713465922  
2.925828802  
-1.265717951  
-6.652641497  
-12.40809781  
-17.08441736  
-19.02568899  
-17.05070446  
-11.08505549  
-2.401687707  
6.710258  
13.75952409  
17.01499529  
16.18501899  
12.49285031  
8.098587875  
5.123012798  
4.719386686  
6.619224091  
9.354062257  
11.03341037  
10.29574075  
6.972722234  
2.153631549  
-2.365906892  
-4.966789553  
-4.981466698  
-2.986399768  
-0.4856050721  
0.8357634746  
-0.09848918202  
-3.314843459  
-7.897359462  
-12.55097475  
-16.29255652  
-18.88481381  
-20.77915294  
-22.61284504  
-24.5641439  
-25.96493126  
-25.44708229  
-21.61196833  
-13.9105377  
-3.264857359  
7.955441028  
16.69256318  
20.41812047  
18.27069879  
11.56430562  
3.376018103  
-2.663781848  
-3.875661275  
0.3325156996  
8.21611471  
16.46191913  
21.6476613  
21.75247376  
17.05089656  
9.997480291  
4.157641953  
2.657279512  
6.823403508  
15.58619723  
25.86738956  
33.75478268  
35.94972912  
30.90399257  
19.24406695  
3.412376831  
-13.22760523  
-27.40981316  
-36.73331356  
-39.99819809  
-37.15551648  
-29.06285995  
-17.23825342  
-3.692591496  
9.220126674  
19.06457045  
23.77658873  
22.24281994  
14.79469805  
3.350912432  
-8.967117055  
-18.71089466  
-23.20229814  
-21.4443596  
-14.47130703  
-4.970823176  
3.697048652  
8.710494443  
8.759850389  
4.421371411  
-2.181496939  
-8.256017688  
-11.38732308  
-10.35271391  
-5.433452524  
1.823579669  
9.231713819  
14.70381644  
16.84508217  
15.24895946  
10.48173968  
3.840037457  
-3.003776097  
-8.378170873  
-10.96115802  
-10.07255535  
-5.870062555  
0.6115181974  
7.637863042  
13.18217784  
15.48908267  
13.636856  
7.901509229  
-0.2322049509  
-8.452942799  
-14.2941842  
-15.88079932  
-12.50734425  
-4.86882906  
5.110053721  
14.77063485  
21.37953339  
22.77522847  
17.86526059  
6.898045953  
-8.520344734  
-25.66961748  
-41.20728679  
-51.8616909  
-55.21213063  
-50.36734768  
-38.31510582  
-21.7629871  
-4.436522058  
9.994340698  
19.01135644  
21.96014136  
20.08629598  
15.8637982  
11.88421095  
9.779636492  
9.651150658  
10.25377882  
9.838643176  
7.234416164  
2.622859291  
-2.402033766  
-5.555444086  
-5.034070595  
-0.5601286145  
6.253557627  
12.4622237  
15.07131659  
12.47015227  
5.335207112  
-3.464284575  
-9.975427951  
-10.82801132  
-4.725850233  
6.907548631  
20.42744844  
31.39842732  
36.33316298  
33.99410486  
25.72841958  
14.75192767  
4.756833317  
-1.520044868  
-3.174512568  
-1.169075936  
2.362827084  
5.127390243  
5.512756044  
2.949788593  
-2.229438946  
-9.206696519  
-17.05751626  
-24.89779243  
-31.81157449  
-36.74925916  
-38.61067822  
-36.58949137  
-30.64055138  
-21.78156381  
-11.96226137  
-3.437900253  
2.130989325  
4.427445096  
4.658248595  
4.992690732  
7.459458912  
12.81188367  
19.9464973  
26.23450158  
28.6925908  
25.48422425  
17.03068648  
6.144766588  
-2.964164015  
-6.42769322  
-2.433741406  
7.873023647  
20.74815986  
31.33587167  
35.641753  
32.12020592  
22.18815482  
9.474860278  
-1.80604407  
-8.596281482  
-10.06788977  
-7.609580671  
-3.832994934  
-1.158034241  
-0.6911030355  
-1.910256936  
-3.233402542  
-3.098623322  
-0.9526462071  
2.370798356  
5.056364619  
5.253970833  
2.053942523  
-4.018093233  
-11.22842341  
-17.44733297  
-21.11698823  
-21.88721905  
-20.62620221  
-18.84751148  
-17.89010579  
-18.29068618  
-19.65423169  
-21.04145107  
-21.60981075  
-21.12120402  
-20.02432517  
-19.07549907  
-18.73365116  
-18.70251713  
-17.92004009  
-15.05044688  
-9.249495518  
-0.8045697595  
8.711551199  
16.9032528  
21.45474268  
21.07154765  
16.02961218  
8.081869674  
-0.2289298799  
-6.533123205  
-9.445740451  
-8.897478418  
-5.899768757  
-1.924413681  
1.767836894  
4.537045191  
6.372736571  
7.58385331  
8.406254658  
8.775688214  
8.388580511  
6.9911852  
4.698959487  
2.13011624  
0.242826637  
-0.06608485451  
1.594980756  
4.855628356  
8.657830097  
11.64545377  
12.70350307  
11.41238417  
8.226201047  
4.30885661  
1.105775876  
-0.1739713445  
1.024287452  
4.414146115  
8.950889125  
13.13858842  
15.46719218  
14.86941743  
11.0906833  
4.873150256  
-2.126094368  
-7.718185447  
-9.818672211  
-7.180810605  
0.02034444825  
10.01337055  
19.82573321  
26.20656493  
26.79920729  
21.12544474  
10.94945458  
-0.2081867299  
-8.301541501  
-10.3001111  
-5.42955446  
4.41909558  
15.32683723  
22.81483075  
23.56933972  
16.72590222  
4.189527635  
-10.13185194  
-21.85022235  
-27.74005492  
-26.83706347  
-20.58602976  
-12.04904841  
-4.573400426  
-0.5087565272  
-0.4842362877  
-3.464763086  
-7.450736879  
-10.43122952  
-11.15289223  
-9.421303352  
-5.911620977  
-1.692147053  
2.245963513  
5.233402702  
6.896373898  
6.98217479  
5.229997226  
1.421861581  
-4.39187842  
-11.63516682  
-19.10835779  
-25.1751901  
-28.21362184  
-27.16494511  
-21.95123612  
-13.57941966  
-3.886732968  
4.967559413  
11.06725837  
