-18.58941664  
-25.32569547  
-31.14789205  
-34.89406206  
-35.4248882  
-32.04166708  
-24.85062775  
-14.9161143  
-4.10431035  
5.372711516  
11.58821097  
13.50086751  
11.30865894  
6.411772279  
0.973519724  
-2.784410253  
-3.310751182  
-0.2170551373  
5.645154262  
12.54693898  
18.54081023  
22.15785736  
22.87472486  
21.17957565  
18.2354399  
15.30498037  
13.19479298  
11.9566065  
10.95938046  
9.276288481  
6.192358237  
1.593820727  
-3.932208283  
-9.316642349  
-13.42517469  
-15.47122674  
-15.24292716  
-13.07122367  
-9.600975233  
-5.518686649  
-1.389474423  
2.332144784  
5.175828029  
6.556656853  
5.839921244  
2.60356442  
-3.008961801  
-10.05390203  
-16.86822112  
-21.53314249  
-22.58661161  
-19.68673573  
-13.89130193  
-7.35207756  
-2.478568152  
-0.8916615117  
-2.629440063  
-6.002000831  
-8.228074583  
-6.634635262  
0.07995297129  
11.08758828  
23.55654222  
33.66583828  
38.11384318  
35.48838333  
26.90233069  
15.60192089  
5.696574415  
0.5380827637  
1.429097351  
7.192078055  
14.75326663  
20.46046394  
21.5542027  
17.17731266  
8.542627433  
-1.735698793  
-10.7855456  
-16.5661154  
-18.45603431  
-17.16902217  
-14.14856349  
-10.80913507  
-8.005211327  
-5.935618693  
-4.43194013  
-3.377724511  
-2.9603935  
-3.585865409  
-5.50699356  
-8.407229907  
-11.2317975  
-12.44099529  
-10.6314842  
-5.25447268  
2.929915579  
11.92971606  
19.16059476  
22.40992341  
20.7198709  
14.79929029  
6.772042929  
-0.643011603  
-5.178003846  
-5.853845957  
-3.274027977  
0.7194461244  
3.853102548  
4.338321697  
1.527516639  
-3.919450778  
-10.36837556  
-15.85707778  
-18.7762292  
-18.34331358  
-14.75314117  
-9.032509523  
-2.718111033  
2.510251462  
5.158648908  
4.189993898  
-0.7528836793  
-9.181209277  
-19.70630444  
-30.18166497  
-38.0968487  
-41.19030143  
-38.13140045  
-29.04094019  
-15.62411519  
-0.8018643215  
12.09294155  
20.30879388  
22.51621462  
19.18905917  
12.37985824  
4.967113425  
-0.3491260998  
-1.936319308  
0.3135237903  
5.102717154  
10.34625129  
14.02960416  
14.97035179  
13.20217523  
9.858476662  
6.627498391  
5.01031406  
5.677562282  
8.174430782  
11.08593553  
12.60033497  
11.25805116  
6.602221272  
-0.5232890466  
-8.158960545  
-13.85427368  
-15.52208283  
-12.21733672  
-4.546234896  
5.464667227  
15.01531451  
21.47386762  
23.27053715  
20.40595272  
14.37665547  
7.544150009  
2.196874112  
-0.3189352833  
-0.04751858619  
1.727859389  
3.163329445  
2.761897913  
0.1117655077  
-3.872130094  
-7.31567941  
-8.209553452  
-5.334631722  
1.112232325  
9.46678716  
17.14871587  
21.5897975  
21.15979819  
15.72422195  
6.634881541  
-3.804220905  
-13.14696871  
-19.55682916  
-22.23072697  
-21.39510426  
-17.96533493  
-13.08030948  
-7.731295265  
-2.607318783  
1.857194981  
5.350100399  
7.601442591  
8.428081713  
7.871878  
6.322231239  
4.505765079  
3.295201729  
3.393646241  
5.03326165  
7.837017453  
10.92357053  
13.21927952  
13.84050433  
12.37552222  
8.94699507  
4.047365456  
-1.747493431  
-8.02523456  
-14.6109333  
-21.43412109  
-28.27084491  
-34.51901119  
-39.15825042  
-40.96114151  
-38.89966782  
-32.58919142  
-22.58044134  
-10.36162439  
1.9568446  
12.18067645  
18.61873391  
20.52959615  
18.29276615  
13.26062218  
7.343659902  
2.452495488  
-0.04751307814  
0.2809219095  
2.837476375  
6.192849085  
8.576482677  
8.513767756  
5.414859509  
-0.1012827928  
-6.304703432  
-10.89706343  
-11.84783274  
-8.227848095  
-0.6982887694  
8.590593514  
16.716628  
21.08011814  
20.44618868  
15.48352041  
8.529864986  
2.63590316  
0.2670309259  
2.222168952  
7.26540536  
12.66727233  
15.44385761  
13.74687167  
7.761372233  
-0.3309293338  
-7.343188502  
-10.59835273  
-9.265705896  
-4.868558329  
-0.6751414465  
-0.2013624005  
-5.48606765  
-15.93891521  
-28.32997382  
-37.98666445  
-40.71039034  
-34.58433699  
-20.87198705  
-3.600506951  
11.99666148  
21.50249666  
22.93583495  
17.29945825  
7.884088776  
-1.288853845  
-7.143935064  
-8.604433267  
-6.617837335  
-3.260818229  
-0.457030313  
1.013936205  
1.735891516  
3.049778907  
6.004897676  
10.47621102  
14.96180542  
17.21135661  
15.39266174  
9.203419532  
0.3344161571  
-8.010029032  
-12.37196804  
-10.5303544  
-2.540677956  
9.164842794  
20.68246729  
28.15916044  
29.27255293  
24.04179814  
14.65742494  
4.458740653  
-3.451572848  
-7.345947968  
-7.312813564  
-4.896469734  
-2.193002503  
-0.8673634963  
-1.530077092  
-3.688594987  
-6.193099955  
-7.882126872  
-8.089309619  
-6.802816918  
-4.482350945  
-1.715023771  
1.058841199  
3.607755454  
5.77865129  
7.325587424  
7.873566493  
7.094453477  
5.014875879  
2.254653086  
-0.009102630665  
-0.4288527144  
1.895868805  
6.85010101  
13.09204601  
18.37068878  
20.30457041  
17.32029411  
9.345966198  
-2.062996444  
-14.24614289  
-24.40098991  
-30.57935446  
-32.29542947  
-30.50302592  
-26.98753003  
-23.47885741  
-20.90324516  
-19.10397732  
-17.12393199  
-13.86996774  
-8.806609638  
-2.330205698  
4.351760567  
9.759394163  
12.81553932  
13.31693742  
11.97170357  
9.995263777  
8.475101912  
7.825362934  
7.600959432  
6.759870146  
4.241060515  
-0.4252090335  
-6.770285847  
-13.4688837  
-18.81258614  
-21.35920789  
-20.47120929  
-16.51889895  
-10.68463929  
-4.479328627  
0.8060040446  
4.489603456  
6.601502661  
7.709316959  
8.588940116  
9.899028459  
11.97701119  
14.79141278  
18.00795826  
21.09819101  
23.43949292  
24.40307926  
23.45893356  
20.32039368  
15.1067941  
8.451777496  
1.467689752  
-4.48389937  
-8.179254966  
-8.947551187  
-6.939893706  
-3.113127962  
1.097358622  
4.302738068  
5.668319834  
5.182756342  
3.566683271  
1.862558097  
0.8996706076  
0.8918301485  
1.365810045  
1.458839473  
0.4370280687  
-1.830872672  
-4.701260236  
-7.000556474  
-7.595997955  
-6.026059868  
-2.872196105  
0.3448441377  
1.743987569  
-0.09260475618  
-5.417773374  
-13.07492801  
-20.85668395  
-26.34380485  
-27.87851185  
-25.25102525  
-19.79171839  
-13.81602168  
-9.652607322  
-8.669674446  
-10.71697043  
-14.21879622  
-16.87020758  
-16.62766805  
-12.56587738  
-5.241282537  
3.572927353  
11.64010078  
17.15758646  
19.41021314  
18.91853473  
17.0561237  
15.34320755  
14.7517464  
15.32824846  
16.27805553  
16.437957  
14.89554796  
11.46293472  
6.798145884  
2.137255603  
-1.222839963  
-2.451184808  
-1.490726948  
0.9692537677  
3.82068272  
6.005144476  
6.919493468  
6.600434226  
5.635716862  
4.86311647  
4.9944653  
6.312939045  
8.548145117  
10.95831348  
12.57869131  
12.54894699  
10.41859397  
6.341213176  
1.096291663  
-4.083710044  
-7.855313318  
-9.196083401  
-7.800272022  
-4.292432855  
-0.1410164155  
2.759786338  
2.748378048  
-0.9173713421  
-7.614126794  
-15.37309114  
-21.43968605  
-23.23471557  
-19.38881099  
-10.44278013  
1.111940374  
11.54776525  
17.16863336  
15.68418887  
7.162450201  
-5.839654962  
-19.06726914  
-28.02270267  
-29.55546198  
-22.99086125  
-10.36745341  
4.305994501  
16.4874946  
22.68569681  
21.60160891  
14.42824047  
4.245697842  
-5.206018831  
-10.87842308  
-11.38543381  
-7.277001698  
-0.5941938635  
6.04269239  
10.41556309  
11.38980055  
9.094962641  
4.628908612  
-0.5107671553  
-4.995057901  
-8.015144925  
-9.336357859  
-9.118753895  
-7.655692316  
-5.183550508  
-1.84292604  
2.226770504  
6.750612357  
11.24484193  
15.06814836  
17.58321354  
18.35114972  
17.26090562  
14.52810364  
10.56342175  
5.778025697  
0.4261867148  
-5.429776157  
