67.98860953  
72.24320348  
66.16582815  
48.46138965  
23.8861901  
1.824141237  
-7.693013827  
1.146925078  
26.42050185  
58.11182022  
81.42253351  
82.63737143  
55.2012238  
3.391036868  
-58.17507063  
-109.2868466  
-131.4611629  
-114.9967299  
-62.93356567  
9.737943808  
81.38757473  
131.5285396  
148.034057  
130.991764  
91.7824751  
47.90654781  
15.77204789  
4.403736856  
12.54690668  
30.15491366  
43.40557579  
40.9779528  
18.90369487  
-17.96700999  
-58.32986281  
-89.4333654  
-102.4803304  
-96.11988809  
-76.63942136  
-54.92480169  
-41.61359757  
-42.54847185  
-56.41020611  
-75.40835539  
-88.61029328  
-86.44832818  
-64.56400018  
-25.53707557  
22.03232818  
66.57440069  
97.47531407  
108.4252678  
99.09109865  
74.71503607  
43.97698699  
15.97868024  
-2.620994674  
-9.453514046  
-6.78682412  
-0.3543959459  
2.921416654  
-2.406986184  
-18.11121268  
-41.30138108  
-65.0870284  
-80.80042108  
-81.1302823  
-63.09002357  
-29.66425694  
10.6494983  
46.44008536  
67.2967879  
67.58977789  
48.60387037  
18.09063175  
-12.66913197  
-33.14329039  
-37.41654672  
-26.05030367  
-5.207465278  
16.46404403  
31.6969885  
37.41720578  
35.2527233  
29.64645918  
24.67629719  
21.33966361  
16.81285665  
6.161369695  
-14.34031998  
-44.05302911  
-76.79435152  
-102.5415994  
-111.4712183  
-98.52888123  
-66.29871824  
-24.61292696  
13.15902371  
35.59916229  
38.03676205  
24.41627778  
5.32700385  
-6.923405382  
-3.904974778  
15.27191949  
43.89918137  
71.15105004  
87.33354553  
88.31080898  
76.97154718  
61.10987377  
48.90718762  
44.40550783  
45.35542213  
44.59093801  
34.25255905  
10.66703616  
-22.7211006  
-56.055902  
-77.29034673  
-77.9789593  
-57.79835494  
-25.44141924  
4.787805769  
19.26941371  
11.38057343  
-15.17544513  
-47.71522019  
-70.13706072  
-70.26038954  
-45.61957338  
-5.035649618  
34.83143925  
56.49592683  
49.17410392  
13.55554104  
-38.22400305  
-87.34360271  
-115.7043473  
-112.8359186  
-79.49538279  
-26.66778262  
29.3356061  
73.4193662  
97.11064921  
100.7466596  
91.8659482  
80.84427802  
75.86008753  
79.35607661  
87.34471946  
91.61291589  
83.69389137  
58.8599275  
18.52778032  
-29.77943606  
-74.77640062  
-105.0919936  
-112.9165606  
-96.40031984  
-60.11923167  
-13.62149472  
31.33585872  
63.92940389  
76.87202663  
67.84495449  
39.55426582  
-1.376514633  
-46.19768662  
-85.96008159  
-113.1472342  
-122.8029923  
-113.1461634  
-85.75947167  
-45.40229421  
0.6120892366  
43.59477467  
75.24358598  
89.75593551  
85.72741535  
67.06174692  
42.23660909  
21.76583438  
14.45872558  
23.77282572  
45.81850571  
70.15968005  
83.51684833  
75.19274953  
42.07990196  
-9.007422341  
-63.02731117  
-102.12794  
-112.7810227  
-91.64747286  
-47.49501541  
1.95260946  
37.15987979  
44.96869511  
24.25135436  
-13.58655267  
-49.64428033  
-65.98487128  
-53.76786158  
-17.34575632  
27.6167508  
61.22563246  
68.44427225  
46.00132275  
3.90031747  
-39.20885849  
-64.66711542  
-62.43063169  
-35.64990881  
0.9404850006  
28.04732662  
30.93623654  
6.342150874  
-36.06007322  
-78.25785181  
-102.3307133  
-98.67791351  
-70.17374288  
-30.38572423  
3.14645195  
17.24093615  
8.99921555  
-13.41942745  
-35.3596815  
-43.16227306  
-30.83354505  
-2.659996576  
29.36719386  
51.85599804  
56.77116489  
45.23747375  
26.55040084  
13.01204491  
13.31625846  
27.90512419  
48.6769255  
63.19555754  
61.25974104  
40.49274466  
8.099050336  
-22.15126284  
-36.27288283  
-26.66350661  
4.251097679  
45.06109895  
80.54266023  
98.40708123  
94.37953252  
73.26728079  
45.70891937  
22.4265924  
8.971250004  
3.596533828  
-0.7743530406  
-11.64878612  
-31.80075475  
-56.64678733  
-75.6705194  
-77.33452633  
-55.10444434  
-11.5664373  
41.53605504  
87.5889171  
111.8753824  
107.7582717  
79.42727502  
39.92392625  
5.321679698  
-12.30842045  
-9.98887327  
5.255818433  
19.99098555  
20.76014784  
0.3574470149  
-38.79259777  
-85.56203413  
-124.8236205  
-143.7692062  
-137.0707603  
-108.7409561  
-70.08208911  
-34.81895018  
-13.63483249  
-10.42437735  
-21.6577017  
-38.80606623  
-52.47603565  
-56.29830297  
-48.93695604  
-33.60007983  
-15.63444535  
0.3887150553  
12.60189541  
21.92167748  
30.44225354  
39.19181291  
46.63050201  
48.87782341  
41.7362598  
23.57641347  
-2.435065746  
-28.1370231  
-42.72034714  
-36.93188842  
-7.447800001  
40.57824405  
94.19622379  
136.6811595  
153.5427729  
138.1831744  
94.82636383  
37.33944835  
-15.7746302  
-48.31225114  
-52.44723272  
-31.4490215  
2.096565564  
31.81183089  
44.44678964  
35.24162674  
9.467399067  
-20.43950303  
-40.7885774  
-42.89499399  
-26.86882199  
-1.265755812  
21.15971465  
29.56921715  
20.14163081  
-2.232677698  
-26.45276276  
-40.7165614  
-38.41868783  
-21.604058  
-0.2587352329  
12.34612538  
6.178800795  
-20.16534053  
-57.77805991  
-90.40253798  
-100.9316736  
-78.73634842  
-24.71607749  
48.09878741  
118.7102861  
165.4444395  
173.5185206  
140.0141323  
74.52090401  
-4.54426882  
-76.3358833  
-124.2463686  
-140.549595  
-127.7060132  
-96.32371818  
-60.87310722  
-34.79450851  
-26.54607932  
-37.58920381  
-62.59827235  
-91.56117267  
-113.0387984  
-117.6749075  
-101.0530723  
-65.1478618  
-17.91680733  
28.96271096  
63.65407748  
77.97023649  
70.16069909  
45.62575078  
15.1647701  
-8.732099957  
-16.25271363  
-3.675050312  
25.46799315  
61.88790252  
94.06252013  
112.3498405  
112.0966378  
94.65813912  
66.18484863  
34.9566012  
8.52715683  
-8.192373031  
-13.41864014  
-7.815601349  
6.597593003  
27.20918528  
50.94871457  
74.0607375  
92.11419532  
100.7191907  
96.91482184  
80.61725921  
55.25034282  
26.94495983  
2.394231266  
-13.76969512  
-20.80660478  
-21.89478318  
-22.19125493  
-25.80419827  
-33.22957889  
-40.70274252  
-42.01929993  
-32.0929557  
-10.50099235  
16.92050526  
39.55185233  
46.17804774  
30.1073069  
-7.199588352  
-55.87971012  
-101.1816155  
-129.3448858  
-133.2570975  
-115.3085553  
-86.11444076  
-59.6785664  
-47.22688135  
-52.53308699  
-70.80742497  
-91.49179522  
-103.4504266  
-99.98298648  
-81.30607234  
-53.52323911  
-24.89658991  
-1.537242492  
15.2096324  
28.44324905  
42.85405376  
61.12263951  
81.71815203  
99.41481627  
108.2680461  
105.3388423  
92.94574626  
77.95381557  
68.24553027  
68.17159081  
75.53352345  
82.03085613  
77.34697053  
55.03263315  
17.14249685  
-25.09612428  
-55.49216974  
-60.42119922  
-36.21435324  
7.370689657  
49.81403097  
68.05231089  
46.92144161  
-12.86420287  
-93.10838577  
-164.1622366  
-196.4540785  
-172.8096603  
-96.29238529  
9.938882298  
110.9112178  
172.9602722  
176.3583793  
122.3678377  
32.04535479  
-62.41581493  
-130.0250056  
-151.9598847  
-127.0044237  
-69.85802227  
-3.718887011  
49.30986953  
75.98233308  
75.08306882  
55.49251721  
30.77131242  
13.03953539  
8.720131556  
17.4500068  
33.87094749  
50.86205186  
62.50986754  
65.68284056  
60.03947168  
47.09384894  
29.21248155  
9.104430993  
-10.21444284  
-25.44204156  
-33.47651341  
-32.46123287  
-22.95477009  
-8.490375333  
5.064280722  
11.36985524  
6.036281427  
-11.47506173  
-37.42887892  
-65.19435543  
-87.88359525  
-101.0671805  
-104.3036749  
-100.7675679  
-95.18408447  
-91.11846325  
-88.99890322  
-85.89197964  
-77.16875203  
-59.23080481  
-31.89618344  
0.8257430659  
32.0611432  
54.94167519  
65.64972152  
65.12940047  
58.5583938  
52.75907755  
52.7634959  
