-0.2771767462  
-10.25298349  
-19.25966519  
-23.82689518  
-21.80024773  
-13.29831567  
-0.7211618865  
12.205202  
21.92042962  
26.38740613  
25.72393901  
21.8687038  
17.49671938  
14.73475542  
14.28681252  
15.34493722  
16.25613649  
15.54663595  
12.75227423  
8.632453379  
4.685724425  
2.252300519  
1.701852704  
2.15302928  
1.888743585  
-0.7349323593  
-6.350712485  
-14.10127815  
-21.88172107  
-27.20689885  
-28.29234779  
-24.83216826  
-18.10442381  
-10.36622467  
-3.845074083  
0.1799086279  
1.773278063  
2.054810148  
2.413125439  
3.649364919  
5.498941461  
6.769923671  
6.011410971  
2.349641849  
-3.952126082  
-11.50483404  
-18.36835917  
-22.88786374  
-24.35400242  
-23.14897974  
-20.3182194  
-16.82258509  
-12.90615041  
-7.962354107  
-1.013732979  
8.426036808  
19.58280736  
30.22470413  
37.26186562  
37.96775469  
31.2999004  
18.68051023  
3.790660165  
-8.643358715  
-14.62220688  
-12.46703517  
-3.531746939  
8.308638645  
18.21109767  
22.31759835  
19.28676839  
10.76344108  
0.605746949  
-6.776467722  
-8.250340412  
-3.190815958  
6.364621276  
16.63505695  
23.63879816  
24.685043  
19.22588796  
8.808958705  
-3.722087509  
-15.34258798  
-23.7825216  
-27.96281013  
-27.90237433  
-24.31601906  
-18.20970378  
-10.68314288  
-2.945433561  
3.627266169  
7.604407995  
7.877013398  
4.181290236  
-2.51417967  
-10.05500714  
-15.70919041  
-17.17996072  
-13.61841402  
-6.155283651  
2.364849776  
8.42282446  
9.246487833  
4.012826263  
-5.712853016  
-16.52853843  
-24.53046275  
-26.86827334  
-22.85314774  
-14.1466653  
-3.970130362  
4.293480888  
8.473623439  
8.367614784  
5.585099493  
2.613662  
1.580140985  
3.289138023  
6.9518444  
10.67283803  
12.40956769  
10.9288094  
6.331809113  
-0.03567264604  
-6.17015251  
-10.16608233  
-10.79231817  
-7.695258002  
-1.26237872  
7.653555867  
17.93119743  
28.20738967  
36.8248071  
41.90411763  
41.70473882  
35.25661779  
23.02018865  
7.206004217  
-8.548141436  
-20.18198929  
-24.60031287  
-20.89666486  
-10.85688351  
1.554295476  
11.59082968  
15.47200637  
11.76245589  
1.810790548  
-10.9227884  
-22.32869274  
-29.24032094  
-30.46429902  
-26.84839028  
-20.45777972  
-13.34878808  
-6.59194871  
-0.02789377257  
7.171014703  
15.49682177  
24.26634673  
31.46911135  
34.4635688  
31.22130057  
21.50027534  
7.319963797  
-7.572455027  
-19.06859736  
-24.30331748  
-22.76701862  
-16.41256226  
-8.713298325  
-3.118809506  
-1.629028611  
-4.128963272  
-8.742372091  
-12.9619725  
-14.95070621  
-14.35548661  
-12.25531929  
-10.32730801  
-9.720848743  
-10.27428442  
-10.5188359  
-8.491044088  
-2.938992836  
5.718235911  
15.21481557  
22.20073898  
23.6286671  
18.13154128  
6.745293984  
-7.366571041  
-20.06652704  
-27.7560524  
-28.58954453  
-22.90296114  
-12.76250816  
-0.9411567703  
10.14605237  
19.07650969  
25.43577211  
29.37165624  
31.06198109  
30.45589854  
27.42390788  
22.15941327  
15.49168527  
8.807892144  
3.521601795  
0.333802334  
-1.279597844  
-2.975172544  
-6.760270797  
-13.82704771  
-23.58115976  
-33.43355067  
-39.60625246  
-38.70824261  
-29.41296285  
-13.43358052  
4.754075929  
19.44753305  
25.92935667  
22.41789295  
10.88554552  
-3.656419527  
-15.1393904  
-18.85487229  
-13.284741  
-0.5829259607  
14.4527097  
26.42344425  
31.47644162  
28.65018698  
19.92083051  
9.054460025  
-0.1171503524  
-5.188618219  
-5.826377141  
-3.410209831  
0.002038126508  
2.786445694  
4.387260407  
5.23888659  
6.14065246  
7.523336719  
9.057689144  
9.819012357  
8.882564351  
5.97348617  
1.768095419  
-2.350495833  
-4.962258151  
-5.334723309  
-3.792973798  
-1.517572602  
0.123669358  
0.3364200968  
-0.6859076803  
-1.948122889  
-2.354684366  
-1.532066707  
-0.2747986393  
-0.291504857  
-3.301682903  
-9.915118079  
-18.90648142  
-27.35976137  
-31.75052552  
-29.54403381  
-20.56947321  
-7.456379923  
5.191539221  
12.62678937  
12.03001195  
3.885680154  
-8.017771516  
-18.05147066  
-21.10024693  
-14.80682045  
-0.7192595825  
16.18972846  
29.46031601  
33.73655545  
26.92496758  
11.02776528  
-8.667314799  
-25.66064082  
-34.6869194  
-33.53318697  
-23.54929677  
-8.759416383  
5.931721512  
16.6193704  
21.59885714  
21.49581876  
18.43931994  
14.78684625  
12.03130087  
10.34579255  
8.862957555  
6.431502269  
2.405691942  
-2.926613612  
-8.441935913  
-12.68950841  
-14.51075688  
-13.45965241  
-9.860268985  
-4.545346204  
1.525136776  
7.542198471  
12.90168101  
17.07291883  
19.44092219  
19.29408964  
16.02951337  
9.499817436  
0.3132809426  
-10.10739734  
-19.7976378  
-26.78105139  
-29.6500464  
-27.95727613  
-22.26527799  
-13.86175362  
-4.298574077  
5.026031481  
13.07615712  
19.14985067  
22.72429617  
23.35110958  
20.72836005  
14.94317395  
6.738261225  
-2.406859553  
-10.5268667  
-15.73535991  
-16.90117842  
-14.12879868  
-8.781221585  
-2.970337598  
1.310317857  
3.045642444  
2.655193064  
1.806092617  
2.625503975  
6.638668707  
13.90593493  
22.77048144  
30.37285483  
33.75361391  
31.09483904  
22.57459562  
10.45712759  
-1.642856929  
-10.04189725  
-12.31253038  
-8.137963466  
0.6171151797  
10.61537464  
18.23370621  
20.76768096  
17.22828793  
8.498150672  
-3.125463327  
-14.76346601  
-23.83540399  
-28.70637893  
-28.95592641  
-25.27807259  
-19.12829275  
-12.26753071  
-6.326804233  
-2.469412079  
-1.189008196  
-2.266258055  
-4.8952566  
-7.966105457  
-10.44206085  
-11.71667933  
-11.81117555  
-11.30975358  
-11.02956048  
-11.55018077  
-12.81895902  
-14.04786172  
-14.00239423  
-11.59645969  
-6.532007058  
0.3446319813  
7.207588207  
11.94551623  
13.12707224  
10.80118711  
6.712230427  
3.733733936  
4.674790782  
10.93228589  
21.59332563  
33.45438904  
42.05534327  
43.37883263  
35.54032331  
19.74584665  
0.06541480325  
-17.94960702  
-29.28455116  
-31.31449679  
-24.74567653  
-13.27117082  
-2.095962032  
4.055838937  
2.649535238  
-5.886699787  
-18.55862118  
-31.12100502  
-39.71063269  
-42.13128252  
-38.34266156  
-30.08998848  
-19.97084398  
-10.41838896  
-3.020895024  
1.640236907  
3.730372163  
3.752673504  
2.262899238  
-0.1708713508  
-2.839103472  
-4.791758359  
-4.945645763  
-2.427950497  
2.996064396  
10.66140208  
19.10920691  
26.57904998  
31.69152752  
33.99634154  
34.10286136  
33.30873198  
32.90205226  
33.49125749  
34.71452997  
35.48608259  
34.64886375  
31.6719304  
26.9916355  
21.77756653  
17.2244087  
13.75784039  
10.63511247  
6.247132355  
-0.9388600746  
-11.23688397  
-23.02607077  
-32.95380483  
-37.13449369  
-32.90862869  
-20.37098104  
-2.8823452  
13.82724676  
23.72397775  
22.88968722  
11.24138434  
-7.264415886  
-26.12355655  
-38.89728894  
-41.8419676  
-35.40345856  
-23.90028505  
-13.51459333  
-9.469989504  
-13.64850296  
-23.71157791  
-34.12029538  
-38.60205435  
-32.96689554  
-17.03095844  
5.185942776  
27.04681661  
41.9463723  
45.86257672  
38.74527534  
24.23295552  
7.94166784  
-4.835826842  
-11.00317915  
-10.37898633  
-5.125152408  
1.656836331  
7.386742124  
10.8355806  
12.0512499  
11.61137902  
9.770915392  
6.070760088  
-0.339217235  
-9.856937254  
-21.59168761  
-33.09898417  
-40.96912979  
-42.09837548  
-35.080823  
-21.04398806  
-3.473677744  
12.96157583  
24.10500889  
27.79224556  
24.48191885  
16.79653034  
8.236241633  
1.691103709  
-1.568755774  
-2.019215089  
-1.17322098  
-0.4907448351  
-0.5165764377  
-0.6936088936  
0.09067055942  
2.571790095  
6.351981363  
9.791279471  
10.67147006  
