23.62750584  
11.41233186  
5.778622946  
8.138010095  
15.99045006  
24.42959684  
28.62552215  
26.10625704  
17.80984047  
7.494747988  
-0.1275724037  
-1.609212591  
3.699273047  
13.44547422  
23.39965732  
29.30404322  
28.57450218  
21.13991158  
9.171906263  
-4.019997609  
-15.33135237  
-22.85219999  
-26.1908941  
-26.19025393  
-24.34699603  
-22.27150975  
-21.35597789  
-22.59845341  
-26.41963559  
-32.37922349  
-38.89479853  
-43.23612652  
-42.06142162  
-32.53513689  
-13.71176383  
12.4106656  
40.78114922  
64.43018573  
76.61071964  
73.19706575  
54.3725905  
24.84786582  
-7.567973215  
-34.52833431  
-49.83975915  
-51.23489632  
-40.59916018  
-22.70625216  
-3.142052482  
13.63185821  
25.3093164  
31.62764868  
33.45500669  
31.75846782  
27.07399816  
19.70006118  
10.34509156  
0.6522241655  
-6.912222352  
-9.930937655  
-7.291601974  
-0.1311988309  
8.16247292  
13.09091042  
10.92585937  
0.4927392412  
-16.02236285  
-33.71104819  
-46.82383778  
-51.08925791  
-45.43284397  
-32.32402134  
-16.6140395  
-3.428433264  
3.90241125  
4.948207259  
1.889500839  
-1.914062767  
-3.721495255  
-2.677029761  
0.02442820641  
2.055914036  
1.403156969  
-2.449894638  
-8.192370562  
-13.33426374  
-15.43967292  
-13.27873329  
-7.318903003  
0.6403072422  
8.423756356  
14.47328164  
18.34936051  
20.52632167  
21.68169688  
21.96293294  
20.71562852  
16.87823825  
9.849383417  
0.3360506648  
-9.342122701  
-15.76321552  
-15.59211773  
-6.960502484  
9.565997517  
30.86605066  
52.05204084  
67.85826079  
74.10447555  
68.74333031  
52.23187295  
27.25428809  
-1.975230262  
-30.5608003  
-53.74776793  
-67.66619684  
-69.9962486  
-60.50494849  
-41.30320424  
-16.61932052  
8.030796002  
27.17887756  
36.88952047  
35.88456968  
25.85895243  
10.82110485  
-4.315843928  
-15.35232366  
-20.00798305  
-18.29308947  
-12.01089406  
-3.735317111  
4.202465613  
10.2797452  
13.76668423  
14.34208892  
11.73979126  
5.751811258  
-3.369882925  
-14.39681686  
-24.93573864  
-31.89529459  
-32.58067501  
-25.98642905  
-13.63893807  
0.5490312668  
11.52574132  
15.02768543  
9.381105383  
-3.643235564  
-19.36204005  
-31.92726201  
-36.56697595  
-31.37410061  
-17.90850844  
-0.4218829355  
15.87869436  
26.73005169  
30.08773417  
26.36156505  
17.71706044  
6.948686785  
-3.479960711  
-11.86152839  
-17.15478332  
-18.70412174  
-16.14507821  
-9.65667988  
-0.3850882832  
9.365482968  
16.53729187  
18.36551273  
13.69047597  
3.883106336  
-7.210756654  
-14.49150177  
-13.60073612  
-2.852379726  
15.80308737  
37.29912374  
55.30685642  
64.63840466  
63.14119491  
52.25477415  
36.03454561  
19.17160539  
4.995280735  
-5.592755028  
-13.81216285  
-21.60064016  
-29.94384624  
-37.88139415  
-42.74787427  
-41.53731168  
-32.66871545  
-17.20348242  
1.16464571  
17.40157102  
27.10655782  
28.22301521  
21.67887756  
10.69261616  
-0.8562892228  
-10.15270491  
-16.42588737  
-20.76917643  
-25.00085292  
-30.25141042  
-36.06560939  
-40.4933927  
-41.09355445  
-36.28630788  
-26.32182742  
-13.35632282  
-0.6114618081  
8.932442504  
13.64427733  
13.63283934  
10.3130409  
5.477705576  
0.4304920977  
-4.362807628  
-8.995671817  
-13.4910255  
-17.29453667  
-19.26507417  
-18.20513462  
-13.61415523  
-6.178370032  
2.359006711  
9.943372109  
15.18505823  
18.00847078  
19.56850658  
21.43520235  
24.48370641  
28.13869833  
30.46853686  
29.16979727  
22.96582667  
12.65544309  
1.170081738  
-7.511592915  
-10.12792839  
-5.711181872  
3.850016007  
14.60224135  
22.31837505  
24.39843848  
20.90896584  
14.22622294  
7.486725301  
2.700473626  
-0.4088321525  
-4.142081847  
-11.21705674  
-22.66365259  
-36.42216054  
-47.55970698  
-50.21260416  
-40.43105873  
-18.53830792  
10.26523192  
37.53766887  
54.87450218  
57.39058035  
45.79386491  
26.05279243  
6.771862102  
-4.53225209  
-4.54932202  
4.711044473  
17.24067619  
26.06091169  
26.45533861  
17.88292313  
3.767814128  
-10.55614063  
-20.57760389  
-24.59088108  
-23.98585641  
-21.84683741  
-20.76474846  
-21.15167499  
-21.0235631  
-17.36998479  
-8.322073179  
5.147104422  
19.03989988  
27.91785548  
27.5337387  
17.17667095  
0.4628908495  
-15.95524786  
-25.25026212  
-23.52432307  
-11.66472373  
4.968686209  
18.90909895  
23.90378775  
17.64857464  
2.696717631  
-14.80689694  
-27.88927286  
-31.67644639  
-25.16412005  
-11.15893291  
5.362204986  
19.50365638  
28.17093308  
30.53996322  
27.31340237  
19.46587767  
7.389510863  
-8.980511791  
-29.15739249  
-50.9259257  
-69.91418958  
-80.48083802  
-77.75925633  
-59.98787225  
-29.95529969  
5.307080743  
36.66643302  
56.06078994  
59.36253121  
47.68722533  
26.59607537  
3.602276985  
-14.84923991  
-25.56859748  
-29.07883457  
-28.32575208  
-26.46438264  
-24.9442044  
-22.8769659  
-17.94117411  
-8.240648219  
5.974839574  
21.74266581  
34.37408046  
39.56219645  
35.56053664  
24.30015383  
10.81038389  
1.138633743  
-0.2901992598  
7.355545469  
20.93496303  
34.7175486  
42.87606999  
41.94086944  
32.12667432  
17.00951483  
1.814834791  
-8.810262297  
-12.50683743  
-9.704930832  
-2.865822302  
4.978420546  
11.56154858  
15.94656165  
18.16414784  
18.31402163  
15.80268507  
9.281962797  
-2.584188515  
-19.916307  
-40.68393589  
-60.67624764  
-74.58927025  
-77.87225901  
-68.55208517  
-48.2022899  
-21.57662078  
4.981062759  
25.6882254  
37.13685489  
39.04544513  
33.73399546  
24.68781603  
14.9568438  
6.145345398  
-1.611510647  
-8.811214807  
-15.45243613  
-20.3010699  
-21.01878859  
-15.15351659  
-1.525707554  
18.68926621  
41.77413936  
62.36934175  
75.15502495  
76.6504768  
66.40595751  
47.12098587  
23.67371791  
1.482842145  
-15.14611715  
-24.09375783  
-25.61926379  
-21.75495115  
-15.28117574  
-8.751861946  
-3.916782892  
-1.636174159  
-2.139056706  
-5.353357572  
-11.07381426  
-18.88874875  
-27.96518801  
-36.89481137  
-43.78385524  
-46.64485634  
-43.98587932  
-35.37732673  
-21.76048982  
-5.351533012  
10.85532048  
23.83643244  
31.30676715  
32.27864689  
27.2600788  
18.05827848  
7.265695871  
-2.416922029  
-8.836653883  
-10.85798902  
-8.535264363  
-2.958283488  
4.168453671  
11.07471407  
16.42045148  
19.57453931  
20.58941733  
19.90478283  
17.93068455  
14.72085324  
9.916206273  
3.015236552  
-6.137962374  
-16.8902344  
-27.61413756  
-36.00825995  
-39.8269279  
-37.78316139  
-30.24148795  
-19.35367236  
-8.492289809  
-1.129907989  
0.4340389527  
-4.006191981  
-12.38877563  
-21.06941722  
-26.13492099  
-24.85783254  
-16.74247051  
-3.768680071  
10.25099063  
20.95580779  
24.89592501  
20.66562397  
9.357340861  
-5.764039879  
-20.21457397  
-29.55612708  
-30.61195478  
-22.33176076  
-6.116980527  
14.4594634  
34.49039143  
48.97070268  
54.16795783  
48.77623391  
34.48208077  
15.66944523  
-1.780291888  
-12.31923683  
-12.63271546  
-2.919495633  
13.0004714  
28.91358643  
38.4228919  
37.35211604  
25.40632971  
6.384678982  
-13.20652109  
-26.63859817  
-29.56532112  
-21.69045851  
-6.810489901  
8.784608741  
18.88266802  
19.82295597  
11.86105082  
-1.095786921  
-13.20620638  
-19.09396124  
-15.92141316  
-4.336809894  
11.97533712  
27.81579006  
38.34819734  
40.57920212  
33.97921818  
20.21912934  
2.355567478  
-16.08427937  
-31.80093688  
-42.14342363  
-45.3960726  
-41.09368696  
-30.36635529  
-16.09853504  
-2.588621566  
5.470642065  
4.536201427  
-6.243989404  
-24.20097269  
-43.5776433  
-57.29163768  
-59.4836311  
-47.86209611  
-24.8228072  
3.233805153  
28.21314789  
43.36380726  
45.78480024  
37.34361977  
