20.23365558  
5.698191086  
-6.955297448  
-12.58475114  
-9.214977302  
1.297873983  
14.29649744  
24.52945712  
28.4981176  
25.87784629  
19.41183223  
13.40039963  
11.54762625  
15.18671575  
22.68132316  
30.22133251  
33.58475533  
30.02712706  
19.45748387  
4.438004715  
-10.90325788  
-22.49790315  
-27.78400404  
-26.42428197  
-20.12490525  
-11.77590775  
-4.356972143  
-0.03816455893  
0.2865796204  
-2.970207646  
-8.351459048  
-13.75413543  
-16.88921974  
-15.80293347  
-9.449735577  
1.789975549  
15.86542702  
29.32050163  
38.16462811  
39.17915979  
31.2192373  
15.95365542  
-2.376289522  
-18.23008913  
-26.67151536  
-25.17971393  
-14.6231402  
1.035188464  
16.20907267  
25.74781531  
26.74784752  
19.40879963  
6.656887964  
-7.205875462  
-18.18025469  
-23.86059453  
-23.88010337  
-19.49401728  
-12.67474135  
-5.250999708  
1.511641023  
6.816412266  
9.975158244  
10.16926218  
6.600668602  
-0.9883734889  
-11.73910146  
-23.4653453  
-33.08246647  
-37.61550803  
-35.38214205  
-26.78978867  
-14.31695978  
-1.618112296  
7.883846371  
12.29017101  
11.81748017  
8.433513386  
4.743772781  
2.693426131  
2.722319365  
3.764658867  
4.046196819  
2.225620311  
-1.737694687  
-6.450750743  
-9.755812667  
-9.844755332  
-6.230522243  
-0.06482594624  
6.363732402  
10.68869367  
11.532663  
9.035532911  
4.590006799  
-0.04653251098  
-3.76169838  
-6.652826411  
-9.820071559  
-14.48119398  
-20.88366921  
-27.63051995  
-31.85731247  
-30.2816339  
-20.69931411  
-3.247152725  
19.18041099  
41.61222833  
58.54756267  
65.75990659  
61.64818936  
47.63832887  
27.55206318  
6.274630289  
-11.71468491  
-23.4202808  
-27.73970497  
-25.25075822  
-17.65403307  
-7.193027903  
3.752628136  
12.90189325  
18.27265278  
18.48215135  
13.15256934  
3.259474417  
-8.823876776  
-19.76757153  
-26.18830038  
-25.74982511  
-18.045216  
-4.876271525  
10.23634304  
23.16957093  
30.53427743  
30.73168774  
24.34888169  
13.78611253  
2.314163134  
-7.04027447  
-12.36336186  
-13.21270315  
-10.43963009  
-5.656709448  
-0.6241692764  
3.216882435  
4.968337392  
4.297232589  
1.366251436  
-3.236854722  
-8.557435238  
-13.37737481  
-16.43199484  
-16.74806111  
-14.011811  
-8.805231829  
-2.55691437  
2.846479241  
5.69007645  
5.074910908  
1.308327983  
-4.146444547  
-9.177546215  
-11.8126138  
-10.98568904  
-6.977714017  
-1.347591816  
3.62945456  
5.808149173  
3.98725764  
-1.608602155  
-9.349979671  
-16.71012798  
-21.07023058  
-20.54068611  
-14.5282522  
-3.883307775  
9.386863682  
22.71122164  
33.64247163  
40.42231491  
42.27637332  
39.39964282  
32.70197247  
23.45030668  
12.95170468  
2.370795346  
-7.306991142  
-15.23004341  
-20.6517766  
-22.99454566  
-22.01453945  
-17.99545549  
-11.84968563  
-5.01834724  
0.8608593385  
4.436717943  
5.10378302  
3.237550176  
0.07287744851  
-2.767512382  
-3.931383796  
-2.918941344  
-0.3333163316  
2.333105543  
3.3170463  
1.368664409  
-3.623505645  
-10.44257986  
-16.8938877  
-20.58091465  
-19.81329711  
-14.29348627  
-5.312173675  
4.627104459  
12.61648834  
16.29033849  
14.57693857  
8.008788615  
-1.486783103  
-11.21544707  
-18.53586825  
-21.60921861  
-19.86625862  
-14.08498055  
-6.089756569  
1.820017501  
7.545824226  
9.788054957  
8.407312268  
4.447089543  
-0.1978388391  
-3.383725346  
-3.417510142  
0.3661829709  
7.347894331  
15.78796521  
23.36960658  
27.93817955  
28.17692266  
23.98199686  
16.41810594  
7.299738419  
-1.416153379  
-8.18694419  
-12.20369508  
-13.41395013  
-12.32496026  
-9.739275414  
-6.557364282  
-3.689595236  
-2.016936457  
-2.292312274  
-4.918537711  
-9.652336373  
-15.39627831  
-20.27376773  
-22.0923073  
-19.11504562  
-10.86678714  
1.392278584  
14.81268368  
25.77064112  
31.09902665  
29.26103384  
20.97043868  
8.96763054  
-2.985647543  
-11.48811703  
-14.68284512  
-12.75826985  
-7.592730066  
-1.756000341  
2.638637719  
4.701302556  
4.83877193  
4.183502825  
3.748596038  
3.796496555  
3.765943774  
2.775898731  
0.3914412798  
-2.825165253  
-5.35175382  
-5.386628823  
-1.856427899  
4.784951512  
12.44591719  
18.13286632  
19.2559442  
14.90450384  
6.451890591  
-2.867997892  
-9.289996111  
-10.18235381  
-5.284813995  
3.073488397  
10.91225727  
14.29696932  
11.04265343  
1.667655238  
-10.81338071  
-22.13689016  
-28.4964501  
-27.94954531  
-20.94967562  
-9.867404721  
2.165178117  
12.47781915  
19.59111228  
23.21031867  
23.65766066  
21.20235697  
15.7545205  
7.128380027  
-4.30121142  
-17.00663012  
-28.2557741  
-34.80985908  
-34.16076116  
-25.75175631  
-11.54799079  
4.424386554  
17.47438562  
24.01662651  
22.93500799  
15.91130596  
6.554524757  
-1.273835436  
-5.160899325  
-5.078117552  
-3.127082717  
-2.24776022  
-4.545221673  
-10.07758987  
-16.71977355  
-21.18452568  
-20.70410984  
-14.53505361  
-4.518438256  
5.622658163  
11.95152065  
12.17197871  
6.776832687  
-1.085633411  
-7.003132851  
-7.327937868  
-0.909826544  
10.27463431  
21.90219565  
29.15224709  
28.79792879  
20.60714106  
7.44211833  
-5.961194518  
-14.96839452  
-16.89718966  
-11.9575046  
-2.934243241  
6.163576548  
11.82661302  
12.37048973  
8.332735422  
1.874465046  
-4.428496202  
-8.784883629  
-10.83129245  
-11.49446041  
-12.24127716  
-14.15912192  
-17.33928272  
-20.83526118  
-23.15293496  
-22.97282244  
-19.72665714  
-13.77393408  
-6.165160255  
1.807359539  
8.99287789  
14.51845535  
17.69331347  
17.87035323  
14.49284584  
7.424857535  
-2.558662472  
-13.43450031  
-22.0797688  
-25.05553803  
-19.85216268  
-6.122615525  
13.6807038  
34.68474621  
51.00818153  
57.76136707  
52.87182634  
37.97291765  
17.93232778  
-0.8562880042  
-12.77370271  
-14.96280325  
-8.218909685  
3.545692145  
14.99840834  
21.51005194  
20.82514684  
13.63516798  
2.910815799  
-7.614159841  
-15.081701  
-18.55064369  
-19.04282294  
-18.67381893  
-19.35475207  
-21.70958328  
-24.70746054  
-26.14755539  
-23.73539828  
-16.23609793  
-4.185357506  
10.13684537  
23.43094439  
32.47677063  
35.16374337  
31.08631588  
21.55113216  
9.077306094  
-3.371576644  
-13.15398581  
-18.51821291  
-18.88815893  
-14.87507256  
-8.0627249  
-0.6151452584  
5.242554354  
7.791533685  
6.306508178  
1.301716461  
-5.595355857  
-12.16332502  
-16.36087931  
-17.0802808  
-14.57154409  
-10.33292716  
-6.48143407  
-4.850661086  
-6.203776892  
-9.91646461  
-14.2812015  
-17.29977973  
-17.59749291  
-15.02929066  
-10.6894613  
-6.322106618  
-3.421613681  
-2.467717621  
-2.679434733  
-2.4212803  
-0.07494527501  
5.045458787  
12.18811682  
19.33508648  
23.99918687  
24.29765694  
19.82053137  
11.9002387  
3.158117239  
-3.4778603  
-5.866729293  
-3.411539584  
2.804627671  
10.51520076  
17.15715998  
20.7779647  
20.62873808  
17.27256279  
12.23859375  
7.405563395  
4.352225161  
3.874586292  
5.780946982  
8.986017442  
11.86023233  
12.74757502  
10.53177475  
5.097551558  
-2.478198398  
-10.13173144  
-15.4301731  
-16.45339881  
-12.63789902  
-5.219988848  
2.989205768  
8.521300688  
8.579357431  
2.266595717  
-8.825085241  
-20.99122228  
-29.68969951  
-31.24922909  
-24.32474121  
-10.48610486  
6.320711731  
21.22086465  
30.15723015  
31.21199187  
24.99281667  
14.01286773  
1.447363661  
-10.1035838  
-19.28895762  
-25.90506778  
-30.23491195  
-32.33083917  
-31.7338353  
-27.82795416  
-20.61196812  
-11.3686946  
-2.705229534  
2.250367727  
1.232148697  
-5.854116825  
-16.42198396  
-25.90935624  
-29.5384023  
-24.41650516  
-11.0159369  
6.722376211  
22.82093996  
31.68159858  
30.44496079  
