7.786969275  
10.55058269  
10.02566009  
8.83349052  
9.69515836  
13.82933615  
20.12065775  
25.46043824  
26.10646282  
19.43824754  
5.310044416  
-13.60562898  
-32.63542784  
-46.73280974  
-52.23813879  
-48.07409135  
-35.95428262  
-19.60723827  
-3.400851224  
9.065265181  
15.89796076  
17.13258578  
14.29922843  
9.61911285  
5.185139994  
2.395115032  
1.742225146  
2.911028231  
5.044350896  
7.048825762  
7.860762136  
6.65450133  
3.001361184  
-3.019859598  
-10.78486391  
-19.19372729  
-26.8658866  
-32.4367191  
-34.88768761  
-33.8191201  
-29.58214626  
-23.22065064  
-16.22327419  
-10.13123535  
-6.088770385  
-4.451358472  
-4.578593628  
-4.921774699  
-3.454309506  
1.614879747  
11.03629911  
23.91645377  
37.61758697  
48.33744382  
52.29973053  
47.20291422  
33.37903496  
14.12128274  
-5.105967686  
-18.4280457  
-21.70387183  
-14.21516477  
0.8474409349  
17.41853978  
28.80927398  
30.32539298  
21.18132954  
4.872618174  
-12.21164045  
-23.40869161  
-24.55497633  
-15.73544939  
-1.251981153  
12.18878647  
18.2957773  
13.81577043  
-0.1529957706  
-18.68224045  
-35.09122773  
-43.64182689  
-41.68921394  
-30.42778473  
-14.04027607  
2.232960818  
14.16300989  
19.84095374  
19.78213652  
16.00118449  
10.70076261  
5.310685781  
0.3150254981  
-4.203000207  
-7.798223534  
-9.296345595  
-7.175692962  
-0.5626643278  
9.731357019  
20.83479528  
28.52814507  
28.90866565  
20.31201417  
4.540790302  
-13.33352976  
-26.70966199  
-30.1113889  
-21.63276602  
-4.047925482  
16.00757926  
30.53963319  
33.37723349  
22.69569426  
1.806427937  
-22.12290697  
-40.8682941  
-48.28872892  
-42.52337751  
-26.41861561  
-6.143676987  
11.29688092  
20.56206003  
19.51626803  
9.375120795  
-6.331510659  
-23.30522057  
-37.78506586  
-47.16059844  
-49.90803439  
-45.23666408  
-32.91430763  
-13.50882784  
11.10324609  
37.40972605  
60.58483853  
75.62972228  
79.0329019  
70.26799205  
52.37387448  
31.181582  
13.33780917  
3.856532631  
4.218027161  
11.86541122  
21.37307109  
26.83058567  
24.42959114  
14.12719728  
-0.3520337949  
-13.1877353  
-19.08135359  
-15.67255755  
-4.69348897  
8.647095506  
17.78757447  
17.53674197  
6.246928342  
-13.45636783  
-35.6544325  
-53.37585819  
-61.15519901  
-56.89286781  
-42.34860738  
-22.1974501  
-2.152489377  
13.02833086  
20.88604757  
21.55023716  
17.04738005  
10.08402196  
2.895811928  
-3.383054597  
-8.683422927  
-13.47188419  
-18.08976425  
-22.31275575  
-25.31430112  
-25.9907531  
-23.44315145  
-17.3732211  
-8.239515011  
2.838004421  
14.32152825  
24.51573123  
31.77004186  
34.63988734  
32.08120425  
23.73112656  
10.23338035  
-6.541873122  
-23.58250823  
-37.25660778  
-44.2351121  
-42.56836675  
-32.52459958  
-16.80666855  
0.05404509872  
13.02186373  
18.18980095  
14.14173225  
2.514703203  
-12.49474733  
-25.54312155  
-31.97409944  
-29.39966844  
-18.4409561  
-2.361574863  
14.24495127  
27.18650276  
34.14432421  
35.32530751  
33.07666476  
30.6630149  
30.73432752  
34.11971319  
39.42976944  
43.61264404  
43.22360989  
35.89356714  
21.41822606  
2.051541519  
-18.10074137  
-34.35822844  
-42.9531448  
-42.21584674  
-33.07473927  
-18.73454101  
-3.667347603  
7.745602753  
12.49908491  
9.800186451  
1.227658632  
-9.815676998  
-19.18787708  
-23.31152549  
-20.30775152  
-10.60967255  
3.155490575  
17.00852544  
26.93747552  
30.26519745  
26.58495735  
17.90373812  
7.901993733  
0.5500640981  
-1.411505807  
2.462589747  
10.15145559  
17.98534376  
22.14118744  
20.21167542  
12.19451458  
0.4820545371  
-11.14628803  
-19.09235923  
-21.38554851  
-18.37827777  
-12.40268538  
-6.575708677  
-3.328565037  
-3.360306668  
-5.50402262  
-7.549404913  
-7.593847192  
-5.224182565  
-1.900933908  
-0.301157808  
-2.895952488  
-10.44406093  
-21.17049472  
-31.11288082  
-35.58213391  
-31.14644975  
-17.26502167  
3.185268825  
24.77712366  
41.46468429  
48.77593662  
45.34603197  
33.17107379  
16.53653003  
0.1565533585  
-12.61707053  
-20.74091332  
-25.24301633  
-28.04353168  
-30.51329287  
-32.54317458  
-32.60758461  
-28.77793576  
-20.14058852  
-7.844396606  
4.839819368  
13.59272576  
14.83700196  
7.447145936  
-6.434380358  
-21.92020188  
-33.10217985  
-35.29942803  
-26.9045007  
-10.0554684  
10.15093086  
27.58465935  
37.36262059  
37.57418691  
29.79522787  
18.24569461  
7.99234526  
2.954335636  
4.501488453  
11.15092655  
19.40278717  
25.30903157  
26.11255655  
21.31301542  
12.77899186  
3.912711763  
-1.769728668  
-2.080292271  
2.921696896  
10.8693797  
17.90664091  
20.09458807  
14.91051416  
2.309344501  
-15.04183605  
-32.47370039  
-44.76614443  
-47.87507346  
-40.34996281  
-23.93389605  
-3.097976552  
16.37329095  
29.2828331  
32.74684772  
27.12015695  
15.7685436  
3.755914778  
-4.073830576  
-4.898729559  
1.084164688  
10.8482481  
19.83252404  
23.82198817  
20.66085813  
11.11528766  
-1.449552435  
-12.43039144  
-17.82011105  
-15.76795134  
-7.248081468  
4.401519914  
14.84173723  
20.40951488  
19.42297135  
12.6149315  
2.583184454  
-7.439485478  
-14.92942514  
-18.95525543  
-20.2644602  
-20.60841233  
-21.67520634  
-24.15416508  
-27.36893463  
-29.6371795  
-29.17220107  
-25.09340167  
-18.06183925  
-10.22530021  
-4.466391773  
-3.255956323  
-7.592453732  
-16.47714649  
-27.15245222  
-36.01588214  
-39.84565733  
-36.85890323  
-27.20506365  
-12.74242231  
3.757950321  
19.61627051  
33.03469539  
43.38040383  
50.91231447  
56.15526117  
59.27366817  
59.77456213  
56.6978685  
49.20497764  
37.2755469  
22.15650315  
6.307017297  
-7.194319815  
-15.57349166  
-17.25469712  
-12.36810788  
-2.67395095  
9.053913801  
19.92502231  
27.7563877  
31.52739205  
31.35260748  
28.07216275  
22.70614317  
16.03968303  
8.497348454  
0.2949571957  
-8.287732094  
-16.71818638  
-24.24286687  
-30.13610771  
-34.028045  
-36.11785171  
-37.13132654  
-38.01593773  
-39.50826355  
-41.78363466  
-44.36442312  
-46.33815029  
-46.78241369  
-45.19251567  
-41.70802648  
-37.03654538  
-32.12234658  
-27.7263343  
-24.11543256  
-20.98965974  
-17.65026834  
-13.29955828  
-7.320443346  
0.5694383221  
10.29860634  
21.48383587  
33.44435869  
45.15915398  
55.23568653  
62.01834544  
63.93426264  
60.04810845  
50.63592544  
37.48608316  
23.67332159  
12.74503671  
7.534388832  
9.044241045  
15.89998129  
24.69126905  
31.16688177  
31.86139235  
25.5002614  
13.57286382  
-0.2116709767  
-11.3988639  
-16.59175291  
-14.81932667  
-7.882610656  
0.471104569  
6.181961353  
6.605162766  
1.584888024  
-6.574177864  
-14.1922762  
-17.85425886  
-15.8771174  
-8.988273232  
0.03025659841  
7.519532531  
10.39914821  
7.289681634  
-1.105583043  
-12.4130413  
-23.51921253  
-31.58698444  
-34.78455117  
-32.56514156  
-25.56403214  
-15.30588716  
-3.893076355  
6.277020928  
12.83584908  
13.8975284  
8.627296301  
-2.253585488  
-16.31079784  
-29.82329248  
-38.81112837  
-40.38401239  
-33.90264526  
-21.42745894  
-7.166532049  
3.957662708  
8.106112641  
3.972280254  
-6.715734657  
-19.85291387  
-30.49856595  
-34.65789516  
-30.58427279  
-19.12695266  
-3.093446925  
13.9782391  
29.034119  
40.1976497  
46.76838946  
48.73471508  
46.23996679  
39.40183691  
28.60855869  
15.06448288  
1.137940453  
-9.888244135  
-14.75802486  
-11.55995752  
-0.8152947484  
14.26714591  
28.64914958  
37.20587348  
36.67641386  
26.98613558  
11.33237024  
-5.050316471  
-16.94245482  
-21.13567168  
-17.5212581  
-8.83011223  
