40.71014322  
23.46911422  
6.20099156  
-4.231754126  
-4.202737108  
5.184937647  
18.6908095  
29.32780199  
31.45223497  
23.15805992  
6.935780982  
-11.62131344  
-26.38867751  
-33.33816048  
-32.04213404  
-25.45370403  
-18.18623427  
-14.18441786  
-14.89574489  
-18.74454785  
-22.06080094  
-20.94918751  
-13.2042744  
0.5663712215  
17.03319455  
31.32051643  
38.7149672  
36.22519628  
23.47900399  
2.776805429  
-21.56548522  
-44.28328041  
-60.3385991  
-65.99440522  
-59.65869647  
-42.38054783  
-17.84816476  
8.252710306  
29.53732307  
40.65488728  
38.97291574  
25.60026345  
5.256180083  
-15.130969  
-28.7068125  
-31.05923221  
-21.7646271  
-4.479527999  
14.49044639  
28.59427974  
33.46090142  
28.39674524  
16.40496978  
2.796777693  
-6.971842882  
-9.339090186  
-3.780095447  
7.282768506  
19.61392623  
28.7745929  
31.55112964  
26.73896554  
15.16425675  
-0.8625432093  
-18.32036574  
-34.1830102  
-45.92188257  
-51.82462957  
-51.20626514  
-44.53976563  
-33.44295044  
-20.41732955  
-8.294561028  
0.5104016006  
4.702888079  
4.48864543  
1.450076409  
-2.058122734  
-3.761957748  
-2.23407692  
2.709328864  
10.08140822  
18.16139169  
25.06421987  
29.22428507  
29.6947309  
26.29680225  
19.70750045  
11.5111088  
4.118045607  
0.3812095068  
2.809041382  
12.49558805  
28.15121857  
45.76266007  
59.29253442  
62.43967194  
50.96537455  
24.69911352  
-11.69635105  
-49.71627625  
-79.56802471  
-93.39088765  
-87.88707786  
-65.29961353  
-32.35627557  
2.327285473  
31.23747783  
50.08223845  
58.25740673  
57.71701431  
51.0771999  
40.09423281  
25.34730693  
7.192982825  
-12.74375406  
-30.66744909  
-41.16377148  
-39.26217256  
-23.13006452  
4.029473692  
34.11987891  
56.68171115  
62.96252417  
49.78022026  
21.33020965  
-12.10004632  
-38.15493245  
-47.50180301  
-37.72958752  
-14.26076609  
12.17855916  
30.39132502  
33.61918935  
22.26321386  
3.191895604  
-13.95256212  
-21.60106455  
-17.87113646  
-7.189942255  
2.335974803  
3.442326989  
-6.194834159  
-22.40395332  
-36.36603845  
-39.02134228  
-25.87841799  
0.1927417394  
29.66932375  
50.38926248  
53.0512423  
35.61690339  
4.499252859  
-28.08982337  
-49.45842168  
-51.9915554  
-36.40331795  
-11.21959077  
11.22274144  
20.37908622  
12.12386191  
-9.66682233  
-35.19535345  
-53.40808917  
-57.02641766  
-45.64025621  
-25.53971594  
-6.509457648  
2.812552038  
-1.172829903  
-15.61909142  
-32.82970587  
-43.97950822  
-43.16499561  
-29.93808325  
-9.268434477  
10.89780225  
23.24700974  
24.19707981  
15.15354122  
1.506393405  
-10.01390636  
-14.32667775  
-9.998492014  
0.5354208489  
12.45385107  
20.92025348  
23.21181775  
19.69621527  
13.34518358  
8.151682896  
7.262648197  
11.67857686  
20.02934181  
29.40457677  
36.75286589  
40.16541973  
39.48790623  
36.06692468  
31.85049356  
28.33502379  
25.87574763  
23.66400399  
20.33735713  
14.888226  
7.404904863  
-0.732450261  
-7.318513985  
-10.25824973  
-8.553531415  
-2.885659102  
4.497387952  
10.58188778  
12.76847449  
9.943819651  
2.984477371  
-5.541068109  
-12.37369261  
-14.87024089  
-12.08148812  
-5.155102615  
3.103654837  
9.329763441  
10.89934294  
6.90319738  
-1.582858835  
-11.99577804  
-21.28937682  
-26.9885909  
-27.85952914  
-23.97971938  
-16.29605543  
-5.994800462  
5.938468833  
18.74073125  
31.51960102  
42.81984344  
50.48657519  
52.07247523  
45.74358796  
31.32831213  
10.99003814  
-10.91516747  
-28.92143046  
-38.18920024  
-36.2776555  
-24.24726414  
-6.593366514  
10.0607515  
19.10718987  
16.19674622  
0.7931371013  
-23.51067199  
-50.02533705  
-70.996667  
-79.96501238  
-73.7045866  
-53.16618145  
-23.18441712  
8.908974514  
35.32119233  
49.88913175  
49.65411005  
35.52091653  
11.86260436  
-14.78343706  
-37.54487432  
-51.04983741  
-52.75484134  
-43.40418338  
-26.52344222  
-7.149863285  
9.762119501  
20.73132634  
24.50522461  
21.99821762  
15.53681052  
7.779511478  
0.7609060627  
-4.594583563  
-8.382247119  
-11.20279312  
-13.54250068  
-15.37042547  
-16.12826106  
-15.07457589  
-11.7691014  
-6.42990946  
0.02145068096  
6.244512654  
10.95135761  
13.34676084  
13.35412089  
11.5623227  
8.954897293  
6.558858041  
5.145313238  
5.053468689  
6.141822746  
7.837340344  
9.266037257  
9.472517335  
7.734463988  
3.924617301  
-1.206236299  
-6.000590721  
-8.25364918  
-5.946298242  
1.864084061  
14.36496426  
28.89204515  
41.59277225  
48.70134099  
47.96040098  
39.5860326  
26.30693864  
12.38804919  
2.009127763  
-2.309081906  
-0.5297282896  
5.19493993  
11.77855677  
16.78559665  
19.54136693  
21.19542336  
23.70345727  
28.2731648  
34.14244989  
38.43562524  
37.31312144  
27.9403993  
10.30602345  
-12.10973019  
-33.32311217  
-47.2007064  
-50.16734863  
-42.98381576  
-30.65618472  
-20.37144067  
-18.29424808  
-26.65436009  
-42.49594798  
-58.74860865  
-67.22738472  
-62.26588892  
-43.36085901  
-15.62456528  
12.18336397  
31.18817731  
35.94983382  
26.50106375  
8.052872304  
-11.39749914  
-24.41187627  
-26.9159374  
-19.31716973  
-5.633304318  
8.749306587  
19.5100804  
24.8866776  
25.67147184  
23.95493162  
21.45940659  
18.42905343  
13.6485784  
5.497614321  
-6.634908479  
-21.43958797  
-35.8504037  
-46.25296323  
-50.11795939  
-47.19066995  
-39.58195429  
-30.68214548  
-23.44670564  
-18.9510084  
-15.99174427  
-11.97314886  
-4.636958556  
6.280111246  
18.38644594  
27.42617536  
29.24027639  
21.98758663  
7.512817125  
-8.912434994  
-20.5062013  
-21.78653578  
-11.0394936  
8.701838721  
30.68903568  
47.1394655  
52.45697269  
45.6166465  
30.67012491  
15.12134763  
6.827903416  
10.70674447  
26.60578478  
49.21308512  
70.03469734  
80.6366634  
75.85815154  
55.74966771  
25.5258435  
-6.385223362  
-31.39344034  
-43.72169734  
-42.2201293  
-30.42812795  
-14.969309  
-2.960468405  
0.5831618568  
-5.564518439  
-18.58229884  
-32.76238961  
-41.60005922  
-40.05373626  
-26.2288234  
-1.990040162  
27.60858821  
55.81172612  
76.05557728  
83.68575427  
77.03763974  
57.64935355  
29.64551146  
-1.451374246  
-30.10876415  
-51.99887033  
-64.7662074  
-68.22701854  
-64.03709455  
-54.9903211  
-44.17436646  
-34.21198043  
-26.76283742  
-22.37102114  
-20.64240502  
-20.6478651  
-21.39430959  
-22.20031406  
-22.85795274  
-23.54567453  
-24.55211865  
-25.94508418  
-27.34469644  
-27.92111221  
-26.64615957  
-22.71699413  
-15.98299431  
-7.183246381  
2.141365074  
10.07768874  
14.98586638  
16.13019227  
14.04199949  
10.4386608  
7.679559798  
7.919439585  
12.25511439  
20.19413373  
29.68310904  
37.74098924  
41.51440003  
39.39146015  
31.75050013  
21.0179145  
10.94219785  
5.285347013  
6.379707221  
14.09705987  
25.6709599  
36.5216703  
41.8519618  
38.45442041  
26.03707175  
7.509258804  
-11.95489879  
-26.77465818  
-33.04495555  
-30.01041744  
-20.30599366  
-8.826208959  
-0.6607895989  
1.046591231  
-3.606188105  
-11.414609  
-17.60340746  
-18.10400968  
-11.55614996  
-0.1041837767  
11.42179114  
17.62229802  
15.01281552  
3.742056411  
-12.27595565  
-26.93153712  
-34.5238704  
-32.2396106  
-21.37624369  
-6.738332049  
5.531839063  
10.70543593  
7.54410547  
-1.239898391  
-10.33096048  
-14.31558174  
-10.16937389  
1.418142756  
16.45301422  
29.52046329  
36.1980135  
34.8415767  
26.94557593  
16.01432336  
5.622059597  
-2.286712282  
-7.982461429  
-13.17388096  
-19.36990927  
-26.35857736  
-31.7312343  
-31.82798026  
-23.69855766  
-7.077318953  
14.72391826  
35.62111995  
49.04638127  
50.73531193  
