34.00211731  
27.72997702  
16.90490234  
3.434174391  
-10.43234104  
-22.61711443  
-31.60296733  
-36.64399261  
-37.78917004  
-35.73670147  
-31.5611277  
-26.38567655  
-21.09259155  
-16.16297425  
-11.69628666  
-7.588331023  
-3.77215934  
-0.389964337  
2.208124398  
3.653090926  
3.83991807  
3.137398823  
2.372545406  
2.540269434  
4.339955382  
7.759108882  
11.94069353  
15.45969482  
16.93584939  
15.72062733  
12.31742973  
8.282819035  
5.590065673  
5.708002761  
8.825524289  
13.62918262  
17.81077804  
19.13426467  
16.59304525  
11.09119749  
5.256069393  
2.3729987  
4.857520072  
12.94212937  
24.21644359  
34.31498275  
38.54111798  
33.77601643  
19.85712103  
-0.1897056221  
-21.19513589  
-37.7447642  
-46.13468704  
-45.5724038  
-38.15632104  
-27.71757296  
-18.10243024  
-11.68764213  
-8.759155948  
-7.936339905  
-7.311584307  
-5.651665293  
-3.024488216  
-0.5561913212  
0.4918351371  
-0.2396325234  
-1.691115017  
-1.750355677  
1.621859659  
9.068284833  
19.04202351  
28.0582832  
32.00675551  
27.99436486  
15.87044931  
-1.330214735  
-18.32732794  
-29.58388544  
-31.50382886  
-23.87075613  
-9.880298859  
5.252606506  
16.48680608  
20.96530692  
18.95997361  
13.3728163  
8.090621627  
6.010114642  
7.675847249  
11.14998918  
13.12388363  
10.68624589  
2.864549572  
-8.806971888  
-20.94320241  
-29.837513  
-33.09874557  
-30.60459979  
-24.34354185  
-17.28142301  
-11.8677367  
-8.951753226  
-7.638770966  
-6.112677102  
-2.939384391  
1.883263383  
6.729293044  
9.147012559  
7.26484392  
1.059666617  
-7.223307769  
-13.80653608  
-15.00087494  
-8.972813768  
3.197929007  
17.72243986  
29.53881016  
34.36478279  
30.44896485  
19.23172965  
4.630090962  
-8.703736354  
-17.33325511  
-20.30680923  
-19.19982156  
-16.98140925  
-16.31174028  
-18.12492354  
-21.18140792  
-22.77650147  
-20.21666799  
-12.30668601  
-0.1021443291  
13.43896181  
24.72122103  
31.06067488  
31.76007574  
28.20605109  
22.98178642  
18.47929801  
15.73379969  
14.07043631  
11.72527721  
7.092020261  
-0.08339229509  
-8.22294001  
-14.45597847  
-15.96149321  
-11.47010356  
-2.16682503  
8.506787308  
16.13953303  
17.19206172  
10.57483682  
-1.759290918  
-15.49944354  
-25.66040841  
-28.54604446  
-23.15659888  
-11.46120126  
2.537421961  
14.49844617  
21.44892709  
22.78819551  
20.22399712  
16.75323339  
15.19716952  
16.94526683  
21.41561715  
26.38960829  
29.00032558  
26.91215216  
19.21085112  
6.706688099  
-8.37329302  
-23.09519078  
-34.62249727  
-40.85623342  
-40.787245  
-34.57520638  
-23.43796844  
-9.426000991  
4.894739104  
16.86104042  
24.21825722  
25.62909544  
21.03057537  
11.67588297  
-0.2175278175  
-12.13885183  
-22.0449464  
-28.91443759  
-32.86095002  
-34.75622632  
-35.53669423  
-35.5252362  
-34.10779501  
-29.94974917  
-21.68356223  
-8.764329933  
7.913742329  
25.96180359  
42.08677092  
53.12326168  
57.0977943  
53.88626564  
45.18952605  
33.83556802  
22.6958866  
13.65815885  
7.061811001  
1.801902646  
-3.971094633  
-11.86321105  
-22.36553546  
-34.44016736  
-45.71076955  
-53.17660239  
-54.18812761  
-47.35309721  
-33.08811158  
-13.6583819  
7.294922824  
25.60712253  
37.60277892  
41.01829201  
35.60290648  
23.22953291  
7.452654596  
-7.414408448  
-17.48466236  
-20.41890933  
-16.13083648  
-6.813792962  
3.771478266  
11.5548856  
13.55167803  
8.900141708  
-0.8508324046  
-12.33399596  
-21.6303394  
-25.73292863  
-23.63661649  
-16.62100777  
-7.613223782  
0.1054724297  
4.308890105  
4.755631307  
3.239651244  
2.729008901  
5.950045483  
14.01681457  
25.70050366  
37.67738951  
45.69160763  
46.18811804  
37.76829882  
21.88013917  
2.451673104  
-15.41182984  
-27.18077444  
-30.44882033  
-25.7018199  
-16.03714347  
-5.958192238  
0.2919374098  
0.238411653  
-6.015490711  
-15.94343321  
-25.62167391  
-31.22032493  
-30.40395979  
-23.13925545  
-11.64161937  
0.4891457505  
9.603620538  
13.3112395  
11.29098027  
5.326907913  
-1.421138911  
-5.625070085  
-5.022030247  
0.77670846  
10.18470542  
20.26411829  
27.82321628  
30.56922553  
27.89002445  
20.99221663  
12.37415501  
4.864526706  
0.61072589  
0.3992402829  
3.539590524  
8.309990514  
12.74248403  
15.40908235  
15.89718913  
14.8156498  
13.37787827  
12.77859409  
13.64374945  
15.77356238  
18.25106276  
19.8259949  
19.3804924  
16.27800605  
10.48042832  
2.44401829  
-7.097912702  
-17.32930903  
-27.43670579  
-36.592109  
-43.91764273  
-48.535598  
-49.75397752  
-47.34080283  
-41.75719262  
-34.19669862  
-26.34332884  
-19.88397166  
-15.93897397  
-14.64038517  
-15.05274424  
-15.50195663  
-14.20802489  
-9.981084744  
-2.701621392  
6.613004283  
16.18466006  
24.13778671  
29.17336613  
30.97540244  
30.18756455  
27.98635606  
25.45217666  
23.02894488  
20.32519631  
16.35989  
10.15891247  
1.444505329  
-8.898752498  
-18.82268683  
-25.64112138  
-26.92679133  
-21.45890902  
-9.851384048  
5.411963222  
20.60258656  
31.85463546  
36.38484639  
33.39309861  
24.30808532  
12.26942393  
1.014839491  
-6.433065564  
-8.799161301  
-6.920074239  
-3.297194865  
-1.004814744  
-2.374822789  
-7.978094176  
-16.31808354  
-24.37856256  
-28.82561169  
-27.39368511  
-19.89517676  
-8.43185757  
3.300163339  
11.35311549  
12.99090098  
7.692300751  
-2.701718227  
-14.74061121  
-24.69131452  
-29.88435872  
-29.53097343  
-24.70812444  
-17.57678966  
-10.23474139  
-3.752625402  
2.161206736  
8.728824097  
17.13664263  
27.53081701  
38.50086872  
47.35876862  
51.14739533  
47.95647384  
37.94931597  
23.59976671  
8.966412703  
-1.747142486  
-5.772817152  
-2.842260164  
4.720868143  
12.93524295  
17.74807416  
16.62733817  
9.516032735  
-1.223330508  
-11.82350281  
-18.64538781  
-19.59405265  
-14.8585097  
-6.720274159  
1.4319473  
6.431926177  
6.456953546  
1.519464044  
-6.793544256  
-16.13529916  
-24.36309655  
-30.23511897  
-33.59251737  
-35.03901476  
-35.35445194  
-34.96933378  
-33.75561896  
-31.20134401  
-26.83320196  
-20.63011985  
-13.18753948  
-5.531951745  
1.327322477  
6.877865417  
11.35924441  
15.63945005  
20.74316883  
27.23803364  
34.76943704  
41.98311667  
46.91088391  
47.68765206  
43.31303747  
34.13685642  
21.85250807  
8.982486058  
-1.951023847  
-9.248070347  
-12.5268074  
-12.71101901  
-11.53286742  
-10.76694794  
-11.50768496  
-13.76980582  
-16.54602042  
-18.26738622  
-17.45723679  
-13.31293949  
-6.005039439  
3.382324181  
13.19705285  
21.68208047  
27.37688509  
29.34878028  
27.24967956  
21.27323407  
12.10540786  
0.9094329629  
-10.69332071  
-20.74302516  
-27.2471253  
-28.67311825  
-24.50570051  
-15.65057784  
-4.459171677  
5.74570429  
11.57505512  
10.6466154  
2.450304518  
-11.33528485  
-27.23789775  
-40.99903223  
-48.8571955  
-48.6590248  
-40.41379584  
-26.12420591  
-9.003334274  
7.589071028  
21.0832165  
30.19668328  
34.89761239  
35.96967107  
34.45879506  
31.27574344  
27.09298251  
22.48481155  
18.12069341  
14.80483148  
13.26559397  
13.77494225  
15.81882457  
18.06023717  
18.71570052  
16.25330794  
10.12679938  
1.187669791  
-8.477040589  
-16.28927936  
-20.23477958  
-19.77818262  
-16.2076792  
-12.19948741  
-10.72972606  
-13.76440222  
-21.28470215  
-31.09259373  
-39.52567939  
-42.82769967  
-38.63504888  
-26.97787208  
-10.38418098  
6.962952214  
20.68605678  
27.72449785  
27.32636055  
21.17410727  
12.64573972  
5.537037457  
2.743547256  
5.368422652  
12.51788542  
21.76953528  
30.06786165  
