12.81331265  
5.112132372  
7.007660644  
17.9267064  
32.82745078  
44.56474773  
47.21202632  
38.78671186  
22.11443365  
3.455379225  
-10.42284059  
-15.31696874  
-11.35259987  
-2.642717633  
4.93300546  
6.703379496  
1.473614267  
-7.999336764  
-16.51337786  
-19.12992866  
-13.73386545  
-2.190962435  
10.44708559  
18.28473178  
17.32875658  
7.326727068  
-8.147730523  
-23.3510912  
-32.93159834  
-34.16726577  
-27.85909121  
-17.54749  
-7.536358153  
-0.7563708518  
2.476633504  
4.24101839  
7.503022522  
14.13421841  
23.48121489  
32.23436368  
35.70857308  
29.97458768  
13.8776218  
-9.976689192  
-35.73698205  
-56.14979874  
-65.01677836  
-59.32577945  
-40.27833114  
-12.88569742  
15.66044254  
38.22986012  
49.84560309  
48.9866929  
37.77287885  
21.07032036  
4.863068827  
-5.594047058  
-7.30658863  
-0.3390920447  
12.32302276  
25.79083995  
34.85936448  
35.68026653  
26.9918647  
10.50410253  
-9.694625009  
-28.50707259  
-41.49314758  
-46.24273595  
-42.97944925  
-34.21884822  
-23.67125442  
-14.85829143  
-9.988535194  
-9.483237288  
-12.23568176  
-16.37466722  
-20.12347807  
-22.37369576  
-22.79525912  
-21.56312381  
-18.96266712  
-15.15013824  
-10.20125072  
-4.369644846  
1.673810251  
6.852684451  
10.03045879  
10.55593558  
8.718376863  
5.819776388  
3.744111841  
4.158890162  
7.701080715  
13.54806298  
19.62206302  
23.3896212  
22.92897999  
17.7971097  
9.301131804  
0.04063507896  
-7.087199577  
-9.992355107  
-8.138385156  
-2.635043955  
4.322917052  
10.38892478  
13.948953  
14.59196287  
13.01416024  
10.46624771  
8.043226302  
6.156443842  
4.415315115  
1.94491766  
-2.030364783  
-7.613978452  
-13.9377608  
-19.28043179  
-21.58179129  
-19.18033633  
-11.51505579  
0.4670240264  
14.37417366  
26.93775447  
34.95298906  
36.31711628  
30.81656474  
20.35250479  
8.451746332  
-0.843574227  
-4.363719049  
-0.9764978901  
7.940884028  
18.96459766  
27.90103135  
31.4047923  
28.28587077  
19.9449712  
9.726928949  
1.450641005  
-2.247524888  
-1.014802984  
3.176624348  
7.069026911  
7.7481884  
4.079652837  
-2.751396694  
-9.873033056  
-14.23107319  
-14.21908172  
-10.60102616  
-6.22606988  
-4.632143328  
-8.208327769  
-16.84130318  
-27.76662208  
-36.7652411  
-40.16677307  
-36.68596144  
-28.15572954  
-18.73341744  
-12.90556743  
-13.23484503  
-18.96503005  
-26.22193431  
-29.78862648  
-25.65429421  
-13.12391839  
4.55649417  
21.42174053  
31.34149083  
30.74364069  
20.24045635  
4.392716966  
-10.28455214  
-18.1493871  
-16.78765509  
-7.830808983  
4.085566126  
13.6629805  
17.42687439  
15.17562513  
9.750940017  
5.323930147  
5.108808126  
9.667372111  
16.64019222  
22.00873596  
22.22396894  
16.11354418  
5.601610765  
-5.124210637  
-11.5909263  
-11.19146201  
-4.457048608  
5.166260355  
12.92429994  
14.96686599  
10.1085855  
0.3143772374  
-10.29279057  
-17.4022223  
-18.51722361  
-14.05453329  
-7.058674599  
-1.707465583  
-1.336490624  
-6.90024357  
-16.54772279  
-26.4539409  
-32.48000331  
-31.8971376  
-24.43679497  
-12.2817475  
0.899345925  
11.37962757  
16.63860535  
15.99574354  
10.48090131  
2.148610312  
-6.770644158  
-14.51245574  
-20.03014774  
-22.89966462  
-23.07013854  
-20.66584252  
-15.94204411  
-9.361175519  
-1.669338952  
6.138831223  
12.99462267  
17.99980408  
20.62366363  
20.76546743  
18.67949691  
14.84123905  
9.857927464  
4.47766869  
-0.3403687117  
-3.404932571  
-3.434289451  
0.6087817943  
9.081088345  
21.31273683  
35.54892202  
49.27745856  
59.87346123  
65.33850555  
64.85180796  
58.91908772  
49.07343298  
37.27268911  
25.25759951  
14.13029297  
4.28807431  
-4.329023614  
-11.86023893  
-18.23686881  
-23.13007882  
-26.13428945  
-27.05379452  
-26.11028102  
-23.94045465  
-21.37531539  
-19.11524016  
-17.47057678  
-16.30000954  
-15.17083063  
-13.64877222  
-11.56227486  
-9.109042399  
-6.762692987  
-5.043697177  
-4.281073576  
-4.481214409  
-5.349499839  
-6.425243118  
-7.242865621  
-7.44423271  
-6.82475374  
-5.352810638  
-3.214290334  
-0.8891424432  
0.8054330484  
0.8134108804  
-1.846933483  
-7.597431738  
-15.82757033  
-24.7046093  
-31.48513885  
-33.3540627  
-28.54783949  
-17.30971111  
-2.196483864  
12.53531477  
22.3530177  
24.17776908  
17.70401501  
5.690464593  
-6.998170284  
-15.27762235  
-15.89736508  
-8.776773721  
2.984082273  
14.45441199  
21.0060874  
20.28192073  
13.11211151  
2.968298408  
-5.77507118  
-9.937835894  
-8.983847645  
-5.125140705  
-2.037036669  
-2.823788412  
-8.255999712  
-16.18388876  
-22.46082343  
-22.96257759  
-15.72376679  
-2.122269198  
13.51904599  
25.77898642  
30.57811375  
27.0405917  
17.85940188  
7.960531847  
2.091594566  
2.50046057  
7.845184599  
13.88830222  
15.65830055  
10.03054034  
-2.544164569  
-18.03556971  
-30.59174945  
-35.22990661  
-30.16461593  
-17.64294993  
-2.879334296  
8.388030379  
12.52318316  
9.518174552  
2.687777252  
-3.281199007  
-4.91242885  
-1.818356644  
3.111932146  
5.346122052  
1.355747182  
-9.081409613  
-22.16073935  
-31.40047464  
-30.53212326  
-16.61031424  
8.150213997  
36.75751088  
59.98120232  
69.98249318  
63.45592381  
42.91488832  
15.58866645  
-9.537899889  
-25.21607385  
-28.45966371  
-21.11873288  
-8.435099431  
3.596294715  
10.78707763  
12.13097577  
9.548937597  
6.356901032  
5.358133454  
7.520175586  
11.78391191  
15.91946011  
17.82890475  
16.55088223  
12.48401885  
6.839589149  
0.7701824746  
-5.237028659  
-11.32670008  
-17.65746012  
-23.64590013  
-27.63959547  
-27.35971242  
-21.00304897  
-8.467203875  
7.992553233  
24.14761166  
35.19703763  
37.63539743  
30.75756352  
17.08831128  
1.496793159  
-10.64650164  
-15.47953421  
-11.97347092  
-2.057248007  
10.41470356  
21.30038943  
27.6475923  
28.40594613  
24.2014408  
16.47147062  
6.527594641  
-4.937689302  
-17.70205382  
-31.42115038  
-45.04721391  
-56.69424127  
-64.11546322  
-65.59348665  
-60.7869958  
-51.0710476  
-39.15223598  
-28.10399096  
-20.25690989  
-16.44444357  
-15.91888301  
-16.91724706  
-17.55327584  
-16.58924508  
-13.75259169  
-9.5319723  
-4.660904472  
0.3695055104  
5.495247503  
10.90163979  
16.65165556  
22.39765909  
27.38779196  
30.78170913  
32.08715784  
31.44199903  
29.54991255  
27.28507444  
25.18809514  
23.15862152  
20.55189865  
16.65716646  
11.30317406  
5.235479953  
0.009410097164  
-2.605459204  
-1.439836364  
3.452227417  
10.69761387  
18.11184562  
23.57608067  
25.85388683  
24.9473778  
21.83383386  
17.75170763  
13.44438797  
8.788503356  
3.019300971  
-4.570052384  
-13.85442028  
-23.49094457  
-31.19706655  
-34.6209572  
-32.4097821  
-24.95129485  
-14.40115578  
-3.945186233  
3.389387791  
5.848749377  
3.516970146  
-1.872851898  
-7.730299668  
-11.59881839  
-11.91052544  
-8.25205898  
-1.171583111  
8.225103468  
18.60129669  
28.49528646  
36.2825727  
40.22164746  
38.78125026  
31.24848524  
18.36410473  
2.58844383  
-12.31531869  
-22.39618913  
-24.96832808  
-19.79005532  
-9.385159442  
1.748948567  
8.809663578  
8.575543221  
0.7115571274  
-12.07963863  
-25.13846464  
-33.70250605  
-34.74910609  
-28.07488662  
-16.22406611  
-3.390563989  
6.169100423  
9.541536126  
5.891414663  
-3.597875931  
-16.35186747  
-29.21443468  
-39.12824831  
-43.5924673  
-41.00028397  
-30.99362662  
-14.83305207  
4.428332165  
22.28139097  
33.79673116  
35.21210883  
25.53475132  
7.419922658  
-13.26215515  
-29.25413983  
-34.56426448  
-26.88985292  
-8.718157594  
13.50341767  
31.90737772  
40.43505211  
37.35359334  
25.91442278  
