-29.39219762  
-17.29695149  
-9.972423367  
-9.35468961  
-14.1132595  
-19.98797674  
-21.50618707  
-14.39703831  
2.349080371  
25.71372692  
49.55733315  
66.83968679  
72.21432343  
63.91388954  
44.19162565  
18.24819407  
-7.771713706  
-28.78988932  
-42.00411424  
-46.96833207  
-44.79324602  
-37.09572929  
-25.32887309  
-10.78100651  
4.9425148  
19.47306879  
29.78488675  
33.0355302  
27.84145204  
15.33599038  
-0.6550202301  
-14.62144964  
-21.28966284  
-17.69063837  
-4.456126601  
14.29120637  
32.4813207  
44.45421511  
47.13207475  
41.07933644  
30.01879236  
19.05897486  
12.44859425  
11.85408861  
15.88088531  
20.97234757  
23.19866457  
20.0805205  
11.63113705  
0.207962354  
-10.66713386  
-17.90554445  
-20.11075197  
-17.9614143  
-13.632006  
-9.622988108  
-7.619030273  
-7.924939976  
-9.697987231  
-11.7731452  
-13.58033876  
-15.61696914  
-19.18297954  
-25.48165392  
-34.54446751  
-44.57520464  
-52.152673  
-53.34726588  
-45.3622406  
-28.01487336  
-4.365783232  
19.88980345  
38.15556682  
45.19499109  
39.05959622  
21.91083257  
-0.6286560297  
-21.38295563  
-34.07502496  
-35.38757059  
-25.85878092  
-9.318596121  
8.831338627  
23.73058194  
32.67725126  
35.62396685  
34.45647396  
31.51503465  
28.14546196  
24.01326106  
17.50785595  
6.998112182  
-7.747761903  
-24.77426067  
-40.28318921  
-50.04743203  
-51.27111987  
-43.99715013  
-31.3260757  
-18.24859717  
-9.561295929  
-7.806917421  
-12.21268909  
-19.16234189  
-24.01728435  
-23.44694263  
-17.15306442  
-8.127162811  
-1.259124576  
-0.9006321391  
-8.511604478  
-21.51952477  
-33.99459884  
-38.9236844  
-31.13472925  
-9.617453054  
21.75818444  
55.42993966  
82.73470759  
96.84123913  
94.88705964  
78.58893062  
53.26885144  
25.85398354  
2.709382873  
-11.9396559  
-16.63106192  
-12.41817287  
-2.118773977  
10.54862137  
21.72558381  
28.0659528  
27.36129473  
19.13314624  
5.007733583  
-11.42287148  
-25.45779679  
-32.76881683  
-31.04112318  
-21.08188176  
-6.797968012  
6.129876411  
12.45464567  
9.559885196  
-1.338686669  
-15.59287069  
-27.0259527  
-30.54158574  
-24.27812891  
-10.33150491  
6.278516962  
19.90242523  
26.7283233  
26.27008051  
21.21545329  
15.78687947  
13.49117415  
15.41058688  
19.87587563  
23.62720471  
23.78923852  
19.5669584  
12.72881989  
6.601210893  
4.111818452  
5.958553131  
9.952576049  
11.98835264  
8.226464493  
-2.610583861  
-18.06864531  
-32.64886853  
-40.16417782  
-36.7052301  
-22.77496336  
-3.478502414  
13.44770237  
20.94127938  
15.7509933  
-0.06625999726  
-20.02056164  
-36.06379244  
-42.14938995  
-36.83530585  
-23.73526064  
-9.634326116  
-1.177688727  
-1.70007702  
-9.680088525  
-19.52567454  
-24.30001507  
-19.09774702  
-3.498246758  
18.03015061  
37.94332562  
48.8115281  
46.44722708  
31.60185285  
9.545635037  
-12.19833893  
-26.90280268  
-31.12863377  
-25.65109866  
-14.56142508  
-3.098287639  
4.730790626  
7.676266102  
7.328832665  
6.855308048  
9.080251936  
14.84718362  
22.40611578  
28.07504027  
27.85091836  
19.25108718  
2.596645556  
-18.7912548  
-39.55990012  
-54.08448499  
-58.3663161  
-51.39707185  
-35.53245537  
-15.77245483  
1.796227039  
11.88859115  
11.6531876  
1.555387944  
-14.74941615  
-31.51768542  
-42.67663323  
-43.7248124  
-33.20321508  
-13.27191922  
10.82066036  
32.25761802  
44.72731605  
44.41693593  
31.28704261  
9.192391814  
-15.22501547  
-34.54391571  
-42.83968818  
-37.49466899  
-19.9561067  
4.796081303  
29.87805948  
48.67017972  
56.80028753  
53.3053097  
40.63892189  
23.60339381  
7.64460224  
-2.866103137  
-5.791809241  
-1.51746914  
7.601279069  
18.29466203  
27.47511469  
32.97924906  
33.78898518  
29.82954623  
21.61693553  
10.03279363  
-3.650993194  
-17.59876849  
-29.35063892  
-36.13199074  
-35.60406091  
-26.84376589  
-11.113215  
8.050961868  
25.67568019  
36.96018955  
39.09191267  
32.50389139  
20.94154561  
10.1591017  
5.659244246  
10.35895508  
23.17848726  
39.22134895  
51.56266356  
53.96279645  
43.39401896  
21.3142472  
-6.858342236  
-33.84471161  
-53.27777518  
-61.9703172  
-60.75092693  
-53.59831362  
-45.56375303  
-40.48192389  
-39.49993236  
-41.01123502  
-41.88553246  
-39.28528938  
-32.13305323  
-21.53742325  
-10.05597423  
-0.2717403795  
6.514308886  
10.77723208  
14.21380619  
18.4790789  
23.93370082  
29.11494826  
31.25953459  
27.64750837  
17.09889267  
0.862679548  
-17.56300017  
-33.6111986  
-43.27305517  
-44.42353985  
-37.28601316  
-23.93233368  
-7.194261747  
10.39131226  
27.08329244  
41.74480173  
53.25488295  
60.05759134  
60.28918859  
52.54786383  
36.92925828  
15.7005535  
-6.910137361  
-25.90901447  
-37.28629064  
-39.53993039  
-34.22803763  
-25.23012412  
-17.0149609  
-12.7070846  
-12.85793421  
-15.48729687  
-17.33303206  
-15.64658619  
-9.608522064  
-0.6526355562  
8.431716846  
15.09788858  
18.44748206  
19.65191415  
21.13524076  
24.95387482  
31.28406748  
37.92493363  
41.21673565  
38.01230466  
27.71259588  
13.23190394  
0.2050894231  
-5.402020931  
-0.2708610167  
14.12330976  
31.36007202  
42.23246603  
38.46657792  
16.46616072  
-20.57773904  
-63.24646155  
-99.04264771  
-116.929106  
-111.4391787  
-84.69233604  
-45.51345113  
-6.049300365  
22.71532931  
34.73965186  
30.56792439  
16.32753066  
0.6777694152  
-8.912685554  
-9.014765111  
-1.148220249  
9.436805234  
16.41172611  
15.23877388  
5.06502514  
-11.04544019  
-27.49010401  
-38.42669436  
-40.00505895  
-31.67746311  
-16.18791314  
1.605707865  
16.50256957  
24.6160441  
24.36863339  
16.61963671  
4.074608963  
-9.658741663  
-20.98420322  
-26.96592362  
-25.68155681  
-16.39684593  
0.3051115551  
22.40824426  
46.47403537  
67.97226022  
82.06992953  
84.82502996  
74.48357901  
52.40344129  
23.14022771  
-6.533000871  
-29.50346769  
-40.52760885  
-37.98508971  
-24.47743118  
-5.961098889  
10.33632822  
18.46785702  
15.81814271  
3.859520971  
-12.66671615  
-27.77830303  
-36.62523813  
-37.21586201  
-30.80796908  
-20.88255087  
-11.25099729  
-4.218601984  
0.3340403982  
4.553903113  
11.15076394  
21.63154808  
35.14403703  
48.53770612  
57.6489533  
59.20926885  
52.45762181  
39.6648129  
25.29038494  
14.14129633  
9.372386288  
11.23689313  
17.13194113  
22.87366448  
24.57535532  
20.25873147  
10.50548252  
-2.052020211  
-14.04913318  
-22.82569234  
-27.31420533  
-28.06182349  
-26.53889098  
-24.22660122  
-22.01661498  
-20.19739255  
-18.90950638  
-18.65682467  
-20.43211009  
-25.2686771  
-33.41752094  
-43.64127527  
-53.13490147  
-58.29490765  
-56.10768571  
-45.55451699  
-28.34408402  
-8.553047291  
8.745487883  
19.29964753  
21.15530351  
15.16238183  
4.341998172  
-7.521209239  
-17.36224328  
-23.71806288  
-26.68996671  
-27.16376966  
-25.83417215  
-22.63313894  
-16.881249  
-8.032330625  
3.485146186  
15.90127351  
26.52723881  
32.82857323  
33.61646835  
29.70901595  
23.65464637  
18.5894048  
16.76324228  
18.47191675  
21.9502394  
24.30559072  
23.03989255  
17.39698213  
8.851095401  
0.4770687032  
-4.49427775  
-4.223175467  
0.8496345627  
8.197655798  
14.37153846  
16.54286026  
13.67786338  
6.806594976  
-1.6702057  
-9.215798276  
-14.27283576  
-16.71361555  
-17.46999616  
-17.63497974  
-17.59361537  
-16.68772312  
-13.59412732  
-7.183608276  
2.639417698  
14.59732849  
26.3949809  
35.57719471  
40.42720965  
40.44248358  
36.18476871  
28.6694133  
18.71901865  
6.707743962  
-7.142146739  
-22.12266758  
-36.53492978  
-47.77091187  
-53.12530211  
-51.03624743  
-42.12442245  
