1.214141247  
-11.38011343  
-29.22089056  
-47.09285321  
-59.74604549  
-63.78609871  
-58.70830502  
-46.74437469  
-31.70671228  
-17.40788472  
-6.338092455  
0.9085063294  
5.348919462  
8.731923435  
12.53919399  
17.31409279  
22.54821273  
27.07337456  
29.69565044  
29.75084194  
27.35558768  
23.30247144  
18.70865482  
14.60223233  
11.61158054  
9.83840947  
8.909558447  
8.150183071  
6.81392952  
4.321307138  
0.4681668221  
-4.440083624  
-9.581143426  
-13.77610802  
-15.80716309  
-14.80961938  
-10.59330501  
-3.74871016  
4.532756387  
12.86510885  
20.12312596  
25.72852949  
29.6228121  
31.94562097  
32.61094207  
31.05619312  
26.37758156  
17.8646568  
5.707891714  
-8.502209682  
-21.83557291  
-30.76803504  
-32.40657578  
-25.71297564  
-12.16830206  
4.491354967  
19.4553497  
28.50856802  
29.52257198  
23.14603489  
12.40704375  
1.410040177  
-6.296440513  
-8.976483265  
-7.077002374  
-2.62632982  
1.9738946  
5.136156246  
6.679747707  
7.583314534  
9.093362811  
11.71103271  
14.63173344  
15.96534832  
13.64952751  
6.597221485  
-4.516132836  
-17.25264519  
-28.23782359  
-34.44336617  
-34.33224822  
-28.3468887  
-18.55000812  
-7.644723375  
2.111955729  
9.571598271  
14.66248092  
17.78377115  
19.06099146  
17.96256744  
13.55741215  
5.302182822  
-6.099412552  
-18.3328618  
-27.96179393  
-31.69283631  
-27.8936569  
-17.6245092  
-4.587461291  
6.137145932  
10.12113672  
5.527683977  
-5.931684164  
-19.52777516  
-29.39045015  
-30.97484693  
-23.05959453  
-8.388384333  
7.364438027  
17.89698752  
18.88741552  
9.801366684  
-5.863687852  
-21.99260081  
-32.31593178  
-32.88650373  
-23.55339402  
-7.869893241  
8.458194358  
19.88253443  
23.10993882  
18.16672093  
8.089845583  
-2.512187147  
-9.351245114  
-10.01346543  
-4.607057703  
4.630751191  
14.46657226  
21.98602274  
25.54688448  
25.06272913  
21.64145422  
16.86631984  
12.10006142  
8.097161091  
5.00396129  
2.623752331  
0.7238364818  
-0.8040975721  
-1.986449785  
-2.926856144  
-3.920395574  
-5.395671624  
-7.672960701  
-10.65830593  
-13.66025211  
-15.48192219  
-14.81144574  
-10.78003044  
-3.449969513  
6.00141757  
15.52102506  
22.78170529  
25.92671122  
24.16875457  
18.01414673  
9.037640415  
-0.6802048632  
-9.212921192  
-15.28584568  
-18.44845088  
-18.91842528  
-17.24211854  
-13.97862527  
-9.570325624  
-4.433824583  
0.8338595992  
5.318815385  
7.880248193  
7.502191473  
3.784399408  
-2.66048899  
-10.13788562  
-16.24421768  
-18.60427401  
-15.71614822  
-7.572079578  
4.212590582  
16.84068705  
27.19625392  
32.80936271  
32.56845868  
26.93747868  
17.64446168  
7.017025631  
-2.742322727  
-10.06887662  
-14.20103374  
-15.04262723  
-12.8959508  
-8.261316971  
-1.806597917  
5.53115295  
12.46340934  
17.45071854  
19.05408536  
16.44813509  
9.876016232  
0.7990481239  
-8.402128083  
-15.12686094  
-17.41300042  
-14.62138094  
-7.665817785  
1.305729471  
9.644917677  
15.04856882  
16.18434186  
12.88565835  
5.913173746  
-3.52791068  
-14.24101074  
-25.2494561  
-35.71575934  
-44.70015833  
-50.98333799  
-53.14518436  
-49.94106425  
-40.83695579  
-26.44778806  
-8.634276773  
9.847413819  
26.05117276  
37.64877222  
43.53865378  
44.04212091  
40.64468257  
35.41911493  
30.3651866  
26.89118368  
25.56276545  
26.12107796  
27.68633213  
29.0467977  
28.96860178  
26.50474368  
21.28556501  
13.73697889  
5.124172783  
-2.681548489  
-7.73635478  
-8.734923583  
-5.635405231  
0.112763686  
5.942195832  
9.100823321  
7.82006204  
2.214704744  
-5.551250982  
-12.01863143  
-13.88177155  
-9.541946036  
-0.05386720717  
11.04298509  
19.04407639  
20.04998286  
12.73861988  
-0.8863175239  
-16.18364026  
-27.77645286  
-31.87623268  
-28.00209228  
-19.29906867  
-11.26374805  
-9.398318296  
-16.80684192  
-32.78666176  
-53.03035801  
-71.33780239  
-82.07060479  
-82.27666333  
-72.59554026  
-56.64117116  
-39.25299148  
-24.48759351  
-14.26776978  
-8.215418266  
-4.576838669  
-1.619679532  
1.301579932  
3.570402208  
4.054832086  
2.277860326  
-0.734214659  
-2.508211841  
-0.1724580071  
7.979804221  
21.22879789  
36.20471345  
47.96555243  
51.99560784  
46.25078771  
32.28687514  
14.88329052  
0.2478263643  
-6.45423818  
-3.176404153  
8.238192361  
22.92412679  
35.10735112  
40.52986125  
38.13745609  
30.33518001  
21.76396606  
17.18987831  
19.44587802  
28.28345173  
40.54829773  
51.50807927  
56.7034526  
53.54761001  
42.0942185  
24.80020915  
5.524247632  
-11.75717736  
-24.03244067  
-29.84588124  
-29.35776325  
-24.0197802  
-16.06442203  
-7.954101835  
-1.852969869  
0.8506097233  
-0.09040261016  
-3.648906695  
-7.753053865  
-9.918256962  
-8.147581943  
-1.794216473  
7.987579024  
18.46392975  
26.21200315  
28.36715242  
23.71703982  
13.15958167  
-0.6962048083  
-14.62274188  
-26.06872456  
-34.06308511  
-39.31668678  
-43.49914875  
-48.07354322  
-53.29423778  
-57.89264488  
-59.62873594  
-56.439661  
-47.6004256  
-34.28462531  
-19.20454952  
-5.472287591  
4.769795209  
11.26225571  
15.60694078  
20.29136043  
27.2247484  
36.51856751  
46.14837343  
52.71647017  
52.99117193  
45.50064032  
31.40399048  
14.19142544  
-1.681976217  
-12.60776975  
-17.23885054  
-16.84759855  
-14.47127668  
-13.26931129  
-14.89578289  
-18.67738406  
-21.99362348  
-21.66585372  
-15.66801247  
-4.31082896  
9.695059347  
22.347271  
30.10854405  
31.46973459  
27.56144696  
21.51240787  
16.85451198  
15.73889687  
17.82433705  
20.38664665  
19.61950508  
12.52988633  
-1.456269765  
-19.93527452  
-38.2911568  
-51.45373151  
-55.86996201  
-50.82186757  
-38.53916378  
-23.11042021  
-8.735867866  
1.865940067  
8.201385877  
11.63365969  
14.18102115  
17.14308382  
20.266738  
21.86623406  
19.8152044  
12.88413932  
1.713651671  
-11.11238028  
-21.99000391  
-27.81377257  
-27.38098581  
-21.99902037  
-14.97291159  
-10.17013478  
-10.29874022  
-15.68153918  
-24.09350695  
-31.7453674  
-34.97235249  
-31.86137665  
-23.07935226  
-11.53271799  
-1.02654145  
5.451173335  
7.028440689  
5.240566461  
3.194826373  
4.014380789  
9.296052137  
18.30422922  
28.27156676  
35.65904685  
37.78090921  
34.0367343  
26.18319014  
17.53204012  
11.46249546  
9.949117645  
12.78717968  
17.85839632  
22.28259064  
23.8851932  
22.26583879  
18.95447997  
16.58023317  
17.45675336  
22.26970944  
29.51248255  
35.97069729  
38.06718954  
33.47560372  
22.27648492  
7.124685886  
-7.669176213  
-17.77012379  
-20.48500071  
-15.78312221  
-6.272951163  
3.824109012  
10.26458829  
10.30453163  
3.590347041  
-7.856678746  
-20.47702665  
-30.46076071  
-35.00516122  
-33.13950638  
-25.91246813  
-15.96484807  
-6.676003659  
-1.149896685  
-1.30210321  
-7.262100373  
-17.23780395  
-27.90872117  
-35.30588664  
-36.00114072  
-28.29268044  
-12.99939976  
6.477012034  
24.96518648  
37.0532931  
38.87104265  
29.49728586  
11.43338637  
-10.10618909  
-28.89146084  
-39.76468233  
-40.34172574  
-31.68212341  
-17.68660065  
-3.488894444  
6.496028743  
10.09230362  
7.892060922  
2.673749832  
-1.946530506  
-3.003870439  
0.7979825888  
8.873010312  
19.27959698  
29.61232419  
37.79320277  
42.45145395  
42.87111376  
38.74275539  
30.03278205  
17.15054046  
1.32894155  
-15.09142191  
-28.82743225  
-36.42975161  
-35.49320749  
-25.81375888  
-9.907011274  
7.499423372  
20.95517645  
26.24503936  
22.02133287  
10.38467988  
-3.9046398  
-15.32016489  
-19.80883912  
-16.44102752  
-7.769570638  
1.259659534  
