30.54854496  
23.31426655  
9.055162559  
-6.514470984  
-18.19694019  
-23.10765656  
-21.34952693  
-15.39068373  
-8.539216216  
-3.282334186  
-0.2688327467  
1.634377345  
4.319770181  
9.032503993  
15.34356388  
21.07134464  
23.24069787  
19.63643768  
10.18303628  
-2.5731808  
-14.20158378  
-20.0943018  
-17.41740835  
-6.435042596  
9.411800582  
24.74594051  
34.30631353  
34.94999791  
26.77527043  
12.93601683  
-1.708340172  
-12.48030328  
-16.50219829  
-13.4270678  
-5.109667227  
5.476518741  
15.48461312  
23.03383471  
27.36615998  
28.43299717  
26.30567229  
20.83978473  
11.81422771  
-0.5595742356  
-15.11759708  
-29.6135141  
-41.18431297  
-47.28665527  
-46.69499411  
-40.06902068  
-29.76909241  
-18.94492169  
-10.27475074  
-4.913888309  
-2.130933943  
0.1973533672  
4.44936074  
11.98486148  
22.29674503  
32.96020162  
40.40784947  
41.22144319  
33.43996664  
17.40618456  
-4.126506382  
-26.63013812  
-44.94997179  
-54.61430393  
-52.96171457  
-39.83142692  
-17.68112518  
8.89057974  
34.13645688  
52.48471379  
59.90929266  
54.9933594  
39.34957846  
17.20098727  
-5.822448349  
-24.33214638  
-34.73665875  
-36.16166405  
-30.40885886  
-20.9996303  
-11.71598121  
-5.247919585  
-2.483306186  
-2.660682922  
-4.19677226  
-5.696582793  
-6.607382403  
-7.211692977  
-8.042673212  
-9.14559887  
-9.704665729  
-8.351032069  
-4.06020866  
2.844665465  
10.21538905  
14.55875105  
12.42855432  
2.165266169  
-14.86465364  
-34.25043708  
-49.94077166  
-56.59156624  
-51.86626656  
-37.62263483  
-19.35345137  
-4.014196314  
2.879887528  
-0.369385451  
-10.85811534  
-22.26548541  
-27.51538341  
-21.76278429  
-4.41530014  
20.65596909  
46.74754852  
67.02091834  
77.06172082  
76.22730377  
67.3162159  
54.87345442  
43.02740066  
33.88046728  
27.11741959  
20.85505329  
13.16216121  
3.409814315  
-7.224452389  
-16.2923203  
-21.30479674  
-20.98601644  
-15.91505541  
-8.270645024  
-0.8588769328  
4.057100647  
5.55702321  
4.163208461  
1.291534559  
-1.579569178  
-3.564238691  
-4.548123933  
-4.891175147  
-4.919040394  
-4.555698318  
-3.324642529  
-0.6957762906  
3.46661075  
8.661822054  
13.89387809  
18.13156137  
20.81573127  
22.09723113  
22.63606621  
23.05452232  
23.35996845  
22.70329056  
19.67649628  
13.05436216  
2.616131298  
-10.40606172  
-23.548606  
-33.97316835  
-39.58642015  
-39.88649702  
-36.10754241  
-30.56781003  
-25.52480072  
-22.09763529  
-19.79637149  
-16.90200402  
-11.51469405  
-2.744373003  
8.566296636  
19.97421359  
28.39099005  
31.4172467  
28.41692428  
20.80974198  
11.43376125  
3.276426446  
-1.827188356  
-3.919479402  
-4.740557234  
-6.746748044  
-11.80386026  
-20.17083212  
-30.23763867  
-39.12176986  
-43.83708231  
-42.5101191  
-35.12854416  
-23.5432308  
-10.77930162  
0.01434234958  
6.547958153  
7.971075089  
4.926886826  
-0.8250696659  
-7.001938646  
-11.39180511  
-12.32057911  
-8.960489018  
-1.494405646  
8.865684368  
20.04702664  
29.51664952  
34.89476684  
34.64780625  
28.62885185  
18.22423541  
5.980843971  
-5.204028038  
-13.04263683  
-16.58235354  
-16.38953142  
-14.11517532  
-11.64660755  
-10.24586015  
-10.08068742  
-10.36034795  
-9.980682221  
-8.318390895  
-5.728776364  
-3.446346068  
-2.902018877  
-4.794528409  
-8.421588636  
-11.68758019  
-11.88834269  
-6.977139421  
3.26707815  
16.76248016  
29.65495327  
37.71906302  
38.07100338  
30.45112436  
17.4850199  
3.762977149  
-5.904693034  
-8.329789572  
-3.113284702  
7.336376201  
18.89879408  
27.43313658  
30.31267407  
27.16512753  
19.58500296  
10.0756413  
0.8197022307  
-7.094084246  
-13.64915136  
-19.19853588  
-23.57664449  
-25.6297959  
-23.54103571  
-15.8717298  
-2.796249907  
13.1909237  
27.63597835  
35.6020492  
33.72481933  
21.93569908  
3.977367764  
-13.68916608  
-24.26960974  
-23.36606454  
-10.86590375  
8.894908866  
28.84993287  
42.11466004  
44.83817129  
37.72547872  
25.52999831  
14.72685779  
10.41577332  
13.87785776  
21.93225564  
28.42085474  
27.16100161  
15.00569614  
-6.425651895  
-31.18956773  
-51.47831412  
-61.00005843  
-57.74011357  
-44.83335986  
-29.14091398  
-18.17855368  
-16.79971802  
-25.13843298  
-38.72076557  
-50.6444583  
-54.77822321  
-48.49232314  
-33.69420344  
-15.77041637  
-1.022373168  
6.143768132  
4.962180864  
-1.747898133  
-9.275049031  
-13.40962743  
-12.32720568  
-7.086809226  
-0.6231794868  
4.112940021  
5.814519265  
5.392895034  
5.211536631  
7.468786554  
12.68356316  
19.17595553  
23.87960508  
24.07604631  
19.10221375  
11.05125014  
3.989659478  
1.999822526  
7.010696179  
17.55178988  
29.14504473  
36.23746436  
34.78375863  
24.22209846  
7.850989419  
-8.613676346  
-19.62294261  
-22.27264772  
-17.47743774  
-9.293240927  
-2.764267572  
-1.397407428  
-5.531738389  
-12.38745442  
-17.70350091  
-18.05571274  
-12.6142571  
-3.421662341  
5.921165313  
12.40526783  
15.38431164  
16.94010385  
20.57911821  
28.9258623  
41.6839697  
55.0757326  
63.24512397  
61.07518357  
47.05603888  
24.68872235  
1.537568072  
-13.83010742  
-15.69922981  
-4.054529883  
15.00434471  
31.61480823  
36.31147867  
24.15767017  
-3.017599486  
-37.2977016  
-67.96515311  
-85.90844392  
-87.18007422  
-74.1734627  
-54.02028975  
-35.08906309  
-23.2846995  
-19.8384733  
-21.47584454  
-22.67353426  
-18.75046112  
-8.230596816  
6.61175627  
21.13915916  
30.8162378  
33.41660682  
29.85987653  
23.34748866  
17.37771018  
13.78702247  
11.89882457  
9.220808822  
3.263014617  
-6.578717599  
-18.18246495  
-27.45934561  
-30.39641881  
-25.33769533  
-14.2571709  
-2.233173319  
4.772508064  
2.837621653  
-7.717759542  
-22.00584533  
-32.427528  
-31.9732348  
-17.50515652  
8.498281221  
38.59470308  
63.21315422  
74.46709991  
69.28992944  
50.53740872  
25.60740337  
3.223942201  
-10.18017143  
-12.91474596  
-8.313609921  
-2.827556603  
-2.864010188  
-11.81074013  
-28.52862909  
-47.89363031  
-63.0492051  
-68.31323194  
-61.4682234  
-44.51061231  
-22.65365527  
-2.128443818  
12.21654818  
18.5265417  
18.1991861  
14.84867369  
12.5596426  
14.23212494  
20.66836093  
30.6453536  
41.76453139  
51.57599216  
58.44820901  
61.86788445  
62.17520909  
60.00250944  
55.77392977  
49.52110908  
41.053763  
30.31940294  
17.69827155  
4.043463422  
-9.555626028  
-22.13698906  
-33.12870229  
-42.34188392  
-49.68927122  
-54.80295231  
-56.81520277  
-54.51036329  
-46.86924404  
-33.79916424  
-16.69002406  
1.550434346  
17.13463214  
26.55883927  
27.87152236  
21.51369117  
10.31878031  
-1.420566044  
-9.517939842  
-11.49446108  
-7.560819412  
-0.5440919873  
5.254834474  
5.840150767  
-0.7808182173  
-13.6852132  
-29.30067066  
-42.75524487  
-49.75947636  
-48.24151756  
-39.05822584  
-25.49969244  
-11.82075606  
-1.448623484  
4.351304812  
6.779241499  
8.661407752  
12.86388992  
20.68974512  
31.00033582  
40.48451199  
44.99118416  
41.36720202  
29.00651443  
10.42492797  
-9.422949909  
-24.84272342  
-31.4508577  
-27.76856358  
-15.74013592  
0.005915704505  
13.83967881  
21.09130518  
19.55619077  
10.03029813  
-4.232397795  
-18.83615641  
-29.77560687  
-34.61644034  
-32.96861031  
-26.21513093  
-16.74103383  
-7.041209355  
0.9612689284  
6.22749084  
8.584753682  
8.539363631  
7.080456706  
5.537161724  
5.43101939  
8.209868466  
14.8033903  
25.08045803  
37.43727074  
48.80105259  
55.23926586  
53.12721425  
40.54476327  
18.37685548  
-9.4006906  
-36.52412616  
-56.20104979  
-63.28046809  
-56.05591062  
-36.98916928  
-12.01018977  
11.41393428  
26.75824723  
