11.45885642  
-0.142232749  
-11.35951975  
-18.02493113  
-18.29160608  
-13.15277336  
-5.70906067  
0.4262122628  
2.828019351  
1.293899624  
-2.227074991  
-4.726306122  
-3.693121789  
1.6161561  
9.795687385  
17.95833081  
23.11716245  
23.61045942  
19.88889491  
14.29553535  
9.949216785  
9.262383841  
12.78839107  
18.92640604  
24.60504388  
26.61252948  
22.95884141  
13.66989478  
0.705528813  
-12.88938762  
-24.15441821  
-31.15924478  
-33.3526984  
-31.28248401  
-25.97341146  
-18.38927377  
-9.292136983  
0.4760284252  
9.56109788  
15.91988338  
17.18801497  
11.56950074  
-1.119786317  
-18.80458426  
-37.34782086  
-51.68529458  
-57.53522029  
-52.99839855  
-39.34537429  
-20.60305095  
-2.070912343  
11.62631647  
18.13125219  
17.93792734  
13.77475937  
9.136843921  
6.683466884  
7.232989446  
9.758796531  
12.2821419  
13.12986309  
11.88137875  
9.534327323  
7.853475405  
8.301439783  
11.15881212  
15.31874339  
18.86191294  
20.08557537  
18.41096123  
14.65990019  
10.54012031  
7.622344551  
6.387006503  
5.901487243  
4.35596257  
0.2106280468  
-6.658243805  
-14.47625542  
-20.10646084  
-20.43489494  
-13.96916965  
-1.847083238  
12.30845777  
23.7112054  
28.35293177  
24.68020308  
14.22126334  
0.8632998322  
-10.87942214  
-17.78752107  
-19.149358  
-16.72521959  
-13.5429168  
-12.17577652  
-13.3919718  
-15.85174266  
-16.97898232  
-14.5252334  
-7.987282583  
0.8852255795  
8.788962849  
12.44684833  
10.28322851  
3.342459676  
-5.037206852  
-10.67221317  
-10.43010694  
-3.676961621  
7.404100208  
18.76188174  
26.23304413  
27.28224119  
21.94380179  
12.59165694  
2.728744511  
-4.573973647  
-7.848895199  
-7.527094833  
-5.336523371  
-3.216581185  
-2.350410922  
-2.783555653  
-3.7374787  
-4.342493481  
-4.311719904  
-4.15060542  
-4.790920996  
-6.881599072  
-10.17130568  
-13.37191542  
-14.62743094  
-12.3785598  
-6.188709838  
2.895488128  
12.64595937  
20.48390106  
24.45020247  
23.87410765  
19.46780553  
12.86842882  
5.907371945  
-0.01915342425  
-4.21345821  
-6.544023289  
-7.111474594  
-5.993249586  
-3.254377309  
0.7961569503  
5.319149224  
8.903092088  
9.92066334  
7.19987181  
0.7041090296  
-8.157596349  
-16.83601698  
-22.52200753  
-23.26318969  
-18.82357337  
-10.87129508  
-2.365790997  
3.622799378  
5.162453908  
2.23699937  
-3.28247723  
-8.452273226  
-10.49664084  
-7.943465332  
-1.191219606  
7.69190518  
15.80577603  
20.51324731  
20.34732284  
15.41088083  
7.188799133  
-2.071157938  
-10.1186435  
-15.31769213  
-16.95142204  
-15.19824528  
-10.88063465  
-5.131611909  
0.9009293665  
6.249913217  
10.21745344  
12.37904791  
12.53570266  
10.64732232  
6.78193147  
1.113512421  
-6.016264472  
-13.99484403  
-21.86108624  
-28.34380765  
-32.08023944  
-31.9981012  
-27.74028478  
-19.94012952  
-10.17024981  
-0.5050315061  
7.183494444  
11.92119417  
13.99963754  
14.80974106  
16.16913042  
19.42202794  
24.72987918  
30.91266528  
35.95496364  
37.96421824  
36.12402742  
31.15510208  
25.01382315  
19.93195581  
17.24729048  
16.61677107  
16.05111286  
12.8229925  
4.861037251  
-8.030840338  
-23.74650979  
-38.50895692  
-48.32407734  
-50.61447259  
-45.28328458  
-34.71237706  
-22.69829486  
-12.83201661  
-7.087120934  
-5.264811479  
-5.511141226  
-5.58540267  
-4.191260217  
-1.666204865  
0.3270758463  
-0.06867033453  
-3.573662353  
-8.986691329  
-13.4309993  
-13.58715785  
-7.344029067  
4.95434212  
20.33168358  
34.23897876  
42.41388421  
42.69533222  
35.93942186  
25.58773392  
16.06739755  
10.75432383  
10.44264008  
13.03129712  
14.57510975  
11.21684339  
1.116069102  
-14.49937629  
-31.62640794  
-44.98410223  
-50.05239751  
-44.78265546  
-30.29673454  
-10.3641309  
10.02740852  
26.34970253  
35.78197835  
37.62752317  
32.91419245  
23.54305171  
11.47414889  
-1.690111925  
-14.65251348  
-26.11172174  
-34.53955434  
-38.30992845  
-36.2099136  
-28.10547831  
-15.39253909  
-0.9157200001  
11.73796837  
19.37167687  
20.31750283  
15.11643435  
6.429262205  
-1.839061015  
-5.910335758  
-3.508061656  
5.268545517  
17.8998017  
30.26185577  
38.02862197  
38.17627587  
30.06971481  
15.75111483  
-0.677688846  
-14.38102808  
-21.38332994  
-19.89611521  
-10.92808063  
2.034397578  
14.17494326  
20.94043802  
19.54378558  
9.872784871  
-5.492098161  
-22.13955477  
-35.25881288  
-41.14921377  
-38.31304359  
-27.80648648  
-12.79204458  
2.498102677  
14.01239356  
18.94892474  
16.3608299  
7.201600357  
-6.109273642  
-20.40620848  
-32.56226808  
-40.15648774  
-41.90917804  
-37.8353555  
-29.11521721  
-17.72219679  
-5.892655175  
4.433917059  
12.04983717  
16.65423019  
18.71156359  
19.05655174  
18.42008837  
17.09784056  
14.92636769  
11.58581193  
7.073787198  
2.082100036  
-1.975404804  
-3.38096544  
-0.8438342756  
5.780452153  
15.15611652  
24.7534019  
31.71458002  
33.97062239  
31.12279079  
24.66776726  
17.41724355  
12.32629607  
11.22745495  
14.03201791  
18.76373851  
22.41980817  
22.27970433  
17.08014984  
7.542769677  
-3.957565315  
-14.40139734  
-21.33282682  
-23.72781844  
-22.17617774  
-18.37470922  
-14.24866633  
-11.16053866  
-9.568476777  
-9.225969701  
-9.718777462  
-10.97047518  
-13.39534638  
-17.60185502  
-23.82442379  
-31.43189879  
-38.83632651  
-43.91663733  
-44.79310222  
-40.59054465  
-31.81775437  
-20.17628964  
-7.894057508  
3.089382403  
11.7000529  
17.82581357  
21.95117064  
24.59238803  
25.88406881  
25.55957045  
23.32278527  
19.3646131  
14.67331055  
10.88518109  
9.67466996  
11.95464689  
17.29912516  
23.92641779  
29.3189444  
31.23656753  
28.66737877  
22.26826359  
14.07956392  
6.641640099  
1.925881507  
0.5753593666  
1.791591162  
3.883175527  
5.172966871  
4.800015737  
3.028299192  
0.9407888255  
-0.2860764143  
-0.1261747078  
0.9285622629  
1.562902885  
0.2854915892  
-3.811222027  
-10.56440151  
-18.7615893  
-26.63590406  
-32.56680629  
-35.63227269  
-35.76285489  
-33.4786397  
-29.41710843  
-23.96058868  
-17.19247932  
-9.200176777  
-0.5172222872  
7.612720206  
13.39604032  
15.09716943  
11.85817775  
4.335722435  
-5.205319594  
-13.48034913  
-17.2856831  
-14.69027934  
-5.82830042  
7.050620993  
20.31512479  
30.19165383  
34.03305918  
31.14315405  
22.87976674  
12.05134039  
1.884856093  
-5.029103314  
-7.449809043  
-5.667026751  
-1.174517461  
3.969143428  
7.830915143  
9.12331506  
7.438019887  
3.193448039  
-2.620024226  
-8.78124561  
-14.15937275  
-17.94217144  
-19.73759156  
-19.55152659  
-17.67534942  
-14.5391151  
-10.59220262  
-6.255344004  
-1.94790378  
1.854989025  
4.610004197  
5.802052907  
5.154619626  
2.876675804  
-0.1930853406  
-2.681562754  
-3.066966704  
-0.2650525254  
5.807345145  
13.96389589  
21.96823732  
27.24190301  
27.83116985  
23.24626268  
14.78908078  
5.169871623  
-2.488361266  
-5.875337815  
-4.43354254  
0.4099293711  
5.851090303  
8.919446535  
7.776057351  
2.527590947  
-4.814573219  
-11.22724864  
-14.03704495  
-12.15211276  
-6.617451683  
-0.2416185419  
3.550623207  
2.150985685  
-5.117796812  
-16.65980782  
-29.15130299  
-38.71911707  
-42.25936694  
-38.39218686  
-27.74750348  
-12.57830876  
4.044610208  
19.09694676  
30.23513715  
36.09237299  
36.30645192  
31.43160666  
22.84167835  
12.61339138  
3.279164434  
-2.657275837  
-3.424525363  
1.293046979  
9.940480511  
19.28848593  
25.33842752  
24.71833925  
16.07419089  
0.8659109595  
-16.85395153  
-31.71443079  
-38.93794517  
-36.16071766  
-24.41427048  
-7.824566698  
7.897453596  
17.59259194  
18.559717  
