34.58904172  
30.04418862  
18.70241762  
2.953127068  
-13.67807196  
-27.41765035  
-35.21278162  
-35.48734593  
-28.44892148  
-15.86018749  
-0.3792770868  
15.27021818  
28.98728621  
39.60584485  
46.77629457  
50.55756013  
50.98442975  
47.86441228  
40.91768221  
30.1731129  
16.37396839  
1.115953756  
-13.43840955  
-25.20820939  
-32.93444537  
-36.65477312  
-37.64379647  
-37.78637022  
-38.62753021  
-40.5251595  
-42.32271488  
-41.74933898  
-36.43030603  
-25.09849945  
-8.475296775  
10.59824142  
27.89373168  
39.13962443  
41.46059698  
34.35008061  
19.80746081  
1.615697043  
-15.92059386  
-29.26537172  
-36.49168805  
-37.42858167  
-33.18667144  
-25.38530185  
-15.48196867  
-4.485023144  
6.910643171  
17.96301972  
27.60826861  
34.51705469  
37.52225954  
36.22078553  
31.41154049  
25.06446606  
19.71958088  
17.49606096  
19.11526683  
23.39370517  
27.50018932  
27.95953677  
22.05039575  
9.042769348  
-9.253384554  
-28.90189329  
-45.10345631  
-53.8426588  
-53.28193481  
-44.35633114  
-30.34010076  
-15.56850931  
-3.836083553  
2.889712694  
4.94736721  
4.508903359  
4.410003513  
6.814625214  
12.28782486  
19.64630287  
26.60089521  
30.85970524  
31.17606175  
27.87698885  
22.6638345  
17.8133735  
15.17000507  
15.39163851  
17.76896123  
20.65650019  
22.27208962  
21.46998199  
18.13862292  
13.08198967  
7.504721665  
2.404347471  
-1.810146957  
-5.302882362  
-8.46011008  
-11.45246677  
-14.00221913  
-15.52531063  
-15.5914059  
-14.44187842  
-13.23488899  
-13.79798299  
-17.91265908  
-26.4126625  
-38.51487164  
-51.74089374  
-62.54518582  
-67.45338345  
-64.27488412  
-52.90443614  
-35.39270004  
-15.26875881  
3.598604681  
18.14785215  
26.86285077  
29.89485872  
28.63391947  
25.00214552  
20.79570394  
17.29916618  
15.21137425  
14.76093776  
15.83637043  
18.02204624  
20.56123856  
22.36999253  
22.22852034  
19.17360633  
12.96367718  
4.384310572  
-4.819882097  
-12.45189376  
-16.65679802  
-16.68404406  
-13.26881587  
-8.425769019  
-4.703342862  
-4.194322868  
-7.71807663  
-14.51904419  
-22.59663785  
-29.50243727  
-33.24430872  
-32.91550123  
-28.82094587  
-22.12146178  
-14.23152195  
-6.28538151  
1.097714688  
7.709926028  
13.46077131  
18.12521123  
21.30734545  
22.63590542  
22.04734869  
19.94701066  
17.10701077  
14.32479052  
12.02794967  
10.07121094  
7.885027814  
4.938449644  
1.27994085  
-2.166850465  
-3.78611541  
-1.930026866  
4.212552805  
13.96549634  
25.11126192  
34.56118246  
39.53361554  
38.74928309  
33.09160485  
25.37611956  
19.25264492  
17.65790278  
21.4649857  
28.92697603  
36.19842293  
38.77219627  
33.28124082  
18.95230805  
-1.871727435  
-24.3601384  
-42.74690048  
-52.23628572  
-50.57408058  
-38.74497393  
-20.59053329  
-1.527782391  
13.15878243  
19.87409016  
17.63648139  
8.131177136  
-5.05035523  
-17.68205661  
-26.25182809  
-28.96532742  
-26.11828121  
-19.7643628  
-12.83010834  
-8.000489051  
-6.765844785  
-8.959305633  
-12.93968744  
-16.34044333  
-17.09374464  
-14.32892322  
-8.786168846  
-2.571132136  
1.662958495  
1.78537503  
-2.918533138  
-11.392793  
-21.14144072  
-29.1128009  
-32.78452591  
-31.0242881  
-24.40581666  
-14.89217785  
-5.053637325  
2.841962778  
7.510024416  
8.873726542  
7.81287814  
5.609529186  
3.357893895  
1.579005965  
0.15832088  
-1.424687449  
-3.716272044  
-6.932578918  
-10.76304824  
-14.38869567  
-16.69137622  
-16.57886787  
-13.33063545  
-6.870676463  
2.112276465  
12.25244616  
21.81400684  
29.16241169  
33.27079911  
34.08126276  
32.55309534  
30.3220234  
29.04745992  
29.6780865  
31.94316543  
34.32506966  
34.58753551  
30.69375034  
21.75418836  
8.595134208  
-6.327048515  
-19.67379612  
-28.35465021  
-30.59001026  
-26.4796841  
-17.86496136  
-7.574791438  
1.602391432  
7.792794869  
10.44154026  
10.17163209  
8.269010536  
6.093862211  
4.679028834  
4.612382492  
6.114338062  
9.130332558  
13.30451472  
17.85067498  
21.48017074  
22.58025343  
19.71763092  
12.32583042  
1.250178347  
-11.20369979  
-21.88924527  
-27.95460041  
-28.03746704  
-22.95061565  
-15.46030499  
-9.16082622  
-6.895434449  
-9.439723609  
-15.09419166  
-20.43431945  
-21.91734875  
-17.61011821  
-8.209140464  
3.166258504  
12.34774511  
16.03130787  
13.32652904  
6.198365888  
-1.41612533  
-5.400454731  
-3.313192225  
4.556809962  
15.39201218  
25.14555746  
30.26581185  
29.01658887  
21.83043777  
10.66941265  
-2.12240454  
-14.77539962  
-26.35359026  
-36.28575728  
-43.62079293  
-46.66051485  
-43.41077526  
-32.7710276  
-15.84253674  
3.496024431  
19.3465537  
25.83434878  
19.65652586  
1.940334923  
-21.62118195  
-42.66610066  
-53.43893312  
-50.05475686  
-34.24795162  
-12.7120758  
5.780421661  
14.23791251  
10.54255769  
-1.662133417  
-14.7259465  
-20.59196304  
-14.5693984  
2.485652269  
24.59830514  
43.49244261  
52.44725721  
49.35730638  
37.55917071  
24.07124659  
16.13675619  
17.76009665  
27.90054389  
41.15658725  
50.55190407  
51.01955904  
41.86555565  
27.01989833  
12.98387268  
5.51178984  
6.672840668  
13.73665321  
20.42611864  
19.92964328  
8.224930692  
-13.86618041  
-40.84777021  
-64.83725874  
-78.87904542  
-79.75209227  
-69.03152678  
-52.02011768  
-35.15965566  
-23.1891636  
-17.34809644  
-15.35014165  
-12.98359654  
-6.456320569  
5.666555119  
21.79308149  
38.09644426  
50.26389498  
55.30465478  
52.58975821  
43.75161177  
31.6544746  
19.05863206  
7.660291122  
-2.099176044  
-10.51255538  
-17.80132888  
-23.55443479  
-26.74591371  
-26.30325584  
-21.87165497  
-14.30387362  
-5.553874554  
2.025508984  
6.658212587  
7.918585875  
6.917744509  
5.799280329  
6.768005987  
11.0880241  
18.48782849  
27.21257428  
34.67176303  
38.38521726  
36.83607554  
29.92101176  
18.88566697  
5.84517069  
-6.878146796  
-17.35395547  
-24.41811627  
-27.78033898  
-27.91765894  
-25.8442513  
-22.83492187  
-20.14937554  
-18.78548347  
-19.29216629  
-21.68117779  
-25.46955484  
-29.84907967  
-33.92752589  
-36.94923549  
-38.4072548  
-38.01321603  
-35.57119685  
-30.86241927  
-23.65132679  
-13.8574269  
-1.831922119  
11.41171303  
24.18325277  
34.41318505  
40.21730778  
40.53998737  
35.61475554  
27.02258545  
17.27590639  
9.048876381  
4.327600773  
3.796898271  
6.692824834  
11.16770937  
15.01661425  
16.48233537  
14.84190581  
10.57998292  
5.123174936  
0.2721220334  
-2.438311887  
-2.223114773  
0.7658146211  
5.568452309  
10.76963571  
14.92735039  
16.93167606  
16.20260694  
12.70840927  
6.84904456  
-0.7153515789  
-9.212881958  
-17.83796689  
-25.75822665  
-32.09392171  
-35.93558431  
-36.45559159  
-33.12365446  
-25.97178142  
-15.79682989  
-4.171525248  
6.821333268  
15.11592666  
19.31196904  
19.21230443  
16.0082173  
11.97068167  
9.68841444  
11.0923704  
16.63225969  
24.95590286  
33.27488362  
38.33386694  
37.64514082  
30.51398218  
18.43491888  
4.671210693  
-6.84986372  
-12.91644313  
-12.16297687  
-5.52536008  
4.137964755  
13.09220254  
18.02445807  
17.10754977  
10.46697135  
-0.05597301823  
-11.67931531  
-21.65187634  
-28.05815217  
-30.21633757  
-28.62252485  
-24.56661301  
-19.62805699  
-15.2386541  
-12.40853892  
-11.61319049  
-12.78426061  
-15.35210884  
-18.33143292  
-20.47986193  
-20.55883947  
-17.67887916  
-11.64377309  
-3.163372241  
6.184241753  
14.28566791  
19.05559649  
19.06785192  
14.04972643  
5.068499549  
-5.665130366  
-15.33111867  
-21.22545881  
-21.47914424  
-15.58141425  
-4.573887856  
9.136546511  
22.31085326  
31.64365372  
