27.54885584  
28.10764631  
22.45949926  
15.37010338  
9.982207018  
6.214770123  
1.0876385  
-9.220568881  
-26.60815445  
-48.96602953  
-69.88479949  
-80.48588166  
-72.76142972  
-43.10902574  
5.413447888  
63.13606665  
116.2767241  
151.0981615  
158.2840828  
135.9988533  
90.56187014  
34.51121731  
-17.27139197  
-52.07231422  
-63.03018976  
-50.86513724  
-23.20709692  
8.139812208  
31.04029958  
36.74528616  
22.37177274  
-8.516211279  
-47.27544872  
-82.97078822  
-105.6709349  
-109.2590573  
-92.97483449  
-61.33311116  
-22.56497416  
13.85250086  
39.79031395  
50.43666739  
45.15396007  
27.12482206  
2.064363487  
-23.48749858  
-43.74269938  
-54.71770937  
-54.62824155  
-43.74317123  
-23.95306458  
1.702953398  
29.43511573  
55.06612612  
74.48644666  
84.29652875  
82.58543841  
69.62458663  
48.15685076  
23.01478394  
0.01560519836  
-15.6281252  
-20.89078136  
-15.93906156  
-4.136575511  
9.036844459  
17.82908972  
18.19278845  
9.18315795  
-6.73976514  
-24.62274009  
-38.80781185  
-44.93473237  
-41.41897249  
-29.87847423  
-14.39055131  
0.09661286186  
9.564907094  
12.25694492  
9.064224298  
2.889825915  
-2.697159064  
-4.940134455  
-2.911234046  
2.309234244  
8.308247737  
12.53644373  
13.49313972  
11.39128318  
8.028246984  
5.927922362  
7.126315405  
12.11932775  
19.42218629  
25.93870536  
28.00872929  
22.73535291  
9.090716326  
-11.59797975  
-35.9273499  
-59.31415622  
-77.15181808  
-85.82931194  
-83.33789815  
-69.41342643  
-45.36071053  
-13.78959668  
21.57630177  
56.02912312  
84.12141857  
100.2558208  
99.72999893  
80.09581051  
42.42159706  
-8.090498446  
-62.58488578  
-110.2483084  
-140.8809073  
-147.6085516  
-128.8502751  
-88.84187103  
-36.48532838  
17.1228686  
61.6708491  
90.14899585  
100.1485546  
93.67029216  
75.72195234  
52.37772972  
29.05400516  
9.528297839  
-4.184740313  
-11.37594165  
-12.07035443  
-6.737480914  
3.598011982  
17.03672269  
30.64958128  
40.80933668  
44.07491133  
38.36902655  
23.96119364  
3.770139232  
-17.26360401  
-33.60284335  
-40.85948098  
-37.22623859  
-24.06214383  
-5.419605659  
13.3036916  
27.09163762  
32.81218836  
30.01212336  
20.80272388  
8.956429387  
-1.425729988  
-7.221636491  
-7.1787437  
-2.1598124  
5.279391904  
11.81754069  
14.50946953  
11.79204187  
4.037150212  
-6.550238047  
-16.69312289  
-23.23674995  
-24.36050581  
-20.32663629  
-13.41121442  
-6.959479074  
-3.886620577  
-5.238701648  
-9.485294612  
-12.96819107  
-11.44393427  
-2.134142163  
14.62088087  
34.93556876  
52.53317108  
61.13088021  
57.0920539  
41.16006748  
18.40268536  
-3.747443857  
-18.59955321  
-23.11558953  
-19.28335549  
-13.23810318  
-12.41980123  
-21.97720223  
-42.04009897  
-67.15802793  
-88.26767699  
-96.41110188  
-86.60647812  
-60.16208988  
-24.38724062  
10.19824954  
33.94746301  
41.69379415  
34.35730234  
17.9517725  
0.5688627355  
-11.20953968  
-14.84173208  
-12.24775417  
-8.110001331  
-7.031183185  
-11.00617331  
-18.42276769  
-24.99276994  
-26.05196547  
-19.02179808  
-4.807332592  
12.51562226  
27.50343673  
35.70395547  
35.42672205  
28.14189069  
17.45261236  
7.285562374  
0.2637029342  
-2.970717205  
-3.296886906  
-1.961220149  
0.4917275914  
4.546886525  
11.14448861  
20.61662811  
31.86895409  
42.41907857  
49.4036004  
51.06508652  
47.87586893  
42.56832027  
38.88593397  
39.57503703  
44.61914474  
50.7000364  
52.32400997  
44.23076762  
24.01997529  
-6.259781748  
-40.38714348  
-70.08687318  
-88.10246935  
-90.87618687  
-79.67072261  
-59.69592093  
-37.72506145  
-19.3497009  
-7.112497811  
-0.2579283653  
3.988402573  
8.425264659  
14.24873204  
20.5800526  
25.25738779  
26.3185544  
23.27096898  
17.42597899  
11.14701706  
6.486603573  
4.02978758  
2.62281102  
0.1446706822  
-5.130444855  
-13.37733417  
-22.95020014  
-31.16477331  
-35.67637679  
-35.63815573  
-31.93889282  
-26.36744045  
-20.22001366  
-13.26329206  
-3.829103542  
9.827572596  
27.58349173  
46.1085489  
59.19605204  
60.03867609  
44.63867866  
14.72132606  
-21.53302346  
-51.78068861  
-64.25057669  
-53.02121855  
-21.39461897  
18.4699785  
49.92567147  
58.61999841  
38.83055073  
-3.520855598  
-52.73145857  
-89.49534581  
-98.86653297  
-76.58692027  
-30.9897381  
20.40325023  
58.14082405  
68.81248817  
50.29956405  
12.13344561  
-29.01021255  
-56.51800302  
-60.4947073  
-41.04027229  
-7.003767229  
28.81455247  
55.50719195  
68.17782411  
68.62899144  
62.72424524  
56.16119095  
51.04966923  
45.08719006  
33.62769665  
13.34525947  
-14.66384262  
-44.18812655  
-66.16095864  
-72.81207921  
-61.58355089  
-36.72394725  
-7.618346454  
15.42309716  
25.85951426  
23.73308717  
15.14401662  
8.60647937  
10.11833881  
19.49531066  
29.9584689  
31.36639168  
15.62864733  
-18.35016763  
-62.75343849  
-103.1524046  
-124.2054273  
-116.2585121  
-79.81463081  
-25.73880246  
29.00877554  
68.26622606  
83.13100685  
75.13152612  
54.77045353  
36.22329444  
30.70550358  
41.56031477  
63.23798888  
84.47425423  
94.02245976  
86.16163264  
63.39960321  
35.18317404  
13.33268229  
6.427270001  
15.78819058  
34.88252809  
52.32336977  
56.9801974  
42.80121199  
11.19053886  
-29.99359804  
-70.15750612  
-100.5399515  
-117.4920265  
-123.0682651  
-122.8822982  
-122.4717265  
-124.0529062  
-125.2535763  
-120.3825509  
-103.5532975  
-72.11220541  
-28.72661789  
18.84832721  
60.2176704  
85.93151425  
90.69393264  
74.94689382  
44.36034438  
7.65325465  
-26.22225337  
-50.42844436  
-61.41699055  
-58.85892591  
-44.77635582  
-22.50640691  
4.045370021  
30.78053824  
53.64194589  
69.01843203  
74.44017124  
69.37165316  
55.68142973  
37.39049881  
19.59513326  
6.872286457  
1.791306049  
4.177721187  
11.47261518  
20.03358691  
26.77614794  
30.38885242  
31.56063234  
32.14984934  
33.75499142  
36.45770039  
38.43650792  
36.71966584  
28.76867117  
14.13468301  
-4.660078302  
-22.54756381  
-33.59171859  
-33.28245649  
-20.50043997  
1.687663177  
26.7715256  
46.82050348  
55.02879756  
47.85055349  
26.00222045  
-5.917387304  
-40.92073011  
-71.62528119  
-92.07219064  
-98.89411252  
-91.67729682  
-72.64801412  
-45.94778204  
-16.74044728  
9.707795817  
28.91697192  
37.99014482  
36.18953063  
25.10328174  
8.248636537  
-9.881054631  
-25.0873642  
-34.63001579  
-37.83704577  
-35.90837935  
-31.00081153  
-25.01858047  
-18.690328  
-11.3930785  
-1.820137664  
10.8488293  
25.91165616  
40.86034264  
52.12205114  
56.5693422  
53.09696005  
43.43461248  
31.656481  
22.45367441  
18.87735828  
20.62113426  
23.77596461  
22.37974621  
11.24354248  
-11.14531693  
-41.02349578  
-69.98460956  
-87.84206999  
-86.70259547  
-64.58470348  
-26.96372173  
14.60863523  
46.4729109  
57.96479728  
45.64379347  
14.90448525  
-21.77060475  
-49.32796115  
-55.72627155  
-36.45087683  
3.75475716  
52.55979546  
94.42528314  
116.0023425  
110.5567543  
79.90554406  
33.36440409  
-15.67916863  
-54.17651976  
-73.24782312  
-70.28184153  
-48.91800633  
-17.2816749  
14.6882985  
37.91485723  
46.21239877  
37.39640391  
13.49433359  
-19.80317562  
-54.32922125  
-81.17270989  
-92.78646655  
-85.10405712  
-59.08201847  
-21.02255605  
18.74171799  
48.70091839  
59.82340697  
48.79857586  
19.59822427  
-17.43633255  
-48.89387464  
-62.93438006  
-53.60451428  
-23.16457398  
18.54820698  
57.57348589  
80.84119286  
80.84833613  
58.21976417  
21.20649523  
-17.60911789  
-46.03940273  
-56.56728785  
-48.54949961  
-27.63782171  
-2.873151702  
17.17394381  
