21.54554463  
1.703111192  
-20.00396203  
-38.42109323  
-49.14635834  
-49.76712842  
-40.50515491  
-24.02192389  
-4.418674912  
14.22807293  
29.24821107  
40.12540228  
48.28725682  
56.0057111  
64.87315186  
74.54522503  
82.37492275  
84.20408658  
76.06580797  
56.106815  
25.87303478  
-9.685941851  
-43.6159112  
-69.27042037  
-82.61325295  
-83.54528221  
-75.67362347  
-64.59861286  
-55.43966472  
-50.66423978  
-49.16451502  
-46.98666964  
-39.39303186  
-23.34823614  
0.6718635651  
28.35850695  
52.90233365  
67.43675234  
67.58452972  
53.07655418  
27.82720614  
-1.493070092  
-27.74183972  
-45.50771692  
-52.4159643  
-49.17691029  
-38.57761554  
-24.0245303  
-8.333318317  
6.780317415  
20.47486152  
32.17072321  
41.05394118  
46.06529398  
46.41062064  
42.27677993  
35.26531686  
28.1529129  
23.92237956  
24.40907095  
29.17723907  
35.22835732  
37.83000623  
32.27061448  
15.89778713  
-10.39692765  
-41.92920129  
-71.42949121  
-91.34294633  
-96.39560461  
-85.45594485  
-61.96658987  
-32.76093479  
-5.699980313  
12.98418544  
20.65234194  
18.83020041  
12.24279675  
6.757387975  
7.07555797  
15.06093865  
29.28411515  
45.85067445  
60.07231098  
68.25108739  
68.87551492  
62.83901404  
52.73197745  
41.62945979  
31.94470757  
24.80154361  
20.07541081  
16.92539921  
14.439873  
12.03704948  
9.461623049  
6.483987886  
2.590826412  
-3.045383004  
-11.20804555  
-22.0399065  
-34.5496328  
-46.5733232  
-55.35063699  
-58.56373742  
-55.41705867  
-47.2463666  
-37.30353625  
-29.70594831  
-27.91736602  
-33.35990934  
-44.73288222  
-58.33597182  
-69.28489989  
-73.14971472  
-67.39430732  
-52.10962897  
-29.84440299  
-4.698265335  
18.91088469  
37.35067417  
48.44515104  
51.64853856  
47.85420699  
39.03974948  
27.88172251  
17.35230151  
10.23295623  
8.515877005  
12.79346936  
21.8713251  
32.87172553  
41.9593867  
45.55706869  
41.64459422  
30.60682028  
15.20970499  
-0.3779717407  
-12.17625562  
-17.95002198  
-18.05056362  
-15.15034982  
-12.96577329  
-14.52791362  
-20.78115218  
-30.14879264  
-39.26062953  
-44.49547765  
-43.61025607  
-36.69294421  
-26.00709458  
-14.83373078  
-5.89871111  
-0.1654599094  
3.419776665  
7.1249533  
12.99689698  
21.53676498  
31.1736777  
38.82554534  
41.29043927  
36.79350915  
25.92928275  
11.53228513  
-2.46829225  
-12.66054023  
-17.45785357  
-17.49518664  
-14.96454597  
-12.26766774  
-10.69376059  
-9.798940403  
-7.791584883  
-2.700786329  
6.305156641  
18.17047613  
30.20910324  
39.28461138  
43.34099042  
42.49786665  
39.10420537  
36.63956337  
37.92841469  
43.50903716  
50.98174083  
55.74592684  
52.90286795  
39.54220995  
16.40598469  
-11.85314816  
-38.02255596  
-54.80862623  
-57.47335854  
-45.57927497  
-23.1536619  
2.77184123  
24.64085224  
36.88457679  
37.51543157  
28.27261951  
13.40154604  
-2.311779482  
-15.38569144  
-24.63390666  
-30.99732979  
-36.43546377  
-42.48467822  
-49.18899668  
-54.89153471  
-56.95645403  
-53.06450694  
-42.47514313  
-26.67432571  
-9.105805126  
5.91799202  
14.68524176  
15.346946  
8.487902152  
-3.182684422  
-15.85555599  
-25.93141195  
-31.11505387  
-30.92419835  
-26.50821864  
-19.94596555  
-13.36382975  
-8.226941166  
-5.026065292  
-3.38714529  
-2.462301834  
-1.388160117  
0.3698233117  
2.868539207  
5.713277107  
8.185505444  
9.408532219  
8.531938375  
4.94855018  
-1.454226894  
-10.06123871  
-19.42580522  
-27.4167543  
-31.67033047  
-30.26805344  
-22.42608485  
-8.917783078  
7.988685012  
25.11796969  
39.31789948  
48.38557362  
51.62458533  
49.81900234  
44.66586307  
37.95266053  
30.87541587  
23.81047487  
16.61239826  
9.229875484  
2.256417952  
-2.944281547  
-4.676303497  
-1.741978935  
5.747947966  
16.03593969  
26.10716526  
32.71852675  
33.65097733  
28.62819727  
19.46593551  
9.356558584  
1.587760973  
-1.744162174  
-0.4666276941  
3.785065684  
8.43066865  
11.11553906  
10.63812385  
7.240170882  
2.206105245  
-2.939721555  
-7.17778208  
-10.30050968  
-12.68093127  
-14.71794517  
-16.35396691  
-17.00228164  
-15.96240078  
-13.08415621  
-9.25313188  
-6.323990993  
-6.412429139  
-10.82448013  
-19.15299512  
-29.05927322  
-36.96241135  
-39.42046896  
-34.61834678  
-23.2756828  
-8.515557332  
5.30316234  
14.31108304  
16.67004512  
13.26738549  
7.280168436  
2.822899986  
3.275468332  
9.981720513  
21.7952722  
35.54977136  
47.15206994  
52.81148641  
49.9817466  
37.8294443  
17.28972613  
-9.108629084  
-37.52212873  
-63.20087138  
-81.16204205  
-87.2152135  
-79.20911273  
-58.10158648  
-28.31558022  
3.023680045  
27.96891983  
40.22543534  
37.31690151  
21.52455057  
-0.8995652978  
-22.04170563  
-35.27561083  
-37.64272124  
-30.66087722  
-19.23425458  
-9.18217647  
-4.528188874  
-5.789493491  
-10.02453068  
-12.55630841  
-9.489468635  
0.2305538893  
14.22924731  
27.86472975  
36.54741612  
38.05056458  
33.64304474  
27.45934475  
24.39913241  
27.58942875  
36.67804773  
47.83617094  
55.51803225  
55.16011465  
45.52311114  
29.52556096  
13.11856984  
2.67527321  
2.074628048  
10.81390992  
24.01915456  
34.36279427  
35.04607379  
22.55248539  
-1.982467117  
-33.2947221  
-64.08291927  
-87.70087844  
-100.3101952  
-101.6876599  
-94.53529266  
-82.79262448  
-69.81041953  
-57.18420561  
-44.6408477  
-30.84671791  
-14.61590679  
4.101923574  
23.87768781  
42.17289283  
56.16904059  
63.65340343  
63.61928202  
56.4357806  
43.65018203  
27.59639453  
10.97061335  
-3.557844424  
-13.71545106  
-18.00045908  
-16.02816613  
-8.721968584  
1.801446612  
12.73024077  
21.35599742  
25.92240312  
26.19604076  
23.50122578  
20.16573987  
18.57388111  
20.20285064  
25.03520633  
31.58317268  
37.49837553  
40.49378257  
39.18559005  
33.52008699  
24.65096963  
14.37646371  
4.420809265  
-4.121706758  
-10.97276079  
-16.46832366  
-21.12692076  
-25.22819428  
-28.60620023  
-30.73831118  
-31.06508006  
-29.3765456  
-26.08156366  
-22.23573383  
-19.30312577  
-18.72476971  
-21.42851051  
-27.43054159  
-35.65489594  
-44.0450323  
-49.97393148  
-50.88274031  
-45.00403149  
-31.9741762  
-13.13328233  
8.628246242  
29.49367073  
45.67526039  
54.42791138  
54.79724602  
47.8418873  
36.23860238  
23.39400959  
12.36555652  
4.963660868  
1.336575097  
0.1561238754  
-0.6992764154  
-3.241988291  
-8.590074876  
-16.56857729  
-25.80514681  
-34.24407335  
-39.8656366  
-41.3496889  
-38.46832794  
-32.10125457  
-23.89748389  
-15.71318318  
-9.01724272  
-4.458115084  
-1.735776247  
0.1715598184  
2.493658358  
6.043894444  
10.7264925  
15.39997306  
18.211312  
17.33398206  
11.85339077  
2.431652446  
-8.585500798  
-17.76471746  
-21.74041004  
-18.51366712  
-8.357411537  
6.105040209  
20.76578403  
31.55722469  
36.03520525  
34.34535303  
29.12446903  
24.33117481  
23.47691392  
28.01669447  
36.62025815  
45.6771928  
50.84645598  
48.98808764  
39.62350454  
25.26375571  
10.4371219  
-0.1763115683  
-3.695842112  
-0.2293064737  
7.212998079  
14.03210605  
16.00311068  
11.04048201  
0.0277177985  
-13.60267615  
-25.31121385  
-31.27203071  
-29.81180684  
-21.92027351  
-10.7123959  
-0.1581375349  
6.345865032  
7.003036033  
1.926452614  
-7.244271163  
-18.12488098  
-28.38132637  
-36.24806703  
-40.6861394  
-41.28899555  
-38.1310797  
-31.70571207  
-22.96901624  
-13.38069658  
-4.790030396  
0.9179435515  
2.364853055  
-0.7750892365  
-7.464234064  
-15.40868352  
-21.61912853  
-23.28657832  
-18.70481337  
-7.935621884  
7.016652949  
22.60893665  
34.65584684  
39.48469245  
35.02982664  
