15.14182421  
0.9018622009  
-12.48438785  
-20.11821146  
-19.45011966  
-11.31867869  
0.4674457749  
10.83973631  
15.71342322  
13.74863967  
6.826435404  
-0.9694447799  
-5.374052071  
-4.002445885  
2.529461034  
10.95066299  
16.96455393  
17.35867314  
11.56073847  
1.884353972  
-7.643031601  
-13.27374125  
-13.35073221  
-9.026021102  
-3.528167216  
-0.3587734906  
-1.350714353  
-5.605931809  
-9.896929753  
-10.37289216  
-4.729391953  
6.271689952  
18.76143103  
27.3147494  
27.4095256  
17.62674056  
0.5054830046  
-18.41335384  
-32.9568925  
-39.0142266  
-36.2904205  
-28.28866956  
-20.52665947  
-17.83353048  
-22.01031731  
-30.95971069  
-39.68478499  
-42.66610531  
-36.47926777  
-21.42002155  
-1.398506378  
17.80143231  
31.03308345  
35.87223905  
33.33107261  
26.95152357  
20.81783977  
17.52288772  
17.09253562  
17.34727456  
15.43925599  
9.716120234  
0.9197188424  
-7.912623746  
-12.80944713  
-10.81446966  
-1.556591552  
12.33741347  
26.1989307  
35.19772195  
36.27722648  
29.28089286  
16.81676121  
3.01136642  
-8.204589563  
-14.48240899  
-15.55246902  
-12.75263953  
-7.977958845  
-2.669695293  
2.646961066  
8.127641673  
13.9315057  
19.58912608  
23.84721218  
25.12506546  
22.34965999  
15.70184488  
6.829337356  
-1.649588306  
-7.160849215  
-8.242768621  
-5.163969883  
0.1995588934  
5.166577259  
7.356050448  
5.599961776  
0.2861258806  
-6.958060945  
-14.02708877  
-19.15954203  
-21.46731643  
-21.01343142  
-18.51897361  
-14.93700694  
-11.13320613  
-7.784375781  
-5.436987963  
-4.567367613  
-5.510192038  
-8.248664375  
-12.20278775  
-16.2095884  
-18.81639032  
-18.83258523  
-15.9081633  
-10.83572231  
-5.363863056  
-1.534145241  
-0.8004881339  
-3.330649237  
-7.839102417  
-12.07118629  
-13.75473875  
-11.60410296  
-5.919830727  
1.498068667  
8.095407401  
11.63915151  
11.1458018  
7.257491532  
1.914541003  
-2.510924228  
-4.226459827  
-2.736658985  
1.021770363  
5.149804893  
7.627975536  
7.161986383  
3.694881018  
-1.588111408  
-6.723103479  
-9.693069261  
-9.142929166  
-4.850826953  
2.171152572  
9.953025326  
16.1290559  
18.63528306  
16.36362407  
9.591546565  
0.03636635239  
-9.541050687  
-16.13369843  
-17.48636863  
-12.97286751  
-4.005652467  
6.255158703  
13.88808905  
15.60387763  
10.04940243  
-1.500873654  
-15.39651799  
-26.78100611  
-31.28087103  
-26.58206497  
-13.2819162  
5.31742132  
24.38671821  
39.24394947  
46.86679252  
46.6799087  
40.38074803  
30.97520095  
21.50066957  
13.99082444  
9.064715043  
6.20081631  
4.442808906  
3.122436704  
2.237620467  
2.343227686  
4.076932309  
7.617850484  
12.38307891  
17.1188981  
20.32853094  
20.81258145  
18.06194495  
12.34314188  
4.487068431  
-4.462395139  
-13.53984838  
-21.96134351  
-29.04699159  
-34.08934656  
-36.32332184  
-35.0809092  
-30.08232194  
-21.70522872  
-11.05279721  
0.27375488  
10.64121289  
18.89931633  
24.71032762  
28.53449402  
31.27234478  
33.72856702  
36.14923762  
38.0476372  
38.39465455  
36.07589227  
30.39564117  
21.39628466  
9.860501387  
-2.97807564  
-15.85531363  
-27.81899342  
-38.34267259  
-47.19018786  
-54.14304571  
-58.77279783  
-60.41350586  
-58.38360358  
-52.37322431  
-42.81833002  
-31.06890119  
-19.23075729  
-9.687418907  
-4.435655638  
-4.449228945  
-9.289231706  
-17.11129862  
-25.10009444  
-30.23101084  
-30.15228821  
-23.92851787  
-12.40758124  
1.933659029  
15.65948029  
25.38927337  
28.85157915  
25.62985938  
17.32552104  
7.046331322  
-1.634546626  
-5.898479929  
-4.642518792  
1.178805959  
8.967167369  
15.49633537  
18.13957342  
15.83265397  
9.40560694  
1.175209411  
-6.008883855  
-9.857457  
-9.431565488  
-5.337779026  
0.6939944612  
6.612377619  
10.84877974  
12.78511553  
12.7313415  
11.49894468  
9.834530419  
8.015556843  
5.801496965  
2.737877657  
-1.37067468  
-6.084870674  
-10.26856603  
-12.40250477  
-11.15798218  
-5.990877864  
2.498778352  
12.60562618  
21.96653349  
28.27569407  
30.03144211  
27.06720758  
20.68468206  
13.32457701  
7.845137037  
6.599688907  
10.58418225  
18.93870909  
29.01719283  
37.08557328  
39.50111683  
34.02601776  
20.81739781  
2.68118962  
-15.60515447  
-28.7625817  
-32.80671732  
-26.52188109  
-12.02822285  
5.832681916  
21.11910594  
28.83593426  
26.64058825  
15.56596665  
-0.4878534104  
-16.24852755  
-26.92749807  
-29.70877316  
-24.35472059  
-12.82920648  
1.740938268  
16.2176284  
28.22423187  
36.3339339  
39.8171337  
38.30882365  
31.73040295  
20.55817872  
6.22354042  
-8.746705537  
-21.16472611  
-28.19524713  
-28.57046761  
-23.39841758  
-16.03735635  
-10.90354823  
-11.61278879  
-19.25919954  
-31.67519912  
-44.13320464  
-51.2945175  
-49.58986681  
-38.94561812  
-23.00658824  
-7.672601932  
1.445686509  
1.510369802  
-6.272577693  
-17.20515133  
-25.23814123  
-25.71533953  
-17.44591724  
-3.146601099  
11.92775052  
22.48150131  
25.58964695  
21.86942832  
14.88115585  
9.103561435  
7.527961765  
10.0914753  
13.73798887  
14.07351678  
7.778707346  
-5.44174388  
-22.3684636  
-37.5095287  
-45.49259832  
-43.45757781  
-32.30211815  
-16.19934283  
-0.6516402084  
9.951831313  
14.09043514  
13.36752237  
11.21685125  
10.78198807  
13.08496661  
16.42866255  
17.33373534  
12.52440318  
0.9424099758  
-15.25230866  
-31.23763997  
-41.42205754  
-41.80351489  
-31.70153913  
-14.07341731  
5.704767082  
22.00742361  
31.09217993  
32.28379122  
27.78638732  
21.34807067  
16.48921062  
15.1186227  
17.08006176  
20.67121264  
23.72342921  
24.63918179  
22.91787412  
19.04821927  
13.99733888  
8.693220361  
3.808863608  
-0.1052488224  
-2.356131637  
-2.023907194  
1.753344656  
9.206045575  
19.3963139  
30.10498071  
38.35162803  
41.42341587  
37.98013305  
28.69925021  
16.10116921  
3.577044225  
-5.962181528  
-11.19445869  
-12.73769169  
-12.59625661  
-13.00261827  
-15.24849378  
-19.08967034  
-22.99669149  
-25.0745054  
-24.12493292  
-20.26301936  
-14.7568809  
-9.20259857  
-4.52991716  
-0.4472788263  
4.298515703  
10.93529836  
19.48559783  
28.10791835  
33.46381831  
32.10124984  
22.2754629  
5.307038776  
-14.30701302  
-30.28030824  
-36.95820016  
-31.76024406  
-16.52635671  
2.927272293  
18.96095791  
25.11571338  
18.69772124  
1.82795576  
-19.4971058  
-37.91470696  
-47.67274773  
-46.79004918  
-37.51085789  
-24.95027159  
-14.63313708  
-10.08734095  
-11.56195725  
-16.36467298  
-20.53522993  
-20.96516291  
-16.91506993  
-10.22726907  
-4.198544265  
-1.734470629  
-3.740239463  
-8.560655811  
-12.74908154  
-12.78537119  
-6.898442248  
3.902474492  
16.10560475  
25.17886205  
27.58528938  
22.41069048  
11.86181286  
0.4078910372  
-7.053330474  
-7.200471198  
0.3957696694  
13.18245256  
26.75152044  
36.65980549  
40.15145082  
37.07843782  
29.69379664  
21.48400438  
15.59545556  
13.53925614  
14.69402177  
16.75992031  
16.91406526  
13.14712308  
5.218043931  
-5.151331524  
-14.89936293  
-20.80222054  
-20.74044695  
-14.57328853  
-4.298777847  
6.554639452  
14.085222  
15.31764393  
9.197370038  
-3.054602733  
-18.33780207  
-32.67202024  
-42.4507879  
-45.51941674  
-41.72105329  
-32.75396382  
-21.43455322  
-10.6715518  
-2.543144253  
2.199646603  
4.074064065  
4.356363608  
4.399590558  
5.093275004  
6.670263284  
8.869937502  
11.28492771  
13.64336031  
15.8488464  
17.77421123  
18.9839886  
18.63776261  
15.745195  
9.735746542  
1.079268564  
-8.41882816  
-15.93594052  
-18.57974542  
-14.64096307  
-4.597386077  
8.668083406  
20.67893123  
26.99046256  
24.99876159  
