10.779529  
4.538626137  
-5.587890136  
-15.75072397  
-21.71398989  
-20.7265816  
-12.81849091  
-0.8937420027  
10.46803423  
16.98912137  
16.56433012  
10.17302163  
1.414394016  
-5.122333811  
-5.909716441  
-0.0297473281  
10.46188547  
21.48033031  
28.69468886  
29.32279181  
23.14893692  
12.37605292  
0.4784738745  
-9.338034828  
-15.33767862  
-17.61637791  
-17.57109642  
-16.8583457  
-16.4304624  
-16.13434693  
-15.01734806  
-12.09940953  
-7.141021117  
-0.9705869687  
4.800540995  
8.506123551  
9.193055546  
7.020191753  
3.09291712  
-1.150712908  
-4.649817902  
-7.137568228  
-9.05312037  
-11.02647376  
-13.25533391  
-15.15511503  
-15.51200245  
-13.08755955  
-7.363808162  
0.9795144782  
10.14339701  
17.85430433  
22.29391736  
22.87595167  
20.49303647  
17.10384615  
14.84234973  
15.05358747  
17.68882046  
21.31942941  
23.74394141  
22.90484266  
17.71830253  
8.490670996  
-3.199732267  
-15.0466612  
-24.72774567  
-30.51263828  
-31.59890174  
-28.15395432  
-21.15114335  
-12.11578344  
-2.853598009  
4.830790071  
9.445853967  
10.146603  
7.013301472  
1.149337407  
-5.511136178  
-10.70073043  
-12.49973064  
-9.970883833  
-3.501205472  
5.300363914  
14.12815077  
20.73504309  
23.63310871  
22.48641636  
18.07932862  
11.92051844  
5.677257901  
0.6710819324  
-2.400136444  
-3.47333361  
-2.939792694  
-1.40327299  
0.513800227  
2.273152556  
3.455364472  
3.775699945  
3.109410758  
1.513322236  
-0.7960759436  
-3.53339459  
-6.481223943  
-9.601389707  
-13.03797588  
-16.97531274  
-21.39828746  
-25.87865209  
-29.5287101  
-31.20171257  
-29.89760276  
-25.21425112  
-17.63287053  
-8.478581126  
0.4637326006  
7.537604435  
11.76352367  
13.11541252  
12.41437075  
10.90382127  
9.711521105  
9.441296639  
10.05742526  
11.06991416  
11.88398149  
12.11436298  
11.71257058  
10.87893433  
9.857162875  
8.765675464  
7.577434394  
6.248576691  
4.886573726  
3.811237458  
3.424126202  
3.930024613  
5.071452938  
6.066401324  
5.851199802  
3.562872874  
-0.9610414201  
-6.939289213  
-12.83765795  
-16.96273209  
-18.20953184  
-16.60416673  
-13.3502972  
-10.31346912  
-9.155001345  
-10.51686322  
-13.65809634  
-16.74180275  
-17.66143173  
-15.02833786  
-8.853658253  
-0.5958697387  
7.45339516  
13.15560767  
15.41699824  
14.57005374  
12.08165806  
9.752270579  
8.811281789  
9.350068052  
10.35432817  
10.29531371  
7.968705123  
3.162982585  
-3.159145878  
-9.231565814  
-13.20554483  
-13.86714482  
-11.02998699  
-5.468079284  
1.513205672  
8.611000285  
14.89671118  
19.88768233  
23.36613323  
25.12799944  
24.85896308  
22.23114276  
17.15985423  
10.05010416  
1.859343828  
-6.093617097  
-12.49860317  
-16.42725933  
-17.53587588  
-16.02615197  
-12.42983667  
-7.373729079  
-1.469157533  
4.635326683  
10.1313801  
14.02252372  
15.31167727  
13.38607943  
8.423711367  
1.571554574  
-5.284941752  
-10.14666192  
-11.68383035  
-9.814830062  
-5.773243555  
-1.582022163  
0.8533810667  
0.6118859829  
-1.843243768  
-4.94414255  
-6.853667325  
-6.44273867  
-3.908372236  
-0.7001764054  
1.227209459  
0.4650086063  
-3.039739574  
-7.853088551  
-11.70139798  
-12.5922611  
-9.845829683  
-4.498326836  
1.154700413  
4.671852905  
4.689297165  
1.635553179  
-2.436922738  
-4.837905065  
-3.56396163  
1.693550545  
9.35655618  
16.6755084  
20.98848219  
20.89436389  
16.76660908  
10.38352676  
3.909776425  
-1.207516231  
-4.837065618  
-7.952803111  
-11.75955121  
-16.67085833  
-21.74736364  
-24.96355414  
-24.21947542  
-18.58909573  
-9.127147131  
1.258081341  
8.90099253  
10.97816324  
6.857431406  
-1.476056777  
-10.17043811  
-15.13075214  
-13.78924326  
-6.217440728  
4.921133048  
15.53944447  
21.86560282  
21.95873014  
16.34533678  
7.555337417  
-1.147213129  
-7.198154362  
-9.670652092  
-9.347002952  
-7.998972646  
-7.317360655  
-8.050155646  
-9.741697062  
-11.12189449  
-10.86472468  
-8.283396915  
-3.618553928  
2.166781588  
7.898626458  
12.68380682  
16.11545527  
18.13284646  
18.69981342  
17.57310524  
14.36040031  
8.865754969  
1.510342329  
-6.470792381  
-13.25869247  
-17.07747068  
-16.94664211  
-13.17755123  
-7.326619925  
-1.57776691  
2.180117236  
3.145038017  
1.876413506  
-0.08298094741  
-1.046235184  
-0.05679962153  
2.64488714  
5.795262495  
7.823274484  
7.72785096  
5.654790076  
2.866599218  
1.115965531  
1.743644227  
4.965354734  
9.714971784  
14.12509623  
16.40109716  
15.64868586  
12.24836151  
7.609310457  
3.454144093  
1.014563029  
0.542381424  
1.353000077  
2.327051308  
2.559191413  
1.786773302  
0.3803316023  
-1.056304444  
-2.198000975  
-3.280537255  
-4.952148687  
-7.76077455  
-11.58382631  
-15.37904581  
-17.48386144  
-16.38926824  
-11.62218854  
-4.254189945  
3.304659632  
8.22614816  
8.520504899  
4.037898728  
-3.302864236  
-10.23279198  
-13.51831726  
-11.39297478  
-4.361959152  
5.016224295  
13.2879099  
17.66577974  
17.25635106  
13.36972619  
8.768042941  
6.224344695  
7.100486712  
10.64626582  
14.36998139  
15.30471451  
11.55174069  
3.338722306  
-6.939440735  
-15.73877871  
-19.96989635  
-18.42662402  
-12.35800075  
-4.909283829  
0.3048061395  
0.8226582737  
-3.602448757  
-10.98188201  
-18.09363318  
-22.0068423  
-21.39670077  
-17.03907103  
-11.28309066  
-6.794582047  
-5.202955929  
-6.312687877  
-8.250135106  
-8.456868069  
-5.034902493  
2.210343989  
11.52794559  
19.89255619  
24.27267233  
22.91362183  
16.06470506  
5.85263712  
-4.602948564  
-12.40971901  
-15.9221639  
-15.1587181  
-11.51591185  
-6.993802133  
-3.329180659  
-1.413620822  
-1.18533317  
-1.937472057  
-2.807007511  
-3.174255457  
-2.809632709  
-1.77411318  
-0.2139750646  
1.780912033  
4.164491986  
6.804153477  
9.361271323  
11.31098409  
12.13742695  
11.61454781  
10.00298145  
8.015309613  
6.521448241  
6.119224025  
6.793893632  
7.870200559  
8.321038835  
7.305435869  
4.667848796  
1.123259445  
-2.005525417  
-3.405298746  
-2.454316234  
0.3813714104  
3.668355782  
5.626130491  
4.973289722  
1.592274045  
-3.329831511  
-7.784776746  
-9.847097311  
-8.577587986  
-4.488981147  
0.6643146315  
4.687783166  
5.965002373  
4.205932893  
0.563045636  
-2.942952393  
-4.410509574  
-2.978106099  
0.7685530423  
5.098254313  
7.992174184  
8.132795676  
5.537484466  
1.528554176  
-1.937902562  
-3.246681512  
-1.917386831  
1.170794314  
4.225158864  
5.42508152  
3.802561036  
-0.3141051807  
-5.498749702  
-9.947191343  
-12.34076496  
-12.41430377  
-10.95213461  
-9.23671147  
-8.257632796  
-8.110960603  
-7.9164869  
-6.310066865  
-2.265230757  
4.180152801  
11.68111919  
17.98363672  
20.80594651  
18.80712013  
12.19755418  
2.71148942  
-7.044145818  
-14.56846428  
-18.34147236  
-18.23250221  
-15.3097567  
-11.19465951  
-7.293476679  
-4.260265429  
-1.901796552  
0.4910139562  
3.596066831  
7.58509145  
11.9426203  
15.64062406  
17.56104061  
16.96041995  
13.77780936  
8.67930561  
2.852894185  
-2.34387746  
-5.753462279  
-6.703337643  
-5.155208435  
-1.708342712  
2.534011278  
6.21895947  
8.086493778  
7.333771736  
3.896595997  
-1.467665125  
-7.368574855  
-12.21856085  
-14.77779777  
-14.59548861  
-12.15210512  
-8.622474874  
-5.350590836  
-3.269689207  
-2.53950254  
-2.575661348  
-2.453447326  
-1.474710233  
0.4055361125  
2.529994018  
3.907038978  
3.804463686  
2.239035815  
0.06759108704  
-1.41120772  
-1.16415434  
0.933644422  
3.896436486  
6.034358083  
5.815892899  
2.763453251  
-2.107838438  
-6.605330871  
-8.353987581  
-6.027085088  
-0.195607815  
6.687650599  
11.25855022  
