-62.80787724  
-91.25267981  
-116.7312875  
-131.5757235  
-129.8700224  
-109.9013553  
-75.17933184  
-33.45504446  
5.979806797  
35.64334648  
52.45314753  
58.4310911  
59.21831057  
61.07949865  
67.77533108  
78.75483542  
89.51763265  
93.97930248  
87.71846677  
70.53700156  
47.05771812  
24.98561895  
11.76771816  
11.16967312  
21.37977645  
35.58203954  
44.82063658  
41.91406468  
24.67414663  
-3.022202198  
-32.79572212  
-55.25969993  
-63.87612622  
-57.4629817  
-40.28258699  
-19.77299158  
-3.058551167  
6.09191135  
8.458521997  
8.236458674  
10.23402983  
16.86829503  
26.51201924  
34.07342801  
33.58089469  
21.52342487  
-0.7271480221  
-26.71385859  
-47.18903604  
-53.99254337  
-43.79206464  
-19.94071904  
8.510505235  
30.3530996  
36.86117896  
25.54205917  
1.346529526  
-25.24158652  
-42.4725312  
-42.17724237  
-23.15953637  
8.276682727  
40.86355492  
62.88316942  
66.77489703  
51.9598861  
24.79706131  
-4.205559353  
-24.68605582  
-30.44450891  
-21.59708561  
-4.127195996  
12.8240646  
20.71199935  
14.85291568  
-4.017834635  
-30.33692644  
-56.02653384  
-73.48879587  
-78.10826375  
-69.42388527  
-50.74994266  
-27.63121489  
-5.877164266  
10.07612507  
18.01321326  
17.94172504  
11.52326957  
1.33442783  
-9.734235539  
-18.84421972  
-23.4485725  
-21.58559825  
-12.33003249  
3.679447126  
23.88749431  
43.94833115  
58.51645316  
62.63272373  
53.34500676  
31.01342479  
-0.2459320144  
-33.290042  
-59.77398288  
-72.57892588  
-68.07787752  
-47.44948829  
-16.51937404  
15.91393088  
40.78090418  
51.59480602  
46.48639446  
28.70213917  
5.368671353  
-15.05431423  
-25.73851901  
-23.81042281  
-11.20985838  
6.201963115  
20.92148282  
26.59697545  
20.2952038  
3.427627903  
-18.9426909  
-40.06555694  
-53.93254141  
-57.23576211  
-50.17458864  
-35.92529327  
-19.12590507  
-4.069402535  
6.668368961  
12.71061973  
15.4390274  
16.9794731  
19.13961927  
22.74740468  
27.57347884  
32.72203281  
37.1807183  
40.22014683  
41.4885456  
40.86091513  
38.24027023  
33.50963301  
26.69698517  
18.24485441  
9.168307915  
0.920824342  
-5.053863533  
-7.907408056  
-7.814092307  
-5.977669388  
-4.144808583  
-3.797397014  
-5.381488629  
-7.944662462  
-9.390955564  
-7.282437557  
0.1306866646  
13.07963896  
29.98634183  
47.81727328  
62.92028607  
72.01050203  
72.95978175  
65.18464066  
49.62007469  
28.41775198  
4.536706037  
-18.67452168  
-37.91031385  
-50.40810597  
-54.51952774  
-50.23019958  
-39.40339845  
-25.52590032  
-12.89150868  
-5.404019028  
-5.404928141  
-12.98618604  
-26.08913898  
-41.35605741  
-55.35901671  
-65.64838255  
-71.15939709  
-71.85150257  
-67.87556336  
-58.83774656  
-43.69984937  
-21.50889145  
7.34931403  
40.07036395  
71.27149298  
94.13849858  
102.6355297  
93.93567507  
69.97589461  
37.30280609  
5.069567039  
-18.12201553  
-27.27522779  
-22.66346049  
-9.396250134  
4.913531945  
13.33887504  
12.27726706  
2.415140832  
-12.30062486  
-27.0621712  
-38.72432631  
-47.19686443  
-55.05138948  
-65.60882067  
-80.540031  
-98.26182996  
-114.0074351  
-121.6100624  
-116.1729458  
-96.34663896  
-65.11356014  
-28.70074046  
5.862235539  
33.38900036  
52.18036887  
63.984767  
72.43402913  
80.82775763  
90.39437771  
99.8320657  
106.2303628  
106.7668588  
100.2265235  
87.56650607  
71.32566798  
54.31981859  
38.42709789  
24.14809171  
11.12121014  
-0.8289945628  
-10.86997904  
-17.19801307  
-18.03105098  
-13.01944979  
-4.173978329  
4.431066515  
8.292524726  
4.77176833  
-5.134282046  
-16.63210225  
-22.95042881  
-18.50100637  
-1.947486183  
22.38139984  
45.64060463  
57.9007776  
52.44014103  
28.94040512  
-5.973646175  
-41.24129422  
-65.88815283  
-73.55355675  
-64.95968095  
-47.19191098  
-30.1461768  
-21.83143063  
-24.74846692  
-35.03363525  
-44.7097262  
-45.88781333  
-34.8278327  
-13.87071505  
9.678677087  
27.11968197  
32.57451784  
25.75452801  
11.91944624  
-0.9078669034  
-6.031641394  
-1.396128089  
9.554499779  
19.88891257  
23.02617725  
16.40692816  
3.073815664  
-9.7206672  
-14.24735928  
-6.528202107  
11.10506447  
30.51836707  
41.2703671  
35.53752714  
12.15974944  
-22.1610039  
-55.1902852  
-74.07935512  
-70.73601098  
-45.30122071  
-6.23100369  
33.00828505  
59.16994536  
64.16205373  
47.71611586  
16.89446002  
-17.08215699  
-43.16677177  
-54.1731877  
-48.52946477  
-29.78969483  
-4.546142041  
20.12305256  
38.63746506  
47.83415684  
46.9401832  
37.08323183  
20.7960389  
1.667697653  
-16.03347983  
-28.04199053  
-31.15835028  
-24.39955925  
-9.669579852  
8.575769892  
24.7858906  
34.4287609  
35.84786625  
30.93406842  
24.15981773  
20.30492786  
21.90189902  
27.66912379  
32.8110516  
31.19625082  
18.47601003  
-5.335563447  
-35.14850536  
-62.45373299  
-78.73862313  
-79.16755173  
-64.83438934  
-42.49187702  
-21.80078726  
-11.28536271  
-14.78823787  
-29.99160935  
-49.62069221  
-64.71094038  
-68.40304103  
-58.54104676  
-37.98387925  
-12.66377726  
11.50693757  
31.28354994  
47.00050102  
61.3945922  
77.07780434  
94.09995923  
108.9950616  
115.9453591  
109.5902095  
88.11831926  
55.04630489  
18.64960603  
-10.89823787  
-25.51138297  
-22.54596138  
-5.983951319  
15.1534667  
30.53484222  
32.79901697  
20.55020876  
-1.206071698  
-23.33389277  
-36.52645877  
-35.23787982  
-19.93901576  
3.177115827  
24.79808878  
36.21026381  
32.54762934  
14.29922118  
-13.37451389  
-43.01476398  
-67.78035889  
-83.66231711  
-90.20334602  
-89.66927072  
-85.2958006  
-79.54903489  
-73.19220493  
-65.45664828  
-55.04831945  
-41.3455877  
-25.13110862  
-8.505229643  
5.917496249  
16.07087908  
21.2070428  
22.02025749  
20.13330449  
17.28688113  
14.69230436  
12.87152343  
11.98990832  
12.37913966  
14.81729225  
20.27014302  
29.13094138  
40.35579426  
51.06408921  
57.04416976  
54.19196081  
40.40681478  
17.11665472  
-10.3856815  
-34.20130779  
-46.4095393  
-42.06840022  
-21.41385525  
9.75078082  
41.80889739  
64.67671597  
71.48207564  
61.10138354  
38.4916824  
12.63639338  
-7.079946753  
-14.58252436  
-9.365236528  
3.625190046  
16.3876651  
21.47300303  
15.21286369  
-0.8259301901  
-20.75228052  
-37.15475623  
-44.48274333  
-41.45404844  
-31.40486736  
-20.46585205  
-14.45448101  
-15.96853456  
-23.05890784  
-30.11678557  
-30.56388166  
-20.08726697  
1.101827627  
28.05343555  
53.02506374  
68.69882867  
71.19384281  
61.50140118  
44.718292  
27.48288521  
14.85595403  
8.125533594  
4.560804633  
-0.8008825779  
-12.2223144  
-30.62720763  
-52.55728386  
-71.28147016  
-79.6009058  
-73.09440691  
-52.32558974  
-22.99208364  
6.09184543  
26.33114262  
32.59934365  
25.06070261  
8.872021009  
-8.020564558  
-18.00593924  
-16.56935973  
-3.663817891  
16.67798873  
38.128566  
54.39397555  
61.16499186  
57.0859933  
43.63742092  
24.25335343  
3.178912313  
-15.52176488  
-28.63709384  
-34.21457128  
-31.82597665  
-22.72877023  
-9.806891769  
2.894061888  
11.12495296  
11.7241  
3.821273704  
-10.57576422  
-26.99279305  
-39.90133037  
-44.6821017  
-39.38930251  
-25.57463503  
-7.783659875  
8.1178975  
17.12701006  
16.91591381  
8.556131234  
-4.086603552  
-15.96559597  
-22.75180989  
-22.24061884  
-14.77476604  
-2.67033706  
10.94275859  
23.27071351  
32.52705525  
37.98657691  
39.62707586  
37.7285008  
32.7220185  
25.31869165  
16.69115057  
8.389384593  
1.824729898  
-2.531769279  
-5.801212869  
-10.69913126  
-20.62590499  
