17.56823052  
19.0621118  
16.88741982  
11.60920081  
3.937263346  
-5.251736934  
-14.76838288  
-23.03440754  
-28.25432084  
-28.87414423  
-24.17779487  
-14.74217224  
-2.480325711  
9.837905077  
19.46175575  
24.60403142  
25.06511344  
22.26353618  
18.64490553  
16.70377258  
18.01335257  
22.64495205  
29.18469098  
35.30096044  
38.60230644  
37.43781334  
31.35856947  
21.13186739  
8.389605695  
-4.886747062  
-16.83247368  
-25.98975963  
-31.41174049  
-32.65847165  
-29.77706377  
-23.31112698  
-14.31364941  
-4.293909008  
4.959266447  
11.67767124  
14.4672612  
12.60749645  
6.203307114  
-3.845368555  
-16.0241574  
-28.46379819  
-39.21233016  
-46.49165139  
-48.9453336  
-45.88758007  
-37.52462809  
-25.06536241  
-10.61257711  
3.234866983  
14.02958211  
20.19907773  
21.5782754  
19.49861698  
16.32220978  
14.53276224  
15.70891682  
19.8021291  
25.06026516  
28.69126961  
28.04495519  
21.84261074  
10.9225846  
-1.860077249  
-12.60062769  
-17.82575079  
-15.89597743  
-7.740060053  
3.410206634  
13.20848389  
17.84332916  
15.48821929  
6.970426469  
-4.601616152  
-15.08371696  
-20.89375746  
-20.31400753  
-13.99607511  
-4.515990253  
4.776050949  
11.09303644  
13.17868698  
11.54702506  
7.974309844  
4.543535117  
2.705722268  
2.767315795  
3.979369325  
5.111444448  
5.177461119  
3.940256585  
1.96066594  
0.2023479154  
-0.5710367481  
-0.2716491913  
0.4254867863  
0.440456565  
-1.084383754  
-4.211306183  
-7.998818838  
-10.80247452  
-10.98639931  
-7.741623517  
-1.636632446  
5.37677459  
10.55265646  
11.3320579  
6.340318458  
-3.991753359  
-17.43167355  
-30.58237956  
-39.92290916  
-42.88339879  
-38.59029245  
-28.05680202  
-13.799969  
0.9426176794  
13.11609002  
20.59342599  
22.5777465  
19.61260375  
13.27160293  
5.669818398  
-1.052453085  
-5.158361733  
-5.594862315  
-2.112054153  
4.762474383  
13.86472246  
23.61962527  
32.31640409  
38.39677739  
40.71599223  
38.73726672  
32.6285733  
23.24260646  
11.97769394  
0.5343453842  
-9.398518444  
-16.47434554  
-19.96753941  
-19.92577934  
-17.13935347  
-12.91244033  
-8.682950238  
-5.597649896  
-4.181870264  
-4.226910733  
-4.947633459  
-5.361323442  
-4.74401298  
-2.978163977  
-0.6392160665  
1.227693441  
1.556595333  
-0.2518659626  
-4.017543226  
-8.785556412  
-13.15732405  
-15.81261776  
-16.00389044  
-13.81729091  
-10.09933822  
-6.096571329  
-2.975658748  
-1.430763072  
-1.526840968  
-2.804950763  
-4.553345483  
-6.083992724  
-6.880483226  
-6.577733887  
-4.843209327  
-1.292242606  
4.450531519  
12.52335152  
22.52709768  
33.31899329  
43.05325178  
49.52505701  
50.73765062  
45.5041227  
33.86747152  
17.18828435  
-2.124191204  
-21.136381  
-36.99856481  
-47.47501064  
-51.29981738  
-48.34152741  
-39.60220758  
-27.07185088  
-13.42845897  
-1.561572156  
6.059950641  
8.062568214  
4.675044658  
-2.172878286  
-9.313469288  
-13.3219921  
-11.73321693  
-4.047505587  
7.911775551  
20.51708233  
29.61224677  
32.0867073  
27.11757497  
16.54144787  
4.157448733  
-5.786752206  
-10.30897251  
-8.882827146  
-3.59014034  
1.834048506  
3.65015319  
-0.2618055039  
-9.505617816  
-21.37252341  
-32.0242584  
-38.1025714  
-38.04127062  
-32.51946714  
-23.90908059  
-15.03722624  
-7.882868034  
-2.823393257  
1.249398865  
6.060615457  
12.80889588  
21.34146314  
30.05937715  
36.58729343  
38.8594254  
36.07534667  
29.06001914  
19.87307675  
10.89164174  
3.845321696  
-0.7163197173  
-3.28852886  
-4.737283614  
-5.505382898  
-5.18108111  
-2.713045736  
2.807588241  
11.21472764  
20.73386423  
28.24293186  
30.3436617  
24.83653987  
11.93496134  
-5.396128101  
-22.24125309  
-33.43613412  
-35.50657855  
-28.03637917  
-13.86801555  
1.97438066  
14.2074158  
19.26141735  
16.49479761  
8.176890702  
-1.695883755  
-9.187807153  
-12.0169716  
-10.27834711  
-6.042979184  
-2.097865367  
-0.47153807  
-1.458706108  
-3.592899406  
-4.546642319  
-2.488109349  
2.795460254  
9.584447835  
14.90841695  
15.92303174  
11.3353051  
2.185006947  
-8.42529816  
-16.57573828  
-19.21400563  
-15.52251083  
-7.336392855  
1.600404532  
7.230426058  
6.930842997  
0.6425535485  
-9.116035354  
-18.34613577  
-23.27787456  
-21.92906185  
-14.83726701  
-4.680860847  
4.985046047  
11.2606357  
12.99483275  
10.9768112  
7.216987315  
3.747144277  
1.580948491  
0.3601473993  
-1.167153459  
-4.135940021  
-8.608050479  
-13.2331794  
-15.76735233  
-14.22689135  
-8.093549164  
1.084840626  
10.08474357  
15.28885789  
14.29813992  
7.108276723  
-3.744173367  
-14.18732879  
-20.3397564  
-20.16507761  
-14.28062963  
-5.540647817  
2.398415303  
6.829604181  
7.207967809  
5.234389924  
3.781702507  
5.215497199  
9.973729575  
16.15180672  
20.34378044  
19.35786337  
11.96746475  
-0.1901276289  
-13.06306885  
-21.83126  
-23.00891984  
-16.02214109  
-3.50994456  
9.809100834  
19.18785835  
21.87370456  
18.17742421  
11.11988825  
4.860673258  
2.675932814  
5.442101515  
11.31422222  
16.704986  
18.05756193  
13.55525989  
3.979049249  
-7.641525851  
-17.36152791  
-21.97814571  
-20.25406654  
-13.21177755  
-3.476172633  
5.920204357  
12.66268336  
15.72696585  
15.26046391  
12.00429232  
6.687246644  
-0.2373313172  
-8.405579404  
-17.10681481  
-24.96463806  
-30.04142493  
-30.41984395  
-25.01625924  
-14.21040251  
0.06906832101  
14.90378769  
27.36401461  
35.46375928  
38.65884608  
37.68842897  
33.89503897  
28.41791668  
21.70176547  
13.57142757  
3.799609813  
-7.192149057  
-17.94916423  
-26.21126848  
-29.72308174  
-27.27120036  
-19.43735369  
-8.654542359  
1.534118876  
7.74239989  
8.008752579  
2.528581229  
-6.451978596  
-15.52081994  
-21.37837621  
-21.98692674  
-17.16065706  
-8.433991818  
1.649874947  
10.48164298  
16.17860033  
17.97474825  
16.15955432  
11.69665178  
5.736898902  
-0.7803390988  
-7.328922148  
-13.78468588  
-20.24612014  
-26.75962822  
-33.03358667  
-38.24019908  
-41.01284178  
-39.72293118  
-33.03714225  
-20.61992036  
-3.712447412  
14.73260113  
30.58280895  
39.70022797  
39.42252961  
29.78568373  
13.91120174  
-2.758773483  
-14.23782935  
-16.17788595  
-7.598519002  
8.590312423  
26.57276545  
39.79340073  
43.45844613  
36.35132784  
21.2111682  
3.530886539  
-10.69300624  
-17.28771653  
-15.33586872  
-7.170701568  
2.949026837  
10.7937456  
13.83300646  
11.91924103  
6.812589256  
0.9429524938  
-3.866683948  
-7.05558054  
-9.101178757  
-10.66895017  
-11.73656591  
-11.2869547  
-7.819581883  
-0.4310253106  
10.15690475  
21.27977332  
29.04904012  
29.89042735  
22.22059777  
7.437961584  
-10.32262309  
-25.65566879  
-33.97117759  
-33.28887697  
-24.9476748  
-12.93213578  
-2.150026792  
3.54487162  
2.716137823  
-3.437400738  
-11.9742134  
-19.67069715  
-24.30178814  
-25.17725564  
-22.81897217  
-18.13188986  
-11.6558847  
-3.372973432  
6.838653589  
18.44199891  
29.73602533  
38.06258395  
40.78157268  
36.59766001  
26.54020334  
13.98121841  
3.508244978  
-0.9538510264  
2.051863694  
10.65476044  
20.23440638  
25.27931824  
21.76159829  
8.986555279  
-9.922846274  
-29.1547901  
-42.48510948  
-45.73105403  
-38.34452353  
-23.5010714  
-6.706922138  
6.425838847  
12.27285968  
10.32341059  
2.979146247  
-5.742348381  
-11.9368049  
-13.2194647  
-9.299268667  
-1.64970384  
7.395759767  
15.61097543  
21.48319083  
24.30859542  
23.92268073  
20.37105913  
13.78395943  
4.526223081  
-6.522815486  
-17.8148425  
-27.30320846  
-32.95327816  
-33.40173729  
-28.46817204  
-19.2727282  
-7.896769662  
3.2636711  
12.16951061  
