23.45511554  
20.50131182  
15.84722093  
12.20737251  
11.19017152  
12.52454382  
14.13208605  
13.09576869  
7.155700777  
-3.938714619  
-17.90412855  
-30.58795073  
-37.64529349  
-36.53352502  
-27.89434772  
-15.58579232  
-5.198436754  
-1.601469694  
-6.58180003  
-17.69868897  
-29.00706267  
-33.48848519  
-26.22388853  
-6.929035057  
19.33681181  
43.73589214  
56.95569365  
52.93240658  
31.44526564  
-1.521926601  
-35.82647649  
-60.78704022  
-68.90489301  
-58.21945424  
-32.4625058  
0.8604729601  
33.48385685  
59.14741992  
75.02950784  
81.48887913  
80.57714345  
74.30630072  
63.64287035  
48.69133488  
29.80763731  
8.830330681  
-10.47626984  
-23.25792459  
-25.46316627  
-15.93145276  
2.411939199  
23.01729002  
37.84793534  
40.40480968  
28.36506627  
4.656927999  
-23.56204578  
-47.64313975  
-60.761006  
-60.41008147  
-49.05365373  
-32.71914287  
-18.2267178  
-10.30707303  
-9.85182816  
-13.97735997  
-17.74612093  
-16.66555143  
-8.802573305  
4.393396928  
18.8182844  
29.53902395  
32.81807894  
27.44013233  
14.8608301  
-1.714493714  
-18.74256644  
-33.53180121  
-44.72518725  
-52.03074552  
-55.55392128  
-55.24002516  
-50.78726289  
-42.04200833  
-29.56045099  
-14.89610787  
-0.3278775796  
11.91552946  
20.55037165  
25.7453971  
28.90489874  
31.76945119  
35.26632283  
38.72392511  
39.92557171  
36.07190725  
25.24864504  
7.701569642  
-13.73485623  
-34.33338998  
-49.04554247  
-54.28104718  
-49.12670937  
-35.50177915  
-17.24769357  
1.369075943  
17.0352909  
28.07719486  
34.2879553  
36.18663728  
34.26405616  
28.70582959  
19.73952258  
8.324825716  
-3.352863129  
-12.0635373  
-14.50327769  
-8.696314568  
4.84666049  
22.86398769  
40.2373731  
51.75191429  
53.98094569  
46.45585494  
31.60409519  
13.52407873  
-3.773746654  
-17.78972065  
-27.95706337  
-34.95092393  
-39.38317558  
-40.72446253  
-37.17887676  
-26.70268275  
-8.684044385  
14.65910558  
38.0816179  
54.70200907  
58.57323898  
47.35525175  
23.82415566  
-4.624796066  
-28.45795503  
-39.53268748  
-34.21586728  
-14.75662209  
11.68598211  
35.94465933  
50.42626659  
51.85673473  
42.07785232  
26.67312792  
12.15283862  
3.014805084  
-0.02863058068  
0.03450006567  
-1.714320333  
-9.573753495  
-25.07312746  
-46.13931972  
-67.85370247  
-84.36951649  
-91.11445593  
-86.37727174  
-71.73115871  
-51.2750711  
-30.12547649  
-12.79176685  
-1.985054843  
1.855179785  
0.3258755315  
-3.676948404  
-6.927036334  
-6.825753618  
-2.156870844  
6.52134654  
16.97577415  
25.94288834  
30.21764948  
27.88851713  
19.27124754  
7.105214371  
-4.198905922  
-10.09082684  
-7.64221944  
3.192476094  
19.40812966  
36.02752634  
48.02540873  
52.28503253  
48.72102715  
40.05917265  
30.3796358  
23.11616255  
19.46961666  
17.99878288  
15.57810656  
9.237399866  
-2.042848438  
-16.49205923  
-30.10772462  
-38.36041413  
-38.22570149  
-29.56284815  
-15.18869454  
0.3565078707  
12.71763684  
19.36983326  
20.24073221  
17.10861562  
12.21539779  
6.919832465  
1.146644869  
-6.090999823  
-15.44752435  
-26.06475611  
-35.2391317  
-39.27558325  
-35.20763468  
-22.54226367  
-4.089591416  
14.66827632  
27.51290916  
29.92127594  
20.90743671  
3.439298832  
-16.75047971  
-33.40501565  
-42.02327102  
-41.20734365  
-32.59955153  
-19.62168667  
-5.761576059  
6.729096593  
17.1821137  
25.92967063  
33.30979571  
38.94374706  
41.7351224  
40.5607714  
35.18490282  
26.77906384  
17.65756924  
10.30505816  
6.208320426  
5.153837709  
5.417124864  
4.777123706  
1.810861583  
-3.261790365  
-8.687459054  
-12.22101865  
-12.53577285  
-10.19034938  
-7.541087504  
-7.552155533  
-12.08622921  
-20.60489071  
-30.06106011  
-36.17083667  
-35.50919401  
-27.37715688  
-14.42410463  
-1.59313527  
6.189120582  
6.469430938  
0.6153921691  
-6.704606844  
-9.7484657  
-4.591791294  
8.747586268  
26.05753012  
40.75534849  
46.95247493  
42.2743897  
29.0305522  
13.12045129  
1.18264673  
-2.614986185  
1.458629164  
8.978113193  
13.77108004  
11.2561928  
1.009764735  
-12.78852493  
-23.33777014  
-24.70602002  
-15.11025744  
1.6938529  
17.71502534  
24.22384541  
15.85353678  
-6.635930055  
-36.28719548  
-62.68604706  
-76.31545994  
-72.56686426  
-53.60622777  
-27.28428063  
-3.637583659  
9.394618691  
9.105689655  
-1.326849459  
-14.82220205  
-23.94650393  
-24.30496571  
-16.22079975  
-4.035985741  
6.468018312  
11.16456965  
9.64719351  
5.292395836  
3.359431206  
8.120953464  
20.46458632  
37.144437  
52.05067314  
58.90092167  
54.10417111  
38.49315242  
17.16580032  
-2.458284104  
-13.48781839  
-12.09773966  
1.245421418  
22.23912668  
44.51981203  
61.90289581  
70.17120269  
67.83796396  
55.85016741  
36.65537436  
13.22690986  
-11.51250251  
-34.78245437  
-53.80306256  
-65.80521887  
-68.44928727  
-60.6022867  
-43.12131798  
-19.17335679  
6.236401238  
27.50987691  
40.08081784  
41.8043419  
33.55195556  
18.76529644  
2.151549477  
-11.94625188  
-20.86103253  
-24.12350206  
-23.09110536  
-19.96665878  
-16.718635  
-14.38900003  
-13.02509538  
-12.13488702  
-11.3109399  
-10.62282408  
-10.55035288  
-11.52423001  
-13.39127616  
-15.19212493  
-15.48231698  
-13.12042847  
-8.147460908  
-2.255855434  
1.519672942  
-0.09051468622  
-9.07435567  
-24.86562617  
-43.94995368  
-60.65924679  
-68.96592939  
-64.63522604  
-46.89272025  
-18.92262633  
13.03438579  
41.6536613  
60.82012892  
67.39186409  
61.83697908  
47.63214019  
29.80038502  
13.25056912  
1.54524162  
-3.574427868  
-1.975770613  
5.409563773  
17.05692365  
31.02927528  
44.94226146  
55.99671802  
61.35842091  
58.9392705  
48.31705003  
31.31604596  
11.80781013  
-5.394666201  
-16.22815083  
-18.97401258  
-15.01667742  
-8.332145968  
-3.833087539  
-5.249063559  
-13.48654928  
-26.24424575  
-39.10006916  
-47.59657033  
-49.35507661  
-45.20106286  
-38.72799036  
-34.46302312  
-35.4866024  
-41.65314235  
-49.31521369  
-52.76442904  
-46.7904405  
-29.21048148  
-2.199733084  
28.22135223  
54.35842951  
69.74112391  
71.49798856  
61.21249652  
43.96169047  
26.04810509  
12.47934316  
5.291005979  
3.349698325  
3.557378595  
2.750143197  
-0.6650550149  
-6.07543208  
-11.22213434  
-13.55770568  
-11.65771143  
-5.986363188  
1.305380778  
7.372481863  
9.920128687  
8.09967224  
2.695419939  
-4.373606002  
-10.8937792  
-15.09991836  
-16.02951346  
-13.47215747  
-7.727918238  
0.5599621612  
10.37371416  
20.19240933  
28.02004481  
31.78255629  
30.08134591  
23.00311138  
12.5215563  
2.116340508  
-4.426636284  
-4.630834257  
1.348797179  
10.39516157  
17.41564332  
17.3841465  
7.641319303  
-10.55877669  
-32.02860067  
-49.31335934  
-55.47203831  
-46.88393683  
-24.92297338  
4.229357492  
31.61795276  
48.6369953  
50.0543795  
35.8075346  
10.93923501  
-16.23633508  
-37.00721217  
-45.1270017  
-38.70851758  
-20.60749022  
2.695719708  
23.2397386  
34.03092343  
31.08346941  
14.53468435  
-11.39705759  
-39.5590193  
-61.82095242  
-71.36721506  
-64.74056435  
-43.05457681  
-11.93790618  
19.91380037  
43.27827817  
51.3263034  
41.97314806  
18.79553287  
-9.930777472  
-33.86862671  
-44.09120129  
-36.1789099  
-11.81013137  
21.76367414  
54.19219294  
75.55435132  
79.65957841  
65.94934281  
39.38199227  
8.451730275  
-17.83729695  
-32.90384913  
-34.42730005  
-24.58021488  
-8.770930429  
6.487506548  
15.75916093  
16.21244263  
8.127506423  
-5.589741848  
-20.56715973  
-32.36000642  
-37.67700706  
-35.16602283  
-25.63195543  
-11.68533754  
3.073684892  
15.13212547  
22.11103328  
