15.58474931  
17.35556786  
17.01439193  
15.00384367  
11.95303953  
8.462320167  
4.988271209  
1.839954052  
-0.7640235033  
-2.648061402  
-3.685407253  
-3.850544894  
-3.269801069  
-2.217118498  
-1.034263299  
-0.004647466354  
0.7545566124  
1.319835344  
1.886337122  
2.625117778  
3.547803583  
4.453876413  
4.994487755  
4.82437512  
3.765392111  
1.896818156  
-0.4751360013  
-2.952637082  
-5.214692782  
-7.129138854  
-8.748298763  
-10.19146198  
-11.47963951  
-12.41861456  
-12.60655073  
-11.58282204  
-9.06314229  
-5.157085303  
-0.4621712975  
4.026322631  
7.176771223  
8.071304362  
6.323936994  
2.252956331  
-3.158154401  
-8.508765551  
-12.36824326  
-13.68867037  
-12.11868273  
-8.118804613  
-2.833444135  
2.254705518  
5.790839592  
6.990069475  
5.903257267  
3.40042668  
0.8569753172  
-0.3624557178  
0.5607332952  
3.551855987  
7.633498439  
11.27592464  
12.9807778  
11.86602753  
8.0081483  
2.394840359  
-3.491149333  
-8.270881773  
-11.18074608  
-12.26720261  
-12.18762656  
-11.73309824  
-11.32869807  
-10.78033007  
-9.411967042  
-6.531220614  
-1.977070857  
3.560397266  
8.661024712  
11.73007058  
11.74694841  
8.837268045  
4.351142531  
0.3522200355  
-1.287929177  
0.2199469656  
4.144586303  
8.495579179  
10.90678764  
9.756869817  
5.003865807  
-1.680032321  
-7.572712987  
-10.08873806  
-7.952657054  
-1.812669141  
6.004092566  
12.4974021  
15.30717571  
13.73326521  
8.995632955  
3.623155906  
0.2645282516  
0.4787265339  
4.060574252  
9.19367558  
13.32850592  
14.3487014  
11.47273756  
5.489935034  
-1.732651501  
-8.183608325  
-12.59715756  
-14.86973655  
-15.83750093  
-16.58436882  
-17.6843222  
-18.79765757  
-18.83811353  
-16.61515413  
-11.59866821  
-4.384524621  
3.407010829  
9.772671207  
13.1977277  
13.32343764  
11.07478203  
8.182474621  
6.336551766  
6.390998585  
8.008125351  
9.906413345  
10.57114315  
9.059812168  
5.496136302  
1.013787887  
-2.805595343  
-4.702624889  
-4.325580874  
-2.345038982  
-0.06048402625  
1.278527244  
1.077469983  
-0.3784526885  
-2.176336576  
-3.346960779  
-3.434335889  
-2.751752515  
-2.187900545  
-2.671849836  
-4.591001867  
-7.48405303  
-10.18725593  
-11.37403224  
-10.21882653  
-6.846507502  
-2.333024943  
1.752053828  
4.041574005  
3.969222142  
1.986840258  
-0.6904154047  
-2.671303166  
-3.014352564  
-1.597492321  
0.9198073922  
3.483842447  
5.15996722  
5.509098591  
4.662402467  
3.104509993  
1.329429744  
-0.4153862027  
-2.154705004  
-3.989638251  
-5.827891928  
-7.235617953  
-7.53538526  
-6.126492533  
-2.862718787  
1.729009402  
6.535084567  
10.2357571  
11.80955872  
10.9186622  
7.987750334  
3.946244828  
-0.2218362618  
-3.878748595  
-6.877242197  
-9.38979666  
-11.54676207  
-13.12187359  
-13.48302084  
-11.87666952  
-7.914345737  
-1.989540308  
4.642944864  
10.2369511  
13.25051983  
13.05125372  
10.27291818  
6.60654392  
4.075053795  
4.101795683  
6.807616497  
10.88680177  
14.15203531  
14.52138025  
11.00084437  
4.202805882  
-3.854100829  
-10.58764766  
-13.96261778  
-13.36738779  
-9.860659455  
-5.680158668  
-3.239215604  
-4.062731581  
-8.129646794  
-13.89489251  
-18.95597856  
-21.05220793  
-18.96145158  
-12.93338309  
-4.522353595  
4.055996569  
10.74090788  
14.28304486  
14.52325929  
12.2606369  
8.840331934  
5.664762218  
3.803066288  
3.781830421  
5.547272413  
8.542919916  
11.85415348  
14.40481745  
15.20833236  
13.65356957  
9.755230085  
4.258587486  
-1.496525745  
-5.966243169  
-7.940504384  
-7.023149551  
-3.835984391  
0.1766840893  
3.29499607  
4.204959856  
2.517750173  
-1.111095954  
-5.320934706  
-8.685002085  
-10.34179161  
-10.31133221  
-9.343415116  
-8.382869561  
-7.939402229  
-7.710638075  
-6.688470405  
-3.731621869  
1.666105585  
8.814245068  
15.80598254  
20.13220003  
19.71178227  
13.89368144  
3.958644025  
-7.157796276  
-15.86373586  
-19.24886174  
-16.21442518  
-7.921435162  
2.635320509  
11.75506778  
16.40088359  
15.26577449  
9.134591931  
0.446087664  
-7.715827615  
-12.76640236  
-13.45541151  
-10.12126805  
-4.35367335  
1.715634658  
6.170204388  
7.837037845  
6.460384821  
2.565859261  
-2.833066529  
-8.527310305  
-13.31782442  
-16.14524746  
-16.2106628  
-13.14048105  
-7.178766777  
0.6866762039  
8.786740229  
15.09679478  
17.79009491  
15.86062469  
9.585023405  
0.6141360374  
-8.399347172  
-14.561524  
-15.65528755  
-10.90723194  
-1.328778626  
10.50730625  
21.20450156  
27.56755183  
27.58746318  
21.06718371  
9.683511914  
-3.536245109  
-15.15304932  
-22.36346829  
-23.81253089  
-19.90781597  
-12.54130184  
-4.332182915  
2.326323116  
6.06324479  
6.878317692  
5.927287479  
4.853752022  
4.962334986  
6.594260266  
8.979803473  
10.63345878  
10.11337233  
6.794124703  
1.284214475  
-4.728660711  
-9.161471687  
-10.45397261  
-8.300605758  
-3.842365468  
0.7986607293  
3.456435693  
2.914665907  
-0.5024567904  
-5.032817075  
-8.251360995  
-8.184484688  
-4.263476843  
2.323295169  
9.056208399  
13.11541188  
12.57009919  
7.20611164  
-1.366437688  
-10.36255262  
-16.9345207  
-19.26118862  
-17.16027192  
-12.00108982  
-6.012036836  
-1.330688776  
0.7771779157  
0.2233827182  
-2.1312873  
-5.051780885  
-7.530026864  
-9.129912381  
-9.962052738  
-10.37805453  
-10.60562287  
-10.54468212  
-9.82530334  
-8.065384536  
-5.153325295  
-1.377768792  
2.672591049  
6.374053536  
9.335018088  
11.50463815  
13.06327218  
14.17322596  
14.76107822  
14.49241471  
12.9865291  
10.16562817  
6.528116743  
3.147155093  
1.326480593  
2.033989307  
5.37717666  
10.40064315  
15.3533028  
18.34980147  
18.14805057  
14.68743578  
9.128452942  
3.362549339  
-0.7880696707  
-2.311668855  
-1.349383252  
1.006023925  
3.334405439  
4.611897009  
4.670323853  
4.172258938  
4.133799978  
5.259992736  
7.452584336  
9.758219805  
10.79556234  
9.449280989  
5.47702136  
-0.2858592117  
-6.23888159  
-10.70211742  
-12.64398154  
-12.09990246  
-10.08600268  
-8.062733517  
-7.222392147  
-7.952502009  
-9.727952525  
-11.46262863  
-12.12094033  
-11.26747196  
-9.276998495  
-7.110068979  
-5.783696198  
-5.817801609  
-6.941685344  
-8.204575149  
-8.427435568  
-6.766004939  
-3.111368674  
1.851723661  
6.931660049  
10.89991228  
12.91272647  
12.70601434  
10.52268361  
6.872940287  
2.296395247  
-2.741205631  
-7.794931533  
-12.32425434  
-15.65429202  
-17.10628503  
-16.27229863  
-13.29483815  
-8.973041587  
-4.584500629  
-1.455095358  
-0.4533838316  
-1.647492549  
-4.301231616  
-7.225525352  
-9.322308919  
-10.05519867  
-9.612812861  
-8.686058199  
-7.981704167  
-7.737377378  
-7.50895489  
-6.363975093  
-3.400249809  
1.671124234  
8.189342476  
14.65539931  
19.2737498  
20.68879792  
18.57447559  
13.79683775  
8.070116916  
3.266098871  
0.6967533088  
0.6909247286  
2.631451753  
5.389736542  
7.908888972  
9.636277809  
10.6120199  
11.21964503  
11.789227  
12.31234623  
12.44739817  
11.80989591  
10.35980268  
8.621631396  
7.551538567  
8.061799511  
10.42405935  
13.87953075  
16.71991625  
16.88641503  
12.86832985  
4.502388351  
-6.722511034  
-18.05121668  
-26.42695686  
-29.6494918  
-27.23516069  
-20.60340989  
-12.50269897  
-5.919288967  
-2.931971482  
-3.987438579  
-7.87334373  
-12.35481866  
-15.16046986  
-14.87937729  
-11.40769295  
-5.813403478  
0.2464198604  
5.243270694  
8.30104352  
9.333482695  
8.811345671  
7.348857588  
5.356539039  
2.934119687  
0.02275379747  
-3.312034755  
-6.660662418  
-9.262572557  
-10.23746617  
-8.94745249  
-5.310237156  
0.09347095325  
6.174065448  
11.67999934  
